Crime ID,Month,Reported by,Falls within,Longitude,Latitude,Location,LSOA code,LSOA name,Crime type,Last outcome category,Context
e249f40f2ac0c95e6598708c4b307796a78bef81e2fa89541192381ddf59d749,2024-03,Hampshire Constabulary,Hampshire Constabulary,-1.146700,51.353076,On or near Carrington Crescent,E01022553,Basingstoke and Deane 001A,Burglary,Investigation complete; no suspect identified,
73248fe98e0f7fba7487bc7f9109fb4041f36016026f551315b596e0b74f47dd,2024-03,Hampshire Constabulary,Hampshire Constabulary,-1.146700,51.353076,On or near Carrington Crescent,E01022553,Basingstoke and Deane 001A,Burglary,Awaiting court outcome,
61ff5584f50b5aba03f4cdc6a8d1a7639a44ac0db48990e3a1f28eafaf47a5af,2024-03,Hampshire Constabulary,Hampshire Constabulary,-1.146700,51.353076,On or near Carrington Crescent,E01022553,Basingstoke and Deane 001A,Criminal damage and arson,Unable to prosecute suspect,
4616f3935a39431a768f7544d3624034adb5fb1bc225f993d110c6a4540cb9f2,2024-03,Hampshire Constabulary,Hampshire Constabulary,-1.146700,51.353076,On or near Carrington Crescent,E01022553,Basingstoke and Deane 001A,Burglary,Status update unavailable,
868a50ce43453391e3c03c201cdfe3b28d897a068963aabb80bfa4b1fa130060,2024-03,Hampshire Constabulary,Hampshire Constabulary,-1.146700,51.353076,On or near Carrington Crescent,E01022553,Basingstoke and Deane 001A,Violence and sexual offences,Unable to prosecute suspect,
6711837c961292c188b622913ec9e96c4c4797c19fa8dca362406fd86fd03922,2024-03,Hampshire Constabulary,Hampshire Constabulary,-1.141714,51.350900,On or near Swains Road,E01022553,Basingstoke and Deane 001A,Violence and sexual offences,Investigation complete; no suspect identified,
7268dcab9fbe08f7350f5ca03ed2f9d96f1ec692f3183d8eba44f850dcbeffe2,2024-03,Hampshire Constabulary,Hampshire Constabulary,-1.152112,51.357063,On or near Supermarket,E01022554,Basingstoke and Deane 001B,Shoplifting,Investigation complete; no suspect identified,
8342d79e62dc0e0411060f106ce091a2b5c833b1976037927c770ced3a428a86,2024-03,Hampshire Constabulary,Hampshire Constabulary,-1.165694,51.355695,On or near Heath End Farm,E01022554,Basingstoke and Deane 001B,Violence and sexual offences,Unable to prosecute suspect,
76b84c50d6e65725db2e0e12417a92e39e19a459f9031bf4ded146c855f9a1a2,2024-03,Hampshire Constabulary,Hampshire Constabulary,-1.153282,51.357467,On or near The Burrows,E01022554,Basingstoke and Deane 001B,Violence and sexual offences,Unable to prosecute suspect,
,2024-03,Hampshire Constabulary,Hampshire Constabulary,-1.157797,51.354829,On or near Wigmore Road,E01022554,Basingstoke and Deane 001B,Anti-social behaviour,,
4386365298a692de00180e9e57099deb7659f5f673da5e64415571fdb8cee3cb,2024-03,Hampshire Constabulary,Hampshire Constabulary,-1.149765,51.356623,On or near Franklin Avenue,E01022554,Basingstoke and Deane 001B,Criminal damage and arson,Investigation complete; no suspect identified,
6e9a8e16674f7f02981650c90611458a7425661a4dc9c5bc89b41da3c2e3a579,2024-03,Hampshire Constabulary,Hampshire Constabulary,-1.152116,51.357584,On or near Sarum Road,E01022554,Basingstoke and Deane 001B,Criminal damage and arson,Investigation complete; no suspect identified,
c5e0a8372586a7575e2de6297a4e99f25f1ed70cc90a205b5cc75b39b6dd2763,2024-03,Hampshire Constabulary,Hampshire Constabulary,-1.140028,51.353522,On or near Gorselands,E01022555,Basingstoke and Deane 001C,Criminal damage and arson,Unable to prosecute suspect,
36c784b1a35af121ef787a24eba13968e943bbf35b408762a8bc4e44f8b6ed8c,2024-03,Hampshire Constabulary,Hampshire Constabulary,-1.140028,51.353522,On or near Gorselands,E01022555,Basingstoke and Deane 001C,Violence and sexual offences,Unable to prosecute suspect,
43822bec5265c965f26d07a18ac38dd0a477d3b345a2bfd82ba70d77a252c18b,2024-03,Hampshire Constabulary,Hampshire Constabulary,-1.139854,51.350517,On or near Maple Grove,E01022555,Basingstoke and Deane 001C,Violence and sexual offences,Unable to prosecute suspect,
aaab2427e90b473b77e6b5cc1edf8d77747e9627aa5289e237a1c7a5f8756b41,2024-03,Hampshire Constabulary,Hampshire Constabulary,-1.143511,51.350805,On or near Willow Road,E01022555,Basingstoke and Deane 001C,Violence and sexual offences,Unable to prosecute suspect,
,2024-03,Hampshire Constabulary,Hampshire Constabulary,-1.139854,51.350517,On or near Maple Grove,E01022555,Basingstoke and Deane 001C,Anti-social behaviour,,
,2024-03,Hampshire Constabulary,Hampshire Constabulary,-1.140883,51.351559,On or near Harmsworth Road,E01022555,Basingstoke and Deane 001C,Anti-social behaviour,,
,2024-03,Hampshire Constabulary,Hampshire Constabulary,-1.140883,51.351559,On or near Harmsworth Road,E01022555,Basingstoke and Deane 001C,Anti-social behaviour,,
1f0f25c3aa370cd1daa1b06c3cc125ddbb9d48eec485623bf1c3c75693380bf0,2024-03,Hampshire Constabulary,Hampshire Constabulary,-1.140028,51.353522,On or near Gorselands,E01022555,Basingstoke and Deane 001C,Bicycle theft,Investigation complete; no suspect identified,
6372496b75e3e57ddade0528bc724b4e5764338027aeaa4adf3b5a970533d3e1,2024-03,Hampshire Constabulary,Hampshire Constabulary,-1.140028,51.353522,On or near Gorselands,E01022555,Basingstoke and Deane 001C,Burglary,Investigation complete; no suspect identified,
c3774e1cc12f205553e2ea334fb244d352d5fa04590a95d03fba7c23b189fa6d,2024-03,Hampshire Constabulary,Hampshire Constabulary,-1.141443,51.354656,On or near The Parade,E01022555,Basingstoke and Deane 001C,Other theft,Investigation complete; no suspect identified,
7477283775b546c69f0412320a84cdd25bc54b9c9829d297703a12bd8e8221bf,2024-03,Hampshire Constabulary,Hampshire Constabulary,-1.148144,51.357277,On or near Meon Close,E01022556,Basingstoke and Deane 001D,Burglary,Investigation complete; no suspect identified,
b417e0a79b1d5367b8b4d18e4a8948580c0e38c858a88a88a7e0a80c2cf34f88,2024-03,Hampshire Constabulary,Hampshire Constabulary,-1.154984,51.356301,On or near Bishopswood Road,E01022556,Basingstoke and Deane 001D,Violence and sexual offences,Unable to prosecute suspect,
1012842f7109534f04e1236aeeaa20932192c40745d1cc65c72c6146f8892293,2024-03,Hampshire Constabulary,Hampshire Constabulary,-1.154984,51.356301,On or near Bishopswood Road,E01022556,Basingstoke and Deane 001D,Violence and sexual offences,Unable to prosecute suspect,
5b44c9c711a685ed9cf9502d4072fadd96714658b43c6a9de94b3499ac13ad44,2024-03,Hampshire Constabulary,Hampshire Constabulary,-1.154984,51.356301,On or near Bishopswood Road,E01022556,Basingstoke and Deane 001D,Violence and sexual offences,Unable to prosecute suspect,
425bf9c43f0e270538ff4bff3c9c86b7ce48407161dc04b75eb78ec2a802ddd2,2024-03,Hampshire Constabulary,Hampshire Constabulary,-1.151665,51.358714,On or near Priors Road,E01022556,Basingstoke and Deane 001D,Violence and sexual offences,Unable to prosecute suspect,
128710bb00c4ffa26cfc5aa2d895e05e109763d4de4a48400960d9fe105c5eb0,2024-03,Hampshire Constabulary,Hampshire Constabulary,-1.148144,51.357277,On or near Meon Close,E01022556,Basingstoke and Deane 001D,Criminal damage and arson,Investigation complete; no suspect identified,
8575d5a2805c91bb716a466c94ad34b4bdfb86e67b5615ea23f5544fbf2af8c2,2024-03,Hampshire Constabulary,Hampshire Constabulary,-1.147836,51.347572,On or near Ropley Close,E01022560,Basingstoke and Deane 001E,Violence and sexual offences,Unable to prosecute suspect,
517918b3cc75de9918063ac1c16df0c98ffe470c2c8d2c7dbd25d396d5a8032a,2024-03,Hampshire Constabulary,Hampshire Constabulary,-1.145267,51.348282,On or near Appleshaw Close,E01022560,Basingstoke and Deane 001E,Violence and sexual offences,Unable to prosecute suspect,
,2024-03,Hampshire Constabulary,Hampshire Constabulary,-1.147836,51.347572,On or near Ropley Close,E01022560,Basingstoke and Deane 001E,Anti-social behaviour,,
ab96f7ff3146f6be9797c61d2481a6968ddda846a4ed35a072670f755849f663,2024-03,Hampshire Constabulary,Hampshire Constabulary,-1.142093,51.345202,On or near Farringdon Way,E01022560,Basingstoke and Deane 001E,Public order,Investigation complete; no suspect identified,
af2420d2405438589147353366e1e713f73bdf7189cf5fd2361b107eb4a91a59,2024-03,Hampshire Constabulary,Hampshire Constabulary,-1.087683,51.340564,On or near Ash Lane,E01022493,Basingstoke and Deane 002A,Criminal damage and arson,Investigation complete; no suspect identified,
b4aafc26b0634af9665106fbe19ce087a752c600531d68b2a1784085146d61a2,2024-03,Hampshire Constabulary,Hampshire Constabulary,-1.090085,51.367163,On or near Back Lane,E01022493,Basingstoke and Deane 002A,Criminal damage and arson,Investigation complete; no suspect identified,
d264ac491269df6d38d1fb3571f7b2f54b59624cbad045263719a80f67ff4b6a,2024-03,Hampshire Constabulary,Hampshire Constabulary,-1.102510,51.350246,On or near Hydes Platt,E01022493,Basingstoke and Deane 002A,Vehicle crime,Investigation complete; no suspect identified,
6495759ae09a8e9ce3e9581e0400d28f3632a32107aadd0789cdd56b0c2a99f4,2024-03,Hampshire Constabulary,Hampshire Constabulary,-1.102284,51.353751,On or near Romans Field,E01022493,Basingstoke and Deane 002A,Violence and sexual offences,Unable to prosecute suspect,
e3ffcb2384324311210cf6c3b7d69345b8a8655639768dcfae93289ca717087f,2024-03,Hampshire Constabulary,Hampshire Constabulary,-1.125205,51.324233,On or near Aldermaston Road,E01022536,Basingstoke and Deane 002B,Burglary,Investigation complete; no suspect identified,
b72b9cf4b1148be426ab9f194da4e1df5c1f9f88f4d07d79edea38d8c0cec7be,2024-03,Hampshire Constabulary,Hampshire Constabulary,-1.126564,51.322238,On or near Ramsdell Road,E01022536,Basingstoke and Deane 002B,Burglary,Investigation complete; no suspect identified,
9038cf5150d38e8ddaa0f6ba12d509ed1ba8ec5f05b01d16f90864a74f332640,2024-03,Hampshire Constabulary,Hampshire Constabulary,-1.092625,51.336017,On or near Frog Lane,E01022536,Basingstoke and Deane 002B,Other theft,Investigation complete; no suspect identified,
b625b30532e357dae6b6b6542c07575d594662629e005bb1a6a49eeea37e1292,2024-03,Hampshire Constabulary,Hampshire Constabulary,-1.121489,51.332460,On or near New Road,E01022536,Basingstoke and Deane 002B,Other theft,Unable to prosecute suspect,
b856464045eae0b785dc1474ad6aab11868197c299b8f094f98bd9ffa0d7b3c0,2024-03,Hampshire Constabulary,Hampshire Constabulary,-1.125434,51.352964,On or near Georgina Gardens,E01022536,Basingstoke and Deane 002B,Vehicle crime,Investigation complete; no suspect identified,
79c0aa948175e0fb7178bbeb09ff466400c281dcaab490d450a6e64c92f9addd,2024-03,Hampshire Constabulary,Hampshire Constabulary,-1.122305,51.357410,On or near Church Road,E01022537,Basingstoke and Deane 002C,Other theft,Investigation complete; no suspect identified,
d93395e1361fb7ecd5f43a202c41197b4e7b0a3d35690d5e80ec60f02c68ee4a,2024-03,Hampshire Constabulary,Hampshire Constabulary,-1.139419,51.346144,On or near Titchfield Close,E01022558,Basingstoke and Deane 002E,Violence and sexual offences,Unable to prosecute suspect,
255e690f986675d9aa40e985913db4068e6ad9758db5fef290ec0046c3020125,2024-03,Hampshire Constabulary,Hampshire Constabulary,-1.138473,51.347639,On or near Finch Close,E01022558,Basingstoke and Deane 002E,Violence and sexual offences,Unable to prosecute suspect,
3c330a630c6b5c50424c6d79747bc08147edda40d7cb25c9366a8a3c0fd505e2,2024-03,Hampshire Constabulary,Hampshire Constabulary,-1.139419,51.346144,On or near Titchfield Close,E01022558,Basingstoke and Deane 002E,Vehicle crime,Status update unavailable,
c9f004d10fbc97e1b3f73a668f5d59a27e90ef76933d59199118d717e4d13f59,2024-03,Hampshire Constabulary,Hampshire Constabulary,-1.140652,51.345524,On or near Hartley Gardens,E01022558,Basingstoke and Deane 002E,Violence and sexual offences,Investigation complete; no suspect identified,
0974f794eaca3072e7b226a82e779c2bc9de2b93c0e71a66bfe1628d3ccb2152,2024-03,Hampshire Constabulary,Hampshire Constabulary,-1.136862,51.346260,On or near Hawkley Drive,E01022559,Basingstoke and Deane 002F,Criminal damage and arson,Unable to prosecute suspect,
dbe442ff51db257896efd40844124e41561750acbde0485ef5d2ddeb85a3b25c,2024-03,Hampshire Constabulary,Hampshire Constabulary,-1.130019,51.347459,On or near Fairlawn Road,E01022559,Basingstoke and Deane 002F,Other theft,Investigation complete; no suspect identified,
07c66370d83a09011bc22825ed94ffd7c69731824bc4ef1f01d606da8419e767,2024-03,Hampshire Constabulary,Hampshire Constabulary,-1.131429,51.346517,On or near North View Road,E01022559,Basingstoke and Deane 002F,Violence and sexual offences,Unable to prosecute suspect,
756bc35e53d9645fa38b6e6453ee467a7879961dfc66c1db1accb41e6655cbfd,2024-03,Hampshire Constabulary,Hampshire Constabulary,-1.299831,51.320569,On or near Park/Open Space,E01022488,Basingstoke and Deane 003A,Burglary,Unable to prosecute suspect,
e28e508da2a6ee757da4025c1f765daed5e787ff69df19a543fa628937f8f8ff,2024-03,Hampshire Constabulary,Hampshire Constabulary,-1.282909,51.364024,On or near Beech Road,E01022488,Basingstoke and Deane 003A,Criminal damage and arson,Unable to prosecute suspect,
9adfc3186659478e8f12e2e1986bcec569857574972b85a4a7179370ca3a8d0e,2024-03,Hampshire Constabulary,Hampshire Constabulary,-1.273763,51.352880,On or near Hyde Lane,E01022488,Basingstoke and Deane 003A,Violence and sexual offences,Unable to prosecute suspect,
7fba4630bd46347e8439df4a58c29adfbda7248be0549e1329fbcb52086878ca,2024-03,Hampshire Constabulary,Hampshire Constabulary,-1.281921,51.364719,On or near Ash Road,E01022488,Basingstoke and Deane 003A,Violence and sexual offences,Unable to prosecute suspect,
9838bb684106650567c1df1680abf25b960c8eb46c3f61fa6d65e4acc2ddf28e,2024-03,Hampshire Constabulary,Hampshire Constabulary,-1.281921,51.364719,On or near Ash Road,E01022488,Basingstoke and Deane 003A,Violence and sexual offences,Unable to prosecute suspect,
,2024-03,Hampshire Constabulary,Hampshire Constabulary,-1.283357,51.362911,On or near Osprey Close,E01022488,Basingstoke and Deane 003A,Anti-social behaviour,,
,2024-03,Hampshire Constabulary,Hampshire Constabulary,-1.283516,51.364693,On or near Goshawk Road,E01022488,Basingstoke and Deane 003A,Anti-social behaviour,,
,2024-03,Hampshire Constabulary,Hampshire Constabulary,-1.281921,51.364719,On or near Ash Road,E01022488,Basingstoke and Deane 003A,Anti-social behaviour,,
,2024-03,Hampshire Constabulary,Hampshire Constabulary,-1.284118,51.364795,On or near Peregrine Road,E01022488,Basingstoke and Deane 003A,Anti-social behaviour,,
27828cf58fbe4043f127196adbd584d61143ea718babeb2f4664e5626ce44419,2024-03,Hampshire Constabulary,Hampshire Constabulary,-1.282012,51.364441,On or near Parking Area,E01022488,Basingstoke and Deane 003A,Criminal damage and arson,Investigation complete; no suspect identified,
ed8cff97276cc7d01213efcdde41dbb60fdc10c8d6141f07ac78b117388fbdab,2024-03,Hampshire Constabulary,Hampshire Constabulary,-1.283401,51.333364,On or near Mill Lane,E01022488,Basingstoke and Deane 003A,Criminal damage and arson,Investigation complete; no suspect identified,
502129cabf1912ed2951a32aed2b2dac65bc22623b7c20ea9d73ba601b325380,2024-03,Hampshire Constabulary,Hampshire Constabulary,-1.282012,51.364441,On or near Parking Area,E01022488,Basingstoke and Deane 003A,Shoplifting,Investigation complete; no suspect identified,
dd397ccdf159ec53657a8b95bb255b5d2bb172e35f0100d4752f37e4377de8e0,2024-03,Hampshire Constabulary,Hampshire Constabulary,-1.338530,51.283811,On or near Jubilee Close,E01022488,Basingstoke and Deane 003A,Vehicle crime,Investigation complete; no suspect identified,
d06db643048993428b5956db7d4724aca5096fd34e4b1040572e8c756831b49b,2024-03,Hampshire Constabulary,Hampshire Constabulary,-1.282876,51.365192,On or near Harrier Road,E01022488,Basingstoke and Deane 003A,Violence and sexual offences,Investigation complete; no suspect identified,
b38b4334cad695a09434a04cd9312e445393972c47f689f3c28197ca8d9eecef,2024-03,Hampshire Constabulary,Hampshire Constabulary,-1.281921,51.364719,On or near Ash Road,E01022488,Basingstoke and Deane 003A,Violence and sexual offences,Unable to prosecute suspect,
6a295b15de06040af9fda3b5d8b57a73707ff6a47b8787e8b22cb6242c56fbed,2024-03,Hampshire Constabulary,Hampshire Constabulary,-1.284118,51.364795,On or near Peregrine Road,E01022488,Basingstoke and Deane 003A,Violence and sexual offences,Investigation complete; no suspect identified,
c28df5d0b7a7de2268ecaf1c7c45db70a8477c8009533ee6100dfbc65d9829ad,2024-03,Hampshire Constabulary,Hampshire Constabulary,-1.336738,51.362236,On or near Sports/Recreation Area,E01022489,Basingstoke and Deane 003B,Burglary,Investigation complete; no suspect identified,
8ddb1a59e1838c02e79849e8260cc93c8b9a642ded5d6c1cfd828fee4248f631,2024-03,Hampshire Constabulary,Hampshire Constabulary,-1.337375,51.337216,On or near West Street,E01022489,Basingstoke and Deane 003B,Other theft,Investigation complete; no suspect identified,
acff0f7aadd098e3a76b2c4e2ca3df6c10ca67220b82c67e9b3fe6042871168a,2024-03,Hampshire Constabulary,Hampshire Constabulary,-1.325011,51.348205,On or near Limes Avenue,E01022489,Basingstoke and Deane 003B,Violence and sexual offences,Unable to prosecute suspect,
25ed4243c297f264f03d07afb1b2ea46241894f312873e98a22d2cc7a4be55b8,2024-03,Hampshire Constabulary,Hampshire Constabulary,-1.375869,51.356760,On or near Longmead,E01022499,Basingstoke and Deane 003C,Possession of weapons,Unable to prosecute suspect,
a00bbbabf68b49f532455de2b13db23f04b554c9903a286defad1572fad548c1,2024-03,Hampshire Constabulary,Hampshire Constabulary,-1.377808,51.357768,On or near Meadowbrook,E01022499,Basingstoke and Deane 003C,Other crime,Action to be taken by another organisation,
01dc689c4f01f83c4229efbe6b9bddbdd4c1c2287ffe45d924c3aedd1572c777,2024-03,Hampshire Constabulary,Hampshire Constabulary,-1.389631,51.351023,On or near Copnor Close,E01022500,Basingstoke and Deane 003D,Violence and sexual offences,Unable to prosecute suspect,
,2024-03,Hampshire Constabulary,Hampshire Constabulary,-1.389631,51.351023,On or near Copnor Close,E01022500,Basingstoke and Deane 003D,Anti-social behaviour,,
,2024-03,Hampshire Constabulary,Hampshire Constabulary,-1.383539,51.351721,On or near Sports/Recreation Area,E01022500,Basingstoke and Deane 003D,Anti-social behaviour,,
,2024-03,Hampshire Constabulary,Hampshire Constabulary,-1.383539,51.351721,On or near Sports/Recreation Area,E01022500,Basingstoke and Deane 003D,Anti-social behaviour,,
d7569c87c4a0131386e9f8343f454672e133cf7c4b08e3bc1bf18a964315cdbf,2024-03,Hampshire Constabulary,Hampshire Constabulary,-1.412199,51.346976,On or near Park/Open Space,E01022500,Basingstoke and Deane 003D,Burglary,Investigation complete; no suspect identified,
8943cd34b55e8bf1f3e15fbf8d35db6b643a26d00b1eff5edc6604fe18fa55de,2024-03,Hampshire Constabulary,Hampshire Constabulary,-1.387474,51.352352,On or near Trade Street,E01022500,Basingstoke and Deane 003D,Violence and sexual offences,Investigation complete; no suspect identified,
4acce72d302be929ae5b9165a424468df920799e6f97a4b9f380f30f83c952a4,2024-03,Hampshire Constabulary,Hampshire Constabulary,-1.341957,51.348068,On or near Tot Hill Services,E01022513,Basingstoke and Deane 003E,Violence and sexual offences,Unable to prosecute suspect,
e0e4316bf402acc3bbb5259bc3a9de5f7fa11a02c6d4ff6ad4821c51bed30dab,2024-03,Hampshire Constabulary,Hampshire Constabulary,-1.364222,51.350520,On or near Woodlands,E01022513,Basingstoke and Deane 003E,Violence and sexual offences,Unable to prosecute suspect,
ba6f304ce2a94f6993821ea2fa01c50772c0c9ce0f80f7d19995375e880544c8,2024-03,Hampshire Constabulary,Hampshire Constabulary,-1.364222,51.350520,On or near Woodlands,E01022513,Basingstoke and Deane 003E,Violence and sexual offences,Unable to prosecute suspect,
ee07439b8ed764cf993b79cee172c00c21cd36eb6f803d4237f71d2836f857e7,2024-03,Hampshire Constabulary,Hampshire Constabulary,-1.364222,51.350520,On or near Woodlands,E01022513,Basingstoke and Deane 003E,Violence and sexual offences,Unable to prosecute suspect,
091bec9acb40395f5eb047b4e019560f3c90fda61c4db7602c7bbc4878c18c79,2024-03,Hampshire Constabulary,Hampshire Constabulary,-1.352245,51.365884,On or near Penwood Road,E01022513,Basingstoke and Deane 003E,Violence and sexual offences,Unable to prosecute suspect,
,2024-03,Hampshire Constabulary,Hampshire Constabulary,-1.364222,51.350520,On or near Woodlands,E01022513,Basingstoke and Deane 003E,Anti-social behaviour,,
988cbd8a061ff9e5060445b477d521fc0d4fc18591cabbcf990b74b0d01c549d,2024-03,Hampshire Constabulary,Hampshire Constabulary,-1.377839,51.327924,On or near Church Lane,E01022513,Basingstoke and Deane 003E,Other theft,Investigation complete; no suspect identified,
2d660fb2947685494119c1c16a5286d4085aef7272c2dbb0c8684419de339fd6,2024-03,Hampshire Constabulary,Hampshire Constabulary,-1.341957,51.348068,On or near Tot Hill Services,E01022513,Basingstoke and Deane 003E,Vehicle crime,Investigation complete; no suspect identified,
5d7149766935594cd1c1e3affed46968cfa7cbc680f4a89d45c0939a32f924c2,2024-03,Hampshire Constabulary,Hampshire Constabulary,-1.341966,51.347402,On or near Petrol Station,E01022513,Basingstoke and Deane 003E,Vehicle crime,Investigation complete; no suspect identified,
4523666c2178d34545b3a47fee12857286d6386b27feeff2422d29a2d1665b73,2024-03,Hampshire Constabulary,Hampshire Constabulary,-1.210488,51.324677,On or near Church Lane,E01022472,Basingstoke and Deane 004A,Burglary,Investigation complete; no suspect identified,
ac3bfa535d8f11d00098dcb46109879f4b7e93c8ac5a0c1f5d514c68c7688cef,2024-03,Hampshire Constabulary,Hampshire Constabulary,-1.210488,51.324677,On or near Church Lane,E01022472,Basingstoke and Deane 004A,Other theft,Investigation complete; no suspect identified,
09160b04636337165b139b0e8c056a8b0889d3962f7c194d9967957616d41af3,2024-03,Hampshire Constabulary,Hampshire Constabulary,-1.170567,51.333969,On or near Hillside,E01022472,Basingstoke and Deane 004A,Violence and sexual offences,Unable to prosecute suspect,
,2024-03,Hampshire Constabulary,Hampshire Constabulary,-1.176996,51.357330,On or near Stokes Lane,E01022472,Basingstoke and Deane 004A,Anti-social behaviour,,
d3f394fd06bf74e3597562b05f377c72368dfd8d397679568e5273036471f8be,2024-03,Hampshire Constabulary,Hampshire Constabulary,-1.165096,51.345116,On or near Baughurst Road,E01022472,Basingstoke and Deane 004A,Burglary,Status update unavailable,
483d65a9ef2a96f8b7188ce4dc76f3d93a5bf022e7998a5ce3605aa8409c3f3d,2024-03,Hampshire Constabulary,Hampshire Constabulary,-1.167712,51.356878,On or near Portway,E01022473,Basingstoke and Deane 004B,Burglary,Investigation complete; no suspect identified,
eb1c5b5a17bd4176f57ba2ba3894636bce5892973b8411bd1bb18ce79bd750b9,2024-03,Hampshire Constabulary,Hampshire Constabulary,-1.168643,51.357793,On or near Fairoak Way,E01022473,Basingstoke and Deane 004B,Violence and sexual offences,Unable to prosecute suspect,
,2024-03,Hampshire Constabulary,Hampshire Constabulary,-1.167712,51.356878,On or near Portway,E01022473,Basingstoke and Deane 004B,Anti-social behaviour,,
5032a061098c90ac93ec3c3e7534b2819b09e870f7d6491beedef2bbd15bab98,2024-03,Hampshire Constabulary,Hampshire Constabulary,-1.167355,51.359141,On or near Forest Close,E01022473,Basingstoke and Deane 004B,Burglary,Investigation complete; no suspect identified,
b4028402448e3aef88846b84be39238fa96b147e12344e9dd240794eca90961b,2024-03,Hampshire Constabulary,Hampshire Constabulary,-1.252580,51.317679,On or near Winchester Road,E01022520,Basingstoke and Deane 004C,Public order,Investigation complete; no suspect identified,
e5c45eed928f02981c9f99e8fa7f17a46043e6237dd7d4a32010aa4aea2dbc43,2024-03,Hampshire Constabulary,Hampshire Constabulary,-1.247131,51.323588,On or near Brimley Hill Court,E01022520,Basingstoke and Deane 004C,Violence and sexual offences,Unable to prosecute suspect,
e1937f8daadb9f25ebbff66089da3b19921cc874dacf78f4f743f32d90cdc8b9,2024-03,Hampshire Constabulary,Hampshire Constabulary,-1.241551,51.324262,On or near Garden Close,E01022520,Basingstoke and Deane 004C,Violence and sexual offences,Unable to prosecute suspect,
807dca5e1b92cfe84278e43cf9d0a8574b49cec1a064e15e5ecccc2cf0a829dd,2024-03,Hampshire Constabulary,Hampshire Constabulary,-1.236608,51.324670,On or near Link Road,E01022520,Basingstoke and Deane 004C,Violence and sexual offences,Unable to prosecute suspect,
1b94aa4ca251222c8c7eab3cee1631207db7fe681fa4c93a50307fc360a9b827,2024-03,Hampshire Constabulary,Hampshire Constabulary,-1.260322,51.305553,On or near Parking Area,E01022520,Basingstoke and Deane 004C,Criminal damage and arson,Investigation complete; no suspect identified,
c5a532cf8d9ab3fe4187c57e88a4f8d9b6bc386304a2cce660c0e88d465bca05,2024-03,Hampshire Constabulary,Hampshire Constabulary,-1.241551,51.324262,On or near Garden Close,E01022520,Basingstoke and Deane 004C,Violence and sexual offences,Unable to prosecute suspect,
b1a6c483e9b8311cc41a8c60a8995ee364bc5eec35ed1400f48b83342432293d,2024-03,Hampshire Constabulary,Hampshire Constabulary,-1.253179,51.316082,On or near Winchester Road,E01022520,Basingstoke and Deane 004C,Violence and sexual offences,Investigation complete; no suspect identified,
54ed479d6d390cb6cc49e2aa559eddb00c08b3e9cc74f0297ce8e8ef2cf40781,2024-03,Hampshire Constabulary,Hampshire Constabulary,-1.238153,51.325805,On or near Coppice Road,E01022520,Basingstoke and Deane 004C,Violence and sexual offences,Unable to prosecute suspect,
5eb4a4626e0ef8fae83bdd0a1e5352bc6cab38fd15c643bba7601e534d5bf68d,2024-03,Hampshire Constabulary,Hampshire Constabulary,-1.250783,51.325814,On or near Canon'S Court,E01022521,Basingstoke and Deane 004D,Criminal damage and arson,Unable to prosecute suspect,
decefe45dc15a1b6d1816ba8fc42391c1a559a39d3042c90b881f1b85c73a3e9,2024-03,Hampshire Constabulary,Hampshire Constabulary,-1.250471,51.328213,On or near Newbury Road,E01022521,Basingstoke and Deane 004D,Drugs,Unable to prosecute suspect,
9b93c4a1a68b127cda2025a11a099ea9b6dedb0838fcad3997a976dc2d839e06,2024-03,Hampshire Constabulary,Hampshire Constabulary,-1.242522,51.325473,On or near George Street,E01022521,Basingstoke and Deane 004D,Violence and sexual offences,Unable to prosecute suspect,
43e6d66ca4cd5dc2bbd41706c6869f46145344b8a682745076c7f2cc78e03e0f,2024-03,Hampshire Constabulary,Hampshire Constabulary,-1.246331,51.324212,On or near Anchor Road,E01022521,Basingstoke and Deane 004D,Violence and sexual offences,Investigation complete; no suspect identified,
c804cc608fbb27626d1d045a46efb21ef54fa9303e1f7edd356ab9f94f4060bf,2024-03,Hampshire Constabulary,Hampshire Constabulary,-1.250471,51.328213,On or near Newbury Road,E01022521,Basingstoke and Deane 004D,Violence and sexual offences,Unable to prosecute suspect,
0de12c05070f730ffe894e660fe3d007301e4bcd628afae4c9f3517cf54c6cbe,2024-03,Hampshire Constabulary,Hampshire Constabulary,-1.246160,51.325029,On or near Phoenix Court,E01022521,Basingstoke and Deane 004D,Criminal damage and arson,Investigation complete; no suspect identified,
535e6651acc19b7e7bfa277d98f73b235f13f113aae4636400000dcd41d411ad,2024-03,Hampshire Constabulary,Hampshire Constabulary,-1.242522,51.325473,On or near George Street,E01022521,Basingstoke and Deane 004D,Other theft,Investigation complete; no suspect identified,
f788e004aadef9aebce73dae85791597e7046c6c5378977d4049b52c20517b4a,2024-03,Hampshire Constabulary,Hampshire Constabulary,-1.249318,51.326740,On or near Cedar Drive,E01022521,Basingstoke and Deane 004D,Vehicle crime,Investigation complete; no suspect identified,
5c70aaa353ce51c2afafa50eda91453a8e2287ec4efe591d317dbb90ae60a6dd,2024-03,Hampshire Constabulary,Hampshire Constabulary,-1.206502,51.354387,On or near Ashford Hill Road,E01022522,Basingstoke and Deane 004E,Burglary,Investigation complete; no suspect identified,
f014ec9a2a28d12d2bcaa8f546303a9a91c79d29d389f43325e221e70fdd91ac,2024-03,Hampshire Constabulary,Hampshire Constabulary,-1.252409,51.329952,On or near Hardys Field,E01022522,Basingstoke and Deane 004E,Violence and sexual offences,Investigation complete; no suspect identified,
f7c6f6b3c437cf11b948f0dc4f91f4eff1d91cba7d328c7d9c44cb7c0a0ac038,2024-03,Hampshire Constabulary,Hampshire Constabulary,-1.206502,51.354387,On or near Ashford Hill Road,E01022522,Basingstoke and Deane 004E,Burglary,Investigation complete; no suspect identified,
fc681626734112c7907fc85d087c90018f9e2ba0dab2a914e275fae86d7d93da,2024-03,Hampshire Constabulary,Hampshire Constabulary,-1.248165,51.330572,On or near Union Lane,E01022522,Basingstoke and Deane 004E,Public order,Investigation complete; no suspect identified,
76c29d0611df64e911ad00cff65d22855ff34d2d8483f460a7521b1cf6b9ec23,2024-03,Hampshire Constabulary,Hampshire Constabulary,-1.243314,51.363649,On or near Millgreen Lane,E01022522,Basingstoke and Deane 004E,Violence and sexual offences,Status update unavailable,
05cd12ae6f8e19e401838f1ac5010c311ba1f1baa720eccf7a9464b45efd4716,2024-03,Hampshire Constabulary,Hampshire Constabulary,-1.237367,51.352433,On or near Hillhouse Lane,E01022522,Basingstoke and Deane 004E,Violence and sexual offences,Unable to prosecute suspect,
39ad23d154fff08028f5b8257d7d6e0e8f987c3b10504e7c387709a21ffe6a21,2024-03,Hampshire Constabulary,Hampshire Constabulary,-1.055199,51.322161,On or near Garside Close,E01022491,Basingstoke and Deane 005B,Violence and sexual offences,Unable to prosecute suspect,
1678cd1ba93f7fc52739e6cdd894488e53504f9252c5815291b0dd6a821f72c1,2024-03,Hampshire Constabulary,Hampshire Constabulary,-1.055199,51.322161,On or near Garside Close,E01022491,Basingstoke and Deane 005B,Violence and sexual offences,Unable to prosecute suspect,
0e04e716dc733768ed828534b7e7ae5b707538bf8ff3cfc947d9e83a9ae37f77,2024-03,Hampshire Constabulary,Hampshire Constabulary,-1.056890,51.330672,On or near Osler Close,E01022491,Basingstoke and Deane 005B,Violence and sexual offences,Unable to prosecute suspect,
d0dff1a7edcfef58a79d461a8c5b5ac138333c5ac549fe7b41c0e4bb2c4af178,2024-03,Hampshire Constabulary,Hampshire Constabulary,-1.060377,51.331429,On or near Browns Close,E01022491,Basingstoke and Deane 005B,Violence and sexual offences,Unable to prosecute suspect,
5ee6271ad4d584253c3255143e6468399ba6837086de72dd41a02788a31bb29b,2024-03,Hampshire Constabulary,Hampshire Constabulary,-1.055373,51.322783,On or near Walsh Road,E01022491,Basingstoke and Deane 005B,Other crime,Unable to prosecute suspect,
,2024-03,Hampshire Constabulary,Hampshire Constabulary,-1.055249,51.323924,On or near Beckett Gardens,E01022491,Basingstoke and Deane 005B,Anti-social behaviour,,
,2024-03,Hampshire Constabulary,Hampshire Constabulary,-1.057262,51.329335,On or near Marguerite Close,E01022491,Basingstoke and Deane 005B,Anti-social behaviour,,
06e323f00a3d22e36d8a49552fd0b839d9191bfff8fe08fe15e95ae8aab3f3c2,2024-03,Hampshire Constabulary,Hampshire Constabulary,-1.058921,51.331012,On or near Bromelia Close,E01022491,Basingstoke and Deane 005B,Shoplifting,Status update unavailable,
8ed60f6615abb33962c2971d7a2bc5d308b6c4eb87c3a8a7cfba89dc12260b68,2024-03,Hampshire Constabulary,Hampshire Constabulary,-1.060377,51.331429,On or near Browns Close,E01022491,Basingstoke and Deane 005B,Violence and sexual offences,Unable to prosecute suspect,
9f87d4004741998412068db99350874c08e0bf14bdef71f5e7b95617f9981786,2024-03,Hampshire Constabulary,Hampshire Constabulary,-1.017991,51.351556,On or near New Street,E01022492,Basingstoke and Deane 005C,Burglary,Unable to prosecute suspect,
fb14b7feed73f0f0c17b7979b6f7aaa86a6919359350c348211f88202a607975,2024-03,Hampshire Constabulary,Hampshire Constabulary,-1.023751,51.309548,On or near The Walk,E01022492,Basingstoke and Deane 005C,Violence and sexual offences,Investigation complete; no suspect identified,
,2024-03,Hampshire Constabulary,Hampshire Constabulary,-0.998335,51.337560,On or near Basingstoke Road,E01022492,Basingstoke and Deane 005C,Anti-social behaviour,,
2bc7f9c83273af53d3a1601a29fdb36cdc9291596672e505186c66aec0289dee,2024-03,Hampshire Constabulary,Hampshire Constabulary,-1.042764,51.349378,On or near Mortimer Lane,E01022492,Basingstoke and Deane 005C,Criminal damage and arson,Investigation complete; no suspect identified,
a9a73ada79bd8772efd1d0f5869f2ec45268a3f3682bf0397ceb1c49d4066026,2024-03,Hampshire Constabulary,Hampshire Constabulary,-1.024847,51.311311,On or near New North Drive,E01022492,Basingstoke and Deane 005C,Other theft,Status update unavailable,
6598eecf312c0c754230e601861425b02c12976a9c0b809054f2b2a08da2b0d0,2024-03,Hampshire Constabulary,Hampshire Constabulary,-0.998335,51.337560,On or near Basingstoke Road,E01022492,Basingstoke and Deane 005C,Public order,Investigation complete; no suspect identified,
fd002ae782c19ed315d0ac626444fd8d510872cddae8e961ecb9054f4a10a0c1,2024-03,Hampshire Constabulary,Hampshire Constabulary,-1.023751,51.309548,On or near The Walk,E01022492,Basingstoke and Deane 005C,Violence and sexual offences,Unable to prosecute suspect,
4b93ee3a395a6bcf7ec960945ea40d7c85f60c73a98b8123a4bcb2948a0a17bd,2024-03,Hampshire Constabulary,Hampshire Constabulary,-1.103498,51.293694,On or near Dancers Meadow,E01022547,Basingstoke and Deane 005E,Violence and sexual offences,Unable to prosecute suspect,
,2024-03,Hampshire Constabulary,Hampshire Constabulary,-1.100432,51.287682,On or near Sherborne Road,E01022547,Basingstoke and Deane 005E,Anti-social behaviour,,
cc93055bcacebc17b7543c876a3073d57e89ac971bce55ae1f075c0d19c3859f,2024-03,Hampshire Constabulary,Hampshire Constabulary,-1.110655,51.292949,On or near Manor Road,E01022547,Basingstoke and Deane 005E,Burglary,Unable to prosecute suspect,
9524ac3561c002a846b31b5dbee6542748202dae234fa2452531ce93c1f83049,2024-03,Hampshire Constabulary,Hampshire Constabulary,-1.121051,51.300571,On or near Monk Sherborne Road,E01022547,Basingstoke and Deane 005E,Criminal damage and arson,Investigation complete; no suspect identified,
3fc9a9656d76b8ad199e5f63c3acccdfa555f189dc6c7e9d4620d2557a84cb8b,2024-03,Hampshire Constabulary,Hampshire Constabulary,-1.145812,51.314314,On or near Sand Martin Close,E01022547,Basingstoke and Deane 005E,Other theft,Unable to prosecute suspect,
f50e6bb335323f25443e102ad3bc1c119bff16f206cead7a79f2a58fc899d2ea,2024-03,Hampshire Constabulary,Hampshire Constabulary,-1.100432,51.287682,On or near Sherborne Road,E01022547,Basingstoke and Deane 005E,Public order,Investigation complete; no suspect identified,
ebb377cf2d745778225e4283c2bf155f604a2344babec24102cdd0963e9fdf53,2024-03,Hampshire Constabulary,Hampshire Constabulary,-1.103498,51.293694,On or near Dancers Meadow,E01022547,Basingstoke and Deane 005E,Violence and sexual offences,Status update unavailable,
50ace8c8414bec82bb50fa45c4524c1046735b73745bb0f577647d45516c318e,2024-03,Hampshire Constabulary,Hampshire Constabulary,-1.103498,51.293694,On or near Dancers Meadow,E01022547,Basingstoke and Deane 005E,Violence and sexual offences,Status update unavailable,
0298855d0c6297c95acf1688d8d74d1b57ddf3efbcf24a03979e33c11c8aa205,2024-03,Hampshire Constabulary,Hampshire Constabulary,-1.062063,51.332512,On or near St Quentin Walk,E01034708,Basingstoke and Deane 005F,Violence and sexual offences,Unable to prosecute suspect,
,2024-03,Hampshire Constabulary,Hampshire Constabulary,-1.060399,51.327544,On or near Coopers Lane,E01034708,Basingstoke and Deane 005F,Anti-social behaviour,,
,2024-03,Hampshire Constabulary,Hampshire Constabulary,-1.064586,51.333342,On or near Minerva Road,E01034708,Basingstoke and Deane 005F,Anti-social behaviour,,
e8594f5d4f6ec040d30c441a64df842f065523c843488ed34edbbb8d0cba1697,2024-03,Hampshire Constabulary,Hampshire Constabulary,-1.064586,51.333342,On or near Minerva Road,E01034708,Basingstoke and Deane 005F,Violence and sexual offences,Unable to prosecute suspect,
966a375f83eaf49b90aa559a0acb44f799d4a5db8fcf6b32f4789cf4c2c88036,2024-03,Hampshire Constabulary,Hampshire Constabulary,-1.103815,51.295837,On or near Vyne Meadow,E01034710,Basingstoke and Deane 005H,Burglary,Investigation complete; no suspect identified,
2464e69d29b46cc31342b02b8eaf9aa1a3eda759c6de41db17f1110cac564f8c,2024-03,Hampshire Constabulary,Hampshire Constabulary,-1.088727,51.292223,On or near Hasker Road,E01034710,Basingstoke and Deane 005H,Drugs,Local resolution,
5f2b5caa7cb1bd4c920b3e4c9b4522fa3b8331ae2993fe2179a76022751af6d9,2024-03,Hampshire Constabulary,Hampshire Constabulary,-1.085305,51.290487,On or near Tubb Way,E01034710,Basingstoke and Deane 005H,Violence and sexual offences,Unable to prosecute suspect,
a9700fcf802ab50c5a66d5382eba426d73c329d713cff49b6eb35830f37aef69,2024-03,Hampshire Constabulary,Hampshire Constabulary,-1.091538,51.290752,On or near Miles Road,E01034710,Basingstoke and Deane 005H,Vehicle crime,Investigation complete; no suspect identified,
4457b719d34eb09d2590a998528e89572018dbf4a80e337aba791e39430532aa,2024-03,Hampshire Constabulary,Hampshire Constabulary,-1.090627,51.291149,On or near Munday Way,E01034710,Basingstoke and Deane 005H,Vehicle crime,Investigation complete; no suspect identified,
9c83ee8a678218afce8c558840058cbbf50fc8cc76aa5c5955efe883b7f9cdb9,2024-03,Hampshire Constabulary,Hampshire Constabulary,-1.090627,51.291149,On or near Munday Way,E01034710,Basingstoke and Deane 005H,Violence and sexual offences,Action to be taken by another organisation,
7746524f26ea6723652d448a5b02e322fb9032dc9c0c0134160533f3a5c707ae,2024-03,Hampshire Constabulary,Hampshire Constabulary,-1.065736,51.290872,On or near Long Copse Chase,E01022495,Basingstoke and Deane 006A,Violence and sexual offences,Unable to prosecute suspect,
9c53c284ef3028e8d023c9bd2ad509b01b32352d0e30d0201a642b54ecfb8f75,2024-03,Hampshire Constabulary,Hampshire Constabulary,-1.061206,51.291484,On or near Martins Wood,E01022495,Basingstoke and Deane 006A,Violence and sexual offences,Unable to prosecute suspect,
cc2104be81140398c910e44bf0094ad8cdbe5a7b1d14dcbd53e074492e170452,2024-03,Hampshire Constabulary,Hampshire Constabulary,-1.066907,51.289020,On or near Little Copse Chase,E01022495,Basingstoke and Deane 006A,Violence and sexual offences,Unable to prosecute suspect,
d893856a76e02ee6beb8304c965982d55b048199a1492ac1f9ba22e81a5e504e,2024-03,Hampshire Constabulary,Hampshire Constabulary,-1.051311,51.294956,On or near Guinea Court,E01022497,Basingstoke and Deane 006C,Shoplifting,Court result unavailable,
97b6ec88478d38a9a146afe20abf9de8bec2a5e94459af29e436b644eb65bfa7,2024-03,Hampshire Constabulary,Hampshire Constabulary,-1.056906,51.298364,On or near Ajax Close,E01022497,Basingstoke and Deane 006C,Criminal damage and arson,Investigation complete; no suspect identified,
99988e12c5ee93725d5112fdfd2798db867276f74ba87b06e70043f0bdd8eed7,2024-03,Hampshire Constabulary,Hampshire Constabulary,-1.053982,51.294807,On or near Farm View Drive,E01022497,Basingstoke and Deane 006C,Other theft,Investigation complete; no suspect identified,
9b29b4630cd9764faa0c63862b90faa7bdbfdac77f4c5dc51b309018e649a02e,2024-03,Hampshire Constabulary,Hampshire Constabulary,-1.053499,51.293193,On or near Four Lanes Close,E01022497,Basingstoke and Deane 006C,Other theft,Investigation complete; no suspect identified,
26679bb1b3f3bf3e34e99d2a1fad4e31bc5132244ae35d10b6a578d2d113f4df,2024-03,Hampshire Constabulary,Hampshire Constabulary,-1.053499,51.293193,On or near Four Lanes Close,E01022497,Basingstoke and Deane 006C,Other theft,Investigation complete; no suspect identified,
0f4eab057b3f92adc3e2c4565b8bc4122df266272919feb5209b41d80377a8cf,2024-03,Hampshire Constabulary,Hampshire Constabulary,-1.051311,51.294956,On or near Guinea Court,E01022497,Basingstoke and Deane 006C,Shoplifting,Investigation complete; no suspect identified,
c2d6eb227447e14de0e25ec0c695ae3441d0cfc562e35e117e8429566fecefb6,2024-03,Hampshire Constabulary,Hampshire Constabulary,-1.051311,51.294956,On or near Guinea Court,E01022497,Basingstoke and Deane 006C,Shoplifting,Investigation complete; no suspect identified,
6f522f6847befe534dabb87a3afcb9e36a371f0c262c54c37d3cf1bc8aca361a,2024-03,Hampshire Constabulary,Hampshire Constabulary,-1.059839,51.294512,On or near Oakwood,E01022497,Basingstoke and Deane 006C,Violence and sexual offences,Unable to prosecute suspect,
f31034420d5b03c7f8e7605ea25f41dd07a2bef24da80762ee5b02db9c1c8065,2024-03,Hampshire Constabulary,Hampshire Constabulary,-1.052864,51.290979,On or near Sports/Recreation Area,E01022498,Basingstoke and Deane 006D,Other theft,Investigation complete; no suspect identified,
5eb3eea0837e1d0f17a765fb2e92a097908f73c49b993beeded45ed3cb8cc00e,2024-03,Hampshire Constabulary,Hampshire Constabulary,-1.046439,51.296831,On or near Stockbridge Close,E01022498,Basingstoke and Deane 006D,Public order,Investigation complete; no suspect identified,
0d91641269211e1908541f64aa1538c09f41bcb6d4d96ed0243c020cfd21d086,2024-03,Hampshire Constabulary,Hampshire Constabulary,-1.047853,51.292275,On or near Lovegroves,E01022498,Basingstoke and Deane 006D,Violence and sexual offences,Unable to prosecute suspect,
fe754a691f416788fa3c778759b0a67ddf6f362fcd4ac86f9f8ef187bb808dc1,2024-03,Hampshire Constabulary,Hampshire Constabulary,-1.050155,51.290486,On or near Lanes End,E01022498,Basingstoke and Deane 006D,Possession of weapons,Investigation complete; no suspect identified,
e682d3ee864a90c1fa30ebb52ecccf8c6f419424db38e5548cb2c262896e8d88,2024-03,Hampshire Constabulary,Hampshire Constabulary,-1.047853,51.292275,On or near Lovegroves,E01022498,Basingstoke and Deane 006D,Violence and sexual offences,Unable to prosecute suspect,
2f56afa478b331c0cb92bec59c4dae71b0f10fcd78f6ab1610e6383b59aa4f59,2024-03,Hampshire Constabulary,Hampshire Constabulary,-1.050701,51.301596,On or near Rockbourne Road,E01034711,Basingstoke and Deane 006E,Violence and sexual offences,Court result unavailable,
8f27145aa8d452550ae9e63846e14f2998289ff08acef4195bb65abe4dcea891,2024-03,Hampshire Constabulary,Hampshire Constabulary,-1.050701,51.301596,On or near Rockbourne Road,E01034711,Basingstoke and Deane 006E,Violence and sexual offences,Awaiting court outcome,
3a12e55c36d12d1c58bcceb3220acc71c1cdc81ae6383240cb1e1dc222937e20,2024-03,Hampshire Constabulary,Hampshire Constabulary,-1.047964,51.301475,On or near Ripley Terrace,E01034711,Basingstoke and Deane 006E,Bicycle theft,Investigation complete; no suspect identified,
0ba7485625aaaa2fc042ea0ae666c58b169e6118d963ffb84d54632b5ada36aa,2024-03,Hampshire Constabulary,Hampshire Constabulary,-1.048722,51.302245,On or near Buckland Terrace,E01034711,Basingstoke and Deane 006E,Violence and sexual offences,Unable to prosecute suspect,
ad1d49aa464e2eeca7e8069ebf9cffcf1199b7301900022eb130dc730c87930f,2024-03,Hampshire Constabulary,Hampshire Constabulary,-1.082458,51.287255,On or near Montserrat Road,E01022539,Basingstoke and Deane 007B,Public order,Investigation complete; no suspect identified,
bf5cd7b3ab400a519d451ce7f1f6bef8bc6072ff8f2b7dd5f7fd01b3efdc3103,2024-03,Hampshire Constabulary,Hampshire Constabulary,-1.082663,51.287041,On or near Montserrat Place,E01022539,Basingstoke and Deane 007B,Shoplifting,Offender given a caution,
66f4888219c0c70d734ef341af39243dcbc031e1b54f4f03d59ff14eb5a6c275,2024-03,Hampshire Constabulary,Hampshire Constabulary,-1.082663,51.287041,On or near Montserrat Place,E01022539,Basingstoke and Deane 007B,Shoplifting,Court result unavailable,
9ab3c8644416ab6c5647dcb9ea16b68d4955f57871c084fa1fd9579f913ec479,2024-03,Hampshire Constabulary,Hampshire Constabulary,-1.082663,51.287041,On or near Montserrat Place,E01022539,Basingstoke and Deane 007B,Other theft,Investigation complete; no suspect identified,
fc7e38624d8cb72117087e9a0fc6ea06d6037ea3979a5fe4941a39be644655dc,2024-03,Hampshire Constabulary,Hampshire Constabulary,-1.082552,51.290439,On or near Jersey Close,E01022539,Basingstoke and Deane 007B,Violence and sexual offences,Unable to prosecute suspect,
627e4d142b15e0960d3318b3f3e9c2501dfc6c89792a46f358cd903c410949ac,2024-03,Hampshire Constabulary,Hampshire Constabulary,-1.082220,51.281939,On or near Messner Street,E01022540,Basingstoke and Deane 007C,Violence and sexual offences,Investigation complete; no suspect identified,
8b4eebb00811dd11faa3d69b85b5b3036818c990ee068b1515fd4a5e3ee6a9b9,2024-03,Hampshire Constabulary,Hampshire Constabulary,-1.079531,51.283042,On or near Bourdillon Gardens,E01022540,Basingstoke and Deane 007C,Violence and sexual offences,Unable to prosecute suspect,
,2024-03,Hampshire Constabulary,Hampshire Constabulary,-1.083501,51.282416,On or near Irvine Crescent,E01022540,Basingstoke and Deane 007C,Anti-social behaviour,,
,2024-03,Hampshire Constabulary,Hampshire Constabulary,-1.077946,51.282714,On or near Lawrence Close,E01022540,Basingstoke and Deane 007C,Anti-social behaviour,,
0075e9e1434f5cca6867908671128f706faab6f73b7684f69e7a5320f3fb9688,2024-03,Hampshire Constabulary,Hampshire Constabulary,-1.076592,51.279431,On or near Hathaway Gardens,E01022540,Basingstoke and Deane 007C,Burglary,Investigation complete; no suspect identified,
3191d5550c32cbb6271c03493f005131ee5388b8a2ae6371ae96d42388221915,2024-03,Hampshire Constabulary,Hampshire Constabulary,-1.086072,51.285080,On or near Tobago Close,E01022540,Basingstoke and Deane 007C,Drugs,Status update unavailable,
d8b3054f2e909d06a472e61730f54aae90ee8df73867da0e198385803dae25dd,2024-03,Hampshire Constabulary,Hampshire Constabulary,-1.082726,51.279569,On or near Browning Close,E01022540,Basingstoke and Deane 007C,Shoplifting,Investigation complete; no suspect identified,
a551ef49176bb5c6fe6c85ed9c7111e453263e835b17d2dc7116ec600eb8cb21,2024-03,Hampshire Constabulary,Hampshire Constabulary,-1.079531,51.283042,On or near Bourdillon Gardens,E01022540,Basingstoke and Deane 007C,Shoplifting,Status update unavailable,
74c7c2acae18fc8f8dccaf741084f3abd96922b84873ae0dee05839e7dd77c26,2024-03,Hampshire Constabulary,Hampshire Constabulary,-1.082726,51.279569,On or near Browning Close,E01022540,Basingstoke and Deane 007C,Violence and sexual offences,Unable to prosecute suspect,
bcf7b6be146e98a8946d5cd321e8797522e3897872a3ffc509f33efdfb81c87a,2024-03,Hampshire Constabulary,Hampshire Constabulary,-1.087698,51.282629,On or near Tewkesbury Close,E01022542,Basingstoke and Deane 007E,Criminal damage and arson,Investigation complete; no suspect identified,
8f09bc15d62a45cbb94593409bcda45bc9143923a111a61b7ff717153fb6a05e,2024-03,Hampshire Constabulary,Hampshire Constabulary,-1.091577,51.281517,On or near Glastonbury Close,E01022542,Basingstoke and Deane 007E,Public order,Unable to prosecute suspect,
174dd3603adfd1b1d347b8997eb67067f2cd56f0a5805e7d04244647983b26b2,2024-03,Hampshire Constabulary,Hampshire Constabulary,-1.091577,51.281517,On or near Glastonbury Close,E01022542,Basingstoke and Deane 007E,Violence and sexual offences,Court result unavailable,
0849405bf809c0371f636f22d973375a0b4d8dd79659c8e3f82d242ceeaca1fd,2024-03,Hampshire Constabulary,Hampshire Constabulary,-1.091577,51.281517,On or near Glastonbury Close,E01022542,Basingstoke and Deane 007E,Violence and sexual offences,Unable to prosecute suspect,
df0ed9be15776ba226664f12023238c94027a01de2f27372090565758aa2dcc8,2024-03,Hampshire Constabulary,Hampshire Constabulary,-1.098109,51.281091,On or near Tintern Close,E01022543,Basingstoke and Deane 007F,Criminal damage and arson,Offender given a caution,
55bf21dc0992d7f68e774eccdf22dbbc98c2edd57b6310951937b507d9a9fb77,2024-03,Hampshire Constabulary,Hampshire Constabulary,-1.094999,51.282506,On or near Romsey Close,E01022543,Basingstoke and Deane 007F,Public order,Local resolution,
1709cbeb7cbf52ed65d7c393e282202a4c3a0870b9a26293b5f5e934896d202e,2024-03,Hampshire Constabulary,Hampshire Constabulary,-1.094999,51.282506,On or near Romsey Close,E01022543,Basingstoke and Deane 007F,Public order,Local resolution,
9da5d7eb7643043ae438e1a0fa009f4728617d6f21a5a269ef7a57eb1b45a4c2,2024-03,Hampshire Constabulary,Hampshire Constabulary,-1.098109,51.281091,On or near Tintern Close,E01022543,Basingstoke and Deane 007F,Violence and sexual offences,Unable to prosecute suspect,
85d892edaac83aa2311c69673510eca697688b122581218092d9adeedb45a97f,2024-03,Hampshire Constabulary,Hampshire Constabulary,-1.098109,51.281091,On or near Tintern Close,E01022543,Basingstoke and Deane 007F,Violence and sexual offences,Unable to prosecute suspect,
be768e42c457e747759b4f51ff9c48f790e122d7ed85004beb59ac0ce81b0659,2024-03,Hampshire Constabulary,Hampshire Constabulary,-1.094295,51.280369,On or near Abbey Road,E01022543,Basingstoke and Deane 007F,Violence and sexual offences,Unable to prosecute suspect,
18a433c229184979585d9e45d72885fe3426958e0a9583aa2c38723d755592f6,2024-03,Hampshire Constabulary,Hampshire Constabulary,-1.098109,51.281091,On or near Tintern Close,E01022543,Basingstoke and Deane 007F,Violence and sexual offences,Local resolution,
882d0df50222df3abe6d85b598deee33d603b1f970b331d19a542ff1787c6f60,2024-03,Hampshire Constabulary,Hampshire Constabulary,-1.094295,51.280369,On or near Abbey Road,E01022543,Basingstoke and Deane 007F,Violence and sexual offences,Action to be taken by another organisation,
e16efc6584b1fa41fefe1189d73e34c5cd3f1778b92b1f5ff78557f117d8cf08,2024-03,Hampshire Constabulary,Hampshire Constabulary,-1.096768,51.282214,On or near Buckfast Close,E01022543,Basingstoke and Deane 007F,Violence and sexual offences,Unable to prosecute suspect,
7172a43a98cbc3664b68f28c41caff1b4c70360b9f4d8149993b4c29308cfcae,2024-03,Hampshire Constabulary,Hampshire Constabulary,-1.096768,51.282214,On or near Buckfast Close,E01022543,Basingstoke and Deane 007F,Violence and sexual offences,Unable to prosecute suspect,
,2024-03,Hampshire Constabulary,Hampshire Constabulary,-1.100933,51.280384,On or near Parking Area,E01022543,Basingstoke and Deane 007F,Anti-social behaviour,,
,2024-03,Hampshire Constabulary,Hampshire Constabulary,-1.100933,51.280384,On or near Parking Area,E01022543,Basingstoke and Deane 007F,Anti-social behaviour,,
,2024-03,Hampshire Constabulary,Hampshire Constabulary,-1.100933,51.280384,On or near Parking Area,E01022543,Basingstoke and Deane 007F,Anti-social behaviour,,
,2024-03,Hampshire Constabulary,Hampshire Constabulary,-1.100933,51.280384,On or near Parking Area,E01022543,Basingstoke and Deane 007F,Anti-social behaviour,,
6dac01731c1302101c17a4a1ae225339091149c3dc4234a0fd132ced9a4ea79b,2024-03,Hampshire Constabulary,Hampshire Constabulary,-1.098109,51.281091,On or near Tintern Close,E01022543,Basingstoke and Deane 007F,Theft from the person,Unable to prosecute suspect,
c7b3047e72da09e7b8bd61bef873e2583e2eed67ffb6eae6c7a1e59cb5317d00,2024-03,Hampshire Constabulary,Hampshire Constabulary,-1.096768,51.282214,On or near Buckfast Close,E01022543,Basingstoke and Deane 007F,Violence and sexual offences,Investigation complete; no suspect identified,
fd2812fb6df836892d0e35d85d05debe92ba02db2d3eecec6f7718151b5bd46d,2024-03,Hampshire Constabulary,Hampshire Constabulary,-1.096768,51.282214,On or near Buckfast Close,E01022543,Basingstoke and Deane 007F,Violence and sexual offences,Unable to prosecute suspect,
da54dd7d4cb2287f3d0dd32669ab700a591a911bcf646131f7e64c53c8381112,2024-03,Hampshire Constabulary,Hampshire Constabulary,-1.096768,51.282214,On or near Buckfast Close,E01022543,Basingstoke and Deane 007F,Violence and sexual offences,Unable to prosecute suspect,
eab6d9a0c52edecc39e438c467c967ec4589919b5009a328a4d5e41054c2ff92,2024-03,Hampshire Constabulary,Hampshire Constabulary,-1.096768,51.282214,On or near Buckfast Close,E01022543,Basingstoke and Deane 007F,Violence and sexual offences,Unable to prosecute suspect,
328df57c96e1dbb8347e8429a7080e30bcdf5c9f9a127b680b0fdeb3e3a71a12,2024-03,Hampshire Constabulary,Hampshire Constabulary,-1.085413,51.288681,On or near Barrington Drive,E01032843,Basingstoke and Deane 007H,Violence and sexual offences,Unable to prosecute suspect,
a50f82b42e59af0d994533e02db828953e6a51b87479ca36f26f68e588b6ce8f,2024-03,Hampshire Constabulary,Hampshire Constabulary,-1.087561,51.289525,On or near Egerton Drive,E01032843,Basingstoke and Deane 007H,Violence and sexual offences,Offender given a caution,
400645b89296271778457e54a64a48b8e2b1ccac076349ea2c36da2cc6aaf2c7,2024-03,Hampshire Constabulary,Hampshire Constabulary,-1.085224,51.288050,On or near Ilsley Road,E01032843,Basingstoke and Deane 007H,Violence and sexual offences,Unable to prosecute suspect,
34c475fe28d58958692cbecfa611495cdac86aabbfa4122358aef73d202f63c2,2024-03,Hampshire Constabulary,Hampshire Constabulary,-1.092059,51.288355,On or near Carter Drive,E01032843,Basingstoke and Deane 007H,Violence and sexual offences,Investigation complete; no suspect identified,
ea00e7b9e4e940834d3311f93110dddf0994dde54a077ae6f19de7c8120aacd0,2024-03,Hampshire Constabulary,Hampshire Constabulary,-1.087203,51.288038,On or near Merryweather Way,E01032843,Basingstoke and Deane 007H,Violence and sexual offences,Unable to prosecute suspect,
4ced9dff652c5c13510f00680270ff591473be2494e9adc4b03c083c022a9a7b,2024-03,Hampshire Constabulary,Hampshire Constabulary,-1.088237,51.287992,On or near Englefield Way,E01032843,Basingstoke and Deane 007H,Criminal damage and arson,Investigation complete; no suspect identified,
cc19eb39e48cd51155b6b7a0c819706c12b0f640e971b28dbd7799ccc4a33402,2024-03,Hampshire Constabulary,Hampshire Constabulary,-1.088012,51.289924,On or near Hewitt Road,E01032843,Basingstoke and Deane 007H,Criminal damage and arson,Investigation complete; no suspect identified,
e4d95cfdd6830139104a4306feb7c540f83126d0872761e8c545bf4dfedcad99,2024-03,Hampshire Constabulary,Hampshire Constabulary,-1.087203,51.288038,On or near Merryweather Way,E01032843,Basingstoke and Deane 007H,Violence and sexual offences,Unable to prosecute suspect,
86003cc299a404e29d4b7a1d6bb7c24a32b03e6c46264c99e726544985bf143f,2024-03,Hampshire Constabulary,Hampshire Constabulary,-1.085572,51.289320,On or near Penton Way,E01032843,Basingstoke and Deane 007H,Violence and sexual offences,Status update unavailable,
0bd778f5ac7eb0434c192bab2bd68ad97b2427064bef11f1d64532d9fe7445c8,2024-03,Hampshire Constabulary,Hampshire Constabulary,-1.085572,51.289320,On or near Penton Way,E01032843,Basingstoke and Deane 007H,Violence and sexual offences,Unable to prosecute suspect,
35c8effd67db23cba58e41adde2434fc304479be946a6ef846b20922b68d202e,2024-03,Hampshire Constabulary,Hampshire Constabulary,-1.085572,51.289320,On or near Penton Way,E01032843,Basingstoke and Deane 007H,Violence and sexual offences,Status update unavailable,
b6b5922be97765acf7d0b9b4b216e67fccaec1c81847c6d774164e6f6c04ed84,2024-03,Hampshire Constabulary,Hampshire Constabulary,-1.093167,51.285225,On or near Banbury Way,E01032844,Basingstoke and Deane 007I,Bicycle theft,Unable to prosecute suspect,
b52094ab9b573d8a41013c8e2102767fa24576d24798c224669e134828b52536,2024-03,Hampshire Constabulary,Hampshire Constabulary,-1.102050,51.282659,On or near Nuffield Way,E01032844,Basingstoke and Deane 007I,Violence and sexual offences,Unable to prosecute suspect,
daf0bd0a3ea9163913a4ae608a4afe18613cf3c14e0ec0d4f0dc0538af177d5b,2024-03,Hampshire Constabulary,Hampshire Constabulary,-1.092655,51.282838,On or near Fountains Close,E01032844,Basingstoke and Deane 007I,Violence and sexual offences,Unable to prosecute suspect,
b0c1f4754e2e461a647347ba786a0ba48d32c8ccf5232e401bb9ce40329894aa,2024-03,Hampshire Constabulary,Hampshire Constabulary,-1.104332,51.283261,On or near Wolfson Drive,E01032844,Basingstoke and Deane 007I,Violence and sexual offences,Action to be taken by another organisation,
b0b5b02f525c589165d3080590dab2c28ee0581b1e70d7ae6e40a21fb0b00e20,2024-03,Hampshire Constabulary,Hampshire Constabulary,-1.092655,51.282838,On or near Fountains Close,E01032844,Basingstoke and Deane 007I,Violence and sexual offences,Unable to prosecute suspect,
6c63cf5925fcc5092d0fe7b68fb6e514f9c2431c6824ae85b283453c890135ee,2024-03,Hampshire Constabulary,Hampshire Constabulary,-1.095920,51.284482,On or near Bloxham Close,E01032844,Basingstoke and Deane 007I,Violence and sexual offences,Unable to prosecute suspect,
275a1db97d447dee7a3a7d20d3c56d77a5aa1a003b0a7cec2a78abd945820fe7,2024-03,Hampshire Constabulary,Hampshire Constabulary,-1.095920,51.284482,On or near Bloxham Close,E01032844,Basingstoke and Deane 007I,Violence and sexual offences,Unable to prosecute suspect,
feaa80cb509388b53e35b51cf213ad98a181dd536bb79ae3653c29aae8aa08fe,2024-03,Hampshire Constabulary,Hampshire Constabulary,-1.097656,51.284478,On or near Wantage Place,E01032844,Basingstoke and Deane 007I,Violence and sexual offences,Local resolution,
,2024-03,Hampshire Constabulary,Hampshire Constabulary,-1.097656,51.284478,On or near Wantage Place,E01032844,Basingstoke and Deane 007I,Anti-social behaviour,,
,2024-03,Hampshire Constabulary,Hampshire Constabulary,-1.095138,51.284890,On or near Marston Walk,E01032844,Basingstoke and Deane 007I,Anti-social behaviour,,
e7660ea099a709a4260111d2ce304af3a06c92f7b011874af3c15d1fcb3f0283,2024-03,Hampshire Constabulary,Hampshire Constabulary,-1.098077,51.283465,On or near Wallingford Road,E01032844,Basingstoke and Deane 007I,Burglary,Investigation complete; no suspect identified,
143d2f3a6cc8f9ba6913523794042820d48e0c452316972071e805ba134011b3,2024-03,Hampshire Constabulary,Hampshire Constabulary,-1.092655,51.282838,On or near Fountains Close,E01032844,Basingstoke and Deane 007I,Other theft,Investigation complete; no suspect identified,
361c8f30a32275af7f9d3053a34f9e512c2827decd5a5a32ca72a7ddf436bc34,2024-03,Hampshire Constabulary,Hampshire Constabulary,-1.104332,51.283261,On or near Wolfson Drive,E01032844,Basingstoke and Deane 007I,Public order,Investigation complete; no suspect identified,
be8c0084cf908cb77279c2e82313a446417f07caddd8194711f519680501dbab,2024-03,Hampshire Constabulary,Hampshire Constabulary,-1.092655,51.282838,On or near Fountains Close,E01032844,Basingstoke and Deane 007I,Public order,Unable to prosecute suspect,
2e6f2a0dc4264c4fd6f365ad6b5709c74815fc99279afe63340a0de66a93b5f7,2024-03,Hampshire Constabulary,Hampshire Constabulary,-1.097656,51.284478,On or near Wantage Place,E01032844,Basingstoke and Deane 007I,Violence and sexual offences,Unable to prosecute suspect,
bdb445a85ce481a3a894cd528e666edacdfc79084fdeb8677439776db81da687,2024-03,Hampshire Constabulary,Hampshire Constabulary,-1.097656,51.284478,On or near Wantage Place,E01032844,Basingstoke and Deane 007I,Violence and sexual offences,Unable to prosecute suspect,
52bd212130953b8eaff3dac9fcf1183f0bc7f1dbb88f65b3ca6186bafa80ba79,2024-03,Hampshire Constabulary,Hampshire Constabulary,-1.095138,51.284890,On or near Marston Walk,E01032844,Basingstoke and Deane 007I,Violence and sexual offences,Unable to prosecute suspect,
598d4df6f9adcbb001717ecb8156e87f3980ba33f052aa27ec355f13e0c81629,2024-03,Hampshire Constabulary,Hampshire Constabulary,-1.098077,51.283465,On or near Wallingford Road,E01032844,Basingstoke and Deane 007I,Violence and sexual offences,Investigation complete; no suspect identified,
55ca84add74096df7b069ac97e435086e07c9ad0b7d8737297e5acc895d6b9c8,2024-03,Hampshire Constabulary,Hampshire Constabulary,-1.063754,51.300181,On or near Redshank Crescent,E01034713,Basingstoke and Deane 007K,Burglary,Unable to prosecute suspect,
2f8174235c21d460544e7cec7962d25b6c6912c406d43ca8fbb8e3a00ead93ae,2024-03,Hampshire Constabulary,Hampshire Constabulary,-1.064918,51.295847,On or near Lime Tree Way,E01034713,Basingstoke and Deane 007K,Burglary,Unable to prosecute suspect,
038de7a642b6cdca13b77c16420c402669c260002a71f414182b49996c54b0b5,2024-03,Hampshire Constabulary,Hampshire Constabulary,-1.072104,51.283747,On or near Orkney Close,E01034713,Basingstoke and Deane 007K,Criminal damage and arson,Investigation complete; no suspect identified,
fa470b18fe43ecf9b7464e3306556ae08d161b3ac311a77ca1087c8d84fcc448,2024-03,Hampshire Constabulary,Hampshire Constabulary,-1.063754,51.300181,On or near Redshank Crescent,E01034713,Basingstoke and Deane 007K,Other theft,Investigation complete; no suspect identified,
5d50fb2bcdd4bfb7d444363b3e09d337a5797b55a789eea800191601d2279e66,2024-03,Hampshire Constabulary,Hampshire Constabulary,-1.063754,51.300181,On or near Redshank Crescent,E01034713,Basingstoke and Deane 007K,Public order,Unable to prosecute suspect,
a5d31d0873b56b20caa46a3bc68f46d9b63c8fe048b531013f39149fbb71e8cb,2024-03,Hampshire Constabulary,Hampshire Constabulary,-1.063754,51.300181,On or near Redshank Crescent,E01034713,Basingstoke and Deane 007K,Robbery,Unable to prosecute suspect,
5c112f93dbddc6f8df4827a4f5cb0062e0e5dfea31ae2415221d6ac388956981,2024-03,Hampshire Constabulary,Hampshire Constabulary,-1.072104,51.283747,On or near Orkney Close,E01034713,Basingstoke and Deane 007K,Shoplifting,Court result unavailable,
ecc3bc85c2e807f8b9eb5f4be0a7325eace5f3c8824feaa50819183217c31e78,2024-03,Hampshire Constabulary,Hampshire Constabulary,-1.064918,51.295847,On or near Lime Tree Way,E01034713,Basingstoke and Deane 007K,Violence and sexual offences,Unable to prosecute suspect,
590c5b59771dd46ef7118961426b824724a8145c9a3c5dc0d697b63e3b5d3197,2024-03,Hampshire Constabulary,Hampshire Constabulary,-1.072104,51.283747,On or near Orkney Close,E01034713,Basingstoke and Deane 007K,Violence and sexual offences,Court result unavailable,
b169ac5820f7663bb29a292562fa89a6626f1cbc13c0357c0160668dca8a3b20,2024-03,Hampshire Constabulary,Hampshire Constabulary,-1.080615,51.286215,On or near Anglesey Close,E01034713,Basingstoke and Deane 007K,Violence and sexual offences,Unable to prosecute suspect,
c2fc950a1c12aac423335b29a08a6e5130ff01ddad13090048f61c8136701219,2024-03,Hampshire Constabulary,Hampshire Constabulary,-1.080615,51.286215,On or near Anglesey Close,E01034713,Basingstoke and Deane 007K,Violence and sexual offences,Unable to prosecute suspect,
,2024-03,Hampshire Constabulary,Hampshire Constabulary,-1.073868,51.284454,On or near Lindisfarne Close,E01034713,Basingstoke and Deane 007K,Anti-social behaviour,,
,2024-03,Hampshire Constabulary,Hampshire Constabulary,-1.072104,51.283747,On or near Orkney Close,E01034713,Basingstoke and Deane 007K,Anti-social behaviour,,
b3b4c7268abae13ee3ddf930bd1e0f60f87d4447a37f64462075e7200028726f,2024-03,Hampshire Constabulary,Hampshire Constabulary,-1.064661,51.295773,On or near Hazelwood,E01034713,Basingstoke and Deane 007K,Burglary,Unable to prosecute suspect,
73b9ccdf734b5e0d4f000b8a2826bbf961d27dbef1903ad49a9b52c551de790f,2024-03,Hampshire Constabulary,Hampshire Constabulary,-1.068130,51.293068,On or near Crockford Lane,E01034713,Basingstoke and Deane 007K,Criminal damage and arson,Investigation complete; no suspect identified,
fcb4ac7080467d9c8ad91ed1992377991fb76e114d6c5892347af4c8ed82fa85,2024-03,Hampshire Constabulary,Hampshire Constabulary,-1.064661,51.295773,On or near Hazelwood,E01034713,Basingstoke and Deane 007K,Other theft,Investigation complete; no suspect identified,
1da7efa98ea7a81fdbf71d2161d51805e093ec1503d2126a6efdf647be47274f,2024-03,Hampshire Constabulary,Hampshire Constabulary,-1.063754,51.300181,On or near Redshank Crescent,E01034713,Basingstoke and Deane 007K,Other theft,Investigation complete; no suspect identified,
6f423b21ae8b52725969a09e389ba92d870c6a4eafac99300fed41c0e41383e6,2024-03,Hampshire Constabulary,Hampshire Constabulary,-1.077152,51.287258,On or near Carpenter'S Down,E01034713,Basingstoke and Deane 007K,Public order,Investigation complete; no suspect identified,
60786d388f3adc97b573d51113098d1923ad52c55303b54126681e3973c9f77f,2024-03,Hampshire Constabulary,Hampshire Constabulary,-1.072104,51.283747,On or near Orkney Close,E01034713,Basingstoke and Deane 007K,Violence and sexual offences,Investigation complete; no suspect identified,
d442d336e9881d46294e78ed7c0dbedf94c9c186a4a43dc6ac144426e7e518ec,2024-03,Hampshire Constabulary,Hampshire Constabulary,-1.072104,51.283747,On or near Orkney Close,E01034713,Basingstoke and Deane 007K,Violence and sexual offences,Unable to prosecute suspect,
732057d35e2637ff9770a245107744634db8d9a8ecfc43a25c1fbd8c365e4e68,2024-03,Hampshire Constabulary,Hampshire Constabulary,-1.079442,51.286782,On or near Falkland Road,E01034713,Basingstoke and Deane 007K,Violence and sexual offences,Unable to prosecute suspect,
026fe7957afaeee124a19e3fe8014a9404522e28ec80f9517b54096a32f05a70,2024-03,Hampshire Constabulary,Hampshire Constabulary,-1.074258,51.285716,On or near Madeira Close,E01034714,Basingstoke and Deane 007L,Criminal damage and arson,Unable to prosecute suspect,
05dc7e473a56491e5968b1ecaff76d3f7e8e66ef710a9f820a075ec7787b8567,2024-03,Hampshire Constabulary,Hampshire Constabulary,-1.076952,51.281502,On or near Keats Close,E01034714,Basingstoke and Deane 007L,Violence and sexual offences,Unable to prosecute suspect,
234d53c98c978dd1fb7e461e63d841b31e46bfabcd95e56a7dc3468288d2c1fc,2024-03,Hampshire Constabulary,Hampshire Constabulary,-1.075265,51.281291,On or near Chineham Park Court,E01034714,Basingstoke and Deane 007L,Violence and sexual offences,Unable to prosecute suspect,
77f957e071c8829d8b7138ffd9bf7c113f6aea4e3aab617800ba4073a4bbb723,2024-03,Hampshire Constabulary,Hampshire Constabulary,-1.072830,51.282593,On or near Mauritius Close,E01034714,Basingstoke and Deane 007L,Violence and sexual offences,Unable to prosecute suspect,
6c548ba854695213275656a2431548587824065f707cc78750a14d573ea5f457,2024-03,Hampshire Constabulary,Hampshire Constabulary,-1.076346,51.283835,On or near Cayman Close,E01034714,Basingstoke and Deane 007L,Violence and sexual offences,Unable to prosecute suspect,
a1b386145f2ac6a3ca1b1459eae879a8296d1362595067f506bcb106fd4cfa14,2024-03,Hampshire Constabulary,Hampshire Constabulary,-1.073353,51.284378,On or near Maldive Road,E01034714,Basingstoke and Deane 007L,Violence and sexual offences,Unable to prosecute suspect,
70679be5c796e884573eee8c924689a006da82e4a222ba96c3e34db5fdb78506,2024-03,Hampshire Constabulary,Hampshire Constabulary,-1.075497,51.286121,On or near Pitcairn Close,E01034714,Basingstoke and Deane 007L,Violence and sexual offences,Unable to prosecute suspect,
,2024-03,Hampshire Constabulary,Hampshire Constabulary,-1.078683,51.281012,On or near Rossetti Close,E01034714,Basingstoke and Deane 007L,Anti-social behaviour,,
,2024-03,Hampshire Constabulary,Hampshire Constabulary,-1.078683,51.281012,On or near Rossetti Close,E01034714,Basingstoke and Deane 007L,Anti-social behaviour,,
2ef825122518a706138fc105f6c98a14db2406435473a6cb0f6ebebe0ab677e8,2024-03,Hampshire Constabulary,Hampshire Constabulary,-1.072830,51.282593,On or near Mauritius Close,E01034714,Basingstoke and Deane 007L,Other theft,Investigation complete; no suspect identified,
0a4425db520fa148554ac56a72f22b7d02d51accd73847faa589a01cd81bf9a5,2024-03,Hampshire Constabulary,Hampshire Constabulary,-1.076346,51.283835,On or near Cayman Close,E01034714,Basingstoke and Deane 007L,Public order,Unable to prosecute suspect,
de0e267185121d4c1002a1a4e38f417bb28ee4026a981b47ad5025fc1836e0e2,2024-03,Hampshire Constabulary,Hampshire Constabulary,-1.075265,51.281291,On or near Chineham Park Court,E01034714,Basingstoke and Deane 007L,Violence and sexual offences,Investigation complete; no suspect identified,
04996f3bba0860af53cd6bc0d09b2db96d6134e7450b4eebc10ff7b9338475a5,2024-03,Hampshire Constabulary,Hampshire Constabulary,-1.072830,51.282593,On or near Mauritius Close,E01034714,Basingstoke and Deane 007L,Violence and sexual offences,Investigation complete; no suspect identified,
ebb61b9eda540625573a72ba6a90ea7777b687d8e4e4514e5b585d2ffc7099cd,2024-03,Hampshire Constabulary,Hampshire Constabulary,-1.059493,51.278458,On or near Dewpond Walk,E01022470,Basingstoke and Deane 008A,Violence and sexual offences,Unable to prosecute suspect,
82c9d5820e97940a0ef1dd2075f1f9a15ae51ec7458a5f7cec5d70fd20afd8b4,2024-03,Hampshire Constabulary,Hampshire Constabulary,-1.057178,51.281623,On or near Daneshill Court,E01022470,Basingstoke and Deane 008A,Violence and sexual offences,Unable to prosecute suspect,
,2024-03,Hampshire Constabulary,Hampshire Constabulary,-1.065859,51.269949,On or near Cowdery Heights,E01022471,Basingstoke and Deane 008B,Anti-social behaviour,,
1a50e09be528d7ce8386264a832bc091378e6bf4bbbc0376a1c912b42bf13824,2024-03,Hampshire Constabulary,Hampshire Constabulary,-1.060297,51.274895,On or near Lambs Row,E01022471,Basingstoke and Deane 008B,Vehicle crime,Investigation complete; no suspect identified,
79fb5424740250a00f81efe4385b84a9776aa0207ed15ee5d03cd2ebdf069d81,2024-03,Hampshire Constabulary,Hampshire Constabulary,-1.058227,51.282171,On or near Binfields Close,E01022494,Basingstoke and Deane 008C,Burglary,Investigation complete; no suspect identified,
ad7723c14131886d05135b8c30b26fde3c4a36f96887772c895cbc6b037441c3,2024-03,Hampshire Constabulary,Hampshire Constabulary,-1.058227,51.282171,On or near Binfields Close,E01022494,Basingstoke and Deane 008C,Shoplifting,Investigation complete; no suspect identified,
8efbaa3766fcd243581bde2dab3975f11cc39981625a691bf5bd2eff62f73e72,2024-03,Hampshire Constabulary,Hampshire Constabulary,-1.058227,51.282171,On or near Binfields Close,E01022494,Basingstoke and Deane 008C,Shoplifting,Investigation complete; no suspect identified,
36ab0a3e880bd463ec7c338319095705443dcf23350bf780a0c8a9fef4114b2b,2024-03,Hampshire Constabulary,Hampshire Constabulary,-1.058227,51.282171,On or near Binfields Close,E01022494,Basingstoke and Deane 008C,Shoplifting,Court result unavailable,
8dbeb4903b31bb971e40f91de6b9ccfa3cb9c44680252fc69c64a733d39f3c5e,2024-03,Hampshire Constabulary,Hampshire Constabulary,-1.060275,51.288644,On or near Glade Close,E01022494,Basingstoke and Deane 008C,Violence and sexual offences,Investigation complete; no suspect identified,
25328d18f94ff6d1991407d49f5da928f901a2450583d498fc40607c3b852d7d,2024-03,Hampshire Constabulary,Hampshire Constabulary,-1.058255,51.290624,On or near Ashfield,E01022494,Basingstoke and Deane 008C,Violence and sexual offences,Unable to prosecute suspect,
56d3b3325ffbe63896690078819d3c423f7bebf1fc8233e9d4f789e2857af15a,2024-03,Hampshire Constabulary,Hampshire Constabulary,-1.058255,51.290624,On or near Ashfield,E01022494,Basingstoke and Deane 008C,Violence and sexual offences,Unable to prosecute suspect,
bd0f171e216737031697a343a08a3c0ded9b124af1df5080b837a825d9f719a8,2024-03,Hampshire Constabulary,Hampshire Constabulary,-1.058255,51.290624,On or near Ashfield,E01022494,Basingstoke and Deane 008C,Violence and sexual offences,Unable to prosecute suspect,
f6f99a68dc4fdbfac7017232b53aae159527c52d382d95b99761cbaab6fb16c6,2024-03,Hampshire Constabulary,Hampshire Constabulary,-1.058255,51.290624,On or near Ashfield,E01022494,Basingstoke and Deane 008C,Violence and sexual offences,Unable to prosecute suspect,
65a4801aa0b6848739c6dc1ba02bf1799c3f355312b3dac8ccc086b7157decb7,2024-03,Hampshire Constabulary,Hampshire Constabulary,-1.058227,51.282171,On or near Binfields Close,E01022494,Basingstoke and Deane 008C,Violence and sexual offences,Unable to prosecute suspect,
b389e4ffbf9d4d9f2a09ad92dcdaac150e3eafaee59584d8151bebf957efff7e,2024-03,Hampshire Constabulary,Hampshire Constabulary,-1.064947,51.285929,On or near Minden Close,E01022494,Basingstoke and Deane 008C,Violence and sexual offences,Unable to prosecute suspect,
,2024-03,Hampshire Constabulary,Hampshire Constabulary,-1.058227,51.282171,On or near Binfields Close,E01022494,Basingstoke and Deane 008C,Anti-social behaviour,,
,2024-03,Hampshire Constabulary,Hampshire Constabulary,-1.058227,51.282171,On or near Binfields Close,E01022494,Basingstoke and Deane 008C,Anti-social behaviour,,
5794f618e675e0e863afd54c7d349a81f2b9acbe139ad2b467ccc0974559fb02,2024-03,Hampshire Constabulary,Hampshire Constabulary,-1.063140,51.287372,On or near Upper Stroud Close,E01022494,Basingstoke and Deane 008C,Public order,Investigation complete; no suspect identified,
bfb479b1d107da8d3cd9d7b26f6f5bd8c8b984451e00a011663805c5702189fd,2024-03,Hampshire Constabulary,Hampshire Constabulary,-1.058227,51.282171,On or near Binfields Close,E01022494,Basingstoke and Deane 008C,Shoplifting,Investigation complete; no suspect identified,
a196e7eb52adf489a007cd4235f82dfb8b8efd624b299460ccea19bb8c391bf0,2024-03,Hampshire Constabulary,Hampshire Constabulary,-1.058227,51.282171,On or near Binfields Close,E01022494,Basingstoke and Deane 008C,Shoplifting,Investigation complete; no suspect identified,
b4122a3eced6eec326e6aefb982a595f5e584cd0967b3c40cd0868b930b1d8e3,2024-03,Hampshire Constabulary,Hampshire Constabulary,-1.058227,51.282171,On or near Binfields Close,E01022494,Basingstoke and Deane 008C,Shoplifting,Investigation complete; no suspect identified,
7fd6dbf40cf3fa6c2bc0d63c0474a1dae0aa3a5088c233ce8f7e911144bc0b39,2024-03,Hampshire Constabulary,Hampshire Constabulary,-1.058227,51.282171,On or near Binfields Close,E01022494,Basingstoke and Deane 008C,Shoplifting,Investigation complete; no suspect identified,
98bfc910b7c962e6b024844a533dc925b9bed08fcdc064a8f3239a8b7d29e3a8,2024-03,Hampshire Constabulary,Hampshire Constabulary,-1.057477,51.291517,On or near Kings Pightle,E01022494,Basingstoke and Deane 008C,Vehicle crime,Investigation complete; no suspect identified,
2c01f0737421eabae5b6f062426774c527f79840e4db161662435205d61c2da8,2024-03,Hampshire Constabulary,Hampshire Constabulary,-1.058227,51.282171,On or near Binfields Close,E01022494,Basingstoke and Deane 008C,Vehicle crime,Investigation complete; no suspect identified,
23d42c0c188cf82a89e662e1f146e219d414b160cd3bf99169c2f437258582b8,2024-03,Hampshire Constabulary,Hampshire Constabulary,-1.058227,51.282171,On or near Binfields Close,E01022494,Basingstoke and Deane 008C,Violence and sexual offences,Investigation complete; no suspect identified,
8a2d03d24465677172e8c3b3ce4981a9b105814669e683f2f2aeda3c03675bcb,2024-03,Hampshire Constabulary,Hampshire Constabulary,-1.058255,51.290624,On or near Ashfield,E01022494,Basingstoke and Deane 008C,Violence and sexual offences,Unable to prosecute suspect,
ea3ab6f89136183a2d759cb795e0b64d06676fb5c087459e9484e5c747c82052,2024-03,Hampshire Constabulary,Hampshire Constabulary,-1.058255,51.290624,On or near Ashfield,E01022494,Basingstoke and Deane 008C,Violence and sexual offences,Unable to prosecute suspect,
8e3a8e078b4ca1039589b0b9fecbcb1fc18c67ef9cc63b2aedd1d32663b38b0f,2024-03,Hampshire Constabulary,Hampshire Constabulary,-1.066740,51.273912,On or near Whitney Road,E01022523,Basingstoke and Deane 008D,Other theft,Investigation complete; no suspect identified,
7e8bf204c1b793dae3d9b557291e7650c7df2e678cc044a9648c78efb929a04f,2024-03,Hampshire Constabulary,Hampshire Constabulary,-1.078590,51.276344,On or near Coleman Close,E01022523,Basingstoke and Deane 008D,Public order,Unable to prosecute suspect,
6896bf980dbd3ae8437a0dc5a0022ba7d2e7773fb1ddc5b53872fe86c82d9db7,2024-03,Hampshire Constabulary,Hampshire Constabulary,-1.078590,51.276344,On or near Coleman Close,E01022523,Basingstoke and Deane 008D,Violence and sexual offences,Unable to prosecute suspect,
72d9fe83748a33634071038fec36e42d76f19c8e36bec52920ad38f803c843bb,2024-03,Hampshire Constabulary,Hampshire Constabulary,-1.075700,51.274613,On or near Taverner Close,E01022523,Basingstoke and Deane 008D,Violence and sexual offences,Unable to prosecute suspect,
c088181325869604d2702d1b62d389fc4f30932655d49e7b3fd2b6e8a5482d76,2024-03,Hampshire Constabulary,Hampshire Constabulary,-1.074197,51.273036,On or near Bedstone Road,E01022523,Basingstoke and Deane 008D,Violence and sexual offences,Unable to prosecute suspect,
6956669e0c063a37d58f43a0cb1a0a30575462551ea1d9e71fd461a37c4ba629,2024-03,Hampshire Constabulary,Hampshire Constabulary,-1.074197,51.273036,On or near Bedstone Road,E01022523,Basingstoke and Deane 008D,Violence and sexual offences,Local resolution,
a665c4bbb6e706a5d76a0a22f07e86559b978e6b139d15c646469a01a6668f90,2024-03,Hampshire Constabulary,Hampshire Constabulary,-1.075700,51.274613,On or near Taverner Close,E01022523,Basingstoke and Deane 008D,Violence and sexual offences,Court result unavailable,
64b0de0b61a1e9bee6e73bf3c2466b2533efddbf050a41be27f64cfe07d430d7,2024-03,Hampshire Constabulary,Hampshire Constabulary,-1.073531,51.274083,On or near Spindle Close,E01022523,Basingstoke and Deane 008D,Violence and sexual offences,Unable to prosecute suspect,
47cf36f3448acbef0cee88882b851c47023d64c986cc9e59e8feb321892cc2eb,2024-03,Hampshire Constabulary,Hampshire Constabulary,-1.076768,51.272832,On or near Silvester Close,E01022523,Basingstoke and Deane 008D,Violence and sexual offences,Unable to prosecute suspect,
9ea1cd8623ef21ab3fe80ed209faeed7c959608dacc6ca105574b83d28860fb4,2024-03,Hampshire Constabulary,Hampshire Constabulary,-1.076318,51.273817,On or near Westray Close,E01022523,Basingstoke and Deane 008D,Violence and sexual offences,Unable to prosecute suspect,
0c7eee2b8e7039bccd478bd2843fb3700337dd9ca9c0a6002516262d05ff09d1,2024-03,Hampshire Constabulary,Hampshire Constabulary,-1.077235,51.274544,On or near Bennet Close,E01022523,Basingstoke and Deane 008D,Violence and sexual offences,Unable to prosecute suspect,
c85570f34aa3802a9c386b46b28fc219464223384d4f99aa72c896b1cbfa4b36,2024-03,Hampshire Constabulary,Hampshire Constabulary,-1.074563,51.275521,On or near Freemantle Close,E01022523,Basingstoke and Deane 008D,Other crime,Unable to prosecute suspect,
,2024-03,Hampshire Constabulary,Hampshire Constabulary,-1.076708,51.275781,On or near Martin Close,E01022523,Basingstoke and Deane 008D,Anti-social behaviour,,
,2024-03,Hampshire Constabulary,Hampshire Constabulary,-1.066740,51.273912,On or near Whitney Road,E01022523,Basingstoke and Deane 008D,Anti-social behaviour,,
,2024-03,Hampshire Constabulary,Hampshire Constabulary,-1.068536,51.273001,On or near Bell Road,E01022523,Basingstoke and Deane 008D,Anti-social behaviour,,
,2024-03,Hampshire Constabulary,Hampshire Constabulary,-1.073531,51.274083,On or near Spindle Close,E01022523,Basingstoke and Deane 008D,Anti-social behaviour,,
d1356bc533a645d27d0636400a2846114b0faa10d1040ab2f8bf95bd94a15986,2024-03,Hampshire Constabulary,Hampshire Constabulary,-1.076768,51.272832,On or near Silvester Close,E01022523,Basingstoke and Deane 008D,Burglary,Status update unavailable,
f9dae666b44f396a611aa4f7eadba7e7581b8bf0bd3f784c8049282c952d2153,2024-03,Hampshire Constabulary,Hampshire Constabulary,-1.076708,51.275781,On or near Martin Close,E01022523,Basingstoke and Deane 008D,Criminal damage and arson,Investigation complete; no suspect identified,
875deeeb0159dc5b7ee9ab79f4ec308a7dcd2623f9b0f0fd9dbcbf685730cdf9,2024-03,Hampshire Constabulary,Hampshire Constabulary,-1.077235,51.274544,On or near Bennet Close,E01022523,Basingstoke and Deane 008D,Other theft,Investigation complete; no suspect identified,
ca297d01c04e21d3d43d22104f1c45c459869ff32e5398790e5d16a19bda38ef,2024-03,Hampshire Constabulary,Hampshire Constabulary,-1.078590,51.276344,On or near Coleman Close,E01022523,Basingstoke and Deane 008D,Public order,Unable to prosecute suspect,
1ace0755cdfb1b2ad0378aa7bd418ecbe4bf309f64c089d0228c262cd631b566,2024-03,Hampshire Constabulary,Hampshire Constabulary,-1.076318,51.273817,On or near Westray Close,E01022523,Basingstoke and Deane 008D,Violence and sexual offences,Unable to prosecute suspect,
2397d4654aabf79844589b65aca66af9c3315f1602ef861dd72e1a8dfce9ec03,2024-03,Hampshire Constabulary,Hampshire Constabulary,-1.076768,51.272832,On or near Silvester Close,E01022523,Basingstoke and Deane 008D,Violence and sexual offences,Unable to prosecute suspect,
203c4fe10065d17ef085e05f3654673b399ec12d8e4c44f1cc40175353e9e1d2,2024-03,Hampshire Constabulary,Hampshire Constabulary,-1.077235,51.274544,On or near Bennet Close,E01022523,Basingstoke and Deane 008D,Violence and sexual offences,Status update unavailable,
d5f7723111d2781ffa84273c62cd36667c7727e19310c3234152db646a250201,2024-03,Hampshire Constabulary,Hampshire Constabulary,-1.080084,51.276877,On or near Len Smart Court,E01022524,Basingstoke and Deane 009A,Criminal damage and arson,Unable to prosecute suspect,
cfd73410b9e1c8649a905470e8c16f5115147bb926b581b20342b1920696c1e1,2024-03,Hampshire Constabulary,Hampshire Constabulary,-1.083176,51.276416,On or near Jefferson Road,E01022524,Basingstoke and Deane 009A,Drugs,Local resolution,
a1723db5370412524e9e3eea49c725929fa66fed41f089e712f9b0ac562dcd55,2024-03,Hampshire Constabulary,Hampshire Constabulary,-1.079891,51.275788,On or near Vivian Road,E01022524,Basingstoke and Deane 009A,Violence and sexual offences,Unable to prosecute suspect,
1577cba9aaa456fb570c6ae137b8f0f614202361a94e54915af8c5e9d1f8548c,2024-03,Hampshire Constabulary,Hampshire Constabulary,-1.086402,51.276414,On or near Normanton Road,E01022524,Basingstoke and Deane 009A,Violence and sexual offences,Local resolution,
53ad235048dc6f7ee10dded119e57932ba55d98dbe3fc3a1b1b10dd53563adb3,2024-03,Hampshire Constabulary,Hampshire Constabulary,-1.080084,51.276877,On or near Len Smart Court,E01022524,Basingstoke and Deane 009A,Violence and sexual offences,Unable to prosecute suspect,
f67fe9838ed10d72418ed6fd8627d4a4a1ef0e6a4c88c4ea976366cbffdd6c2e,2024-03,Hampshire Constabulary,Hampshire Constabulary,-1.080084,51.276877,On or near Len Smart Court,E01022524,Basingstoke and Deane 009A,Violence and sexual offences,Action to be taken by another organisation,
547f0614ddf9643c2f72da0c0fd12fde65fc341d130f248ebd92f67d722945f1,2024-03,Hampshire Constabulary,Hampshire Constabulary,-1.081530,51.276997,On or near Aspen Way,E01022524,Basingstoke and Deane 009A,Violence and sexual offences,Offender given a caution,
084e4cb7fea2c0c08eaf9540def484b0761b6924231eaae1ce4648252f5404fb,2024-03,Hampshire Constabulary,Hampshire Constabulary,-1.080084,51.276877,On or near Len Smart Court,E01022524,Basingstoke and Deane 009A,Violence and sexual offences,Unable to prosecute suspect,
3ba9829c4b195bc73611ebeeca7e3a0c01cd17a674a4fb4934f96879352c70ae,2024-03,Hampshire Constabulary,Hampshire Constabulary,-1.080084,51.276877,On or near Len Smart Court,E01022524,Basingstoke and Deane 009A,Violence and sexual offences,Unable to prosecute suspect,
4c801ead564065f4d8aa319075ebf6ee442ccd52ba48dfc075640b77470b7728,2024-03,Hampshire Constabulary,Hampshire Constabulary,-1.080772,51.278340,On or near Cherry Tree Walk,E01022524,Basingstoke and Deane 009A,Violence and sexual offences,Unable to prosecute suspect,
,2024-03,Hampshire Constabulary,Hampshire Constabulary,-1.080645,51.276064,On or near Walnut Way,E01022524,Basingstoke and Deane 009A,Anti-social behaviour,,
,2024-03,Hampshire Constabulary,Hampshire Constabulary,-1.079891,51.275788,On or near Vivian Road,E01022524,Basingstoke and Deane 009A,Anti-social behaviour,,
5204dfe3c7452542e1cbafa029380f7cbcbf4601b6ae24d2acbf58f287410711,2024-03,Hampshire Constabulary,Hampshire Constabulary,-1.081530,51.276997,On or near Aspen Way,E01022524,Basingstoke and Deane 009A,Other theft,Investigation complete; no suspect identified,
80f00aeec01bf1af4702d4350dac1b0156cf5c20c448026d02c82edba8258229,2024-03,Hampshire Constabulary,Hampshire Constabulary,-1.084291,51.277279,On or near Mullins Close,E01022524,Basingstoke and Deane 009A,Public order,Investigation complete; no suspect identified,
98a4d5b0d72fc9ba417f14f9f922dae9158644f91300e07fc84d81c4dfdaece5,2024-03,Hampshire Constabulary,Hampshire Constabulary,-1.080830,51.276847,On or near Pear Tree Way,E01022524,Basingstoke and Deane 009A,Violence and sexual offences,Unable to prosecute suspect,
94dcaeaa47b8d569e35714863782c770b308acb10f38d6c4efcfc5f5db5da991,2024-03,Hampshire Constabulary,Hampshire Constabulary,-1.080830,51.276847,On or near Pear Tree Way,E01022524,Basingstoke and Deane 009A,Violence and sexual offences,Unable to prosecute suspect,
213a5dca99657bf4a23b375c0756fb09114b2337952f24d20602fac8aed69cb3,2024-03,Hampshire Constabulary,Hampshire Constabulary,-1.080084,51.276877,On or near Len Smart Court,E01022524,Basingstoke and Deane 009A,Violence and sexual offences,Unable to prosecute suspect,
91f88c4876f49e15e08848d2b118f248a25200196cfff07e6b1668dc83c4345e,2024-03,Hampshire Constabulary,Hampshire Constabulary,-1.086981,51.278289,On or near Lansley Road,E01022525,Basingstoke and Deane 009B,Criminal damage and arson,Unable to prosecute suspect,
80ac64605e2f9f8d688c4766aaed48a347c0de69bdc02e393730d2ff2854a003,2024-03,Hampshire Constabulary,Hampshire Constabulary,-1.089214,51.274854,On or near Sutton Road,E01022525,Basingstoke and Deane 009B,Vehicle crime,Unable to prosecute suspect,
3544b5c58b8043439b8dee057e9122b66407fc6bce9b295dfb5d71a80d947e59,2024-03,Hampshire Constabulary,Hampshire Constabulary,-1.089214,51.274854,On or near Sutton Road,E01022525,Basingstoke and Deane 009B,Vehicle crime,Unable to prosecute suspect,
770c54f6afbff7d301d0bb7e540fa83413777d91fd5b93f6d8fe009012f16bc3,2024-03,Hampshire Constabulary,Hampshire Constabulary,-1.092527,51.276228,On or near Upton Crescent,E01022525,Basingstoke and Deane 009B,Violence and sexual offences,Unable to prosecute suspect,
f5477ad9d371290ef89a3a37424bfb37afbb5d1a1f7b1bf3243d800797d30212,2024-03,Hampshire Constabulary,Hampshire Constabulary,-1.092527,51.276228,On or near Upton Crescent,E01022525,Basingstoke and Deane 009B,Violence and sexual offences,Unable to prosecute suspect,
7a66dcfacca09157b5c9fdb658e7c25ccad91d5f2a0cee7645a016dd2c2b9d32,2024-03,Hampshire Constabulary,Hampshire Constabulary,-1.088751,51.277242,On or near Oakridge Road,E01022525,Basingstoke and Deane 009B,Violence and sexual offences,Unable to prosecute suspect,
083db1ad8a5e881fad177a14fe10571c2c6b4b31d386fd416cafd1d48662f6f8,2024-03,Hampshire Constabulary,Hampshire Constabulary,-1.089214,51.274854,On or near Sutton Road,E01022525,Basingstoke and Deane 009B,Violence and sexual offences,Action to be taken by another organisation,
,2024-03,Hampshire Constabulary,Hampshire Constabulary,-1.086981,51.278289,On or near Lansley Road,E01022525,Basingstoke and Deane 009B,Anti-social behaviour,,
,2024-03,Hampshire Constabulary,Hampshire Constabulary,-1.091114,51.272261,On or near Richmond Road,E01022525,Basingstoke and Deane 009B,Anti-social behaviour,,
1d40108992aa1a253623b1fdd65216b409fff81ec346ff35ec9cc667caa30802,2024-03,Hampshire Constabulary,Hampshire Constabulary,-1.090380,51.275303,On or near Maple Crescent,E01022525,Basingstoke and Deane 009B,Vehicle crime,Investigation complete; no suspect identified,
fb19a5eadcbd8a90f5085f65057d3d3e9c280a3a6ee33260617555d87cec936d,2024-03,Hampshire Constabulary,Hampshire Constabulary,-1.088751,51.277242,On or near Oakridge Road,E01022525,Basingstoke and Deane 009B,Violence and sexual offences,Unable to prosecute suspect,
944e2fe07112b44cb7455aa2f144cc5e42afa134296c3a7f847ed4b513f9895f,2024-03,Hampshire Constabulary,Hampshire Constabulary,-1.088424,51.276340,On or near Scotney Road,E01022525,Basingstoke and Deane 009B,Violence and sexual offences,Unable to prosecute suspect,
94cba1ce3cfb132f97c495781159c0cf9937c9ae6e054070ed87c9b6cbb7cd3e,2024-03,Hampshire Constabulary,Hampshire Constabulary,-1.086883,51.278145,On or near Hailstone Road,E01022525,Basingstoke and Deane 009B,Violence and sexual offences,Unable to prosecute suspect,
3c8932dade7ace0e65f5fb659f75586971055799915710892c34119182449399,2024-03,Hampshire Constabulary,Hampshire Constabulary,-1.091678,51.277849,On or near Stratfield Road,E01022525,Basingstoke and Deane 009B,Violence and sexual offences,Status update unavailable,
ced6b0bb9948855e0417f240d2dbde4b13c892f3b5fe10828b0f10b70d0ddc9d,2024-03,Hampshire Constabulary,Hampshire Constabulary,-1.089214,51.274854,On or near Sutton Road,E01022525,Basingstoke and Deane 009B,Violence and sexual offences,Status update unavailable,
fe92a9eb3e1f248863d37ee55dafd6edbf7995631d634998fbb1ef8b70c1787f,2024-03,Hampshire Constabulary,Hampshire Constabulary,-1.088497,51.270505,On or near Soper Grove,E01022527,Basingstoke and Deane 009D,Public order,Unable to prosecute suspect,
8fcaf4e1e4673181751a8e443e0542b3e14ef22d0ded8ab24ac907719027c39e,2024-03,Hampshire Constabulary,Hampshire Constabulary,-1.088497,51.270505,On or near Soper Grove,E01022527,Basingstoke and Deane 009D,Shoplifting,Investigation complete; no suspect identified,
9fe258cdfde6bd535e10521a2866c25633891f51699506ea4ab980138253c49d,2024-03,Hampshire Constabulary,Hampshire Constabulary,-1.088497,51.270505,On or near Soper Grove,E01022527,Basingstoke and Deane 009D,Shoplifting,Court result unavailable,
a774d31a2628e6c4c2c25510f840caa5d2c95988c8233b93c8dab7440a988281,2024-03,Hampshire Constabulary,Hampshire Constabulary,-1.088497,51.270505,On or near Soper Grove,E01022527,Basingstoke and Deane 009D,Violence and sexual offences,Unable to prosecute suspect,
cb626b3cd621cd78d6c68e9224d4487b8a3d6f8e98b4d906619e5a0567ddb6ad,2024-03,Hampshire Constabulary,Hampshire Constabulary,-1.081246,51.271824,On or near Warton Road,E01022527,Basingstoke and Deane 009D,Violence and sexual offences,Unable to prosecute suspect,
6346ce98e01280cad552f72f30e0b250ce6536f067473815c741b2e2cc1b1f74,2024-03,Hampshire Constabulary,Hampshire Constabulary,-1.085543,51.271282,On or near Lyford Road,E01022527,Basingstoke and Deane 009D,Violence and sexual offences,Unable to prosecute suspect,
0422766fc2df07d398e1423557828e90b237ef1d64a27f8ec2db5069729a3cca,2024-03,Hampshire Constabulary,Hampshire Constabulary,-1.086313,51.272934,On or near Gower Close,E01022527,Basingstoke and Deane 009D,Violence and sexual offences,Unable to prosecute suspect,
,2024-03,Hampshire Constabulary,Hampshire Constabulary,-1.089332,51.271051,On or near Weale Court,E01022527,Basingstoke and Deane 009D,Anti-social behaviour,,
86a9650926ed155d271ca61a7e66c749d5089eec06f66222db6be95f22dac729,2024-03,Hampshire Constabulary,Hampshire Constabulary,-1.080782,51.273502,On or near Baynard Close,E01022527,Basingstoke and Deane 009D,Burglary,Unable to prosecute suspect,
3c890e37c14fe16f374d83e83008e54a38a9db0cd18f8e76e35f036faac12eda,2024-03,Hampshire Constabulary,Hampshire Constabulary,-1.080782,51.273502,On or near Baynard Close,E01022527,Basingstoke and Deane 009D,Public order,Status update unavailable,
424def3e31b8f83b838d4f5b6f1da887586cc13e513ac7d52e3b3803c94dbdbe,2024-03,Hampshire Constabulary,Hampshire Constabulary,-1.088497,51.270505,On or near Soper Grove,E01022527,Basingstoke and Deane 009D,Shoplifting,Investigation complete; no suspect identified,
882d24a4e5d882063deeba4cf1b7611b9254ee3abee0cf91ffab0e83d9c9f1cc,2024-03,Hampshire Constabulary,Hampshire Constabulary,-1.085394,51.272990,On or near Marshall Gardens,E01022527,Basingstoke and Deane 009D,Violence and sexual offences,Unable to prosecute suspect,
0dc757779d24cd93b6e4899c7988c3436d9c89e4819945b95cdcb7ebf3c8bc4a,2024-03,Hampshire Constabulary,Hampshire Constabulary,-1.097674,51.274730,On or near Osborne Close,E01034715,Basingstoke and Deane 009E,Criminal damage and arson,Investigation complete; no suspect identified,
b1c929c4756a24e5b974764385067a8950f0bd0971b114d7339ab103c02d01b9,2024-03,Hampshire Constabulary,Hampshire Constabulary,-1.099436,51.274834,On or near Millard Close,E01034715,Basingstoke and Deane 009E,Other theft,Unable to prosecute suspect,
8924664dbcd3f1a8c963da322438eece3a66618d8cf36ff56f782384e3f4d8ec,2024-03,Hampshire Constabulary,Hampshire Constabulary,-1.097674,51.274730,On or near Osborne Close,E01034715,Basingstoke and Deane 009E,Public order,Investigation complete; no suspect identified,
e1fe468004024eae9ebe86e9e41d80266d97344e03c35e0da02dfe6928548e86,2024-03,Hampshire Constabulary,Hampshire Constabulary,-1.097674,51.274730,On or near Osborne Close,E01034715,Basingstoke and Deane 009E,Shoplifting,Court result unavailable,
f852320dd99aaecb2c67fbb2feac0ba2befbebdeb3215c60ae293b4d997170b8,2024-03,Hampshire Constabulary,Hampshire Constabulary,-1.097674,51.274730,On or near Osborne Close,E01034715,Basingstoke and Deane 009E,Shoplifting,Court result unavailable,
6b5a59304a9a16acbe0147ecba270d7aa7ec3806ef56ee2f50184039aa371b30,2024-03,Hampshire Constabulary,Hampshire Constabulary,-1.097674,51.274730,On or near Osborne Close,E01034715,Basingstoke and Deane 009E,Shoplifting,Court result unavailable,
87ac4db4c391106890bd016d4943dd8387923889fedd494fd6e945e5a26fcf32,2024-03,Hampshire Constabulary,Hampshire Constabulary,-1.097674,51.274730,On or near Osborne Close,E01034715,Basingstoke and Deane 009E,Shoplifting,Court result unavailable,
4f062c4436e78e638c2aeaa84a25e22361a5d2aa10095a1a280b9a63ebb31701,2024-03,Hampshire Constabulary,Hampshire Constabulary,-1.097674,51.274730,On or near Osborne Close,E01034715,Basingstoke and Deane 009E,Shoplifting,Court result unavailable,
f5ec84155d55585b437a8527afe910a555fae7ba5e3371ff2c1c98d9758424a7,2024-03,Hampshire Constabulary,Hampshire Constabulary,-1.098506,51.270340,On or near Braddock Court,E01034715,Basingstoke and Deane 009E,Vehicle crime,Investigation complete; no suspect identified,
89b58702f4b95e1dc2d129a5a81912e0474b74195f8e6783fa006562d2420ca2,2024-03,Hampshire Constabulary,Hampshire Constabulary,-1.097261,51.273127,On or near Hillary Road,E01034715,Basingstoke and Deane 009E,Violence and sexual offences,Unable to prosecute suspect,
9cd50dcea6e0419858ae66153f7410cf2f9a44bd570f73b55b5838fc893d9ba8,2024-03,Hampshire Constabulary,Hampshire Constabulary,-1.097261,51.273127,On or near Hillary Road,E01034715,Basingstoke and Deane 009E,Violence and sexual offences,Unable to prosecute suspect,
,2024-03,Hampshire Constabulary,Hampshire Constabulary,-1.098506,51.270340,On or near Braddock Court,E01034715,Basingstoke and Deane 009E,Anti-social behaviour,,
eb7529c704ff30d381ed579602a1e39c8b185955902b08300bdde5d519a53ff8,2024-03,Hampshire Constabulary,Hampshire Constabulary,-1.103892,51.272719,On or near Knights Park Road,E01034715,Basingstoke and Deane 009E,Burglary,Investigation complete; no suspect identified,
98f87e892056b58550d0e9ceed40924616362a80a386639f17884fc62b97665c,2024-03,Hampshire Constabulary,Hampshire Constabulary,-1.103892,51.272719,On or near Knights Park Road,E01034715,Basingstoke and Deane 009E,Burglary,Investigation complete; no suspect identified,
ff3eb65504660667d9174db28a9c56204b1ed53529281a87200c3fb3ec744481,2024-03,Hampshire Constabulary,Hampshire Constabulary,-1.098506,51.270340,On or near Braddock Court,E01034715,Basingstoke and Deane 009E,Criminal damage and arson,Investigation complete; no suspect identified,
dfd2305561f69fe4a9df6e082fd7fae1dab635fc98e34ef1404b07a1e574053c,2024-03,Hampshire Constabulary,Hampshire Constabulary,-1.097674,51.274730,On or near Osborne Close,E01034715,Basingstoke and Deane 009E,Shoplifting,Investigation complete; no suspect identified,
bf855240bae95858ede472c096b8226f01e9da60ea48113cbbd57f20230fc42f,2024-03,Hampshire Constabulary,Hampshire Constabulary,-1.097261,51.273127,On or near Hillary Road,E01034715,Basingstoke and Deane 009E,Violence and sexual offences,Unable to prosecute suspect,
0734f929847af0b31111d4a72a4440e7659adae3654e22792613831b2b390e69,2024-03,Hampshire Constabulary,Hampshire Constabulary,-1.098506,51.270340,On or near Braddock Court,E01034715,Basingstoke and Deane 009E,Violence and sexual offences,Status update unavailable,
86a16ee31b7a3fa459e6f368cc24f2745f804333ed01cbff930e174499273bf9,2024-03,Hampshire Constabulary,Hampshire Constabulary,-1.097261,51.273127,On or near Hillary Road,E01034715,Basingstoke and Deane 009E,Violence and sexual offences,Status update unavailable,
ea2c04bdc8536900269c35126114615e5a8444a49a92c5eb247ae8ec77de17c7,2024-03,Hampshire Constabulary,Hampshire Constabulary,-1.094849,51.268936,On or near Simpson Road,E01034716,Basingstoke and Deane 009F,Other crime,Unable to prosecute suspect,
,2024-03,Hampshire Constabulary,Hampshire Constabulary,-1.087432,51.268545,On or near Basingstoke,E01034716,Basingstoke and Deane 009F,Anti-social behaviour,,
,2024-03,Hampshire Constabulary,Hampshire Constabulary,-1.087432,51.268545,On or near Basingstoke,E01034716,Basingstoke and Deane 009F,Anti-social behaviour,,
,2024-03,Hampshire Constabulary,Hampshire Constabulary,-1.090635,51.268930,On or near Chapel Hill,E01034716,Basingstoke and Deane 009F,Anti-social behaviour,,
,2024-03,Hampshire Constabulary,Hampshire Constabulary,-1.091131,51.271425,On or near Cromwell Road,E01034716,Basingstoke and Deane 009F,Anti-social behaviour,,
2bb67e61829ed77455854caab774801094243a84b24325685ae2809154d68246,2024-03,Hampshire Constabulary,Hampshire Constabulary,-1.091052,51.268852,On or near Dextra Court,E01034716,Basingstoke and Deane 009F,Bicycle theft,Investigation complete; no suspect identified,
6da48b798906ae88db20f45d71d85c52c3c752671afb259ef2513443771bcfd7,2024-03,Hampshire Constabulary,Hampshire Constabulary,-1.091052,51.268852,On or near Dextra Court,E01034716,Basingstoke and Deane 009F,Criminal damage and arson,Investigation complete; no suspect identified,
bfe05500066f6a2373188cef08a0bdc2d072cea213f3e2cfe0e55c22f83018ee,2024-03,Hampshire Constabulary,Hampshire Constabulary,-1.087432,51.268545,On or near Basingstoke,E01034716,Basingstoke and Deane 009F,Public order,Investigation complete; no suspect identified,
3c9153a6d28a68c86e86ed78a17b5d99b76be20ffaf8a8173c43236f261fe1bc,2024-03,Hampshire Constabulary,Hampshire Constabulary,-1.088049,51.269980,On or near Phoenix Park Terrace,E01034716,Basingstoke and Deane 009F,Vehicle crime,Status update unavailable,
21d4e01b600a603cc76a942ac55f2102891f775e6e503e5a2e8904990f5ea80f,2024-03,Hampshire Constabulary,Hampshire Constabulary,-1.087432,51.268545,On or near Basingstoke,E01034716,Basingstoke and Deane 009F,Violence and sexual offences,Investigation complete; no suspect identified,
aef74bc2df61be64989f85da8ed1356b55e56316d18c44b29aac99930006ae5d,2024-03,Hampshire Constabulary,Hampshire Constabulary,-1.098645,51.268326,On or near Parking Area,E01034716,Basingstoke and Deane 009F,Violence and sexual offences,Status update unavailable,
2dda522a33caeac26b1b34cd59a933c14223f0c87a5351bb0788cf06243c400c,2024-03,Hampshire Constabulary,Hampshire Constabulary,-1.094923,51.269584,On or near John Liddell Way,E01034716,Basingstoke and Deane 009F,Violence and sexual offences,Unable to prosecute suspect,
1b5b1d0a62657b795aa6695b13d782d834065c3e2c606d9e25620067feda15e5,2024-03,Hampshire Constabulary,Hampshire Constabulary,-1.098645,51.268326,On or near Parking Area,E01034716,Basingstoke and Deane 009F,Violence and sexual offences,Status update unavailable,
073ae67853c3079dd79b1c38240f01b947533516b59ca386bd337e0a761d4be8,2024-03,Hampshire Constabulary,Hampshire Constabulary,-1.087432,51.268545,On or near Basingstoke,E01034716,Basingstoke and Deane 009F,Violence and sexual offences,Status update unavailable,
4ba9c26a387e5f9f3a79d0919bed2c7786213e9e87e87a565cfeb0b554e2e10c,2024-03,Hampshire Constabulary,Hampshire Constabulary,-1.131316,51.268133,On or near Westgate Close,E01022566,Basingstoke and Deane 010B,Burglary,Investigation complete; no suspect identified,
6c1b38f00764276c0cd33b1d1b783f26c84a606498baecdfc9110aec66ba9db4,2024-03,Hampshire Constabulary,Hampshire Constabulary,-1.127409,51.270864,On or near Pendennis Close,E01022566,Basingstoke and Deane 010B,Violence and sexual offences,Unable to prosecute suspect,
72ea6bfda65c1cf5968ba8915502dfe6f9de5f2c934b9228afd241461540ca9e,2024-03,Hampshire Constabulary,Hampshire Constabulary,-1.124618,51.272138,On or near Blackthorn Way,E01022566,Basingstoke and Deane 010B,Violence and sexual offences,Unable to prosecute suspect,
a69b7dd3ea93fe381799d1f22a277ca1c6d147a42ba014d00ea68281e7a9958a,2024-03,Hampshire Constabulary,Hampshire Constabulary,-1.126931,51.273369,On or near Firs Way,E01022566,Basingstoke and Deane 010B,Violence and sexual offences,Action to be taken by another organisation,
64894770349cf06dda30deb8416eed52b3a125588b0fb3b7ff85cb951c019e36,2024-03,Hampshire Constabulary,Hampshire Constabulary,-1.115887,51.274420,On or near Ashwood Way,E01022567,Basingstoke and Deane 010C,Criminal damage and arson,Investigation complete; no suspect identified,
cf6efcef998381e63428661615d150159ed66fc8e48d76519386690d1a5cf164,2024-03,Hampshire Constabulary,Hampshire Constabulary,-1.112664,51.269809,On or near Wilmot Way,E01022567,Basingstoke and Deane 010C,Other theft,Unable to prosecute suspect,
786e5dc55f42aaa735c94c601c446254b8f96a2582336484ad120bb49751f907,2024-03,Hampshire Constabulary,Hampshire Constabulary,-1.115287,51.275072,On or near Hazelwood Close,E01022567,Basingstoke and Deane 010C,Public order,Further investigation is not in the public interest,
e24bb588cd593d15fdaf6c74488eb0d66ce805626dd943b2e1675fec2b981841,2024-03,Hampshire Constabulary,Hampshire Constabulary,-1.113273,51.273309,On or near Supermarket,E01022567,Basingstoke and Deane 010C,Theft from the person,Investigation complete; no suspect identified,
cb5b4e987c75b92f7a38469245e38b32ede600be8fa3ddd6abb1db47895a5344,2024-03,Hampshire Constabulary,Hampshire Constabulary,-1.112664,51.269809,On or near Wilmot Way,E01022567,Basingstoke and Deane 010C,Vehicle crime,Unable to prosecute suspect,
3ac2a950ed740e1323ae8116a0c639e685088362cc53a8f6ace11a0a26905291,2024-03,Hampshire Constabulary,Hampshire Constabulary,-1.115287,51.275072,On or near Hazelwood Close,E01022567,Basingstoke and Deane 010C,Violence and sexual offences,Action to be taken by another organisation,
65edf41b13daa8969c3a84724e43d591cc258cd335ff49ec038e9b7b41a6176f,2024-03,Hampshire Constabulary,Hampshire Constabulary,-1.115287,51.275072,On or near Hazelwood Close,E01022567,Basingstoke and Deane 010C,Drugs,Status update unavailable,
16542a4ad872543427c3a1a15bab7c5eacb3ed615c5b00c70f85e4dcc7c35b73,2024-03,Hampshire Constabulary,Hampshire Constabulary,-1.114214,51.272707,On or near Watson Way,E01022567,Basingstoke and Deane 010C,Other theft,Investigation complete; no suspect identified,
db32bfa66974d1b3fc0ae22ec9b706642ddf164de30096683a08f8d9c8db3bbf,2024-03,Hampshire Constabulary,Hampshire Constabulary,-1.114214,51.272707,On or near Watson Way,E01022567,Basingstoke and Deane 010C,Public order,Investigation complete; no suspect identified,
72acd5a8ed79cc52ceadd32dfdb93848c4fda108ff97a8676769d0d117d9fba7,2024-03,Hampshire Constabulary,Hampshire Constabulary,-1.115287,51.275072,On or near Hazelwood Close,E01022567,Basingstoke and Deane 010C,Violence and sexual offences,Status update unavailable,
47c2025f92aebfa47c04cec930e2176c2fb372318dd4c38f44099d362c51e899,2024-03,Hampshire Constabulary,Hampshire Constabulary,-1.115287,51.275072,On or near Hazelwood Close,E01022567,Basingstoke and Deane 010C,Violence and sexual offences,Unable to prosecute suspect,
1aa4d0350575b6a80ee84669587ac056e184d3e21078c1b7a631ff874ed7e918,2024-03,Hampshire Constabulary,Hampshire Constabulary,-1.114214,51.272707,On or near Watson Way,E01022567,Basingstoke and Deane 010C,Violence and sexual offences,Investigation complete; no suspect identified,
07565496243ca6edf382156673c71d8d781b64d4a540fb169ef7f5b988eb850d,2024-03,Hampshire Constabulary,Hampshire Constabulary,-1.121789,51.267109,On or near Harlech Close,E01022568,Basingstoke and Deane 010D,Drugs,Offender given a caution,
409c87cbd74cfbf07d93f1a975801df5feb8eedfa5d7f149474a3c30cc226090,2024-03,Hampshire Constabulary,Hampshire Constabulary,-1.124933,51.267627,On or near Parking Area,E01022568,Basingstoke and Deane 010D,Violence and sexual offences,Investigation complete; no suspect identified,
0223aaa159b43e786a13d44d386c76f94da600a3aa5e433b679acd1d300b7726,2024-03,Hampshire Constabulary,Hampshire Constabulary,-1.124933,51.267627,On or near Parking Area,E01022568,Basingstoke and Deane 010D,Violence and sexual offences,Unable to prosecute suspect,
0c7c34abb9f4f87bd03e69fe25e52ef3b44a4ea418f46277ed6f3765a30d60d8,2024-03,Hampshire Constabulary,Hampshire Constabulary,-1.120318,51.269076,On or near Warwick Road,E01022568,Basingstoke and Deane 010D,Violence and sexual offences,Formal action is not in the public interest,
824c7682d4119d3dcbe6e1d364ec1245f8484a608b5d786ab3488b9e24e05bcc,2024-03,Hampshire Constabulary,Hampshire Constabulary,-1.120318,51.269076,On or near Warwick Road,E01022568,Basingstoke and Deane 010D,Violence and sexual offences,Offender given a caution,
d032688a80d2632d98b3cf3c60cea6a5554d275d8609eb0082e12edc99ad399b,2024-03,Hampshire Constabulary,Hampshire Constabulary,-1.120318,51.269076,On or near Warwick Road,E01022568,Basingstoke and Deane 010D,Violence and sexual offences,Unable to prosecute suspect,
4c12b87b227f495658c2094d4af48a5ede1e93186e829a023111701400399667,2024-03,Hampshire Constabulary,Hampshire Constabulary,-1.117471,51.269576,On or near Willoughby Way,E01022568,Basingstoke and Deane 010D,Violence and sexual offences,Unable to prosecute suspect,
1c12c3b4b1da88ea0e2e86ad552e8b1f10f760cc1586d9d06fed5b34356c69be,2024-03,Hampshire Constabulary,Hampshire Constabulary,-1.117471,51.269576,On or near Willoughby Way,E01022568,Basingstoke and Deane 010D,Violence and sexual offences,Unable to prosecute suspect,
69601dafc85d7de844f09d8e11e645845446d3ca57b8b56f66bef75f603cb582,2024-03,Hampshire Constabulary,Hampshire Constabulary,-1.117471,51.269576,On or near Willoughby Way,E01022568,Basingstoke and Deane 010D,Violence and sexual offences,Unable to prosecute suspect,
,2024-03,Hampshire Constabulary,Hampshire Constabulary,-1.120318,51.269076,On or near Warwick Road,E01022568,Basingstoke and Deane 010D,Anti-social behaviour,,
00c4603b952ce9217004d15b22c79394c06bb430d078182b7a6c8e48d618aba9,2024-03,Hampshire Constabulary,Hampshire Constabulary,-1.124933,51.267627,On or near Parking Area,E01022568,Basingstoke and Deane 010D,Burglary,Investigation complete; no suspect identified,
e1c4f4d960da4137e9ffcbcc4f7e62925ce4a018b7452b92b93067f6ff46be70,2024-03,Hampshire Constabulary,Hampshire Constabulary,-1.128243,51.265394,On or near Tiverton Road,E01022568,Basingstoke and Deane 010D,Burglary,Investigation complete; no suspect identified,
f0cae9b293301a8756738ddc5fa9d8766418271a4ffae6ba1d57d316134e6a9b,2024-03,Hampshire Constabulary,Hampshire Constabulary,-1.124933,51.267627,On or near Parking Area,E01022568,Basingstoke and Deane 010D,Criminal damage and arson,Investigation complete; no suspect identified,
20e0ef00cc3870c8b6aa2154cb0d4ac575b4a0f89b293c02b93952b9ece90be9,2024-03,Hampshire Constabulary,Hampshire Constabulary,-1.127393,51.268652,On or near Hillcrest Court,E01022568,Basingstoke and Deane 010D,Criminal damage and arson,Unable to prosecute suspect,
e43119ee0279b757c30d787205ef6a7447293f7672828fc4a13d2e4d7cf6d5ca,2024-03,Hampshire Constabulary,Hampshire Constabulary,-1.118082,51.268367,On or near Dover Close,E01022568,Basingstoke and Deane 010D,Other theft,Investigation complete; no suspect identified,
49ebb73bbb1179315b694b444f918386f455646bb037b620be90feb546a94ff6,2024-03,Hampshire Constabulary,Hampshire Constabulary,-1.116623,51.273418,On or near Sycamore Way,E01022570,Basingstoke and Deane 010E,Public order,Unable to prosecute suspect,
,2024-03,Hampshire Constabulary,Hampshire Constabulary,-1.117652,51.272823,On or near Laburnum Way,E01022570,Basingstoke and Deane 010E,Anti-social behaviour,,
b75179528bf2ce0e6be20edeca19c8019c0ad7783724c96cbee283b365fcb260,2024-03,Hampshire Constabulary,Hampshire Constabulary,-1.117652,51.272823,On or near Laburnum Way,E01022570,Basingstoke and Deane 010E,Criminal damage and arson,Investigation complete; no suspect identified,
2a8ebfda89dd8fd86732fd33fefd09bc6b6cb347ab38bb6e8207f1157a6eb027,2024-03,Hampshire Constabulary,Hampshire Constabulary,-1.125432,51.276802,On or near Claudius Drive,E01022570,Basingstoke and Deane 010E,Vehicle crime,Status update unavailable,
4461608cf7681c799b9688f8b13b9aa590c1d07d3353ef27d4cc71ede7ad5db9,2024-03,Hampshire Constabulary,Hampshire Constabulary,-1.117652,51.272823,On or near Laburnum Way,E01022570,Basingstoke and Deane 010E,Violence and sexual offences,Investigation complete; no suspect identified,
4d5f9f85fc6e8c8efc8fd4fcbf9ab437d189ccbb11de06510e7a2267e62311a4,2024-03,Hampshire Constabulary,Hampshire Constabulary,-1.125432,51.276802,On or near Claudius Drive,E01022570,Basingstoke and Deane 010E,Violence and sexual offences,Status update unavailable,
f58e098ab6cfe93fe11fe99f8392706d91b0a8b40aa7168bb3d4f29126492c9a,2024-03,Hampshire Constabulary,Hampshire Constabulary,-1.126922,51.274592,On or near Arundel Gardens,E01022570,Basingstoke and Deane 010E,Violence and sexual offences,Status update unavailable,
f4b5c1432fd302aa90a73bf6e4689745ae2aed4dc7ae49e527c21a935e2a9c52,2024-03,Hampshire Constabulary,Hampshire Constabulary,-1.113289,51.284273,On or near Graphite Close,E01032841,Basingstoke and Deane 010G,Burglary,Awaiting court outcome,
dcd51d4f6b80067ee54b36328161bc7caffacc535845752572ba03486e801b59,2024-03,Hampshire Constabulary,Hampshire Constabulary,-1.113289,51.284273,On or near Graphite Close,E01032841,Basingstoke and Deane 010G,Criminal damage and arson,Unable to prosecute suspect,
eb268551c7b5733b017a89914fa1879f840ce128457d6ba5f6cb1866c6c1c5eb,2024-03,Hampshire Constabulary,Hampshire Constabulary,-1.118365,51.277541,On or near Spoonwood Close,E01032841,Basingstoke and Deane 010G,Drugs,Offender given a caution,
efb9ca2916446cc7af9114016cbba9bf94eb8fc0aa1932aa7bbc3af5fce72487,2024-03,Hampshire Constabulary,Hampshire Constabulary,-1.124510,51.280842,On or near Florence Way,E01032841,Basingstoke and Deane 010G,Possession of weapons,Unable to prosecute suspect,
51b4edb22bf5be913146c45b62df32d120242107a8cb191ab023358b85f9ae33,2024-03,Hampshire Constabulary,Hampshire Constabulary,-1.113289,51.284273,On or near Graphite Close,E01032841,Basingstoke and Deane 010G,Public order,Unable to prosecute suspect,
5f8576fdc1b3cb417b077f0e8ef2df192c1f53c9a373b7c82dfc337b698a81a4,2024-03,Hampshire Constabulary,Hampshire Constabulary,-1.113289,51.284273,On or near Graphite Close,E01032841,Basingstoke and Deane 010G,Public order,Unable to prosecute suspect,
c7308e206f26e8f6f7f92e5f3eb7d2f145c3507bdc6b4528c619bd9b819b4348,2024-03,Hampshire Constabulary,Hampshire Constabulary,-1.117039,51.285372,On or near Torque Close,E01032841,Basingstoke and Deane 010G,Public order,Unable to prosecute suspect,
e25df406ed685f4507127024c1ca6874d615f2e9324a4416c7737902a2d71fbd,2024-03,Hampshire Constabulary,Hampshire Constabulary,-1.118828,51.276555,On or near Downside Close,E01032841,Basingstoke and Deane 010G,Violence and sexual offences,Investigation complete; no suspect identified,
7869b96a0c85306d96d200147a42f0f00a4bf8d2d50c3f8dc7104e956fc3a1f2,2024-03,Hampshire Constabulary,Hampshire Constabulary,-1.121437,51.279596,On or near Domitian Gardens,E01032841,Basingstoke and Deane 010G,Violence and sexual offences,Unable to prosecute suspect,
4184da60c093123be0cd2b685145daafdc5e8d19607309be6da81516f194daeb,2024-03,Hampshire Constabulary,Hampshire Constabulary,-1.122468,51.279640,On or near Vitellius Gardens,E01032841,Basingstoke and Deane 010G,Violence and sexual offences,Unable to prosecute suspect,
dceb525eca38b18145a2e98fc7f873d08efc6ddbe30167ec9f72e3491bfa36d7,2024-03,Hampshire Constabulary,Hampshire Constabulary,-1.117629,51.280781,On or near Watertower Way,E01032841,Basingstoke and Deane 010G,Violence and sexual offences,Formal action is not in the public interest,
711f15420063c8b14b18050e5fe1e38af8c037421afcde104af95ed5d2852cd1,2024-03,Hampshire Constabulary,Hampshire Constabulary,-1.124122,51.281657,On or near Nightingale Gardens,E01032841,Basingstoke and Deane 010G,Violence and sexual offences,Court result unavailable,
ca747c79705bd3b3a5a79551c7d610faf245a0f00d02e0ac9d20feba4c79cdc1,2024-03,Hampshire Constabulary,Hampshire Constabulary,-1.113289,51.284273,On or near Graphite Close,E01032841,Basingstoke and Deane 010G,Violence and sexual offences,Court result unavailable,
ea1988bdfe54e2970dea1757d14bd217de72ce2b2ab636a7b0b5a0df37b0e076,2024-03,Hampshire Constabulary,Hampshire Constabulary,-1.117039,51.285372,On or near Torque Close,E01032841,Basingstoke and Deane 010G,Violence and sexual offences,Unable to prosecute suspect,
,2024-03,Hampshire Constabulary,Hampshire Constabulary,-1.118828,51.276555,On or near Downside Close,E01032841,Basingstoke and Deane 010G,Anti-social behaviour,,
03dd084b6be29a9fdbc1725aea3801b642dbc5c90e868b915da992b763285da7,2024-03,Hampshire Constabulary,Hampshire Constabulary,-1.117691,51.284262,On or near Brassie Close,E01032841,Basingstoke and Deane 010G,Bicycle theft,Investigation complete; no suspect identified,
941deb561c720f73d4ca33f1ac682c6507693c42f6aa6e164e7f7633e7a95f92,2024-03,Hampshire Constabulary,Hampshire Constabulary,-1.113289,51.284273,On or near Graphite Close,E01032841,Basingstoke and Deane 010G,Criminal damage and arson,Unable to prosecute suspect,
fb388f8898f98f6ca51306fa7cf137dedb5bf6c57dfad39c226fe8fd4d6993fd,2024-03,Hampshire Constabulary,Hampshire Constabulary,-1.113289,51.284273,On or near Graphite Close,E01032841,Basingstoke and Deane 010G,Possession of weapons,Status update unavailable,
e127ccf55296237f5ddbaef82584152491decfc39a7063e7b89c792a4b6d30aa,2024-03,Hampshire Constabulary,Hampshire Constabulary,-1.115743,51.284184,On or near Worldham Gardens,E01032841,Basingstoke and Deane 010G,Vehicle crime,Investigation complete; no suspect identified,
fc6f14b028409daabd5ed3823687008699eecc2d260ff5acbd89f87806e8dbe3,2024-03,Hampshire Constabulary,Hampshire Constabulary,-1.117629,51.280781,On or near Watertower Way,E01032841,Basingstoke and Deane 010G,Violence and sexual offences,Status update unavailable,
9825d6464af13b0ddd1614de1d02e834666596d2ed357808ac913aa277f5eb76,2024-03,Hampshire Constabulary,Hampshire Constabulary,-1.122111,51.278810,On or near Mill Road,E01032841,Basingstoke and Deane 010G,Violence and sexual offences,Investigation complete; no suspect identified,
20a6a64d7df922ca896f1516a50c18b4d8665cb4505d77115abaeef749c82677,2024-03,Hampshire Constabulary,Hampshire Constabulary,-1.109918,51.280633,On or near Hospital,E01034717,Basingstoke and Deane 010H,Criminal damage and arson,Local resolution,
499435fc3a927e4e23dcdfdb243f94b557ef11d4353451c8f5639843cffa3c0e,2024-03,Hampshire Constabulary,Hampshire Constabulary,-1.109918,51.280633,On or near Hospital,E01034717,Basingstoke and Deane 010H,Drugs,Local resolution,
c7e5d1130ad3d86b3707e190f107742fc17455cd398cd1b59f316b609acd2b42,2024-03,Hampshire Constabulary,Hampshire Constabulary,-1.108775,51.282647,On or near Raghill Close,E01034717,Basingstoke and Deane 010H,Drugs,Local resolution,
ed66e52b0cf4703da04d56e77699cdfc0980b60bce7572c0d3f88befd1079c07,2024-03,Hampshire Constabulary,Hampshire Constabulary,-1.109918,51.280633,On or near Hospital,E01034717,Basingstoke and Deane 010H,Possession of weapons,Offender given a caution,
fa5fb3565a4d665d4413c534f9e5429be54f479267a22195271b255271f6eb41,2024-03,Hampshire Constabulary,Hampshire Constabulary,-1.108821,51.280265,On or near Hospital,E01034717,Basingstoke and Deane 010H,Public order,Investigation complete; no suspect identified,
74b1c5b7ada13542c9921656dc691c716efb42bf2e8ecd409d8df998f4171242,2024-03,Hampshire Constabulary,Hampshire Constabulary,-1.108157,51.281258,On or near Bucklebury Way,E01034717,Basingstoke and Deane 010H,Public order,Unable to prosecute suspect,
5b625838aaf3a629deb82f4d79868528c2fadc35e46c0381cdb12767ab214f09,2024-03,Hampshire Constabulary,Hampshire Constabulary,-1.111403,51.277991,On or near Mailing Way,E01034717,Basingstoke and Deane 010H,Violence and sexual offences,Unable to prosecute suspect,
d92adad97febf766c972c525a2914bf561e95f9c2185789bfcb9a16f751ae139,2024-03,Hampshire Constabulary,Hampshire Constabulary,-1.108821,51.280265,On or near Hospital,E01034717,Basingstoke and Deane 010H,Violence and sexual offences,Awaiting court outcome,
27d33191f7f24ab226f42f74979980fc029f368ef587478b9df18b8ad752f5e0,2024-03,Hampshire Constabulary,Hampshire Constabulary,-1.109918,51.280633,On or near Hospital,E01034717,Basingstoke and Deane 010H,Violence and sexual offences,Awaiting court outcome,
6586d27d2c4ecf66a1b4ce1c025782dad508686116f8173f663b6fd91ef104b7,2024-03,Hampshire Constabulary,Hampshire Constabulary,-1.109918,51.280633,On or near Hospital,E01034717,Basingstoke and Deane 010H,Violence and sexual offences,Unable to prosecute suspect,
cac1ece94e5b5c94f0022e2104d5a6e5b3071b41eb4674846fd1e7e29684995a,2024-03,Hampshire Constabulary,Hampshire Constabulary,-1.106232,51.282169,On or near Wadham Gardens,E01034717,Basingstoke and Deane 010H,Criminal damage and arson,Investigation complete; no suspect identified,
04adac10c234bfb9e63427c0101aca641d87a3763685d9700e53f597e7882203,2024-03,Hampshire Constabulary,Hampshire Constabulary,-1.109918,51.280633,On or near Hospital,E01034717,Basingstoke and Deane 010H,Other theft,Investigation complete; no suspect identified,
c020aa05ab5cfcde758ad05e5d9d61b45829b32b915b773687f2f54a77518b68,2024-03,Hampshire Constabulary,Hampshire Constabulary,-1.108775,51.282647,On or near Raghill Close,E01034717,Basingstoke and Deane 010H,Public order,Status update unavailable,
70041cf222f229a12d5aeebaeaba300cdadacc56db1c2a2025873f5f35f5ecc4,2024-03,Hampshire Constabulary,Hampshire Constabulary,-1.107240,51.279731,On or near Priestley Road,E01034717,Basingstoke and Deane 010H,Violence and sexual offences,Local resolution,
d656b6dd4511fa7d17ab2af6fd8286e3c75da00718c30be2e977ebc3604aceea,2024-03,Hampshire Constabulary,Hampshire Constabulary,-1.108821,51.280265,On or near Hospital,E01034717,Basingstoke and Deane 010H,Violence and sexual offences,Unable to prosecute suspect,
b28f7d43e1b4b742c05736e536ea9a8504508b6afb5177ad1a182d72047a6ed1,2024-03,Hampshire Constabulary,Hampshire Constabulary,-1.108821,51.280265,On or near Hospital,E01034717,Basingstoke and Deane 010H,Violence and sexual offences,Unable to prosecute suspect,
735bddf88e022675803f9fc64c3784e64286be56daf16cd5997b15906df18076,2024-03,Hampshire Constabulary,Hampshire Constabulary,-1.110314,51.277929,On or near Post Corner,E01034717,Basingstoke and Deane 010H,Violence and sexual offences,Unable to prosecute suspect,
a7146d2f5da038b43d06d04f58f7efc287538738718ebd6137e3f0e5aca12b3f,2024-03,Hampshire Constabulary,Hampshire Constabulary,-1.107240,51.279731,On or near Priestley Road,E01034717,Basingstoke and Deane 010H,Violence and sexual offences,Unable to prosecute suspect,
a466d529641857a5bbe7ccd8937eabd428fa9aed2d4f5b34a5f493c6cbdd919c,2024-03,Hampshire Constabulary,Hampshire Constabulary,-1.116832,51.279723,On or near Harness Court,E01034718,Basingstoke and Deane 010I,Burglary,Investigation complete; no suspect identified,
d5885d748ca3af41a4e5b93197abd9f0eaf5a3395983e6ef7ae591f2f765a7b9,2024-03,Hampshire Constabulary,Hampshire Constabulary,-1.122002,51.280760,On or near Knowle Road,E01034718,Basingstoke and Deane 010I,Other theft,Investigation complete; no suspect identified,
c02b3845710abfb4a6cf3d051abdde7f42902c443517a98ed69c06ada819ebd2,2024-03,Hampshire Constabulary,Hampshire Constabulary,-1.120067,51.281519,On or near Supermarket,E01034718,Basingstoke and Deane 010I,Shoplifting,Unable to prosecute suspect,
c9accac2cabadd24b95223da35f91f4c1b41a1f5e85307296e89bda0b7c01da2,2024-03,Hampshire Constabulary,Hampshire Constabulary,-1.113694,51.276651,On or near The Carriage Drive,E01034718,Basingstoke and Deane 010I,Violence and sexual offences,Unable to prosecute suspect,
,2024-03,Hampshire Constabulary,Hampshire Constabulary,-1.114761,51.280076,On or near Old Barn Mews,E01034718,Basingstoke and Deane 010I,Anti-social behaviour,,
2d3c9ed12611c8cfb01902c4f0babc34794238a3795ad29263219e4101f7f40f,2024-03,Hampshire Constabulary,Hampshire Constabulary,-1.120067,51.281519,On or near Supermarket,E01034718,Basingstoke and Deane 010I,Shoplifting,Investigation complete; no suspect identified,
226622076617fb7aa4f14a31e5889193a15e09c6940300a563f9b868cb2c3865,2024-03,Hampshire Constabulary,Hampshire Constabulary,-1.120067,51.281519,On or near Supermarket,E01034718,Basingstoke and Deane 010I,Shoplifting,Investigation complete; no suspect identified,
cdce86573ed3fd5d4366d679a1b029653e533ec998985c7418b22f603fce5d50,2024-03,Hampshire Constabulary,Hampshire Constabulary,-1.120067,51.281519,On or near Supermarket,E01034718,Basingstoke and Deane 010I,Shoplifting,Investigation complete; no suspect identified,
0dbcff2f2b6028fb062724905942c17981b28875ba69b79ea72fcc80bb449375,2024-03,Hampshire Constabulary,Hampshire Constabulary,-1.071983,51.264099,On or near Severn Way,E01022502,Basingstoke and Deane 011B,Criminal damage and arson,Investigation complete; no suspect identified,
25c479c40a205498b9f55033448394a6699bb5c80e423021f95425b6d0f44f8d,2024-03,Hampshire Constabulary,Hampshire Constabulary,-1.069048,51.263959,On or near Lime Gardens,E01022502,Basingstoke and Deane 011B,Drugs,Local resolution,
f6ca27dd146955472a2f05a0011d4dca6d550804b4edc5e7805027c451abeafd,2024-03,Hampshire Constabulary,Hampshire Constabulary,-1.076610,51.264216,On or near Irwell Close,E01022502,Basingstoke and Deane 011B,Violence and sexual offences,Local resolution,
59b8ada358c23f3d3751569d2826dbc71015a86f89b98038e541aa391ce64d8f,2024-03,Hampshire Constabulary,Hampshire Constabulary,-1.069048,51.263959,On or near Lime Gardens,E01022502,Basingstoke and Deane 011B,Criminal damage and arson,Investigation complete; no suspect identified,
e1dba7b43871c7da3afd76ed0438add8f4fb1fdf3d204b2145e8563e10682c73,2024-03,Hampshire Constabulary,Hampshire Constabulary,-1.074613,51.265900,On or near Frome Close,E01022502,Basingstoke and Deane 011B,Vehicle crime,Investigation complete; no suspect identified,
494d151f192a7822c3ad27a47287870d368b98e56436d7f54e7582b858d53f7a,2024-03,Hampshire Constabulary,Hampshire Constabulary,-1.072150,51.264379,On or near Hamble Court,E01022502,Basingstoke and Deane 011B,Violence and sexual offences,Investigation complete; no suspect identified,
315d67f2010a667f5159ad5ab29cd83ab94821f0d360cbf8c36e90bada53b22d,2024-03,Hampshire Constabulary,Hampshire Constabulary,-1.067625,51.259181,On or near Van Dyck Close,E01022506,Basingstoke and Deane 011C,Possession of weapons,Unable to prosecute suspect,
a42982a71d75eb0018d47b5fc51a4b65e1af5977b90fe36f81402488245081e4,2024-03,Hampshire Constabulary,Hampshire Constabulary,-1.070984,51.256798,On or near Constable Close,E01022506,Basingstoke and Deane 011C,Other theft,Investigation complete; no suspect identified,
e3404aa62b9d07acb31b03b1200a223a91e166b3b4214826083c3c415cae398a,2024-03,Hampshire Constabulary,Hampshire Constabulary,-1.070984,51.256798,On or near Constable Close,E01022506,Basingstoke and Deane 011C,Other theft,Investigation complete; no suspect identified,
a873750aa34bcea31b000f5c609dd99c365d103e5779e27b3698d8fe6352cbf8,2024-03,Hampshire Constabulary,Hampshire Constabulary,-1.069104,51.257656,On or near Ruskin Close,E01022506,Basingstoke and Deane 011C,Theft from the person,Investigation complete; no suspect identified,
ff020eb514627c0e5997e1ec4aa4b6a7a23dee48133797bdea55d879e8ea4088,2024-03,Hampshire Constabulary,Hampshire Constabulary,-1.068873,51.260576,On or near Turner Close,E01022506,Basingstoke and Deane 011C,Violence and sexual offences,Unable to prosecute suspect,
256f1e69f1e6e1ea19ba47345c8fc4a73edac9f67851b6d0b673d5615c0cfec6,2024-03,Hampshire Constabulary,Hampshire Constabulary,-1.074856,51.254509,On or near Gainsborough Road,E01022506,Basingstoke and Deane 011C,Violence and sexual offences,Investigation complete; no suspect identified,
e5836f18b242855ffa858ea12efc376eefa80c89106dc05d95577e957874ebb1,2024-03,Hampshire Constabulary,Hampshire Constabulary,-1.080856,51.253306,On or near Petrol Station,E01022507,Basingstoke and Deane 011D,Criminal damage and arson,Local resolution,
41e472fec895ae134e6c9f5e70a6680d5cb4b153dfd939ffcb10c1644f850751,2024-03,Hampshire Constabulary,Hampshire Constabulary,-1.075977,51.257188,On or near Whistler Close,E01022507,Basingstoke and Deane 011D,Criminal damage and arson,Unable to prosecute suspect,
a6141a0ecfa5519cdb80b7fa0333cda10228597ffc93497babf028be7303f209,2024-03,Hampshire Constabulary,Hampshire Constabulary,-1.075977,51.257188,On or near Whistler Close,E01022507,Basingstoke and Deane 011D,Public order,Unable to prosecute suspect,
0ebc262e5969db76da521b272ef6530f131482446fc51edda56fe9375e3d34df,2024-03,Hampshire Constabulary,Hampshire Constabulary,-1.075977,51.257188,On or near Whistler Close,E01022507,Basingstoke and Deane 011D,Violence and sexual offences,Unable to prosecute suspect,
0dc889d0dd791f998b6935887ab823efdd58d3555fa7368b90e26a0a76291024,2024-03,Hampshire Constabulary,Hampshire Constabulary,-1.075977,51.257188,On or near Whistler Close,E01022507,Basingstoke and Deane 011D,Criminal damage and arson,Investigation complete; no suspect identified,
af313343c22382acc3f0f0d3d2cdd4e2039c6b420126b2d67d896fc30cea88b2,2024-03,Hampshire Constabulary,Hampshire Constabulary,-1.075977,51.257188,On or near Whistler Close,E01022507,Basingstoke and Deane 011D,Criminal damage and arson,Investigation complete; no suspect identified,
0af26fd5c0bb13d5790ea09e3c1df680f76a7d2b95cc753d05d2ee470634dd53,2024-03,Hampshire Constabulary,Hampshire Constabulary,-1.080856,51.253306,On or near Petrol Station,E01022507,Basingstoke and Deane 011D,Vehicle crime,Investigation complete; no suspect identified,
b05a046016de634679e549174c95debe054d3ab230d48d793a1aa83123c44b06,2024-03,Hampshire Constabulary,Hampshire Constabulary,-1.075977,51.257188,On or near Whistler Close,E01022507,Basingstoke and Deane 011D,Violence and sexual offences,Further investigation is not in the public interest,
b45300c223ff9b7edcbcaec761aa48c306526083d5acf4a6ab0e11c9319c0057,2024-03,Hampshire Constabulary,Hampshire Constabulary,-1.089627,51.266998,On or near Theatre/Concert Hall,E01032842,Basingstoke and Deane 011E,Public order,Unable to prosecute suspect,
5c0ee60764aac998fff2b69387ccfac136e317644527c4bdf3d2c854bea5abcc,2024-03,Hampshire Constabulary,Hampshire Constabulary,-1.086734,51.266867,On or near A3010,E01032842,Basingstoke and Deane 011E,Public order,Local resolution,
5c78f9a3101718b52e820994aef9b74e1c0a44e1a69fac524981ddab590c77d7,2024-03,Hampshire Constabulary,Hampshire Constabulary,-1.090315,51.266284,On or near Parking Area,E01032842,Basingstoke and Deane 011E,Robbery,Unable to prosecute suspect,
10cb43c76c0e9d8d1954027d959511a6c02918203ecde5c560e90221c3e42be2,2024-03,Hampshire Constabulary,Hampshire Constabulary,-1.086734,51.266867,On or near A3010,E01032842,Basingstoke and Deane 011E,Robbery,Court result unavailable,
a22beeabb2397ff8831f12c88947a95dec13b6346b50943ef2dbb9b5cf4451d8,2024-03,Hampshire Constabulary,Hampshire Constabulary,-1.089627,51.266998,On or near Theatre/Concert Hall,E01032842,Basingstoke and Deane 011E,Shoplifting,Unable to prosecute suspect,
4df60814d8b19050197d25cbf1a1f7be8ee109be690862c2b32e854f8e129c83,2024-03,Hampshire Constabulary,Hampshire Constabulary,-1.089627,51.266998,On or near Theatre/Concert Hall,E01032842,Basingstoke and Deane 011E,Shoplifting,Court result unavailable,
72ff9abbd44bff6b52cace202a84b6976f381bd2d9c6e6f910b0a8d38249eaec,2024-03,Hampshire Constabulary,Hampshire Constabulary,-1.090315,51.266284,On or near Parking Area,E01032842,Basingstoke and Deane 011E,Shoplifting,Local resolution,
ac34012883df8925dbd1f64c9f146ffc47597393fe097541f5ad555c08dfb413,2024-03,Hampshire Constabulary,Hampshire Constabulary,-1.089627,51.266998,On or near Theatre/Concert Hall,E01032842,Basingstoke and Deane 011E,Shoplifting,Unable to prosecute suspect,
003d2d33d7b9d5e08a988cb4a889340d3352eea083abd747e3696501b0351e35,2024-03,Hampshire Constabulary,Hampshire Constabulary,-1.086898,51.267993,On or near Braine L'Alleud Road,E01032842,Basingstoke and Deane 011E,Shoplifting,Investigation complete; no suspect identified,
c02cab7544cba4301dace7cff0e973592c858f4178dafa4bdcbe6ffb0e7bbf69,2024-03,Hampshire Constabulary,Hampshire Constabulary,-1.086898,51.267993,On or near Braine L'Alleud Road,E01032842,Basingstoke and Deane 011E,Shoplifting,Court result unavailable,
02d4f3cf4a32ea234465d0f7def3f2f59c190acd6a7689c9d7da43b58894c430,2024-03,Hampshire Constabulary,Hampshire Constabulary,-1.086898,51.267993,On or near Braine L'Alleud Road,E01032842,Basingstoke and Deane 011E,Shoplifting,Unable to prosecute suspect,
ed02ac1324871c7ec75f0bb6a1fed635ba2b5d37a26f76cc1cc6983bb0006448,2024-03,Hampshire Constabulary,Hampshire Constabulary,-1.086734,51.266867,On or near A3010,E01032842,Basingstoke and Deane 011E,Violence and sexual offences,Unable to prosecute suspect,
2b28354a3e3819ab99e57fc31e17f4db203cb6552563b6861b08bb0941805ef6,2024-03,Hampshire Constabulary,Hampshire Constabulary,-1.090720,51.266170,On or near Shopping Area,E01032842,Basingstoke and Deane 011E,Violence and sexual offences,Unable to prosecute suspect,
84536625c57342fe6dfaabdb293047e2a7fde3ee3b3120df7d82147ab6859c60,2024-03,Hampshire Constabulary,Hampshire Constabulary,-1.089627,51.266998,On or near Theatre/Concert Hall,E01032842,Basingstoke and Deane 011E,Violence and sexual offences,Unable to prosecute suspect,
1519191d0bb20193224afeb5c34eec40d3c99d5e4d1e3884b7b6bee6c493316a,2024-03,Hampshire Constabulary,Hampshire Constabulary,-1.089627,51.266998,On or near Theatre/Concert Hall,E01032842,Basingstoke and Deane 011E,Violence and sexual offences,Local resolution,
c96f302e528ef8e920e268ef46bc550d816de4b5d1b4d82f575b18678f7ad7a9,2024-03,Hampshire Constabulary,Hampshire Constabulary,-1.086898,51.267993,On or near Braine L'Alleud Road,E01032842,Basingstoke and Deane 011E,Violence and sexual offences,Investigation complete; no suspect identified,
,2024-03,Hampshire Constabulary,Hampshire Constabulary,-1.086734,51.266867,On or near A3010,E01032842,Basingstoke and Deane 011E,Anti-social behaviour,,
,2024-03,Hampshire Constabulary,Hampshire Constabulary,-1.086734,51.266867,On or near A3010,E01032842,Basingstoke and Deane 011E,Anti-social behaviour,,
,2024-03,Hampshire Constabulary,Hampshire Constabulary,-1.086734,51.266867,On or near A3010,E01032842,Basingstoke and Deane 011E,Anti-social behaviour,,
,2024-03,Hampshire Constabulary,Hampshire Constabulary,-1.086898,51.267993,On or near Braine L'Alleud Road,E01032842,Basingstoke and Deane 011E,Anti-social behaviour,,
5734deb83ff3433fd8c5dd32bcf0eabbcaf6209ad612ac96c998175a50decee6,2024-03,Hampshire Constabulary,Hampshire Constabulary,-1.086898,51.267993,On or near Braine L'Alleud Road,E01032842,Basingstoke and Deane 011E,Burglary,Unable to prosecute suspect,
34975e36d66725f6a9d98dcd684ccc0eee6b0fd88f4746ebc90a58d74e33c114,2024-03,Hampshire Constabulary,Hampshire Constabulary,-1.084577,51.268658,On or near Parking Area,E01032842,Basingstoke and Deane 011E,Criminal damage and arson,Investigation complete; no suspect identified,
6d55f30d8364575914af6e4c0aca171de92025a7ee62d7faf1d1fc5c9ef0b3f0,2024-03,Hampshire Constabulary,Hampshire Constabulary,-1.086734,51.266867,On or near A3010,E01032842,Basingstoke and Deane 011E,Other theft,Investigation complete; no suspect identified,
d93b3679bdc08ac76624fcb2cde5feb37c46f7b7fddba7cad25612c1ab4eea69,2024-03,Hampshire Constabulary,Hampshire Constabulary,-1.090720,51.266170,On or near Shopping Area,E01032842,Basingstoke and Deane 011E,Other theft,Investigation complete; no suspect identified,
be84eaa80dcb85de024c72631200e83d06d5a39d05190c27bcfd103964d29a12,2024-03,Hampshire Constabulary,Hampshire Constabulary,-1.086898,51.267993,On or near Braine L'Alleud Road,E01032842,Basingstoke and Deane 011E,Other theft,Investigation complete; no suspect identified,
5df079086b8bf2bfa9117cfb06bd8dc2ccee32610e4d4516b1d439ca4d6210fa,2024-03,Hampshire Constabulary,Hampshire Constabulary,-1.084577,51.268658,On or near Parking Area,E01032842,Basingstoke and Deane 011E,Other theft,Investigation complete; no suspect identified,
4b5214d9690e371e714a2874161a4c82e46c0082bbe7ba4518ed4b962771c0c0,2024-03,Hampshire Constabulary,Hampshire Constabulary,-1.089627,51.266998,On or near Theatre/Concert Hall,E01032842,Basingstoke and Deane 011E,Public order,Investigation complete; no suspect identified,
3d04ee1b17a80548346f5146bd5d27e476ced0277eb373cc21ab188498a532ab,2024-03,Hampshire Constabulary,Hampshire Constabulary,-1.086734,51.266867,On or near A3010,E01032842,Basingstoke and Deane 011E,Shoplifting,Investigation complete; no suspect identified,
d1dc141f477e3fb9d7c41caa6d20cc7824d8c0e8195dca1b17e112bc97948e5a,2024-03,Hampshire Constabulary,Hampshire Constabulary,-1.086898,51.267993,On or near Braine L'Alleud Road,E01032842,Basingstoke and Deane 011E,Shoplifting,Investigation complete; no suspect identified,
b8660800a22dd177cc76201e15b1ce42fd911060ed89504dbd25fd3060db1a88,2024-03,Hampshire Constabulary,Hampshire Constabulary,-1.086898,51.267993,On or near Braine L'Alleud Road,E01032842,Basingstoke and Deane 011E,Shoplifting,Investigation complete; no suspect identified,
e2fcf51a113cddce5a1c9f9a93a307850bad36671cf2a0f03ecb8d47b94d1d99,2024-03,Hampshire Constabulary,Hampshire Constabulary,-1.086898,51.267993,On or near Braine L'Alleud Road,E01032842,Basingstoke and Deane 011E,Shoplifting,Investigation complete; no suspect identified,
f4ecc22d3e58ffa298a2f46870540cff41a3ccb23a159533f4fd0a21e6b0c802,2024-03,Hampshire Constabulary,Hampshire Constabulary,-1.086898,51.267993,On or near Braine L'Alleud Road,E01032842,Basingstoke and Deane 011E,Shoplifting,Investigation complete; no suspect identified,
1aff0b55f9e21af6333d268bb73bbd520b7478c761a025448ad938a80c2e1eb3,2024-03,Hampshire Constabulary,Hampshire Constabulary,-1.089627,51.266998,On or near Theatre/Concert Hall,E01032842,Basingstoke and Deane 011E,Shoplifting,Investigation complete; no suspect identified,
24a4ca4b1bfb4d4ab6416669157e36722b2b5d6bd3d24d0faf5514e2a8fa2e15,2024-03,Hampshire Constabulary,Hampshire Constabulary,-1.084577,51.268658,On or near Parking Area,E01032842,Basingstoke and Deane 011E,Shoplifting,Investigation complete; no suspect identified,
0dbdaf9e76c453fcd4eb7cc7b9e5a170f7cd4550388bbda594e1d3be387a252a,2024-03,Hampshire Constabulary,Hampshire Constabulary,-1.086898,51.267993,On or near Braine L'Alleud Road,E01032842,Basingstoke and Deane 011E,Theft from the person,Investigation complete; no suspect identified,
6f7088878b7d66f4227ceba68164cf50abaaa789934a57850c2ba72ae10bcdc2,2024-03,Hampshire Constabulary,Hampshire Constabulary,-1.084577,51.268658,On or near Parking Area,E01032842,Basingstoke and Deane 011E,Theft from the person,Investigation complete; no suspect identified,
86036d1d60e818a58b34b7174ec03324c675dc8bd94cafe2f8fd1b1de189f910,2024-03,Hampshire Constabulary,Hampshire Constabulary,-1.089627,51.266998,On or near Theatre/Concert Hall,E01032842,Basingstoke and Deane 011E,Violence and sexual offences,Status update unavailable,
abfa1e6c14977288d9f5e5af4666cab2fbd8e337463387186be4602bce0a0546,2024-03,Hampshire Constabulary,Hampshire Constabulary,-1.086898,51.267993,On or near Braine L'Alleud Road,E01032842,Basingstoke and Deane 011E,Violence and sexual offences,Investigation complete; no suspect identified,
dcb11922a15edb56ee1383d1ae92139e36e081e95323ec8d1487246fa0921ce3,2024-03,Hampshire Constabulary,Hampshire Constabulary,-1.085643,51.268397,On or near Bunnian Place,E01032842,Basingstoke and Deane 011E,Violence and sexual offences,Unable to prosecute suspect,
ba07ff23572b1f61c069b6defdc9cd8a3e74f808ea163369162a18f6cf416c9b,2024-03,Hampshire Constabulary,Hampshire Constabulary,-1.085643,51.268397,On or near Bunnian Place,E01032842,Basingstoke and Deane 011E,Violence and sexual offences,Unable to prosecute suspect,
6aa8eb2c1f593e5ead7bae46055c0b10c774818fa0aae69ccbbf41a595ab1591,2024-03,Hampshire Constabulary,Hampshire Constabulary,-1.070003,51.270593,On or near Ringway East,E01032847,Basingstoke and Deane 011F,Burglary,Offender given a caution,
8119be193e015b8ec985ae745058ccf7e301a5b1634711639a1db30191b6a8e0,2024-03,Hampshire Constabulary,Hampshire Constabulary,-1.088114,51.263048,On or near Parking Area,E01032847,Basingstoke and Deane 011F,Drugs,Local resolution,
94fe3787f269ec94e21d4bb0b79f6614d9c73bac5f91228909730e52b27a1ed7,2024-03,Hampshire Constabulary,Hampshire Constabulary,-1.082649,51.264713,On or near Goat Lane,E01032847,Basingstoke and Deane 011F,Drugs,Local resolution,
c48177cc2108394b617338d3257a8b68181312a6ddac49285f2bbb00cfb6c36e,2024-03,Hampshire Constabulary,Hampshire Constabulary,-1.091282,51.263756,On or near Flaxfield Road,E01032847,Basingstoke and Deane 011F,Public order,Unable to prosecute suspect,
1c231575ab2205735b72718273fa8a9bc23bfa91ea99ab8be35f2a48331182a0,2024-03,Hampshire Constabulary,Hampshire Constabulary,-1.087477,51.264832,On or near Shopping Area,E01032847,Basingstoke and Deane 011F,Public order,Unable to prosecute suspect,
ff3799668df30034e3ecb11eee2c62dd80f58d76fe8273d722cb10f704c365f4,2024-03,Hampshire Constabulary,Hampshire Constabulary,-1.087477,51.264832,On or near Shopping Area,E01032847,Basingstoke and Deane 011F,Public order,Investigation complete; no suspect identified,
99fc2680fb6106c421de37ee7c50ce03ad4b83b2cfc229465ea372acc3defba1,2024-03,Hampshire Constabulary,Hampshire Constabulary,-1.085296,51.266254,On or near Bus/Coach Station,E01032847,Basingstoke and Deane 011F,Shoplifting,Unable to prosecute suspect,
68cfbc72ee4aea9d785824e186b1329061e2d39b87ae843682c58a5fee4fa64d,2024-03,Hampshire Constabulary,Hampshire Constabulary,-1.087477,51.264832,On or near Shopping Area,E01032847,Basingstoke and Deane 011F,Shoplifting,Court result unavailable,
598fa2070a66bc611e583fcfab70b39d03f82b6d4ef628adbb534e5a7bbac5c0,2024-03,Hampshire Constabulary,Hampshire Constabulary,-1.084565,51.264216,On or near Seal Road,E01032847,Basingstoke and Deane 011F,Shoplifting,Local resolution,
1a3cff748d87511a20f4923163b0ce2be0a145f703dda34cecc567dcb465600b,2024-03,Hampshire Constabulary,Hampshire Constabulary,-1.087477,51.264832,On or near Shopping Area,E01032847,Basingstoke and Deane 011F,Shoplifting,Unable to prosecute suspect,
dcd3474875af169a31530327e188725a8b238f346052511d18a2c40a05880b37,2024-03,Hampshire Constabulary,Hampshire Constabulary,-1.079793,51.261292,On or near Crossborough Hill,E01032847,Basingstoke and Deane 011F,Violence and sexual offences,Action to be taken by another organisation,
4687891c99591cfedaa0a249ed9499c73dff918091ef8156d00bef5fc4b9587a,2024-03,Hampshire Constabulary,Hampshire Constabulary,-1.083147,51.262739,On or near Parking Area,E01032847,Basingstoke and Deane 011F,Violence and sexual offences,Offender given a caution,
8e34b22ac5ed44426d5e062270c0fd796a9dc9a3e3737a45226eb072807dea55,2024-03,Hampshire Constabulary,Hampshire Constabulary,-1.079793,51.261292,On or near Crossborough Hill,E01032847,Basingstoke and Deane 011F,Violence and sexual offences,Investigation complete; no suspect identified,
a7489ee139147c0b81220c9c01163a1bd9c558c9d356306a4b70f30f5d666dcb,2024-03,Hampshire Constabulary,Hampshire Constabulary,-1.083147,51.262739,On or near Parking Area,E01032847,Basingstoke and Deane 011F,Violence and sexual offences,Unable to prosecute suspect,
23f9cca59599d0e1bd026a725fb86e23b1948a8f5f061cba40d55968868783f2,2024-03,Hampshire Constabulary,Hampshire Constabulary,-1.083147,51.262739,On or near Parking Area,E01032847,Basingstoke and Deane 011F,Violence and sexual offences,Offender given a caution,
659e94a08a990431d6720e61fea7994240b0f8f876a5d5adb00b1e62cf732884,2024-03,Hampshire Constabulary,Hampshire Constabulary,-1.091282,51.263756,On or near Flaxfield Road,E01032847,Basingstoke and Deane 011F,Violence and sexual offences,Unable to prosecute suspect,
dc521304ee81e2379daf3bbcb728e1542bb76b839d7b5772d5406deffaff76ed,2024-03,Hampshire Constabulary,Hampshire Constabulary,-1.087477,51.264832,On or near Shopping Area,E01032847,Basingstoke and Deane 011F,Violence and sexual offences,Unable to prosecute suspect,
96569efa40f993ad7adb210a37ae650bfb7db30b0d478cd214aa07194e38d18f,2024-03,Hampshire Constabulary,Hampshire Constabulary,-1.084565,51.264216,On or near Seal Road,E01032847,Basingstoke and Deane 011F,Violence and sexual offences,Investigation complete; no suspect identified,
799bba7967053032acc42827db705a44ebf65765fd052e54b47e339f94570042,2024-03,Hampshire Constabulary,Hampshire Constabulary,-1.085296,51.266254,On or near Bus/Coach Station,E01032847,Basingstoke and Deane 011F,Violence and sexual offences,Local resolution,
755782a7efc55da6141defdbe2b08018733785ff1b9cc073798c42dbb4bd1f43,2024-03,Hampshire Constabulary,Hampshire Constabulary,-1.085296,51.266254,On or near Bus/Coach Station,E01032847,Basingstoke and Deane 011F,Violence and sexual offences,Investigation complete; no suspect identified,
caee6d5cee303091a06e84f045dd67fd677f766d9d553ae71a58a53564847a06,2024-03,Hampshire Constabulary,Hampshire Constabulary,-1.088285,51.264569,On or near Church Street,E01032847,Basingstoke and Deane 011F,Violence and sexual offences,Local resolution,
da91c90a8f0244bd45c0d7f0d45d5fa72c1c76ffe6546caf5863b00f9138c7d8,2024-03,Hampshire Constabulary,Hampshire Constabulary,-1.087477,51.264832,On or near Shopping Area,E01032847,Basingstoke and Deane 011F,Violence and sexual offences,Awaiting court outcome,
8e8fc717d91ab966ce6caea238441924915250c6713f0b765b15c2c05d5c1cb7,2024-03,Hampshire Constabulary,Hampshire Constabulary,-1.087477,51.264832,On or near Shopping Area,E01032847,Basingstoke and Deane 011F,Violence and sexual offences,Investigation complete; no suspect identified,
43129b1473aecb136fedc098dc117ed95958fff9013e361e854f09a5353e3cbb,2024-03,Hampshire Constabulary,Hampshire Constabulary,-1.085295,51.266434,On or near Basingstoke Bus Station,E01032847,Basingstoke and Deane 011F,Violence and sexual offences,Unable to prosecute suspect,
ef6b93f5c1ee930111ec7b239dcc7bd177aba6995af9b5db3b079334b0582260,2024-03,Hampshire Constabulary,Hampshire Constabulary,-1.082106,51.265365,On or near St Mary'S Court,E01032847,Basingstoke and Deane 011F,Violence and sexual offences,Court result unavailable,
e99dc2b19c68aa265c93c2d284291730bb157bca8d5f9476e108c8ea68ca36c5,2024-03,Hampshire Constabulary,Hampshire Constabulary,-1.085296,51.266254,On or near Bus/Coach Station,E01032847,Basingstoke and Deane 011F,Violence and sexual offences,Unable to prosecute suspect,
f807826e9c6440b68f4e263c154ddcca93ee973b19e2d4f2c697f9b62c0c1b24,2024-03,Hampshire Constabulary,Hampshire Constabulary,-1.077290,51.266092,On or near Eastrop Way,E01032847,Basingstoke and Deane 011F,Violence and sexual offences,Unable to prosecute suspect,
70164ca259eb7dcc05eac87a7cbe5a5335aaec16e87d5e9becc4f98510ec793a,2024-03,Hampshire Constabulary,Hampshire Constabulary,-1.085296,51.266254,On or near Bus/Coach Station,E01032847,Basingstoke and Deane 011F,Violence and sexual offences,Investigation complete; no suspect identified,
381e1b796f6a713beba53a46a4f8557988fc94e9d8372e807dedb587c75898fd,2024-03,Hampshire Constabulary,Hampshire Constabulary,-1.087477,51.264832,On or near Shopping Area,E01032847,Basingstoke and Deane 011F,Violence and sexual offences,Unable to prosecute suspect,
86f7f008f60debe1068f761901defd24df840533b7b90890418e48ad948ece12,2024-03,Hampshire Constabulary,Hampshire Constabulary,-1.087477,51.264832,On or near Shopping Area,E01032847,Basingstoke and Deane 011F,Violence and sexual offences,Awaiting court outcome,
,2024-03,Hampshire Constabulary,Hampshire Constabulary,-1.082649,51.264713,On or near Goat Lane,E01032847,Basingstoke and Deane 011F,Anti-social behaviour,,
,2024-03,Hampshire Constabulary,Hampshire Constabulary,-1.082649,51.264713,On or near Goat Lane,E01032847,Basingstoke and Deane 011F,Anti-social behaviour,,
,2024-03,Hampshire Constabulary,Hampshire Constabulary,-1.082649,51.264713,On or near Goat Lane,E01032847,Basingstoke and Deane 011F,Anti-social behaviour,,
,2024-03,Hampshire Constabulary,Hampshire Constabulary,-1.082649,51.264713,On or near Goat Lane,E01032847,Basingstoke and Deane 011F,Anti-social behaviour,,
,2024-03,Hampshire Constabulary,Hampshire Constabulary,-1.082106,51.265365,On or near St Mary'S Court,E01032847,Basingstoke and Deane 011F,Anti-social behaviour,,
,2024-03,Hampshire Constabulary,Hampshire Constabulary,-1.087477,51.264832,On or near Shopping Area,E01032847,Basingstoke and Deane 011F,Anti-social behaviour,,
,2024-03,Hampshire Constabulary,Hampshire Constabulary,-1.085296,51.266254,On or near Bus/Coach Station,E01032847,Basingstoke and Deane 011F,Anti-social behaviour,,
,2024-03,Hampshire Constabulary,Hampshire Constabulary,-1.082649,51.264713,On or near Goat Lane,E01032847,Basingstoke and Deane 011F,Anti-social behaviour,,
,2024-03,Hampshire Constabulary,Hampshire Constabulary,-1.085295,51.266434,On or near Basingstoke Bus Station,E01032847,Basingstoke and Deane 011F,Anti-social behaviour,,
,2024-03,Hampshire Constabulary,Hampshire Constabulary,-1.082106,51.265365,On or near St Mary'S Court,E01032847,Basingstoke and Deane 011F,Anti-social behaviour,,
,2024-03,Hampshire Constabulary,Hampshire Constabulary,-1.082649,51.264713,On or near Goat Lane,E01032847,Basingstoke and Deane 011F,Anti-social behaviour,,
,2024-03,Hampshire Constabulary,Hampshire Constabulary,-1.074652,51.267546,On or near Churchill Way East,E01032847,Basingstoke and Deane 011F,Anti-social behaviour,,
bc115164bb73866be92065ee39fee19f02ea9a57dfb1e8b2c8e4d093d0ac68db,2024-03,Hampshire Constabulary,Hampshire Constabulary,-1.089660,51.264624,On or near Church Square,E01032847,Basingstoke and Deane 011F,Bicycle theft,Investigation complete; no suspect identified,
4363d615fb069368a1892661ac8549e27325f3b648db78834f7c5b44d0398615,2024-03,Hampshire Constabulary,Hampshire Constabulary,-1.074652,51.267546,On or near Churchill Way East,E01032847,Basingstoke and Deane 011F,Burglary,Investigation complete; no suspect identified,
3052b32a088416d4f97043bea5a7fe8f9852e0db325a1a13c6811a6bed9d92bd,2024-03,Hampshire Constabulary,Hampshire Constabulary,-1.085260,51.263151,On or near Red Lion Lane,E01032847,Basingstoke and Deane 011F,Criminal damage and arson,Unable to prosecute suspect,
0ef96b282ed75fdd5505d27a3ebca7125aac985c31144789f8a3de8784380cd5,2024-03,Hampshire Constabulary,Hampshire Constabulary,-1.087477,51.264832,On or near Shopping Area,E01032847,Basingstoke and Deane 011F,Criminal damage and arson,Investigation complete; no suspect identified,
00101dbb6628d2dd616ca08272d73c694a253a600a857473a546339a78db239d,2024-03,Hampshire Constabulary,Hampshire Constabulary,-1.087477,51.264832,On or near Shopping Area,E01032847,Basingstoke and Deane 011F,Other theft,Investigation complete; no suspect identified,
ad45203f3b90de01be5d1fa2f5b628b65d36d1e257128fdfa8ec44a2bd4baaca,2024-03,Hampshire Constabulary,Hampshire Constabulary,-1.085296,51.266254,On or near Bus/Coach Station,E01032847,Basingstoke and Deane 011F,Public order,Unable to prosecute suspect,
b1cddf49779c5e32688c7a3f9ca6b07afb20f49fbf655a082665157fbedb1e0f,2024-03,Hampshire Constabulary,Hampshire Constabulary,-1.087477,51.264832,On or near Shopping Area,E01032847,Basingstoke and Deane 011F,Public order,Investigation complete; no suspect identified,
c77cb15ca7a33bbb0e8e30fe7e20d1f5b9c3708f6a54e5928cefce3886dfdf6d,2024-03,Hampshire Constabulary,Hampshire Constabulary,-1.087477,51.264832,On or near Shopping Area,E01032847,Basingstoke and Deane 011F,Robbery,Status update unavailable,
afa278062e4a7f4bc2995145be182b06445673d70c5758a150389e4da480db81,2024-03,Hampshire Constabulary,Hampshire Constabulary,-1.070003,51.270593,On or near Ringway East,E01032847,Basingstoke and Deane 011F,Shoplifting,Investigation complete; no suspect identified,
a4e5f76350d722855439567dbc8728f2f41672100cfedc6628e371800d4deac5,2024-03,Hampshire Constabulary,Hampshire Constabulary,-1.084565,51.264216,On or near Seal Road,E01032847,Basingstoke and Deane 011F,Shoplifting,Investigation complete; no suspect identified,
5402a26b115a545d18fa7991d584b595393213a3d89c0e945f2a412c82e54ea2,2024-03,Hampshire Constabulary,Hampshire Constabulary,-1.087477,51.264832,On or near Shopping Area,E01032847,Basingstoke and Deane 011F,Shoplifting,Investigation complete; no suspect identified,
cfc359dfbb8a75d538e270459ea3941726f98b2784014cb502eaccf70f857055,2024-03,Hampshire Constabulary,Hampshire Constabulary,-1.084565,51.264216,On or near Seal Road,E01032847,Basingstoke and Deane 011F,Shoplifting,Investigation complete; no suspect identified,
dd62c5eb17d05ac42fdbdd07138e2338456d924927b068929fe4a6684f4ca2c6,2024-03,Hampshire Constabulary,Hampshire Constabulary,-1.087477,51.264832,On or near Shopping Area,E01032847,Basingstoke and Deane 011F,Shoplifting,Investigation complete; no suspect identified,
4984fe237254c007057dabecf7553f515a4dee1247ac336bf7fa71cc220b759c,2024-03,Hampshire Constabulary,Hampshire Constabulary,-1.087477,51.264832,On or near Shopping Area,E01032847,Basingstoke and Deane 011F,Shoplifting,Investigation complete; no suspect identified,
302cdec61641f7f8ce52b2945b7e6d09398a20541b9c38cef330a6c2d93cf55b,2024-03,Hampshire Constabulary,Hampshire Constabulary,-1.085296,51.266254,On or near Bus/Coach Station,E01032847,Basingstoke and Deane 011F,Shoplifting,Investigation complete; no suspect identified,
219dd0d07c19af8cb151867269be98ea91b858c4370e48e7f697b1b42b25f5b1,2024-03,Hampshire Constabulary,Hampshire Constabulary,-1.085296,51.266254,On or near Bus/Coach Station,E01032847,Basingstoke and Deane 011F,Shoplifting,Investigation complete; no suspect identified,
50a6078eae487afde44e58d83bc3f82131db7d6f6629ba00a8037c4001ba5b34,2024-03,Hampshire Constabulary,Hampshire Constabulary,-1.087477,51.264832,On or near Shopping Area,E01032847,Basingstoke and Deane 011F,Shoplifting,Investigation complete; no suspect identified,
abcd4d142ad0ad44498644bc53693b7dda181cd573d32668b5477420703ee7d2,2024-03,Hampshire Constabulary,Hampshire Constabulary,-1.087477,51.264832,On or near Shopping Area,E01032847,Basingstoke and Deane 011F,Theft from the person,Investigation complete; no suspect identified,
63a4435a226df97f644bd1298aed7f5949e6484c8729af0fed4f69d104f87791,2024-03,Hampshire Constabulary,Hampshire Constabulary,-1.087477,51.264832,On or near Shopping Area,E01032847,Basingstoke and Deane 011F,Violence and sexual offences,Investigation complete; no suspect identified,
3e086ac7e21fba4c818861d93308b500de2b98779bfc794066f4cc97680980b1,2024-03,Hampshire Constabulary,Hampshire Constabulary,-1.085296,51.266254,On or near Bus/Coach Station,E01032847,Basingstoke and Deane 011F,Violence and sexual offences,Status update unavailable,
465462535c2f69ea242e91d03295944a9b5a53c87ff53c53ce79e8056b73dbb6,2024-03,Hampshire Constabulary,Hampshire Constabulary,-1.088114,51.263048,On or near Parking Area,E01032847,Basingstoke and Deane 011F,Violence and sexual offences,Investigation complete; no suspect identified,
44222c7ed8978532a2410a0834d4165499cb40fa117847426bf1059737300a30,2024-03,Hampshire Constabulary,Hampshire Constabulary,-1.085296,51.266254,On or near Bus/Coach Station,E01032847,Basingstoke and Deane 011F,Violence and sexual offences,Status update unavailable,
2e1f1e58a114b890e14fa4139441a81d9768e69ca7be9bebb94e787cdae21174,2024-03,Hampshire Constabulary,Hampshire Constabulary,-1.085296,51.266254,On or near Bus/Coach Station,E01032847,Basingstoke and Deane 011F,Violence and sexual offences,Unable to prosecute suspect,
9bac648fa2b64f4795bf04e8fbcdffabf192c4433de6330577143b20c42e860b,2024-03,Hampshire Constabulary,Hampshire Constabulary,-1.077290,51.266092,On or near Eastrop Way,E01032847,Basingstoke and Deane 011F,Violence and sexual offences,Investigation complete; no suspect identified,
6752a5212f32da1148253910055a15da75e16865326c5563a54db5cc3001f009,2024-03,Hampshire Constabulary,Hampshire Constabulary,-1.085296,51.266254,On or near Bus/Coach Station,E01032847,Basingstoke and Deane 011F,Violence and sexual offences,Status update unavailable,
0c4e7ac1c5e83aa9dbae4c506b04cd129ab37d73e52bab799777f3f89d06c0dd,2024-03,Hampshire Constabulary,Hampshire Constabulary,-1.085296,51.266254,On or near Bus/Coach Station,E01032847,Basingstoke and Deane 011F,Violence and sexual offences,Action to be taken by another organisation,
ef8b55956f577469f68014b66ab5a2a6784cc67d48b43369ed1f4a542f917b3b,2024-03,Hampshire Constabulary,Hampshire Constabulary,-1.097845,51.257242,On or near Wessex Close,E01022481,Basingstoke and Deane 012A,Burglary,Investigation complete; no suspect identified,
f2a7eb6f30f0d155fe60eec1b91ce513e42129a97e1fd71a85fef2c2588590de,2024-03,Hampshire Constabulary,Hampshire Constabulary,-1.094793,51.258657,On or near Blair Road,E01022481,Basingstoke and Deane 012A,Burglary,Investigation complete; no suspect identified,
fff256df08655f370854527dd86d51d76f49fccc1d730cda374ff803f88e316e,2024-03,Hampshire Constabulary,Hampshire Constabulary,-1.097845,51.257242,On or near Wessex Close,E01022481,Basingstoke and Deane 012A,Violence and sexual offences,Local resolution,
4374e3cbeb12375a72294b988e331039759f765f35a9db5a774bae65562dd83f,2024-03,Hampshire Constabulary,Hampshire Constabulary,-1.098520,51.258623,On or near Pittard Road,E01022481,Basingstoke and Deane 012A,Public order,Status update unavailable,
833dac8bc80896d2b86644d9b0cde72d6fbdea98a7c212d36e849d54a0bc0739,2024-03,Hampshire Constabulary,Hampshire Constabulary,-1.097845,51.257242,On or near Wessex Close,E01022481,Basingstoke and Deane 012A,Violence and sexual offences,Action to be taken by another organisation,
6645ee5953988f766842e49010e5c27b9a8161d194c5dca1c3a6c7c8aa680b34,2024-03,Hampshire Constabulary,Hampshire Constabulary,-1.101632,51.259249,On or near Packenham Road,E01022481,Basingstoke and Deane 012A,Violence and sexual offences,Local resolution,
f02ed37f29e9701263ccdbceb7fb291fa53e7cd7b3e5491187df40f753c5aad1,2024-03,Hampshire Constabulary,Hampshire Constabulary,-1.095814,51.257029,On or near Culver Road,E01022481,Basingstoke and Deane 012A,Violence and sexual offences,Unable to prosecute suspect,
5090d1019f1cd26cf69ff39f797ee6d63b73fabfcac80dbfe2af444bbc781daa,2024-03,Hampshire Constabulary,Hampshire Constabulary,-1.097845,51.257242,On or near Wessex Close,E01022481,Basingstoke and Deane 012A,Violence and sexual offences,Unable to prosecute suspect,
ff3fc1245166d57cd32e6665702981042c8bed4e5878abce0052fd79076f1d04,2024-03,Hampshire Constabulary,Hampshire Constabulary,-1.101133,51.262762,On or near Lawrencedale Court,E01022482,Basingstoke and Deane 012B,Public order,Unable to prosecute suspect,
25bab9368f5e8571a2ea96c9fd62e9132b4f776ba19df2771d00b60a34c0ae93,2024-03,Hampshire Constabulary,Hampshire Constabulary,-1.101133,51.262762,On or near Lawrencedale Court,E01022482,Basingstoke and Deane 012B,Violence and sexual offences,Unable to prosecute suspect,
08e23fd03d6deb2b1515290c395e25731631cb8e00837c1163e60915b3ab6b0c,2024-03,Hampshire Constabulary,Hampshire Constabulary,-1.097498,51.261061,On or near Longmoor Road,E01022482,Basingstoke and Deane 012B,Violence and sexual offences,Unable to prosecute suspect,
f0d56bc088498abe4d225f9a7e3a74a029acefb7f80d3bac0a014bfd9720f7f6,2024-03,Hampshire Constabulary,Hampshire Constabulary,-1.097603,51.259353,On or near Padwick Close,E01022482,Basingstoke and Deane 012B,Criminal damage and arson,Investigation complete; no suspect identified,
0fe7ac8be45e824b306bd3b0370cd989694707021c9ee687f6f998809aa4c8ff,2024-03,Hampshire Constabulary,Hampshire Constabulary,-1.103207,51.263740,On or near Supermarket,E01022482,Basingstoke and Deane 012B,Other theft,Investigation complete; no suspect identified,
0f5b4137e270ff2091bf262bb8f55eb86c3398278a4843bc3546d65d141eae1b,2024-03,Hampshire Constabulary,Hampshire Constabulary,-1.103207,51.263740,On or near Supermarket,E01022482,Basingstoke and Deane 012B,Other theft,Investigation complete; no suspect identified,
3ef57aacbad4de77d130e413a2076e17b45b7830b4c24dcf570728ae3ff55b5c,2024-03,Hampshire Constabulary,Hampshire Constabulary,-1.102069,51.261105,On or near Goodman Close,E01022482,Basingstoke and Deane 012B,Other theft,Unable to prosecute suspect,
b362139abdb86d9abe61601694acdf1266fc0e88874ca8a16488cb6d5f4d3bf3,2024-03,Hampshire Constabulary,Hampshire Constabulary,-1.103207,51.263740,On or near Supermarket,E01022482,Basingstoke and Deane 012B,Other theft,Unable to prosecute suspect,
0910cc0c6c1686c24cfe02fcb18ff5cbf50cb4ebb3d3117dbd2a35955e14ba68,2024-03,Hampshire Constabulary,Hampshire Constabulary,-1.103207,51.263740,On or near Supermarket,E01022482,Basingstoke and Deane 012B,Other theft,Investigation complete; no suspect identified,
97552d40dddc1c8024439f9f799b787a0017c0a59263c6a9d78ff1f3ed882c62,2024-03,Hampshire Constabulary,Hampshire Constabulary,-1.103207,51.263740,On or near Supermarket,E01022482,Basingstoke and Deane 012B,Other theft,Investigation complete; no suspect identified,
1269f39d9544b7e7860d0a2a294a4c0f1399b700cda6c76ba84c15a2ce27382b,2024-03,Hampshire Constabulary,Hampshire Constabulary,-1.098408,51.262884,On or near Downsland Road,E01022482,Basingstoke and Deane 012B,Public order,Investigation complete; no suspect identified,
2deb3a7ab971a3121ca81b9c9f87ba3f7e16963df6d8fc5408c2c45028a488ee,2024-03,Hampshire Constabulary,Hampshire Constabulary,-1.101860,51.263183,On or near Shopping Area,E01022482,Basingstoke and Deane 012B,Shoplifting,Investigation complete; no suspect identified,
9d05c1d1fa11515d5463a469593e9009756e1be10e3e12a36ed59016adb52141,2024-03,Hampshire Constabulary,Hampshire Constabulary,-1.101860,51.263183,On or near Shopping Area,E01022482,Basingstoke and Deane 012B,Shoplifting,Investigation complete; no suspect identified,
fe9f787cb53df0f62394df4ccde4cd5bdc96b2d2dacefd07d865105aa9f37029,2024-03,Hampshire Constabulary,Hampshire Constabulary,-1.101860,51.263183,On or near Shopping Area,E01022482,Basingstoke and Deane 012B,Shoplifting,Investigation complete; no suspect identified,
66aeec5f3b8e36554d14e70f300c0f850d03fc77255a7e8d294b423c7a5f6390,2024-03,Hampshire Constabulary,Hampshire Constabulary,-1.101860,51.263183,On or near Shopping Area,E01022482,Basingstoke and Deane 012B,Shoplifting,Investigation complete; no suspect identified,
72b1aa53dd1a431f7fc4e2a4c80dae05dcb2719aca3fde9c3639803d618b7e2c,2024-03,Hampshire Constabulary,Hampshire Constabulary,-1.101860,51.263183,On or near Shopping Area,E01022482,Basingstoke and Deane 012B,Shoplifting,Investigation complete; no suspect identified,
b3d0f17a9f685a13f7478be9c9510f91cc7aebaaa75c2d75f4190bd2d0c18058,2024-03,Hampshire Constabulary,Hampshire Constabulary,-1.101860,51.263183,On or near Shopping Area,E01022482,Basingstoke and Deane 012B,Shoplifting,Investigation complete; no suspect identified,
60f3d77a00fd47914aa6a15fdb445e3155b2061c95c9c964cb10523df60b2f72,2024-03,Hampshire Constabulary,Hampshire Constabulary,-1.101860,51.263183,On or near Shopping Area,E01022482,Basingstoke and Deane 012B,Shoplifting,Investigation complete; no suspect identified,
bb601de5dc0d29f64a82a11d8c9b062576b61a3f1a9989ff3ddad852d7cd5769,2024-03,Hampshire Constabulary,Hampshire Constabulary,-1.101860,51.263183,On or near Shopping Area,E01022482,Basingstoke and Deane 012B,Shoplifting,Investigation complete; no suspect identified,
759755f872c0c3092878a9e8c9de3d59cd8ccb0ad568078c5d8564217d9dd960,2024-03,Hampshire Constabulary,Hampshire Constabulary,-1.098408,51.262884,On or near Downsland Road,E01022482,Basingstoke and Deane 012B,Violence and sexual offences,Unable to prosecute suspect,
6775a2201499e68ecaedac001e2ada7fedc0f9e402816a4110dd1e501049dd5b,2024-03,Hampshire Constabulary,Hampshire Constabulary,-1.098408,51.262884,On or near Downsland Road,E01022482,Basingstoke and Deane 012B,Violence and sexual offences,Unable to prosecute suspect,
41e3f2db1561c1058c6a055cd5f6437623503659bb2bb72d1b67368664cb1749,2024-03,Hampshire Constabulary,Hampshire Constabulary,-1.102069,51.261105,On or near Goodman Close,E01022482,Basingstoke and Deane 012B,Violence and sexual offences,Investigation complete; no suspect identified,
e9a59000c9ef62cb1294842cb3f1b2f51b171789b7f5adae8d2e3c9314c6e35c,2024-03,Hampshire Constabulary,Hampshire Constabulary,-1.086678,51.258145,On or near Wallis Road,E01022503,Basingstoke and Deane 012D,Burglary,Investigation complete; no suspect identified,
e2407ab01e2bb1d3344c0b0b9e247d892dabe45c5b7e52ca797b6e51868b68f0,2024-03,Hampshire Constabulary,Hampshire Constabulary,-1.086775,51.261904,On or near Parking Area,E01022503,Basingstoke and Deane 012D,Drugs,Awaiting court outcome,
1fa2836757c84a0e082bb955cd479dddb6a4faee0ee86d1498c2c750f9d9f21b,2024-03,Hampshire Constabulary,Hampshire Constabulary,-1.087488,51.263564,On or near Haymarket Yard,E01022503,Basingstoke and Deane 012D,Drugs,Offender given a caution,
c9aefea5c41aedb054ed1ff603b7c7e44a640d221f057390a2fe6ff2b325cd36,2024-03,Hampshire Constabulary,Hampshire Constabulary,-1.087761,51.259898,On or near Jubilee Road,E01022503,Basingstoke and Deane 012D,Other theft,Investigation complete; no suspect identified,
3fd0462d23701cba8c2b785277dcc74901ec76da246f26b6c30c3667353c7617,2024-03,Hampshire Constabulary,Hampshire Constabulary,-1.088835,51.261363,On or near Victoria Street,E01022503,Basingstoke and Deane 012D,Possession of weapons,Offender given a caution,
4cbb086b6a26dd325a0555c7017e8895c35057b5d6ad75c3de7f5df643cb316f,2024-03,Hampshire Constabulary,Hampshire Constabulary,-1.086775,51.261904,On or near Parking Area,E01022503,Basingstoke and Deane 012D,Public order,Court result unavailable,
f78c660156e7fbf8edd092829a82be94f6dabc30221df5b151ad5f7cbd7df08d,2024-03,Hampshire Constabulary,Hampshire Constabulary,-1.088285,51.262374,On or near Winchester Street,E01022503,Basingstoke and Deane 012D,Public order,Further investigation is not in the public interest,
91131d7e7451e5b119e375ec0b7128c4d2f74925e4d6ddd9d7c5572bb2053a50,2024-03,Hampshire Constabulary,Hampshire Constabulary,-1.083131,51.258504,On or near Applegarth Close,E01022503,Basingstoke and Deane 012D,Public order,Local resolution,
593b1f4681b2b27456b2a2e0eda8a0048c253bd7afc336808eecb69244df072e,2024-03,Hampshire Constabulary,Hampshire Constabulary,-1.086987,51.262937,On or near Theatre/Concert Hall,E01022503,Basingstoke and Deane 012D,Shoplifting,Local resolution,
4a471fc840fce2af51f588a1b646bad1339c6d3afeba95a6220e0c9e0f4d1464,2024-03,Hampshire Constabulary,Hampshire Constabulary,-1.086775,51.261904,On or near Parking Area,E01022503,Basingstoke and Deane 012D,Violence and sexual offences,Unable to prosecute suspect,
2beb9c54456a3c15e5edee854d06ef0c358cda0c220111c478257e6d388d038d,2024-03,Hampshire Constabulary,Hampshire Constabulary,-1.086775,51.261904,On or near Parking Area,E01022503,Basingstoke and Deane 012D,Violence and sexual offences,Unable to prosecute suspect,
2ae24a95c358cd90d0b36a8eadb0026db2fa46141cf8f3940758a1f0c60bebc2,2024-03,Hampshire Constabulary,Hampshire Constabulary,-1.086775,51.261904,On or near Parking Area,E01022503,Basingstoke and Deane 012D,Violence and sexual offences,Court result unavailable,
d8a5ccf9dc7cd45cf5304e9506f1e007f059d22744a0d5beccad7c8b2746756f,2024-03,Hampshire Constabulary,Hampshire Constabulary,-1.086987,51.262937,On or near Theatre/Concert Hall,E01022503,Basingstoke and Deane 012D,Violence and sexual offences,Unable to prosecute suspect,
faec1024c14ae9e8892a6a0de027d42b9897e1d0adbaa969346470503e0d69e4,2024-03,Hampshire Constabulary,Hampshire Constabulary,-1.086734,51.263262,On or near Wote Street,E01022503,Basingstoke and Deane 012D,Violence and sexual offences,Awaiting court outcome,
b94af590df389432da3cde10c49445387cc863542ee3357f686819f9bc0366fa,2024-03,Hampshire Constabulary,Hampshire Constabulary,-1.092852,51.264100,On or near Harrison Place,E01022503,Basingstoke and Deane 012D,Violence and sexual offences,Awaiting court outcome,
1327e27516af39f26830e0dbb0147cbccd74c0114bd28b11c7b64923eec923e2,2024-03,Hampshire Constabulary,Hampshire Constabulary,-1.092852,51.264100,On or near Harrison Place,E01022503,Basingstoke and Deane 012D,Violence and sexual offences,Awaiting court outcome,
6d0fd1afbf2298e4f7dfa7a0d416457f645f2dace1bb3ba7440689b63ab2117b,2024-03,Hampshire Constabulary,Hampshire Constabulary,-1.092852,51.264100,On or near Harrison Place,E01022503,Basingstoke and Deane 012D,Violence and sexual offences,Unable to prosecute suspect,
e7e9eb1cab10e17210e8f4d3753024ade8c99dd6456dcee4996a7d5ca59fa7c1,2024-03,Hampshire Constabulary,Hampshire Constabulary,-1.086734,51.263262,On or near Wote Street,E01022503,Basingstoke and Deane 012D,Violence and sexual offences,Investigation complete; no suspect identified,
625235acdf69e71dc4476b9a7a5bc58a38a1a4ec3d2dc8ca6159bb2c9613e0e3,2024-03,Hampshire Constabulary,Hampshire Constabulary,-1.088285,51.262374,On or near Winchester Street,E01022503,Basingstoke and Deane 012D,Violence and sexual offences,Unable to prosecute suspect,
edbf966d5f023c0dd95c99c8eccfb903f33df6939f6a227c28dddae76b5e8ff9,2024-03,Hampshire Constabulary,Hampshire Constabulary,-1.086987,51.262937,On or near Theatre/Concert Hall,E01022503,Basingstoke and Deane 012D,Violence and sexual offences,Court result unavailable,
c98084fede35a8b0e2b58ff7c46fa363cadd9e91e18d60ab4c121ae9f1f727d1,2024-03,Hampshire Constabulary,Hampshire Constabulary,-1.085447,51.262406,On or near London Street,E01022503,Basingstoke and Deane 012D,Violence and sexual offences,Unable to prosecute suspect,
952b8e5e6bf4f82f8df279eaf7973954b59446806c18d12c4f2a97b342de0492,2024-03,Hampshire Constabulary,Hampshire Constabulary,-1.094181,51.259156,On or near Hawkfield Lane,E01022503,Basingstoke and Deane 012D,Violence and sexual offences,Unable to prosecute suspect,
1c378135885a9ec2181d3a60733a91b52d21e462ad7d91023781792e36bc0e95,2024-03,Hampshire Constabulary,Hampshire Constabulary,-1.092852,51.264100,On or near Harrison Place,E01022503,Basingstoke and Deane 012D,Other crime,Unable to prosecute suspect,
,2024-03,Hampshire Constabulary,Hampshire Constabulary,-1.086987,51.262937,On or near Theatre/Concert Hall,E01022503,Basingstoke and Deane 012D,Anti-social behaviour,,
,2024-03,Hampshire Constabulary,Hampshire Constabulary,-1.086987,51.262937,On or near Theatre/Concert Hall,E01022503,Basingstoke and Deane 012D,Anti-social behaviour,,
,2024-03,Hampshire Constabulary,Hampshire Constabulary,-1.086987,51.262937,On or near Theatre/Concert Hall,E01022503,Basingstoke and Deane 012D,Anti-social behaviour,,
,2024-03,Hampshire Constabulary,Hampshire Constabulary,-1.086987,51.262937,On or near Theatre/Concert Hall,E01022503,Basingstoke and Deane 012D,Anti-social behaviour,,
,2024-03,Hampshire Constabulary,Hampshire Constabulary,-1.086734,51.263262,On or near Wote Street,E01022503,Basingstoke and Deane 012D,Anti-social behaviour,,
,2024-03,Hampshire Constabulary,Hampshire Constabulary,-1.087488,51.263564,On or near Haymarket Yard,E01022503,Basingstoke and Deane 012D,Anti-social behaviour,,
,2024-03,Hampshire Constabulary,Hampshire Constabulary,-1.086734,51.263262,On or near Wote Street,E01022503,Basingstoke and Deane 012D,Anti-social behaviour,,
,2024-03,Hampshire Constabulary,Hampshire Constabulary,-1.086987,51.262937,On or near Theatre/Concert Hall,E01022503,Basingstoke and Deane 012D,Anti-social behaviour,,
,2024-03,Hampshire Constabulary,Hampshire Constabulary,-1.086987,51.262937,On or near Theatre/Concert Hall,E01022503,Basingstoke and Deane 012D,Anti-social behaviour,,
97121f0f07ae14513b133a6df82e531109b18df0a59c1668b47e596f04d0cdd1,2024-03,Hampshire Constabulary,Hampshire Constabulary,-1.085315,51.261839,On or near Jacob'S Yard,E01022503,Basingstoke and Deane 012D,Drugs,Local resolution,
567eb12673729b8995b2898b55ab569d69002bf93f147ea030c22140c2282790,2024-03,Hampshire Constabulary,Hampshire Constabulary,-1.086734,51.263262,On or near Wote Street,E01022503,Basingstoke and Deane 012D,Other theft,Investigation complete; no suspect identified,
12632a823cfc7ab818b80815c16957d998b58d073c4a0220789ca2fe7d20e473,2024-03,Hampshire Constabulary,Hampshire Constabulary,-1.086775,51.261904,On or near Parking Area,E01022503,Basingstoke and Deane 012D,Public order,Investigation complete; no suspect identified,
fbf4b3a8b7e4a600fe0d4f7c6f8448237ed2c6801548b89664779df8fb4b15a2,2024-03,Hampshire Constabulary,Hampshire Constabulary,-1.088285,51.262374,On or near Winchester Street,E01022503,Basingstoke and Deane 012D,Public order,Investigation complete; no suspect identified,
a8e8bb2d5bc67a36cc5273fb0edcb0ac77b7ab55f59b673187525aa9a3134cab,2024-03,Hampshire Constabulary,Hampshire Constabulary,-1.093028,51.262411,On or near Bramblys Close,E01022503,Basingstoke and Deane 012D,Public order,Investigation complete; no suspect identified,
6ec6c18bc9386015f04d07f54e384c50ed2710bdaf7478a0868cea9f294d567e,2024-03,Hampshire Constabulary,Hampshire Constabulary,-1.086775,51.261904,On or near Parking Area,E01022503,Basingstoke and Deane 012D,Public order,Investigation complete; no suspect identified,
d8d3d16e6ba4abbf3fc71b59bdd89cdf8579111f88ab9660346c94c5107e8d51,2024-03,Hampshire Constabulary,Hampshire Constabulary,-1.087488,51.263564,On or near Haymarket Yard,E01022503,Basingstoke and Deane 012D,Public order,Status update unavailable,
42f7e3ef12b0a10fda6c59d2d9d7ba01f9cd4d51554985e50bb2ca3649c1a441,2024-03,Hampshire Constabulary,Hampshire Constabulary,-1.086987,51.262937,On or near Theatre/Concert Hall,E01022503,Basingstoke and Deane 012D,Theft from the person,Investigation complete; no suspect identified,
ae729e91fa619c38b851809aaf4283d3a90d199239759b474384434d62ffe8db,2024-03,Hampshire Constabulary,Hampshire Constabulary,-1.086987,51.262937,On or near Theatre/Concert Hall,E01022503,Basingstoke and Deane 012D,Violence and sexual offences,Investigation complete; no suspect identified,
48b49313cd5b6db5b35afef63b890c7d2504989c9928296ba161af8c7e98f71f,2024-03,Hampshire Constabulary,Hampshire Constabulary,-1.088285,51.262374,On or near Winchester Street,E01022503,Basingstoke and Deane 012D,Violence and sexual offences,Unable to prosecute suspect,
230017d94b8c6c9a772fe0ff8bd50714fd697c38d3afe47ef3c569d85c636e11,2024-03,Hampshire Constabulary,Hampshire Constabulary,-1.088298,51.260270,On or near Theatre/Concert Hall,E01022503,Basingstoke and Deane 012D,Violence and sexual offences,Investigation complete; no suspect identified,
13e0d7dc9575f02575e29968eb3e8f06aca1a9aece542913490b7da784de4e67,2024-03,Hampshire Constabulary,Hampshire Constabulary,-1.088285,51.262374,On or near Winchester Street,E01022503,Basingstoke and Deane 012D,Violence and sexual offences,Unable to prosecute suspect,
fc4e9f20c565a7cacaf221408ad3b09f96d3e6b5546536cb082bb3c483789094,2024-03,Hampshire Constabulary,Hampshire Constabulary,-1.088285,51.262374,On or near Winchester Street,E01022503,Basingstoke and Deane 012D,Violence and sexual offences,Investigation complete; no suspect identified,
316886100c9e330034a23cc41e3992a6267964a69f0dca1464859d31368243ba,2024-03,Hampshire Constabulary,Hampshire Constabulary,-1.086987,51.262937,On or near Theatre/Concert Hall,E01022503,Basingstoke and Deane 012D,Violence and sexual offences,Investigation complete; no suspect identified,
8420b72b00d75ce0d559310ecd3f83c3fa123d41e79207dba259157fbf0cfc1d,2024-03,Hampshire Constabulary,Hampshire Constabulary,-1.086734,51.263262,On or near Wote Street,E01022503,Basingstoke and Deane 012D,Violence and sexual offences,Status update unavailable,
6ed3f4c588fc51491207c258b95c4c9c97faa67ca0ea19a8836fbe311289327c,2024-03,Hampshire Constabulary,Hampshire Constabulary,-1.086734,51.263262,On or near Wote Street,E01022503,Basingstoke and Deane 012D,Violence and sexual offences,Unable to prosecute suspect,
5e09ddec43edf24f22d0bb44a741b02b64029e070473f8648be27b67dcd75cb3,2024-03,Hampshire Constabulary,Hampshire Constabulary,-1.092378,51.260491,On or near Frances Road,E01022503,Basingstoke and Deane 012D,Violence and sexual offences,Status update unavailable,
10d32e351c556f0ef5e668e1ee5d40c223cc1e2d7664d783792ab4cdad708c27,2024-03,Hampshire Constabulary,Hampshire Constabulary,-1.083131,51.258504,On or near Applegarth Close,E01022503,Basingstoke and Deane 012D,Violence and sexual offences,Investigation complete; no suspect identified,
ccee0f8a9ba31fed050513d8ab700f5bac6b238e1e51b77f6b87c16eb9dff773,2024-03,Hampshire Constabulary,Hampshire Constabulary,-1.096356,51.262284,On or near Winchcombe Road,E01032845,Basingstoke and Deane 012E,Violence and sexual offences,Unable to prosecute suspect,
8408d5282f257b0ff270951fa18a978ee116dfa91d910e22f3f9a662bab007d4,2024-03,Hampshire Constabulary,Hampshire Constabulary,-1.097684,51.263248,On or near Roundmead Road,E01032845,Basingstoke and Deane 012E,Violence and sexual offences,Unable to prosecute suspect,
e20026cde2ee0413664d5a77fc418af7639cad7cc536ad39bea799153e38cdc3,2024-03,Hampshire Constabulary,Hampshire Constabulary,-1.095941,51.265158,On or near Solby'S Road,E01032845,Basingstoke and Deane 012E,Violence and sexual offences,Unable to prosecute suspect,
41941ed64655f43642e20835a0994915e449454dc32efedc493096584cd85af0,2024-03,Hampshire Constabulary,Hampshire Constabulary,-1.098646,51.266123,On or near May Street,E01032845,Basingstoke and Deane 012E,Violence and sexual offences,Court result unavailable,
7970ff54a1a731b91d7f841b9caa6fa4190cef906684666bc019f2b63f8373f6,2024-03,Hampshire Constabulary,Hampshire Constabulary,-1.095043,51.262004,On or near Penrith Road,E01032845,Basingstoke and Deane 012E,Burglary,Investigation complete; no suspect identified,
af8ecef434a5d3af5a360b1dea1924de7d4ef4e5a34b385c784f710a83134187,2024-03,Hampshire Constabulary,Hampshire Constabulary,-1.097684,51.263248,On or near Roundmead Road,E01032845,Basingstoke and Deane 012E,Public order,Unable to prosecute suspect,
b4ebc582e66904ab2e1ca622f09f94c89572f0355480e10c125ba2eed49a7856,2024-03,Hampshire Constabulary,Hampshire Constabulary,-1.101087,51.265899,On or near College Road,E01032845,Basingstoke and Deane 012E,Violence and sexual offences,Status update unavailable,
74dffceb07b9245a133c71e45fd42c00cd7bae4c005d1ee77f6baec1c6bb81ad,2024-03,Hampshire Constabulary,Hampshire Constabulary,-1.097053,51.266920,On or near Sinclair Drive,E01032846,Basingstoke and Deane 012F,Criminal damage and arson,Unable to prosecute suspect,
c07df153618fb9ca67efd97a59a5c80590119e4d0ade4c96734318a9de829a76,2024-03,Hampshire Constabulary,Hampshire Constabulary,-1.097053,51.266920,On or near Sinclair Drive,E01032846,Basingstoke and Deane 012F,Drugs,Further investigation is not in the public interest,
f46f8807f3b9596d7940ca376deb2b47055625feb8c21f2215becdea7ff90663,2024-03,Hampshire Constabulary,Hampshire Constabulary,-1.097053,51.266920,On or near Sinclair Drive,E01032846,Basingstoke and Deane 012F,Other theft,Investigation complete; no suspect identified,
d97ce29f4bf4649217c1d618f949055d1090ee927bbf76cfd11871eddd0dfcf8,2024-03,Hampshire Constabulary,Hampshire Constabulary,-1.097053,51.266920,On or near Sinclair Drive,E01032846,Basingstoke and Deane 012F,Public order,Unable to prosecute suspect,
a504fbcd7cd296a884d956294115778c84ef0d280ef53fd0e4956998c329c8f7,2024-03,Hampshire Constabulary,Hampshire Constabulary,-1.097053,51.266920,On or near Sinclair Drive,E01032846,Basingstoke and Deane 012F,Violence and sexual offences,Unable to prosecute suspect,
b3102d551b18de8489079195e7609e5b8280d1a94982e22e08b04c638a52ec6e,2024-03,Hampshire Constabulary,Hampshire Constabulary,-1.093707,51.265051,On or near Essex Road,E01032846,Basingstoke and Deane 012F,Violence and sexual offences,Unable to prosecute suspect,
9efc01c13170435ab67f6eeb8c9246b88c0d0da9e53003e7222f87fe1b37afb7,2024-03,Hampshire Constabulary,Hampshire Constabulary,-1.097053,51.266920,On or near Sinclair Drive,E01032846,Basingstoke and Deane 012F,Violence and sexual offences,Unable to prosecute suspect,
563f13707554d68af2b8eb47acc2e341554132d937559fff1600aeef4d714a10,2024-03,Hampshire Constabulary,Hampshire Constabulary,-1.092890,51.267958,On or near Winterthur Way,E01032846,Basingstoke and Deane 012F,Other theft,Investigation complete; no suspect identified,
d76209d567e361012cb863970e4ac58c17113542a55f5cf419c0a8b04803554d,2024-03,Hampshire Constabulary,Hampshire Constabulary,-1.092890,51.267958,On or near Winterthur Way,E01032846,Basingstoke and Deane 012F,Theft from the person,Unable to prosecute suspect,
c74f6e7ccfd89b0ea0f2d8790964cbb98aa069cbad2ff74dd339ff05d27e844f,2024-03,Hampshire Constabulary,Hampshire Constabulary,-1.095660,51.265606,On or near Welton Court,E01032846,Basingstoke and Deane 012F,Violence and sexual offences,Unable to prosecute suspect,
b77bb6a2f360d20915cb7b1f173163eba785e2f273b4c33f1936cdd110bbf756,2024-03,Hampshire Constabulary,Hampshire Constabulary,-1.097053,51.266920,On or near Sinclair Drive,E01032846,Basingstoke and Deane 012F,Violence and sexual offences,Unable to prosecute suspect,
ab264dc1abf9de441d46f15cb00daced3d7dda5d500157a87266e4d56f1eca85,2024-03,Hampshire Constabulary,Hampshire Constabulary,-1.124635,51.259154,On or near Burnaby Close,E01022484,Basingstoke and Deane 013A,Public order,Local resolution,
cee91772e84f5898b4959dd78bcce5da63dd8471b96d5caf6fa5d558e0e3ab1d,2024-03,Hampshire Constabulary,Hampshire Constabulary,-1.124635,51.259154,On or near Burnaby Close,E01022484,Basingstoke and Deane 013A,Shoplifting,Court result unavailable,
260dd15699663c96593de170e66506b7b4c41df748f58b8ffe9779a36796ae5a,2024-03,Hampshire Constabulary,Hampshire Constabulary,-1.126276,51.257287,On or near Claythorpe Road,E01022484,Basingstoke and Deane 013A,Violence and sexual offences,Court result unavailable,
927c6e51b57fe894bbfdbfbade111086b0ae7f041c84432f6f3f76bfa8e347f6,2024-03,Hampshire Constabulary,Hampshire Constabulary,-1.123132,51.259089,On or near Ballard Close,E01022484,Basingstoke and Deane 013A,Criminal damage and arson,Investigation complete; no suspect identified,
e421dbc7e5cbd0cab54eb01d381219b585fe2de67cd7db0390f4468fc3d6c6c2,2024-03,Hampshire Constabulary,Hampshire Constabulary,-1.125744,51.255080,On or near Balmoral Court,E01022484,Basingstoke and Deane 013A,Public order,Investigation complete; no suspect identified,
aeab9e84f5001324f0eaa1d1ac9e824624d35ab58ff38747ca38b33de488c802,2024-03,Hampshire Constabulary,Hampshire Constabulary,-1.125744,51.255080,On or near Balmoral Court,E01022484,Basingstoke and Deane 013A,Public order,Unable to prosecute suspect,
e80e26a0975ab5d96261abea2d65cb63d41351300ad88d23dec9419464c29514,2024-03,Hampshire Constabulary,Hampshire Constabulary,-1.124937,51.257574,On or near Dibley Close,E01022484,Basingstoke and Deane 013A,Vehicle crime,Investigation complete; no suspect identified,
e9d9f51f2c0aafc51726982ef9e72e66eb5ad601cf998d7117c2620930bfd304,2024-03,Hampshire Constabulary,Hampshire Constabulary,-1.123132,51.259089,On or near Ballard Close,E01022484,Basingstoke and Deane 013A,Violence and sexual offences,Status update unavailable,
66f7452011671b71fba03b7050f8c1be3f117d4bce4d683687caf973784bc903,2024-03,Hampshire Constabulary,Hampshire Constabulary,-1.123132,51.259089,On or near Ballard Close,E01022484,Basingstoke and Deane 013A,Violence and sexual offences,Further investigation is not in the public interest,
fb73e59f87bee9bfb68377eb44ef4df1295704cd212796ddede5023f30f636b8,2024-03,Hampshire Constabulary,Hampshire Constabulary,-1.125997,51.259155,On or near Brewer Close,E01022484,Basingstoke and Deane 013A,Violence and sexual offences,Unable to prosecute suspect,
feace21f68fd20a4c3d89291f7bbe2abe44239879e776da5fc9eb48e8e5ffa42,2024-03,Hampshire Constabulary,Hampshire Constabulary,-1.123132,51.259089,On or near Ballard Close,E01022484,Basingstoke and Deane 013A,Violence and sexual offences,Investigation complete; no suspect identified,
7311e4b46eee7d6ff6da51ee4b4c5baaa6344928833dca5cbb22895d82cc82e5,2024-03,Hampshire Constabulary,Hampshire Constabulary,-1.125086,51.256523,On or near Cleaver Road,E01022484,Basingstoke and Deane 013A,Violence and sexual offences,Unable to prosecute suspect,
2599480861b1d760cd9661597eccca080219ab6552bcdbfddafcf8d9f0700c88,2024-03,Hampshire Constabulary,Hampshire Constabulary,-1.125997,51.259155,On or near Brewer Close,E01022484,Basingstoke and Deane 013A,Violence and sexual offences,Unable to prosecute suspect,
09795704078caa40751cdcfbf0dc6587cedf7d9af975d3b52e878c71332fd92c,2024-03,Hampshire Constabulary,Hampshire Constabulary,-1.123132,51.259089,On or near Ballard Close,E01022484,Basingstoke and Deane 013A,Violence and sexual offences,Further investigation is not in the public interest,
73b9c6eb9e211d4a7cb83644aa5040848ed4a4d99c74c054d734371abd3876c8,2024-03,Hampshire Constabulary,Hampshire Constabulary,-1.123132,51.259089,On or near Ballard Close,E01022484,Basingstoke and Deane 013A,Violence and sexual offences,Further investigation is not in the public interest,
22e16608baaf6bc03519dc5eab8602bb9e1a715bd4d8445c9b26199e0f982d46,2024-03,Hampshire Constabulary,Hampshire Constabulary,-1.123132,51.259089,On or near Ballard Close,E01022484,Basingstoke and Deane 013A,Violence and sexual offences,Further investigation is not in the public interest,
c4eb1b55b6783544ec14aeee30fc1bd5802418ee701c62f36b74063eca3c7375,2024-03,Hampshire Constabulary,Hampshire Constabulary,-1.123023,51.260275,On or near Bardwell Close,E01022484,Basingstoke and Deane 013A,Violence and sexual offences,Unable to prosecute suspect,
f82536b7f92f5927a60ed5761c1a3d01108d499aa9aebb52a5004c2cae72dbfc,2024-03,Hampshire Constabulary,Hampshire Constabulary,-1.127320,51.256629,On or near Chivers Close,E01022484,Basingstoke and Deane 013A,Violence and sexual offences,Unable to prosecute suspect,
1aaed863ecca2499c1fa3c5535c1e9389ddb4649c7549f07354d6eea07c8837b,2024-03,Hampshire Constabulary,Hampshire Constabulary,-1.123132,51.259089,On or near Ballard Close,E01022484,Basingstoke and Deane 013A,Violence and sexual offences,Further investigation is not in the public interest,
aedf99b219c68937e71b0d412e473e8c3912a0e838c4f1da281c8bf22c3d0d72,2024-03,Hampshire Constabulary,Hampshire Constabulary,-1.132502,51.254617,On or near Cleveland Close,E01022485,Basingstoke and Deane 013B,Burglary,Investigation complete; no suspect identified,
a140f4bbbbff7d38f04cb64ee539c85f7819d47bf57e6c37091ce22e4c6dd574,2024-03,Hampshire Constabulary,Hampshire Constabulary,-1.134077,51.255474,On or near Blackdown Close,E01022485,Basingstoke and Deane 013B,Violence and sexual offences,Unable to prosecute suspect,
e133494d98a5dd427c99b83e47e166b87313d494ffb79558531951dc835ba748,2024-03,Hampshire Constabulary,Hampshire Constabulary,-1.135118,51.255734,On or near Mendip Close,E01022485,Basingstoke and Deane 013B,Violence and sexual offences,Unable to prosecute suspect,
81650ca2aa6565858ef48ff0b1812e66769ab430b89e990431df05cec176f65d,2024-03,Hampshire Constabulary,Hampshire Constabulary,-1.135118,51.255734,On or near Mendip Close,E01022485,Basingstoke and Deane 013B,Violence and sexual offences,Unable to prosecute suspect,
88bf4123c31e048ad9ab503bbfbe3d3f770eeb76743ff27ab90efe78260771c4,2024-03,Hampshire Constabulary,Hampshire Constabulary,-1.133516,51.256056,On or near Supermarket,E01022485,Basingstoke and Deane 013B,Criminal damage and arson,Unable to prosecute suspect,
53f37c0c57a2afc5f52a995e0eae2a00da4f8b65ecaeab54d9a25bff2106b451,2024-03,Hampshire Constabulary,Hampshire Constabulary,-1.133516,51.256056,On or near Supermarket,E01022485,Basingstoke and Deane 013B,Other theft,Investigation complete; no suspect identified,
9daebe25473c45e7efd7c65e48b6804b808cb887f2a2c3c429880b1a3187b0e1,2024-03,Hampshire Constabulary,Hampshire Constabulary,-1.133516,51.256056,On or near Supermarket,E01022485,Basingstoke and Deane 013B,Vehicle crime,Investigation complete; no suspect identified,
43e8803ff5b73ec30e110c3195892d1d38c735004d574ee80584beeeabb02ad8,2024-03,Hampshire Constabulary,Hampshire Constabulary,-1.134449,51.257033,On or near Malvern Close,E01022486,Basingstoke and Deane 013C,Violence and sexual offences,Unable to prosecute suspect,
f1e7748116d96b033e1fd26d214215c9c68b831c64d7f387c6ea94ea48139b87,2024-03,Hampshire Constabulary,Hampshire Constabulary,-1.139103,51.258758,On or near Pewsey Close,E01022486,Basingstoke and Deane 013C,Violence and sexual offences,Unable to prosecute suspect,
b5839bfe13ac4aed03c3b6b0cb6f6f8f72c62dbc602352d3d25331fe118800e9,2024-03,Hampshire Constabulary,Hampshire Constabulary,-1.132720,51.261336,On or near Cotswold Close,E01022486,Basingstoke and Deane 013C,Violence and sexual offences,Unable to prosecute suspect,
a19c8089f471a8b18d2f14cb140212c0fdf384ee00012ab1babf5d922d8ea570,2024-03,Hampshire Constabulary,Hampshire Constabulary,-1.133501,51.259445,On or near Fylingdales Close,E01022486,Basingstoke and Deane 013C,Violence and sexual offences,Unable to prosecute suspect,
d2f85afa785a9677185d1b9e94c8a7b9cb018e0927ef39365c4e631e2837086a,2024-03,Hampshire Constabulary,Hampshire Constabulary,-1.132008,51.261106,On or near Mourne Close,E01022486,Basingstoke and Deane 013C,Violence and sexual offences,Unable to prosecute suspect,
,2024-03,Hampshire Constabulary,Hampshire Constabulary,-1.133501,51.259445,On or near Fylingdales Close,E01022486,Basingstoke and Deane 013C,Anti-social behaviour,,
ecf9faee618803434ad4b576e7093e37ae4c1c331d2305fc0c2ad1c94a6ce9d2,2024-03,Hampshire Constabulary,Hampshire Constabulary,-1.137395,51.259662,On or near Devizes Close,E01022486,Basingstoke and Deane 013C,Criminal damage and arson,Investigation complete; no suspect identified,
f7627f2ba63f83aee14e9df549d1c5b53c8e9e138eef1d2a8c279c28cd6614de,2024-03,Hampshire Constabulary,Hampshire Constabulary,-1.134958,51.261218,On or near Kempshott Grove,E01022486,Basingstoke and Deane 013C,Other theft,Status update unavailable,
6d16ee1b0bc7af5a4d6c99574b56304fba5a93a0e1668cc2f6359bbbfde0da97,2024-03,Hampshire Constabulary,Hampshire Constabulary,-1.132720,51.261336,On or near Cotswold Close,E01022486,Basingstoke and Deane 013C,Vehicle crime,Investigation complete; no suspect identified,
881ff7bde67866cc14d14197bea488a757223dd333aeb15358ffb0db65288d54,2024-03,Hampshire Constabulary,Hampshire Constabulary,-1.132008,51.261106,On or near Mourne Close,E01022486,Basingstoke and Deane 013C,Violence and sexual offences,Investigation complete; no suspect identified,
67c9b0f6bc7dfdf4746880a6c6cae931f975ea890c31e613b9585c2cd5193b18,2024-03,Hampshire Constabulary,Hampshire Constabulary,-1.128936,51.259824,On or near Prescelly Close,E01022487,Basingstoke and Deane 013D,Public order,Unable to prosecute suspect,
d39b2984eb398fa6c7b22cd46805d203107fc61e58e1be64db819e3b2ca7e0de,2024-03,Hampshire Constabulary,Hampshire Constabulary,-1.127596,51.257935,On or near Alliston Way,E01022487,Basingstoke and Deane 013D,Violence and sexual offences,Further investigation is not in the public interest,
ded1ef3f2c3c7bff6770609b2c169150ea213810ea4ef34636fbdfe6d8b0f1be,2024-03,Hampshire Constabulary,Hampshire Constabulary,-1.127596,51.257935,On or near Alliston Way,E01022487,Basingstoke and Deane 013D,Violence and sexual offences,Unable to prosecute suspect,
b088dc0732a8c86b9a92ae5d9aa3c71e0732a4ed2845872c37d6dbf4ab6e751e,2024-03,Hampshire Constabulary,Hampshire Constabulary,-1.127596,51.257935,On or near Alliston Way,E01022487,Basingstoke and Deane 013D,Violence and sexual offences,Unable to prosecute suspect,
281fd34baaea3c2640bc086a1ffea707fa59870c5795efbcd30136189d162468,2024-03,Hampshire Constabulary,Hampshire Constabulary,-1.131860,51.257553,On or near Ochil Close,E01022487,Basingstoke and Deane 013D,Violence and sexual offences,Unable to prosecute suspect,
8216ba852d4dc726beda4fd4226bc9cfb8d61aba6d6dbfff97933391e0695767,2024-03,Hampshire Constabulary,Hampshire Constabulary,-1.127596,51.257935,On or near Alliston Way,E01022487,Basingstoke and Deane 013D,Violence and sexual offences,Unable to prosecute suspect,
5bab0c744ccf886748fc9427f1cc0570d048001ea911c0e1e9147679cca4fbf4,2024-03,Hampshire Constabulary,Hampshire Constabulary,-1.128936,51.259824,On or near Prescelly Close,E01022487,Basingstoke and Deane 013D,Violence and sexual offences,Unable to prosecute suspect,
0cb04869fc1cffd433cac54ee90dd3927f4946a1a2ff66a04ed78769fcc200d8,2024-03,Hampshire Constabulary,Hampshire Constabulary,-1.126698,51.259934,On or near Edgehill Close,E01022487,Basingstoke and Deane 013D,Violence and sexual offences,Unable to prosecute suspect,
8e5e136ff20853c27f97bd2057baa5402a4dd7fcb903aa580594e07789bcef0a,2024-03,Hampshire Constabulary,Hampshire Constabulary,-1.126556,51.257613,On or near Cornish Close,E01022487,Basingstoke and Deane 013D,Violence and sexual offences,Unable to prosecute suspect,
81151a750d3d2b51dd12a63cd81aefdc3efba4f4a42ca393ff662e9e6ea945c6,2024-03,Hampshire Constabulary,Hampshire Constabulary,-1.126556,51.257613,On or near Cornish Close,E01022487,Basingstoke and Deane 013D,Violence and sexual offences,Further investigation is not in the public interest,
73a1271672a0445c7feee423cd030a761339eb1fcc3ac14610bbafdf9b6cf023,2024-03,Hampshire Constabulary,Hampshire Constabulary,-1.126556,51.257613,On or near Cornish Close,E01022487,Basingstoke and Deane 013D,Violence and sexual offences,Unable to prosecute suspect,
1709d1ccf681d6c8b2ff42eeecf80acc59902aab8f7bac4995b9899aa57d4124,2024-03,Hampshire Constabulary,Hampshire Constabulary,-1.128427,51.261008,On or near Cairngorm Close,E01022487,Basingstoke and Deane 013D,Violence and sexual offences,Unable to prosecute suspect,
1eb9b26f40938081346e3dd74dbbda628416b82f7874ea50747381c94b9339f4,2024-03,Hampshire Constabulary,Hampshire Constabulary,-1.128510,51.266421,On or near Pembroke Road,E01022569,Basingstoke and Deane 013E,Violence and sexual offences,Investigation complete; no suspect identified,
d0bc0245c73a8db235a47b4ebed19667a57bfc01b697b5f5a72ac98cd612b5cb,2024-03,Hampshire Constabulary,Hampshire Constabulary,-1.128510,51.266421,On or near Pembroke Road,E01022569,Basingstoke and Deane 013E,Violence and sexual offences,Investigation complete; no suspect identified,
,2024-03,Hampshire Constabulary,Hampshire Constabulary,-1.131335,51.267153,On or near Anna Gardens,E01022569,Basingstoke and Deane 013E,Anti-social behaviour,,
,2024-03,Hampshire Constabulary,Hampshire Constabulary,-1.128497,51.261808,On or near B3400,E01022569,Basingstoke and Deane 013E,Anti-social behaviour,,
1ad9d90fd203b023989b178664f2c184c7941ab8bab1384f415f8c7c28aea668,2024-03,Hampshire Constabulary,Hampshire Constabulary,-1.131870,51.262716,On or near Shopping Area,E01022569,Basingstoke and Deane 013E,Burglary,Investigation complete; no suspect identified,
d1fa5479040db2e54ca7ca01b578e4a970ffcdeee796e9a35e28fbbf3566da18,2024-03,Hampshire Constabulary,Hampshire Constabulary,-1.131092,51.262538,On or near West Ham Lane,E01022569,Basingstoke and Deane 013E,Other theft,Investigation complete; no suspect identified,
a9cd073a14789abe1564dc76a1be9dfcd2e565516f928a3852ba6d307f97eb5e,2024-03,Hampshire Constabulary,Hampshire Constabulary,-1.116631,51.249814,On or near Esher Close,E01022548,Basingstoke and Deane 014A,Criminal damage and arson,Unable to prosecute suspect,
eff673ef138dcc8f1ea6a3b3e045dfd6b3cbf670fa232df6eaaf18e3a41fd327,2024-03,Hampshire Constabulary,Hampshire Constabulary,-1.116631,51.249814,On or near Esher Close,E01022548,Basingstoke and Deane 014A,Drugs,Local resolution,
fe29cf2a2ac2a75b18a01a3c7d18f6a892082fcf8c1aea2d0b6181d974d84b97,2024-03,Hampshire Constabulary,Hampshire Constabulary,-1.116631,51.249814,On or near Esher Close,E01022548,Basingstoke and Deane 014A,Shoplifting,Court result unavailable,
b1adb30039d8206cec449d4f72feb0343cd4da55fa630a7d9d37570a7caf0682,2024-03,Hampshire Constabulary,Hampshire Constabulary,-1.116631,51.249814,On or near Esher Close,E01022548,Basingstoke and Deane 014A,Shoplifting,Unable to prosecute suspect,
65b32ea4319fd3b49e113758175182fe1dc0afe35dfb8661a6deaca12df4393e,2024-03,Hampshire Constabulary,Hampshire Constabulary,-1.116631,51.249814,On or near Esher Close,E01022548,Basingstoke and Deane 014A,Shoplifting,Court result unavailable,
,2024-03,Hampshire Constabulary,Hampshire Constabulary,-1.107707,51.254107,On or near Austen Grove,E01022548,Basingstoke and Deane 014A,Anti-social behaviour,,
15553221237e056405531d47244a15a2f3110101d65feba8396c7e89ca28b87f,2024-03,Hampshire Constabulary,Hampshire Constabulary,-1.116631,51.249814,On or near Esher Close,E01022548,Basingstoke and Deane 014A,Vehicle crime,Investigation complete; no suspect identified,
e5608cce5f9d9177edca787021d34ca028cd7c82c1519f6718a6c0a31f515bbd,2024-03,Hampshire Constabulary,Hampshire Constabulary,-1.110891,51.253223,On or near Mansfield Road,E01022548,Basingstoke and Deane 014A,Violence and sexual offences,Status update unavailable,
7d8bb05dbcc27823e61d9914cf949948029f9e76188dd89a733c3ea6f2548c9f,2024-03,Hampshire Constabulary,Hampshire Constabulary,-1.107707,51.254107,On or near Austen Grove,E01022548,Basingstoke and Deane 014A,Violence and sexual offences,Investigation complete; no suspect identified,
03186e6a5f2d061d4362644e77c1d89bd612c3c1ec06ecd540ed788dda493e8d,2024-03,Hampshire Constabulary,Hampshire Constabulary,-1.107707,51.254107,On or near Austen Grove,E01022548,Basingstoke and Deane 014A,Violence and sexual offences,Status update unavailable,
99baf46ee611d3be9ba32ac67c5f2483f2a6d37984c2cefc95e048241f7ee806,2024-03,Hampshire Constabulary,Hampshire Constabulary,-1.123882,51.255030,On or near St Lukes Close,E01022549,Basingstoke and Deane 014B,Other theft,Unable to prosecute suspect,
9d155518fce48944cbbcb084b7db87cd0c5363afa68ff32ece3ce6e4d70d2b68,2024-03,Hampshire Constabulary,Hampshire Constabulary,-1.123882,51.255030,On or near St Lukes Close,E01022549,Basingstoke and Deane 014B,Public order,Unable to prosecute suspect,
e03f5684939cfedddb576edf0b68fbf4581123772d2e3df51872196a6925826d,2024-03,Hampshire Constabulary,Hampshire Constabulary,-1.119333,51.256875,On or near Challoner Close,E01022549,Basingstoke and Deane 014B,Public order,Unable to prosecute suspect,
1731865252356421d2ba646511a3e1bc34fa5daefec1181be5b2949537a6ed38,2024-03,Hampshire Constabulary,Hampshire Constabulary,-1.118392,51.257372,On or near Paddock Road,E01022549,Basingstoke and Deane 014B,Public order,Unable to prosecute suspect,
0882c9b240186a66e29db0b52be9c3a9b1fcb3cd6f9dd406360e879c4c36685a,2024-03,Hampshire Constabulary,Hampshire Constabulary,-1.119333,51.256875,On or near Challoner Close,E01022549,Basingstoke and Deane 014B,Public order,Unable to prosecute suspect,
eb72bc15c0bfec9e83ed157487fcd8a73c788e58a923f213cc5a54820fe6e66d,2024-03,Hampshire Constabulary,Hampshire Constabulary,-1.123882,51.255030,On or near St Lukes Close,E01022549,Basingstoke and Deane 014B,Vehicle crime,Investigation complete; no suspect identified,
d7576f9f894b51f89cb1252dd3f0963468149ac40dad17c32d7f98bf79d36625,2024-03,Hampshire Constabulary,Hampshire Constabulary,-1.117620,51.252024,On or near Stag Hill,E01022549,Basingstoke and Deane 014B,Violence and sexual offences,Unable to prosecute suspect,
a5fc3318e658c995fc8b2845e287984a915f129f60b29cc2847ef40b70026298,2024-03,Hampshire Constabulary,Hampshire Constabulary,-1.123882,51.255030,On or near St Lukes Close,E01022549,Basingstoke and Deane 014B,Violence and sexual offences,Court result unavailable,
db7a444438d1ed9c00c11de1ff91317fc0f6d0298d41fa7864d99b76ad36aa82,2024-03,Hampshire Constabulary,Hampshire Constabulary,-1.119333,51.256875,On or near Challoner Close,E01022549,Basingstoke and Deane 014B,Violence and sexual offences,Offender given a caution,
e45a85887dea9ef58d7160ad3cf7543d42b147cac7c209b3a8b8a135a7fe7e13,2024-03,Hampshire Constabulary,Hampshire Constabulary,-1.118392,51.257372,On or near Paddock Road,E01022549,Basingstoke and Deane 014B,Violence and sexual offences,Unable to prosecute suspect,
ffb5c072770107466e603f0537aaaebfd9b0fa03655029f8d0813fb7f7cf7da2,2024-03,Hampshire Constabulary,Hampshire Constabulary,-1.119333,51.256875,On or near Challoner Close,E01022549,Basingstoke and Deane 014B,Violence and sexual offences,Unable to prosecute suspect,
,2024-03,Hampshire Constabulary,Hampshire Constabulary,-1.118392,51.257372,On or near Paddock Road,E01022549,Basingstoke and Deane 014B,Anti-social behaviour,,
e3ddab3ca9dd000a1eaa9fe679561b74594f106de0de0b35213604c5e1b18c7e,2024-03,Hampshire Constabulary,Hampshire Constabulary,-1.117620,51.252024,On or near Stag Hill,E01022549,Basingstoke and Deane 014B,Other theft,Unable to prosecute suspect,
98ef882c2be6ec896527585d5e9039658f5cfd5a666a237b597719f2df98a31c,2024-03,Hampshire Constabulary,Hampshire Constabulary,-1.122708,51.257242,On or near St Michael'S Road,E01022549,Basingstoke and Deane 014B,Other theft,Status update unavailable,
3206c13bca97421b45e009d2e8e12cd1f10dc9bab57f5da78d407e56476a30d9,2024-03,Hampshire Constabulary,Hampshire Constabulary,-1.122708,51.257242,On or near St Michael'S Road,E01022549,Basingstoke and Deane 014B,Shoplifting,Investigation complete; no suspect identified,
aa2481374783091ae392ef41e421f3165f4cdc1c477dd00c8d3f255902a3b02c,2024-03,Hampshire Constabulary,Hampshire Constabulary,-1.119333,51.256875,On or near Challoner Close,E01022549,Basingstoke and Deane 014B,Violence and sexual offences,Unable to prosecute suspect,
2ca62c049a960c495c74d040cdb8ac7ed5b403a36aaced0c138004aed635c2de,2024-03,Hampshire Constabulary,Hampshire Constabulary,-1.123882,51.255030,On or near St Lukes Close,E01022549,Basingstoke and Deane 014B,Violence and sexual offences,Investigation complete; no suspect identified,
38a7a145a0500321e670d87c61aefb8611788a911f846512a28b3b36751994ca,2024-03,Hampshire Constabulary,Hampshire Constabulary,-1.119333,51.256875,On or near Challoner Close,E01022549,Basingstoke and Deane 014B,Violence and sexual offences,Unable to prosecute suspect,
a50fd947da5b8527118be81bac5c81bbc1f6c062f4c3acbd81f102ab38bcbcc3,2024-03,Hampshire Constabulary,Hampshire Constabulary,-1.123882,51.255030,On or near St Lukes Close,E01022549,Basingstoke and Deane 014B,Violence and sexual offences,Unable to prosecute suspect,
83cb0ca0ce665c70b3238a449ed11b88e3b324e28e381cf21bb316587af65a92,2024-03,Hampshire Constabulary,Hampshire Constabulary,-1.113955,51.254883,On or near Carpenters Court,E01022550,Basingstoke and Deane 014C,Other theft,Local resolution,
fd59ecc0a6adc7c6b22c482775327f6b958a0e4b1c1de118f2e93d5e00685825,2024-03,Hampshire Constabulary,Hampshire Constabulary,-1.110416,51.257086,On or near Supermarket,E01022550,Basingstoke and Deane 014C,Other theft,Investigation complete; no suspect identified,
58313819194bc2b27dd48370d57c32049fec438de1c769aac41b46c20d877c16,2024-03,Hampshire Constabulary,Hampshire Constabulary,-1.113910,51.263174,On or near Grafton Way,E01022550,Basingstoke and Deane 014C,Robbery,Investigation complete; no suspect identified,
8b39c0c6c3ec854816ff8e6a68f568f6259a3f0dca797dee5b31d22af17dba87,2024-03,Hampshire Constabulary,Hampshire Constabulary,-1.110416,51.257086,On or near Supermarket,E01022550,Basingstoke and Deane 014C,Shoplifting,Court result unavailable,
e34daad72398f91f34df10aca88d5c2c7057a89eaef32184d9d4f5b363ebe581,2024-03,Hampshire Constabulary,Hampshire Constabulary,-1.110416,51.257086,On or near Supermarket,E01022550,Basingstoke and Deane 014C,Shoplifting,Court result unavailable,
72d1a7a0924d736db5190388a2f11239d69c4c78d6292f2d43efe37c8c5447ed,2024-03,Hampshire Constabulary,Hampshire Constabulary,-1.110416,51.257086,On or near Supermarket,E01022550,Basingstoke and Deane 014C,Shoplifting,Court result unavailable,
45b5eb422756347ce4fe916e9dab6037fe8cad8b1d3514205b35e93a14a299b6,2024-03,Hampshire Constabulary,Hampshire Constabulary,-1.110416,51.257086,On or near Supermarket,E01022550,Basingstoke and Deane 014C,Shoplifting,Court result unavailable,
86c5901bdc2873e70271934f4f236f06526b4d8eeb830f493b3501183dcb49b0,2024-03,Hampshire Constabulary,Hampshire Constabulary,-1.110416,51.257086,On or near Supermarket,E01022550,Basingstoke and Deane 014C,Shoplifting,Court result unavailable,
158e97ea4ee6045e6a0fb3fc31ce3ddad48167aad2f0375cbf52b9d697d26ca6,2024-03,Hampshire Constabulary,Hampshire Constabulary,-1.110416,51.257086,On or near Supermarket,E01022550,Basingstoke and Deane 014C,Vehicle crime,Investigation complete; no suspect identified,
6292e6bf21dd258fd16457133f1eecacea3ec0f157c51b11a7e870f6ae3f830e,2024-03,Hampshire Constabulary,Hampshire Constabulary,-1.114954,51.252112,On or near Portsmouth Walk,E01022550,Basingstoke and Deane 014C,Vehicle crime,Unable to prosecute suspect,
5e0a8d8bebe9d02dd0c18f97118fe556209f46609a17f14f6f680e3c7665f44c,2024-03,Hampshire Constabulary,Hampshire Constabulary,-1.114954,51.252112,On or near Portsmouth Walk,E01022550,Basingstoke and Deane 014C,Violence and sexual offences,Unable to prosecute suspect,
4c4fc6cec1c79edc3503ebb717eea33170c0878476877b03905d8c78da8bce74,2024-03,Hampshire Constabulary,Hampshire Constabulary,-1.113460,51.257487,On or near St Andrew'S Road,E01022550,Basingstoke and Deane 014C,Violence and sexual offences,Unable to prosecute suspect,
dbf39d7f34ccf9aa6f8b960156e04343926fa603788f6b9c518a01ad3e5e84d7,2024-03,Hampshire Constabulary,Hampshire Constabulary,-1.110845,51.257099,On or near King'S Road,E01022550,Basingstoke and Deane 014C,Violence and sexual offences,Unable to prosecute suspect,
48995dec05b8f3ce8ba7f2611d8d4ba8e79619168adee5ec30e11a991efe7c63,2024-03,Hampshire Constabulary,Hampshire Constabulary,-1.110845,51.257099,On or near King'S Road,E01022550,Basingstoke and Deane 014C,Violence and sexual offences,Action to be taken by another organisation,
77d8f894704cb31dec7d59bc89b7189547729a0655ce817b2a4dcbd94b0940ee,2024-03,Hampshire Constabulary,Hampshire Constabulary,-1.113916,51.259856,On or near Margaret Road,E01022550,Basingstoke and Deane 014C,Violence and sexual offences,Unable to prosecute suspect,
a83a18f7b6df547b8e1221f3a77187ebfbb24168cc4a006ba42593b649a1497b,2024-03,Hampshire Constabulary,Hampshire Constabulary,-1.113916,51.259856,On or near Margaret Road,E01022550,Basingstoke and Deane 014C,Violence and sexual offences,Unable to prosecute suspect,
53cf3777e392143d333d809813dbdb5c9cf816f9bee73a35908b72f805747ffa,2024-03,Hampshire Constabulary,Hampshire Constabulary,-1.113916,51.259856,On or near Margaret Road,E01022550,Basingstoke and Deane 014C,Violence and sexual offences,Unable to prosecute suspect,
,2024-03,Hampshire Constabulary,Hampshire Constabulary,-1.110416,51.257086,On or near Supermarket,E01022550,Basingstoke and Deane 014C,Anti-social behaviour,,
,2024-03,Hampshire Constabulary,Hampshire Constabulary,-1.111564,51.256250,On or near Princes' Crescent,E01022550,Basingstoke and Deane 014C,Anti-social behaviour,,
,2024-03,Hampshire Constabulary,Hampshire Constabulary,-1.113910,51.263174,On or near Grafton Way,E01022550,Basingstoke and Deane 014C,Anti-social behaviour,,
2addff0de768cef7de1d73e68655c7c4fa3fcdf37205ca5c71683dcac803266a,2024-03,Hampshire Constabulary,Hampshire Constabulary,-1.112642,51.259792,On or near Charles Street,E01022550,Basingstoke and Deane 014C,Burglary,Investigation complete; no suspect identified,
f24ff7cb65e2a294fb0a3380469ff4fe2718b1732e43661a9b9e7616153ff213,2024-03,Hampshire Constabulary,Hampshire Constabulary,-1.112921,51.256485,On or near Western Way,E01022550,Basingstoke and Deane 014C,Criminal damage and arson,Investigation complete; no suspect identified,
72a005a74cb3d9495646ebdf2370fba86d0246c3c62d24961967d2f2cec013db,2024-03,Hampshire Constabulary,Hampshire Constabulary,-1.110750,51.255354,On or near St Patrick'S Road,E01022550,Basingstoke and Deane 014C,Criminal damage and arson,Investigation complete; no suspect identified,
91c5b390af55e93cb00c99082988a594c06f2d2ecdde73e75505a14d0e39eb9b,2024-03,Hampshire Constabulary,Hampshire Constabulary,-1.110416,51.257086,On or near Supermarket,E01022550,Basingstoke and Deane 014C,Public order,Investigation complete; no suspect identified,
6049d20a26b5f820517534450a7622284ada8785a2bbaa52053ce7a30158015c,2024-03,Hampshire Constabulary,Hampshire Constabulary,-1.112921,51.256485,On or near Western Way,E01022550,Basingstoke and Deane 014C,Public order,Unable to prosecute suspect,
bfd1de184990dce37c29cb70ecbfc45076da65a86f4e7f9388960c0782e5444d,2024-03,Hampshire Constabulary,Hampshire Constabulary,-1.110416,51.257086,On or near Supermarket,E01022550,Basingstoke and Deane 014C,Shoplifting,Status update unavailable,
b24ee3f7fc53ccf75749558b411de7067f155e9c8ba774cf9a48eaaaef465b64,2024-03,Hampshire Constabulary,Hampshire Constabulary,-1.112921,51.256485,On or near Western Way,E01022550,Basingstoke and Deane 014C,Shoplifting,Investigation complete; no suspect identified,
9b283a8d41cba4184fb3eab0081aa5a521dc2bfb9ea7a2d6424ca814ee07f13e,2024-03,Hampshire Constabulary,Hampshire Constabulary,-1.110416,51.257086,On or near Supermarket,E01022550,Basingstoke and Deane 014C,Shoplifting,Status update unavailable,
e7b94d8dc53164371882376fca0219782444fd6fc622831fea6b033d8638af8d,2024-03,Hampshire Constabulary,Hampshire Constabulary,-1.113916,51.259856,On or near Margaret Road,E01022550,Basingstoke and Deane 014C,Vehicle crime,Investigation complete; no suspect identified,
258ac0fd03260b4270687d519c1036963a42b9cc8ac2031d283347bb95511c14,2024-03,Hampshire Constabulary,Hampshire Constabulary,-1.113916,51.259856,On or near Margaret Road,E01022550,Basingstoke and Deane 014C,Vehicle crime,Investigation complete; no suspect identified,
3e36288da5e3df541f90b3c034bda7bca375a96f1d321953f6d5d5cb0283f1db,2024-03,Hampshire Constabulary,Hampshire Constabulary,-1.113916,51.259856,On or near Margaret Road,E01022550,Basingstoke and Deane 014C,Violence and sexual offences,Status update unavailable,
fcf2fbe457dda0d1bca1188617a30162ff2a2431bd2d326a57ea74a309bfb5dc,2024-03,Hampshire Constabulary,Hampshire Constabulary,-1.111564,51.256250,On or near Princes' Crescent,E01022550,Basingstoke and Deane 014C,Violence and sexual offences,Unable to prosecute suspect,
6db799fea8748d40e9fc853b4a2a782dba9f858cbb578597543de7b732d4a1bf,2024-03,Hampshire Constabulary,Hampshire Constabulary,-1.112921,51.256485,On or near Western Way,E01022550,Basingstoke and Deane 014C,Violence and sexual offences,Investigation complete; no suspect identified,
9e99fdad52235e2c6da44ddebcd2cf2bb5a1dd5f933dd33b1f77defc3e29f174,2024-03,Hampshire Constabulary,Hampshire Constabulary,-1.118389,51.262794,On or near Supermarket,E01022551,Basingstoke and Deane 014D,Drugs,Local resolution,
74bbcd1db345bec98832fd72d16e4e65e9216a9fa588fed54d0c699c59a9c5e6,2024-03,Hampshire Constabulary,Hampshire Constabulary,-1.118392,51.260393,On or near St Peter'S Road,E01022551,Basingstoke and Deane 014D,Other theft,Investigation complete; no suspect identified,
690e8dbdeaaa18456a2449554af2a5591d85c46251c3aeea6f2d6a8364b4564e,2024-03,Hampshire Constabulary,Hampshire Constabulary,-1.115515,51.260191,On or near St Nicholas Court,E01022551,Basingstoke and Deane 014D,Public order,Investigation complete; no suspect identified,
bfed9a0f7b7966384a054711a4267add0cf51fb9f492ddc8874f0832c0b76f61,2024-03,Hampshire Constabulary,Hampshire Constabulary,-1.119960,51.263075,On or near West Ham Close,E01022551,Basingstoke and Deane 014D,Violence and sexual offences,Court result unavailable,
89dedab34828b207e5ddb3d7f43951ff98a33a2129e2f9571e7424b91fe00e1f,2024-03,Hampshire Constabulary,Hampshire Constabulary,-1.121134,51.264410,On or near Sports/Recreation Area,E01022551,Basingstoke and Deane 014D,Violence and sexual offences,Unable to prosecute suspect,
e95650de6735d74968cef93c1cb053cd4072ba105b34a7bb8ecc226aedf241e2,2024-03,Hampshire Constabulary,Hampshire Constabulary,-1.118392,51.260393,On or near St Peter'S Road,E01022551,Basingstoke and Deane 014D,Violence and sexual offences,Unable to prosecute suspect,
,2024-03,Hampshire Constabulary,Hampshire Constabulary,-1.121134,51.264410,On or near Sports/Recreation Area,E01022551,Basingstoke and Deane 014D,Anti-social behaviour,,
5d7ff358cf72a42953b2427d4af1a8015dd29cedefcf30ccbd5b7426badc7b79,2024-03,Hampshire Constabulary,Hampshire Constabulary,-1.121134,51.264410,On or near Sports/Recreation Area,E01022551,Basingstoke and Deane 014D,Other theft,Investigation complete; no suspect identified,
75d1f7a71d4c1106cd336a4231e011d8d8a4f32c301f260879d737997d77bb0d,2024-03,Hampshire Constabulary,Hampshire Constabulary,-1.108588,51.261191,On or near South Ham Road,E01022552,Basingstoke and Deane 014E,Vehicle crime,Unable to prosecute suspect,
c723fce3d71e18bb2e27fef1481acf6981f055305ca6c6c0c36bdeb72026b433,2024-03,Hampshire Constabulary,Hampshire Constabulary,-1.109372,51.259183,On or near Sandys Road,E01022552,Basingstoke and Deane 014E,Vehicle crime,Unable to prosecute suspect,
be887e24fd8c217c9f907e8fbb5ccdcce22965c743d8fdaf5ba494db549bd96c,2024-03,Hampshire Constabulary,Hampshire Constabulary,-1.109372,51.259183,On or near Sandys Road,E01022552,Basingstoke and Deane 014E,Violence and sexual offences,Unable to prosecute suspect,
57c5ea06dfd14917d22fef7045dbc395971c51601c1dc2ae6bc762f4e7bf3c7e,2024-03,Hampshire Constabulary,Hampshire Constabulary,-1.110529,51.260100,On or near Aldworth Crescent,E01022552,Basingstoke and Deane 014E,Violence and sexual offences,Action to be taken by another organisation,
a8904e5f6b03ab632289830cfd5bf21cce286400b2ccc28d89e3fd82ef01e82a,2024-03,Hampshire Constabulary,Hampshire Constabulary,-1.108588,51.261191,On or near South Ham Road,E01022552,Basingstoke and Deane 014E,Violence and sexual offences,Unable to prosecute suspect,
8f15a9181beb262e669d4b0b8899101a95473bb81cc9e5ab8b0ca75517e49e20,2024-03,Hampshire Constabulary,Hampshire Constabulary,-1.109882,51.258764,On or near Sandys Close,E01022552,Basingstoke and Deane 014E,Violence and sexual offences,Court result unavailable,
089022d20f77b1f678555a62bee80256209fc03b107f72637d7f51b0a9b07f4c,2024-03,Hampshire Constabulary,Hampshire Constabulary,-1.109372,51.259183,On or near Sandys Road,E01022552,Basingstoke and Deane 014E,Burglary,Investigation complete; no suspect identified,
ba9fa3f823c2cb3f4058dfe8a97cb7faae21b65733433eadbd9c2274bf7d8597,2024-03,Hampshire Constabulary,Hampshire Constabulary,-1.109372,51.259183,On or near Sandys Road,E01022552,Basingstoke and Deane 014E,Violence and sexual offences,Unable to prosecute suspect,
777011798bdde643f24618d16f345d78e0e00f19b734eedc08b7c0ae5d509cab,2024-03,Hampshire Constabulary,Hampshire Constabulary,-1.109372,51.259183,On or near Sandys Road,E01022552,Basingstoke and Deane 014E,Violence and sexual offences,Investigation complete; no suspect identified,
11555cbfa2cc20418fb0aaff7f2b0278bb1dbbddcb7db2303d3347cc063a968d,2024-03,Hampshire Constabulary,Hampshire Constabulary,-1.110693,51.259040,On or near St Paul'S Road,E01022552,Basingstoke and Deane 014E,Violence and sexual offences,Action to be taken by another organisation,
ba59f720668399dce52f9a6a99a45c4a6fdaa6d18391eca27fb8316fd489050e,2024-03,Hampshire Constabulary,Hampshire Constabulary,-1.110693,51.259040,On or near St Paul'S Road,E01022552,Basingstoke and Deane 014E,Violence and sexual offences,Unable to prosecute suspect,
f21148bba60774761d070d40b42376d5fc65da44a6d5036fc6fa65aaa5287ba5,2024-03,Hampshire Constabulary,Hampshire Constabulary,-1.108588,51.261191,On or near South Ham Road,E01022552,Basingstoke and Deane 014E,Violence and sexual offences,Investigation complete; no suspect identified,
91abe3c4228061a5e3aef9b1f7a0aaf8ef82293a3f2175e58d52144903c63f89,2024-03,Hampshire Constabulary,Hampshire Constabulary,-1.176592,51.256366,On or near Andover Road,E01022528,Basingstoke and Deane 015A,Criminal damage and arson,Investigation complete; no suspect identified,
fbb3009880835a91c20b7b2a13568dc20e14d0c939a85d9902f55472e6cbc91c,2024-03,Hampshire Constabulary,Hampshire Constabulary,-1.177184,51.252899,On or near Glamis Close,E01022528,Basingstoke and Deane 015A,Public order,Unable to prosecute suspect,
5e5fed635de3be2e907d89f072fd8b0753ccb70e0005f339c124b1744082f0f6,2024-03,Hampshire Constabulary,Hampshire Constabulary,-1.177184,51.252899,On or near Glamis Close,E01022528,Basingstoke and Deane 015A,Violence and sexual offences,Status update unavailable,
470a525d2a79c79d85e32f4e5524befa9d72e479f6a44a0a27e4c815888f75b9,2024-03,Hampshire Constabulary,Hampshire Constabulary,-1.177184,51.252899,On or near Glamis Close,E01022528,Basingstoke and Deane 015A,Violence and sexual offences,Unable to prosecute suspect,
039dc85a15f3e1e43a065daab76a95bf47e85d52f1daae3ad89677c86fbf2d57,2024-03,Hampshire Constabulary,Hampshire Constabulary,-1.172659,51.252750,On or near Mendip Mews,E01022528,Basingstoke and Deane 015A,Other crime,Status update unavailable,
eb90df58b99a762f6e035948102e93bb2e684fd484fbcdce1d9f33e17fdeadb5,2024-03,Hampshire Constabulary,Hampshire Constabulary,-1.174626,51.243736,On or near Water Ridges,E01022529,Basingstoke and Deane 015B,Violence and sexual offences,Unable to prosecute suspect,
96431fd635f999ac6e60bc140a2c247217fa7583a776bfcbf36bc0b3eed676ad,2024-03,Hampshire Constabulary,Hampshire Constabulary,-1.172010,51.243403,On or near Petersfield,E01022529,Basingstoke and Deane 015B,Violence and sexual offences,Unable to prosecute suspect,
4d044c43908bf96d3d28202ef7cc5912b32c1eff84617d41c50fc99fce387bc8,2024-03,Hampshire Constabulary,Hampshire Constabulary,-1.196874,51.251156,On or near Andover Road,E01022529,Basingstoke and Deane 015B,Violence and sexual offences,Local resolution,
a6ebd124539e5e57dad1cd37685f42b33868b28ba545806633f11b0eb495793e,2024-03,Hampshire Constabulary,Hampshire Constabulary,-1.172010,51.243403,On or near Petersfield,E01022529,Basingstoke and Deane 015B,Public order,Investigation complete; no suspect identified,
bc7198a97ebb432cf232a16e20bec24c01f2c09d89775f5bd595abd0cf99ec14,2024-03,Hampshire Constabulary,Hampshire Constabulary,-1.178423,51.245273,On or near Barn Lane,E01022530,Basingstoke and Deane 015C,Violence and sexual offences,Unable to prosecute suspect,
284153cad4e7a3f0138eb4e284a9484f7fd5e68c2982df4e18867768989d5222,2024-03,Hampshire Constabulary,Hampshire Constabulary,-1.175797,51.247943,On or near Stour Road,E01022530,Basingstoke and Deane 015C,Violence and sexual offences,Unable to prosecute suspect,
c597f376a7f8a109974faadf073ee237e2e81727e1f6999eb33dd6a78acacaa5,2024-03,Hampshire Constabulary,Hampshire Constabulary,-1.175797,51.247943,On or near Stour Road,E01022530,Basingstoke and Deane 015C,Violence and sexual offences,Unable to prosecute suspect,
aed6f24999d073f45cf788ce07f209a061069b34ce8f17605081cdc872cbbe7d,2024-03,Hampshire Constabulary,Hampshire Constabulary,-1.175797,51.247943,On or near Stour Road,E01022530,Basingstoke and Deane 015C,Violence and sexual offences,Unable to prosecute suspect,
65545cb4058a6d3c47392dad73952485776dc47b89f8d906c1d55350b82c7d32,2024-03,Hampshire Constabulary,Hampshire Constabulary,-1.166980,51.283121,On or near Woodgarston Lane,E01022531,Basingstoke and Deane 015D,Burglary,Investigation complete; no suspect identified,
f374dc5a2561b01db9f742fbe6b516deb64f609614ef4c7653d5a4a336bbc6d3,2024-03,Hampshire Constabulary,Hampshire Constabulary,-1.166980,51.283121,On or near Woodgarston Lane,E01022531,Basingstoke and Deane 015D,Violence and sexual offences,Unable to prosecute suspect,
75591330a26048a9c4415f193053d51dd947c03073d3cd4f8049983c2e31be21,2024-03,Hampshire Constabulary,Hampshire Constabulary,-1.166980,51.283121,On or near Woodgarston Lane,E01022531,Basingstoke and Deane 015D,Vehicle crime,Status update unavailable,
c7446739d230a1f3d10e61a4d6d89e6913a95aa921761114fba7e48bd6837b48,2024-03,Hampshire Constabulary,Hampshire Constabulary,-1.171323,51.256895,On or near Foxmoor Close,E01022531,Basingstoke and Deane 015D,Violence and sexual offences,Investigation complete; no suspect identified,
6957eddc3a61a9b80e9da807df267bbc7121b8fd1b522c0f083921ec1bea1753,2024-03,Hampshire Constabulary,Hampshire Constabulary,-1.106854,51.244884,On or near Britten Road,E01022475,Basingstoke and Deane 016A,Drugs,Unable to prosecute suspect,
3edd5f14d021bb45a78ad4778390d4c10842efd56e1aa2a3144703fd468755f7,2024-03,Hampshire Constabulary,Hampshire Constabulary,-1.106459,51.240880,On or near Hatchwarren Gardens,E01022475,Basingstoke and Deane 016A,Public order,Unable to prosecute suspect,
1f097058d6748cb675f445d52e85e5a484bef34c0094cbbdbd90c974b49265f5,2024-03,Hampshire Constabulary,Hampshire Constabulary,-1.106854,51.244884,On or near Britten Road,E01022475,Basingstoke and Deane 016A,Violence and sexual offences,Investigation complete; no suspect identified,
257b2791160745aae3b28d78ca489c2237c0a099a1bfc8432b0d3863179f7dde,2024-03,Hampshire Constabulary,Hampshire Constabulary,-1.108540,51.242919,On or near Brahms Road,E01022480,Basingstoke and Deane 016C,Other theft,Unable to prosecute suspect,
bc6f57c3ab783c19eff36eb246a47230692d5a0880afaef4505a618768d28257,2024-03,Hampshire Constabulary,Hampshire Constabulary,-1.108540,51.242919,On or near Brahms Road,E01022480,Basingstoke and Deane 016C,Other theft,Unable to prosecute suspect,
8c3ffad1a1b8df2da2ac22751ebf46bb8f02d336cff25bc6c56a882b0ce7eef0,2024-03,Hampshire Constabulary,Hampshire Constabulary,-1.108051,51.241548,On or near Rossini Close,E01022480,Basingstoke and Deane 016C,Possession of weapons,Unable to prosecute suspect,
86bb3ca0c0ed9458fb54a8698816f38985b46e365e5c0842061832a358a96d1e,2024-03,Hampshire Constabulary,Hampshire Constabulary,-1.085870,51.255531,On or near Cliddesden Road,E01022504,Basingstoke and Deane 016D,Violence and sexual offences,Unable to prosecute suspect,
6ad26ed48e01d11d3b90de913c38e229301c285e97ce5908d91fcf70391f395d,2024-03,Hampshire Constabulary,Hampshire Constabulary,-1.086004,51.255972,On or near Covey Court,E01022504,Basingstoke and Deane 016D,Violence and sexual offences,Offender given a caution,
cb2568143d13f0a7658f4dbe570f1eb9edf3bf63f720a430952be71ebae36895,2024-03,Hampshire Constabulary,Hampshire Constabulary,-1.087777,51.256193,On or near Further/Higher Educational Building,E01022504,Basingstoke and Deane 016D,Violence and sexual offences,Unable to prosecute suspect,
5295c4d0ff298e3b11a8ce766cd456f3c420ec6c4c70a2a5155e100ab4582dad,2024-03,Hampshire Constabulary,Hampshire Constabulary,-1.087777,51.256193,On or near Further/Higher Educational Building,E01022504,Basingstoke and Deane 016D,Other crime,Investigation complete; no suspect identified,
,2024-03,Hampshire Constabulary,Hampshire Constabulary,-1.083450,51.250386,On or near Skippetts Gardens,E01022504,Basingstoke and Deane 016D,Anti-social behaviour,,
,2024-03,Hampshire Constabulary,Hampshire Constabulary,-1.083450,51.250386,On or near Skippetts Gardens,E01022504,Basingstoke and Deane 016D,Anti-social behaviour,,
,2024-03,Hampshire Constabulary,Hampshire Constabulary,-1.083450,51.250386,On or near Skippetts Gardens,E01022504,Basingstoke and Deane 016D,Anti-social behaviour,,
c513f2ec37d62b7d9780171c1a096ddbddfbec521eae31a75fb985210fced16b,2024-03,Hampshire Constabulary,Hampshire Constabulary,-1.085750,51.250701,On or near Skippetts Lane West,E01022504,Basingstoke and Deane 016D,Criminal damage and arson,Unable to prosecute suspect,
2b9532ac12bfb3c9af9f87ca5c5f290e01f473acdbaf1ff3582a8de43e6b65a6,2024-03,Hampshire Constabulary,Hampshire Constabulary,-1.089696,51.248996,On or near Beverley Close,E01022504,Basingstoke and Deane 016D,Criminal damage and arson,Unable to prosecute suspect,
6c6fae5d93b918f8c952abb4e7a59dcea4ed761120138980497b092e2453468b,2024-03,Hampshire Constabulary,Hampshire Constabulary,-1.083450,51.250386,On or near Skippetts Gardens,E01022504,Basingstoke and Deane 016D,Other theft,Status update unavailable,
d57300ad02ed879d46d5b8725a29167c1120681f9e71e570103f8b3c48374dcc,2024-03,Hampshire Constabulary,Hampshire Constabulary,-1.085870,51.255531,On or near Cliddesden Road,E01022504,Basingstoke and Deane 016D,Public order,Investigation complete; no suspect identified,
ee8036d4c30bff6628b38d4ad0c0ea2572b3d6c2e4b67379f334bb6446b4e7de,2024-03,Hampshire Constabulary,Hampshire Constabulary,-1.089696,51.248996,On or near Beverley Close,E01022504,Basingstoke and Deane 016D,Violence and sexual offences,Unable to prosecute suspect,
9350e1d75fc641bb4dccd9176ef169d386ead4a77bf6461b8cf8cd78301af759,2024-03,Hampshire Constabulary,Hampshire Constabulary,-1.085870,51.255531,On or near Cliddesden Road,E01022504,Basingstoke and Deane 016D,Violence and sexual offences,Investigation complete; no suspect identified,
8efa49445089703ee07050f1e2dc0e6f4f77fc1f0ac4b14cf1c032b5bd146291,2024-03,Hampshire Constabulary,Hampshire Constabulary,-1.094131,51.247844,On or near Jays Close,E01022505,Basingstoke and Deane 016E,Criminal damage and arson,Unable to prosecute suspect,
412b189749328963b431dd27bbe8ec54b988a3ba4cccdfc2eff7626f8b7982bb,2024-03,Hampshire Constabulary,Hampshire Constabulary,-1.094131,51.247844,On or near Jays Close,E01022505,Basingstoke and Deane 016E,Drugs,Court result unavailable,
103472ee57e8fda2cea0dba3f6f91755e08465e1763837179597a0e62a9c5fb9,2024-03,Hampshire Constabulary,Hampshire Constabulary,-1.094131,51.247844,On or near Jays Close,E01022505,Basingstoke and Deane 016E,Possession of weapons,Unable to prosecute suspect,
f09a02167d4cae229faf49f42f5eb32d797ed3bf8ffa5260818d32f7284452da,2024-03,Hampshire Constabulary,Hampshire Constabulary,-1.094131,51.247844,On or near Jays Close,E01022505,Basingstoke and Deane 016E,Public order,Unable to prosecute suspect,
39396130ec55cda1732bb6869e713ab7df7b038f2c107b5dd22d7e5d7d6fab27,2024-03,Hampshire Constabulary,Hampshire Constabulary,-1.094131,51.247844,On or near Jays Close,E01022505,Basingstoke and Deane 016E,Violence and sexual offences,Unable to prosecute suspect,
50ad7352ec98cd1071610a3477997af75849b767328100e1e707177aa651d58d,2024-03,Hampshire Constabulary,Hampshire Constabulary,-1.094131,51.247844,On or near Jays Close,E01022505,Basingstoke and Deane 016E,Violence and sexual offences,Awaiting court outcome,
b3b308c13ea78893c893ef23c28e3e53c288bcb926547c95f74bdab989001eea,2024-03,Hampshire Constabulary,Hampshire Constabulary,-1.094131,51.247844,On or near Jays Close,E01022505,Basingstoke and Deane 016E,Violence and sexual offences,Unable to prosecute suspect,
169a852dd95038fc08e345d3fb37bce5a33096b3dec286ba58bc55a7ce0377f8,2024-03,Hampshire Constabulary,Hampshire Constabulary,-1.094131,51.247844,On or near Jays Close,E01022505,Basingstoke and Deane 016E,Violence and sexual offences,Unable to prosecute suspect,
e58c0e92931959856a1350fb4383ee531ad58871b2d246b419cbdae18310b365,2024-03,Hampshire Constabulary,Hampshire Constabulary,-1.094131,51.247844,On or near Jays Close,E01022505,Basingstoke and Deane 016E,Violence and sexual offences,Unable to prosecute suspect,
a6f0887cd66f6a3634d626ab07a3ac0d73302d982cb9b6faae9d4d9e62369f5c,2024-03,Hampshire Constabulary,Hampshire Constabulary,-1.094131,51.247844,On or near Jays Close,E01022505,Basingstoke and Deane 016E,Violence and sexual offences,Unable to prosecute suspect,
87df8903cd734663d5eb8d36962c1d0b0c326f6b6f2f40554130c9802b941877,2024-03,Hampshire Constabulary,Hampshire Constabulary,-1.094131,51.247844,On or near Jays Close,E01022505,Basingstoke and Deane 016E,Violence and sexual offences,Unable to prosecute suspect,
f6e396e38225425ce0f8774820dc2d23b52670c84285f68d9f2b315e369b9a3e,2024-03,Hampshire Constabulary,Hampshire Constabulary,-1.094131,51.247844,On or near Jays Close,E01022505,Basingstoke and Deane 016E,Violence and sexual offences,Unable to prosecute suspect,
64517d1390060773103d8a3502201dd13d1117d52e1a0f1adbfec41a3a5b22f9,2024-03,Hampshire Constabulary,Hampshire Constabulary,-1.094131,51.247844,On or near Jays Close,E01022505,Basingstoke and Deane 016E,Violence and sexual offences,Court result unavailable,
b0b73df437485ee74924eab56071013d5bbcdbefeffc487711beb11670c0d005,2024-03,Hampshire Constabulary,Hampshire Constabulary,-1.097421,51.251808,On or near Loveridge Close,E01022505,Basingstoke and Deane 016E,Violence and sexual offences,Unable to prosecute suspect,
bf34ce877b09ef56c39db31600e9c4140b2283b14b1b53ed5bb51f7e8746eef8,2024-03,Hampshire Constabulary,Hampshire Constabulary,-1.109035,51.251393,On or near Supermarket,E01022505,Basingstoke and Deane 016E,Violence and sexual offences,Unable to prosecute suspect,
,2024-03,Hampshire Constabulary,Hampshire Constabulary,-1.094131,51.247844,On or near Jays Close,E01022505,Basingstoke and Deane 016E,Anti-social behaviour,,
a7318550e56910b0e780656b1a818a3e0edef022eeb053eb53c50b86cd397c09,2024-03,Hampshire Constabulary,Hampshire Constabulary,-1.094131,51.247844,On or near Jays Close,E01022505,Basingstoke and Deane 016E,Drugs,Unable to prosecute suspect,
66ff3f6d561a313029bd9fff5d35ef4b56692b1f7240043a8de7a6bd35f3a1d8,2024-03,Hampshire Constabulary,Hampshire Constabulary,-1.094131,51.247844,On or near Jays Close,E01022505,Basingstoke and Deane 016E,Drugs,Status update unavailable,
fe9c79600de8f9c9a963e62c0739c46c4bfe7e53adce16708a5fe19fa2e0edf8,2024-03,Hampshire Constabulary,Hampshire Constabulary,-1.099681,51.252733,On or near Horwood Gardens,E01022505,Basingstoke and Deane 016E,Public order,Investigation complete; no suspect identified,
a065e735ab570944c93b7fe7986aa37e0a30f618a6ef2e0c4ecc2a94e6dfb08f,2024-03,Hampshire Constabulary,Hampshire Constabulary,-1.094131,51.247844,On or near Jays Close,E01022505,Basingstoke and Deane 016E,Public order,Formal action is not in the public interest,
978736d0680bec3054bbe2aed682a329c20a793551c99d9d9d02486cd4dec27f,2024-03,Hampshire Constabulary,Hampshire Constabulary,-1.105335,51.253868,On or near Shopping Area,E01022505,Basingstoke and Deane 016E,Public order,Investigation complete; no suspect identified,
c70ea5e59587224ef09dfa3583e919aaeb7e79d88ad76bf7b46ff555026dd385,2024-03,Hampshire Constabulary,Hampshire Constabulary,-1.102367,51.250946,On or near Theatre/Concert Hall,E01022505,Basingstoke and Deane 016E,Vehicle crime,Investigation complete; no suspect identified,
665b16d6a24803932dc58f8badcb728c54ef46567dc05a923ac85b1686d4af88,2024-03,Hampshire Constabulary,Hampshire Constabulary,-1.094131,51.247844,On or near Jays Close,E01022505,Basingstoke and Deane 016E,Violence and sexual offences,Formal action is not in the public interest,
1d2b51eeeabef45ec99eff904ee44c72665e130020195cd5076bfe921dd1c29c,2024-03,Hampshire Constabulary,Hampshire Constabulary,-1.093761,51.252094,On or near Hele Close,E01022505,Basingstoke and Deane 016E,Violence and sexual offences,Unable to prosecute suspect,
e9152dacccdec2a3bb018841f656dc6fc0008ea90a2945656aafe5994d56ac4e,2024-03,Hampshire Constabulary,Hampshire Constabulary,-1.094131,51.247844,On or near Jays Close,E01022505,Basingstoke and Deane 016E,Other crime,Status update unavailable,
c4d79921a691e9f6aec414ace036efc646c056ebc723940b13c46506358ade16,2024-03,Hampshire Constabulary,Hampshire Constabulary,-1.046587,51.270981,On or near Church Lane,E01022467,Basingstoke and Deane 017A,Burglary,Investigation complete; no suspect identified,
b1028e3a754e7c1db561c2adfc49b44e09df15aca68e59492b7ee404323f135a,2024-03,Hampshire Constabulary,Hampshire Constabulary,-1.035605,51.268283,On or near May Close,E01022467,Basingstoke and Deane 017A,Violence and sexual offences,Unable to prosecute suspect,
b7cc4684f41c3fdd03f6227dba8e20d5ae78748e146a15185e1f8048cd14d8b5,2024-03,Hampshire Constabulary,Hampshire Constabulary,-1.046930,51.273096,On or near Chestnut Bank,E01022467,Basingstoke and Deane 017A,Public order,Investigation complete; no suspect identified,
2f2b2ed0201f3b7aa9f2e1288971c0b2dcc12ab696d62d1e1f17bad5f7a9d746,2024-03,Hampshire Constabulary,Hampshire Constabulary,-1.046778,51.274903,On or near Priory Gardens,E01022467,Basingstoke and Deane 017A,Violence and sexual offences,Unable to prosecute suspect,
dbb34a57ee3e8fda3680731eb197b5542ab7622a20951df8a9d19df3e569f860,2024-03,Hampshire Constabulary,Hampshire Constabulary,-0.981677,51.278167,On or near Old School Road,E01022468,Basingstoke and Deane 017B,Public order,Unable to prosecute suspect,
e0adb418dc80b3f73224be5a5e176889278cbc3dbe69cebf737f3d3a48be4f72,2024-03,Hampshire Constabulary,Hampshire Constabulary,-1.006800,51.272637,On or near Andwell Lane,E01022468,Basingstoke and Deane 017B,Vehicle crime,Investigation complete; no suspect identified,
e92d8d7e0d750a78aeabbb1bc826362c3905fd054127b3f52452e0f155a97e39,2024-03,Hampshire Constabulary,Hampshire Constabulary,-0.982246,51.273838,On or near Heather Row Lane,E01022468,Basingstoke and Deane 017B,Vehicle crime,Investigation complete; no suspect identified,
ca93cadb612dad8ec179fd0a3d24904d8946f9290e6c6571598ed8fc9ad14e2f,2024-03,Hampshire Constabulary,Hampshire Constabulary,-1.029320,51.265219,On or near Greywell Road,E01022468,Basingstoke and Deane 017B,Violence and sexual offences,Status update unavailable,
ea632be8ae795d9c498b877ca134f02558a444a1502bba2fce440e9a84d2b22e,2024-03,Hampshire Constabulary,Hampshire Constabulary,-1.045414,51.263229,On or near Percival Place,E01022469,Basingstoke and Deane 017C,Burglary,Investigation complete; no suspect identified,
d85d068e10d086320d1898ed12a24c13d11df7c43666bc32086f2edf13d7c5ce,2024-03,Hampshire Constabulary,Hampshire Constabulary,-1.042893,51.265639,On or near Supermarket,E01022469,Basingstoke and Deane 017C,Shoplifting,Investigation complete; no suspect identified,
a0ffd7e894ae91ffebeec247f9530ea2831f7971a0910ef43b2e06886d1789cf,2024-03,Hampshire Constabulary,Hampshire Constabulary,-1.042893,51.265639,On or near Supermarket,E01022469,Basingstoke and Deane 017C,Shoplifting,Investigation complete; no suspect identified,
670b30b733ff27d9c21817685609b1506db3aac5f31823d0c119a4cdfd333297,2024-03,Hampshire Constabulary,Hampshire Constabulary,-1.047609,51.262437,On or near Dickens Lane,E01022469,Basingstoke and Deane 017C,Violence and sexual offences,Unable to prosecute suspect,
1f2603cbbb7141145acaa0d1e37eeb40c410a0729dfd30d91ff46e3ec9d7e3a7,2024-03,Hampshire Constabulary,Hampshire Constabulary,-1.042006,51.262401,On or near Huish Lane,E01022469,Basingstoke and Deane 017C,Criminal damage and arson,Unable to prosecute suspect,
7384c6c2ac3e864d6a3334a94e60870cfc5460ee12ebe01046abe61519104bf2,2024-03,Hampshire Constabulary,Hampshire Constabulary,-1.043146,51.269631,On or near Paulet Place,E01022469,Basingstoke and Deane 017C,Other theft,Investigation complete; no suspect identified,
b6a0de63ff30e05bd5aa0b89a349228d5c2c7dbac5c35970ba015df68c0948c3,2024-03,Hampshire Constabulary,Hampshire Constabulary,-1.038955,51.262987,On or near Basingfield Close,E01022469,Basingstoke and Deane 017C,Vehicle crime,Investigation complete; no suspect identified,
ab41c44083048c18e595ee3f79bec06a468dbcced1117d5bfbea555d14302edf,2024-03,Hampshire Constabulary,Hampshire Constabulary,-1.040786,51.268667,On or near Loyalty Lane,E01022469,Basingstoke and Deane 017C,Vehicle crime,Investigation complete; no suspect identified,
fe28a61983e85ff013216a284351370b56b14888f199200cf20f8952af84f8ee,2024-03,Hampshire Constabulary,Hampshire Constabulary,-1.129527,51.171580,On or near Moundsmere Close,E01022561,Basingstoke and Deane 017D,Burglary,Investigation complete; no suspect identified,
ac3811f91f1440ec60eafd60f5210698fa6cb313984775b5fbd36bfa12362aa8,2024-03,Hampshire Constabulary,Hampshire Constabulary,-1.131248,51.165740,On or near Sports/Recreation Area,E01022561,Basingstoke and Deane 017D,Public order,Investigation complete; no suspect identified,
44b6a8caec9488fc6ec70e0d6cc116286c6feea2365535bb83d995869b95be51,2024-03,Hampshire Constabulary,Hampshire Constabulary,-1.132442,51.171701,On or near Farriers Close,E01022561,Basingstoke and Deane 017D,Violence and sexual offences,Unable to prosecute suspect,
5522202e274c29b71351aa2d0ee68ec4a3fe730fbce8895cb94878987a2cc58d,2024-03,Hampshire Constabulary,Hampshire Constabulary,-1.041184,51.197848,On or near Summerlea Court,E01022561,Basingstoke and Deane 017D,Burglary,Investigation complete; no suspect identified,
0c9f7f8aaf6844ff3b432ce15cb8c61976fe1cc9dbedfc90ea1ee292badc2124,2024-03,Hampshire Constabulary,Hampshire Constabulary,-1.104196,51.190704,On or near Berrydown Lane,E01022561,Basingstoke and Deane 017D,Criminal damage and arson,Investigation complete; no suspect identified,
70b57d212ddebb6d901ab8b2e795d9512ea1e6f4c78d91d7db6d681dce8159e4,2024-03,Hampshire Constabulary,Hampshire Constabulary,-1.095796,51.237507,On or near Church Lane,E01022562,Basingstoke and Deane 017E,Other theft,Unable to prosecute suspect,
3703886863663fc6a53e8fd194a439ed54f4e47e932309a16150c92ce4920941,2024-03,Hampshire Constabulary,Hampshire Constabulary,-1.014869,51.215749,On or near Long Lane,E01022562,Basingstoke and Deane 017E,Other crime,Further investigation is not in the public interest,
e7ac8c3fb63023d15a706cbd16d4d8d61587b6b459a1383b7eaeecd7dd1fcb65,2024-03,Hampshire Constabulary,Hampshire Constabulary,-1.100765,51.238282,On or near Langdale Rise,E01022562,Basingstoke and Deane 017E,Burglary,Investigation complete; no suspect identified,
1c4bf806ca30412e7579ea10a7f7ad8def2484a3dd9a3d7f34f3a3b1fbf19c1e,2024-03,Hampshire Constabulary,Hampshire Constabulary,-1.005193,51.232896,On or near The Arboretum,E01022562,Basingstoke and Deane 017E,Public order,Investigation complete; no suspect identified,
45b2ff443e2ba173d1aacbf795b5d3d8f808c6644fe3fe4162e98f84404b2d50,2024-03,Hampshire Constabulary,Hampshire Constabulary,-1.130567,51.250871,On or near Ennerdale Close,E01022515,Basingstoke and Deane 018A,Burglary,Investigation complete; no suspect identified,
,2024-03,Hampshire Constabulary,Hampshire Constabulary,-1.126698,51.249341,On or near Parking Area,E01022515,Basingstoke and Deane 018A,Anti-social behaviour,,
cfc3057a6166fdec02abdf19f304c51130df14ff93317a9773ba80c1abd25643,2024-03,Hampshire Constabulary,Hampshire Constabulary,-1.122456,51.250146,On or near Woodroffe Drive,E01022515,Basingstoke and Deane 018A,Violence and sexual offences,Unable to prosecute suspect,
,2024-03,Hampshire Constabulary,Hampshire Constabulary,-1.137732,51.246240,On or near Old Down Close,E01022516,Basingstoke and Deane 018B,Anti-social behaviour,,
1a15ad199cee6beec1aea58d57311e6fc8f4fa8e5a3cf3c25008e9f835b90a39,2024-03,Hampshire Constabulary,Hampshire Constabulary,-1.137732,51.246240,On or near Old Down Close,E01022516,Basingstoke and Deane 018B,Shoplifting,Investigation complete; no suspect identified,
b3d3148e9b84b8eed41eb44225586072cbc0acf50bf72637a8491736462fb399,2024-03,Hampshire Constabulary,Hampshire Constabulary,-1.144617,51.238827,On or near Woodmere Croft,E01022518,Basingstoke and Deane 018D,Criminal damage and arson,Unable to prosecute suspect,
83413d5c3d4481dd179d5abf751966b22ceed8d28068930b2fe9de532b6a3a57,2024-03,Hampshire Constabulary,Hampshire Constabulary,-1.146716,51.237655,On or near Lapwing Close,E01022518,Basingstoke and Deane 018D,Criminal damage and arson,Investigation complete; no suspect identified,
9fce5a67a34e01e237e1c993a110846e6f14d2f24688c5250c6c9e355affe87d,2024-03,Hampshire Constabulary,Hampshire Constabulary,-1.138937,51.241555,On or near Lily Close,E01022518,Basingstoke and Deane 018D,Vehicle crime,Investigation complete; no suspect identified,
25cfe5728f5419b2e281a2be177564c155384f39a5dd122d9cc3779799695879,2024-03,Hampshire Constabulary,Hampshire Constabulary,-1.145747,51.240471,On or near Teal Crescent,E01022518,Basingstoke and Deane 018D,Violence and sexual offences,Unable to prosecute suspect,
2c5bed2f43e2e03b538bc931369f407a12a4136fc1ef6f646851b0ea6c474719,2024-03,Hampshire Constabulary,Hampshire Constabulary,-1.136442,51.243964,On or near Hyacinth Close,E01022519,Basingstoke and Deane 018E,Public order,Local resolution,
7190d26d6a5e2e2da5aa680394550d323107096f11bfcd00ca60cc0069e39dc9,2024-03,Hampshire Constabulary,Hampshire Constabulary,-1.138579,51.242289,On or near Lupin Close,E01022519,Basingstoke and Deane 018E,Other theft,Status update unavailable,
934a088fbd4ef9485d612bc99f2c855dc77cca5746534041224d55ed22fb47d8,2024-03,Hampshire Constabulary,Hampshire Constabulary,-1.115664,51.244969,On or near Brighton Way,E01022474,Basingstoke and Deane 019A,Drugs,Unable to prosecute suspect,
625bc9dbaa5d60a2ed5879a2f61beb2e7a29921a773f2eec57acd1161bbd3262,2024-03,Hampshire Constabulary,Hampshire Constabulary,-1.112309,51.245852,On or near Handel Close,E01022474,Basingstoke and Deane 019A,Drugs,Court result unavailable,
4481aa7e9579ad9abee4900b6deb5e0c751f496ba763593551e50192cae77160,2024-03,Hampshire Constabulary,Hampshire Constabulary,-1.118908,51.243860,On or near Barber Road,E01022474,Basingstoke and Deane 019A,Other theft,Unable to prosecute suspect,
0c4b89dac747b6d53f440e272e01424a81dfcd5536fc3771454ef773b94b87ca,2024-03,Hampshire Constabulary,Hampshire Constabulary,-1.110581,51.245533,On or near Elgar Close,E01022474,Basingstoke and Deane 019A,Possession of weapons,Court result unavailable,
4efe729c125cd185635fe958b5cfe286a71a0c5f76cfa5aa67552d489544e1de,2024-03,Hampshire Constabulary,Hampshire Constabulary,-1.110581,51.245533,On or near Elgar Close,E01022474,Basingstoke and Deane 019A,Public order,Unable to prosecute suspect,
cbbe4cc519edcfa1356499b38ce6b9a5ba78611e4380497046adb2e115debfbd,2024-03,Hampshire Constabulary,Hampshire Constabulary,-1.113539,51.244431,On or near Supermarket,E01022474,Basingstoke and Deane 019A,Violence and sexual offences,Court result unavailable,
e9f711478fa152fa3089cafa39a76796b952e343b26081c401b0c178f09aebd0,2024-03,Hampshire Constabulary,Hampshire Constabulary,-1.110581,51.245533,On or near Elgar Close,E01022474,Basingstoke and Deane 019A,Violence and sexual offences,Unable to prosecute suspect,
ed6127296697164fcf5ef5abb1462878fa393911b3d2b940f306b125edfb808a,2024-03,Hampshire Constabulary,Hampshire Constabulary,-1.113539,51.244431,On or near Supermarket,E01022474,Basingstoke and Deane 019A,Criminal damage and arson,Investigation complete; no suspect identified,
81db880ab36bcf0a8607a57db16f8b1b4581b266a815e097a247cbafc9e2dd45,2024-03,Hampshire Constabulary,Hampshire Constabulary,-1.115664,51.244969,On or near Brighton Way,E01022474,Basingstoke and Deane 019A,Criminal damage and arson,Investigation complete; no suspect identified,
bd0bafd927423e7a0d3246a3dc18535a41126c23ce55971ff97275ba1d0f429d,2024-03,Hampshire Constabulary,Hampshire Constabulary,-1.113539,51.244431,On or near Supermarket,E01022474,Basingstoke and Deane 019A,Shoplifting,Unable to prosecute suspect,
eb6385b0ae255965c629b9d21a1ffdf36bf0315889b19897a7d3703b092c019a,2024-03,Hampshire Constabulary,Hampshire Constabulary,-1.113539,51.244431,On or near Supermarket,E01022474,Basingstoke and Deane 019A,Theft from the person,Status update unavailable,
d0d3aad53ad021fba5c5d64fa64afe0d503e78ba9916a1ba8d20f6d287e07e59,2024-03,Hampshire Constabulary,Hampshire Constabulary,-1.113539,51.244431,On or near Supermarket,E01022474,Basingstoke and Deane 019A,Vehicle crime,Investigation complete; no suspect identified,
ec5eae6b38347f6a1a54be9440415ac17d4fce7f5e2f5e7f1aa21cf1b628bab9,2024-03,Hampshire Constabulary,Hampshire Constabulary,-1.117200,51.244045,On or near Gershwin Road,E01022474,Basingstoke and Deane 019A,Violence and sexual offences,Status update unavailable,
a76e5d2edb3aeee72d8cde52291dfb9522a13979f92e57c5d87e1f967386b5e8,2024-03,Hampshire Constabulary,Hampshire Constabulary,-1.113539,51.244431,On or near Supermarket,E01022474,Basingstoke and Deane 019A,Violence and sexual offences,Unable to prosecute suspect,
4a11ce99b29386b48a27778373ed9e1676e07e5ff52e544aea6d14d092f685d5,2024-03,Hampshire Constabulary,Hampshire Constabulary,-1.115664,51.244969,On or near Brighton Way,E01022474,Basingstoke and Deane 019A,Violence and sexual offences,Investigation complete; no suspect identified,
a4e63c90a8ca67d981129375d56fa63228501f07f28397b19941da9f32487636,2024-03,Hampshire Constabulary,Hampshire Constabulary,-1.113539,51.244431,On or near Supermarket,E01022474,Basingstoke and Deane 019A,Violence and sexual offences,Unable to prosecute suspect,
0a36f57b9412e0658d769a17cd91f72f82c11709af1bee72068bf6da29cda8e7,2024-03,Hampshire Constabulary,Hampshire Constabulary,-1.119570,51.246707,On or near Quilter Road,E01022474,Basingstoke and Deane 019A,Violence and sexual offences,Investigation complete; no suspect identified,
30a9965c8533fdbf803616dfee260ccbec97c210cdf33c0193056af7b4d9dcd7,2024-03,Hampshire Constabulary,Hampshire Constabulary,-1.116179,51.238283,On or near Bach Close,E01022477,Basingstoke and Deane 019B,Criminal damage and arson,Unable to prosecute suspect,
,2024-03,Hampshire Constabulary,Hampshire Constabulary,-1.114694,51.239530,On or near Novello Close,E01022477,Basingstoke and Deane 019B,Anti-social behaviour,,
,2024-03,Hampshire Constabulary,Hampshire Constabulary,-1.120839,51.238012,On or near Ellington Drive,E01022477,Basingstoke and Deane 019B,Anti-social behaviour,,
a99f554ac664e47dd6e09dbfd0e83f1667c7665c09e7465ed3b01dca19e25cc1,2024-03,Hampshire Constabulary,Hampshire Constabulary,-1.117968,51.239825,On or near Beecham Berry,E01022477,Basingstoke and Deane 019B,Violence and sexual offences,Unable to prosecute suspect,
28c95ae61fca6f43b0c2eb7644b8bba31f248ab50ce3fac6f8c43505d98038a3,2024-03,Hampshire Constabulary,Hampshire Constabulary,-1.120369,51.241659,On or near Stanford Road,E01022478,Basingstoke and Deane 019C,Vehicle crime,Investigation complete; no suspect identified,
94faa174b57a937b72342f448cb0e67069cfa6c3130eae7e63d280ce42893e21,2024-03,Hampshire Constabulary,Hampshire Constabulary,-1.123306,51.243111,On or near Carmichael Way,E01022478,Basingstoke and Deane 019C,Violence and sexual offences,Investigation complete; no suspect identified,
6d2f2da8310810d64cdeadcafb4ef69d26d414d500a038bc1c23a645cfdc8af8,2024-03,Hampshire Constabulary,Hampshire Constabulary,-1.121052,51.242618,On or near Dankworth Road,E01022478,Basingstoke and Deane 019C,Violence and sexual offences,Unable to prosecute suspect,
,2024-03,Hampshire Constabulary,Hampshire Constabulary,-1.125897,51.241737,On or near Lennon Way,E01022478,Basingstoke and Deane 019C,Anti-social behaviour,,
ae6fe17a20a6bbe7513de2ad318ff1db8b644f26edcdca9c8026027cc49f2485,2024-03,Hampshire Constabulary,Hampshire Constabulary,-1.123306,51.243111,On or near Carmichael Way,E01022478,Basingstoke and Deane 019C,Violence and sexual offences,Investigation complete; no suspect identified,
4dd9119d92a5fa99bf9d66fc0d0087103355fb7dceabf472c5f93ebe41beda71,2024-03,Hampshire Constabulary,Hampshire Constabulary,-1.123306,51.243111,On or near Carmichael Way,E01022478,Basingstoke and Deane 019C,Violence and sexual offences,Status update unavailable,
62c10426830977fa9ff31162708c3a0d4223c3d12ecf0b3f2e38d5c4b722817e,2024-03,Hampshire Constabulary,Hampshire Constabulary,-1.123306,51.243111,On or near Carmichael Way,E01022478,Basingstoke and Deane 019C,Violence and sexual offences,Investigation complete; no suspect identified,
84f2781355bef870487814cce53912e488d0207537870168534157b640f9c3eb,2024-03,Hampshire Constabulary,Hampshire Constabulary,-1.113483,51.243658,On or near Chopin Road,E01022479,Basingstoke and Deane 019D,Other theft,Investigation complete; no suspect identified,
1cbd6ca0176537a8004d4ae8373b9ed55d54fa6cb40fb95d61f3f1ebbc7873a2,2024-03,Hampshire Constabulary,Hampshire Constabulary,-1.113483,51.243658,On or near Chopin Road,E01022479,Basingstoke and Deane 019D,Possession of weapons,Further investigation is not in the public interest,
bea43b2374fa475243cd717da96804707f1c7afc1a5231fa54573313a0238b18,2024-03,Hampshire Constabulary,Hampshire Constabulary,-1.116014,51.243902,On or near Lehar Close,E01022479,Basingstoke and Deane 019D,Criminal damage and arson,Investigation complete; no suspect identified,
5270efe77b85a2c8b6d3b9c8f65fb02b659305b45b97213b8e1fb3913d0164e7,2024-03,Hampshire Constabulary,Hampshire Constabulary,-1.113483,51.243658,On or near Chopin Road,E01022479,Basingstoke and Deane 019D,Criminal damage and arson,Investigation complete; no suspect identified,
ed714c4b864153c2d53b6f09da6e99f339027be476199a46cdc8a39e03e34c77,2024-03,Hampshire Constabulary,Hampshire Constabulary,-1.115190,51.242034,On or near Haydn Road,E01022479,Basingstoke and Deane 019D,Vehicle crime,Investigation complete; no suspect identified,
c0b9d3b3249efd39ac7e90b9a14859b05db3a809ea4d995bd4d8ba09d87bcfa2,2024-03,Hampshire Constabulary,Hampshire Constabulary,-1.116014,51.243902,On or near Lehar Close,E01022479,Basingstoke and Deane 019D,Other crime,Status update unavailable,
13cd2da4f8e881003a89c7acdaaa24e05555cfd9a3e1f39d3f4f47667a9b6e60,2024-03,Hampshire Constabulary,Hampshire Constabulary,-1.396793,51.252770,On or near Springhill,E01022514,Basingstoke and Deane 020A,Burglary,Investigation complete; no suspect identified,
a3781b88bce5e27278ea0dfe47c764d848f3cbede1d18c2e0b17e7c037632007,2024-03,Hampshire Constabulary,Hampshire Constabulary,-1.403116,51.255752,On or near Fishers Field,E01022514,Basingstoke and Deane 020A,Vehicle crime,Investigation complete; no suspect identified,
fd146e6f298c8d906aec211a86ba6dba493f2290814c5a3e5b127b01e36fe0aa,2024-03,Hampshire Constabulary,Hampshire Constabulary,-1.425326,51.265116,On or near Chapel Lane,E01022514,Basingstoke and Deane 020A,Violence and sexual offences,Unable to prosecute suspect,
3aabbd27c057083ad041e3e08a6d54820ad7a2f9a4a1be35c02a0c2f5b94c551,2024-03,Hampshire Constabulary,Hampshire Constabulary,-1.399400,51.251696,On or near Bells Meadow,E01022514,Basingstoke and Deane 020A,Other theft,Investigation complete; no suspect identified,
b13e7a94761204918a07db0e817c8157e0d5ceb7677bc7d93f7b12862653ee22,2024-03,Hampshire Constabulary,Hampshire Constabulary,-1.328980,51.231666,On or near London Road,E01022563,Basingstoke and Deane 020B,Criminal damage and arson,Investigation complete; no suspect identified,
2b1d4f2070998f5a9f9dde8cd11bccf32cd7dd99b94cbf33945febcd850f9ff4,2024-03,Hampshire Constabulary,Hampshire Constabulary,-1.328980,51.231666,On or near London Road,E01022563,Basingstoke and Deane 020B,Public order,Unable to prosecute suspect,
d54d3638bd42dd133fbb51543e27702ebb69783a215d391e485ab97c05e87bdd,2024-03,Hampshire Constabulary,Hampshire Constabulary,-1.338618,51.230731,On or near Vinery Close,E01022563,Basingstoke and Deane 020B,Violence and sexual offences,Unable to prosecute suspect,
,2024-03,Hampshire Constabulary,Hampshire Constabulary,-1.338337,51.229390,On or near Test Mews,E01022563,Basingstoke and Deane 020B,Anti-social behaviour,,
ad5b5598dd915d8e1fe7f701d70934baa5ac0a59daf82a791ae1d7151a59dff7,2024-03,Hampshire Constabulary,Hampshire Constabulary,-1.328980,51.231666,On or near London Road,E01022563,Basingstoke and Deane 020B,Criminal damage and arson,Investigation complete; no suspect identified,
8ebb64e2759dc4a0ade69f570577101ea29ef54e3b813ecab9b66138e059e90d,2024-03,Hampshire Constabulary,Hampshire Constabulary,-1.333589,51.230874,On or near Town Mill Lane,E01022563,Basingstoke and Deane 020B,Other theft,Investigation complete; no suspect identified,
7a4d57a56967bd8bc3b0c53dcc68e6154ed01cfaa89f52d994db87069d5f9514,2024-03,Hampshire Constabulary,Hampshire Constabulary,-1.335714,51.252377,On or near Larks Barrow Hill,E01022563,Basingstoke and Deane 020B,Vehicle crime,Investigation complete; no suspect identified,
b9bb1983a78012fb2e4f4e9df0768fead6da32b3aff0a6059bf0ce358e432c51,2024-03,Hampshire Constabulary,Hampshire Constabulary,-1.345631,51.225034,On or near Parking Area,E01022564,Basingstoke and Deane 020C,Drugs,Local resolution,
f14598385c6a91bc54c28e6754084ee040deb689e485df93602a9502848d2886,2024-03,Hampshire Constabulary,Hampshire Constabulary,-1.336658,51.225640,On or near Powell Gardens,E01022564,Basingstoke and Deane 020C,Other theft,Unable to prosecute suspect,
a2fed7ef4653e85167ed6b66c23406cab6f988bed638e9802a629df5d63f9c1a,2024-03,Hampshire Constabulary,Hampshire Constabulary,-1.331419,51.223497,On or near Knowle View,E01022564,Basingstoke and Deane 020C,Vehicle crime,Unable to prosecute suspect,
9fc0f8932cbf8d166b89ee0bff8c0cac7c3dc63cc6221f8986422d3088d0fb71,2024-03,Hampshire Constabulary,Hampshire Constabulary,-1.335566,51.221866,On or near Silk Throwsters Way,E01022564,Basingstoke and Deane 020C,Violence and sexual offences,Unable to prosecute suspect,
95d56ad001bf5fa76a2745cd3553294ea1d36540588c6ad5fcce394bfb8bee3a,2024-03,Hampshire Constabulary,Hampshire Constabulary,-1.339503,51.229945,On or near Supermarket,E01022564,Basingstoke and Deane 020C,Violence and sexual offences,Unable to prosecute suspect,
5bc6a9d473b53bcdd040ea2181349e5e5fd70b50c4ef460f88d2614e99b732ed,2024-03,Hampshire Constabulary,Hampshire Constabulary,-1.333872,51.225183,On or near Testbourne Court,E01022564,Basingstoke and Deane 020C,Other crime,Unable to prosecute suspect,
37cafdd8a535f524321dcb18ae0cff082065aa70b425083ee3528a461756c278,2024-03,Hampshire Constabulary,Hampshire Constabulary,-1.382277,51.228218,On or near Park/Open Space,E01022564,Basingstoke and Deane 020C,Other crime,Action to be taken by another organisation,
a1b5e2b849045875dbd4c730dee4405981dceccaaca77773078eef99012de1e1,2024-03,Hampshire Constabulary,Hampshire Constabulary,-1.333872,51.225183,On or near Testbourne Court,E01022564,Basingstoke and Deane 020C,Violence and sexual offences,Further action is not in the public interest,
a6066197baa75df9e62fda8758e7625ce866631695cd4078bcee324a61d1b80f,2024-03,Hampshire Constabulary,Hampshire Constabulary,-1.344949,51.233707,On or near Lapwing Rise,E01022565,Basingstoke and Deane 020D,Other theft,Investigation complete; no suspect identified,
5e9166e5cab75e5fe3e80eef8840d7102c90331a2bffb14c43dafe05c0b49103,2024-03,Hampshire Constabulary,Hampshire Constabulary,-1.345957,51.232364,On or near Bloswood Lane,E01022565,Basingstoke and Deane 020D,Criminal damage and arson,Unable to prosecute suspect,
b9735976f34a98d28b53e3d7599ffa84dd4f5ef50b51e5ca5594c3875155291c,2024-03,Hampshire Constabulary,Hampshire Constabulary,-1.118779,51.234139,On or near The Beeches,E01022510,Basingstoke and Deane 021B,Violence and sexual offences,Investigation complete; no suspect identified,
42baf8979f3ed52f963969abfb29892485eadf19d3427cb83ed0131e55b7f036,2024-03,Hampshire Constabulary,Hampshire Constabulary,-1.123536,51.237798,On or near Hatchwarren Lane,E01022510,Basingstoke and Deane 021B,Violence and sexual offences,Status update unavailable,
9d2f816d9d619860d5d7599049232966afd169e4c4de8bb1b697ee5badd25406,2024-03,Hampshire Constabulary,Hampshire Constabulary,-1.131778,51.235234,On or near Woodbury Road,E01022511,Basingstoke and Deane 021C,Violence and sexual offences,Unable to prosecute suspect,
315e1c3280ce59488e2518f61149083a6e037735a24cdf49f40f3544eb6dbfed,2024-03,Hampshire Constabulary,Hampshire Constabulary,-1.131017,51.230795,On or near Heritage Park,E01022512,Basingstoke and Deane 021D,Vehicle crime,Investigation complete; no suspect identified,
f35d9f7d3b6300bd0e8e2a5a343cd67cd1c991fc16192a6b61c17b8aa0ed55f5,2024-03,Hampshire Constabulary,Hampshire Constabulary,-1.127775,51.230286,On or near Brampton Gardens,E01022512,Basingstoke and Deane 021D,Violence and sexual offences,Unable to prosecute suspect,
efbeccfaf90c42ac0532f63b7a412051347c37474f26b2388543dccf79b0ff63,2024-03,Hampshire Constabulary,Hampshire Constabulary,-1.129540,51.232376,On or near Burrowfields,E01022512,Basingstoke and Deane 021D,Violence and sexual offences,Investigation complete; no suspect identified,
1c1fac5a5fe62157fcbfc5784749c1f7cfa752e960fd529b3972c38adf8f2d55,2024-03,Hampshire Constabulary,Hampshire Constabulary,-1.140795,51.225625,On or near Rycroft Meadow,E01032848,Basingstoke and Deane 021E,Burglary,Investigation complete; no suspect identified,
8c8fb45572db3117b63fcc08be56afb015f91fedefa21ce8b0c50fdb5e12d847,2024-03,Hampshire Constabulary,Hampshire Constabulary,-1.142815,51.224030,On or near Oceana Crescent,E01032848,Basingstoke and Deane 021E,Violence and sexual offences,Unable to prosecute suspect,
69e84fc4ae8b203a53a90747b9ca2bcfb5ff809da5f2abb781e2d942025fef1c,2024-03,Hampshire Constabulary,Hampshire Constabulary,-1.140976,51.227416,On or near Ferndown Close,E01032848,Basingstoke and Deane 021E,Violence and sexual offences,Unable to prosecute suspect,
d89d4b5e2539247ecfa4d9f4da6d149b67b03d76476adadf755e77aab89b065b,2024-03,Hampshire Constabulary,Hampshire Constabulary,-1.142323,51.228910,On or near Candover Court,E01032848,Basingstoke and Deane 021E,Violence and sexual offences,Unable to prosecute suspect,
3e9141dc30ee2325111d23f457c1ab261a388db59decbf7efe852756ec5aceda,2024-03,Hampshire Constabulary,Hampshire Constabulary,-1.141781,51.224194,On or near Canberra Way,E01032848,Basingstoke and Deane 021E,Criminal damage and arson,Investigation complete; no suspect identified,
fc269e0c0b4a0d15d44cc30b7efc5724225c28745509ac47c8e0dd28edfce623,2024-03,Hampshire Constabulary,Hampshire Constabulary,-1.134990,51.226680,On or near Breadels Field,E01032849,Basingstoke and Deane 021F,Violence and sexual offences,Formal action is not in the public interest,
cf570e1b09573a0adb9e99403c99eb4662a4735d985a5e5aaa8f8f5db2654b21,2024-03,Hampshire Constabulary,Hampshire Constabulary,-1.134990,51.226680,On or near Breadels Field,E01032849,Basingstoke and Deane 021F,Vehicle crime,Status update unavailable,
ee942460b1577f7eaaf34ed1e4d22b04acf7cf2ccc9c3d8cc7bb1296a34ee039,2024-03,Hampshire Constabulary,Hampshire Constabulary,-1.139264,51.235505,On or near Supermarket,E01032850,Basingstoke and Deane 021G,Shoplifting,Investigation complete; no suspect identified,
eb57263c2eca048363e1db697c1485e62ba47708a863ee85c5857cf1c68889a5,2024-03,Hampshire Constabulary,Hampshire Constabulary,-1.139264,51.235505,On or near Supermarket,E01032850,Basingstoke and Deane 021G,Shoplifting,Unable to prosecute suspect,
470bb979a9fc29f8439df08b2fcf61ace6c017f76075978df59b9cec39736a7c,2024-03,Hampshire Constabulary,Hampshire Constabulary,-1.135812,51.236280,On or near Constantine Way,E01032850,Basingstoke and Deane 021G,Violence and sexual offences,Unable to prosecute suspect,
f23b98c7d85200cc38d0d481d3a4e59fcfbdffb05008097e3233768526f73ebc,2024-03,Hampshire Constabulary,Hampshire Constabulary,-1.139264,51.235505,On or near Supermarket,E01032850,Basingstoke and Deane 021G,Violence and sexual offences,Court result unavailable,
,2024-03,Hampshire Constabulary,Hampshire Constabulary,-1.139264,51.235505,On or near Supermarket,E01032850,Basingstoke and Deane 021G,Anti-social behaviour,,
c339eb959500f2c585e1093204183a6d33c850c330d0152b971dab47dcbd6598,2024-03,Hampshire Constabulary,Hampshire Constabulary,-1.139264,51.235505,On or near Supermarket,E01032850,Basingstoke and Deane 021G,Shoplifting,Status update unavailable,
8f82e0e6c62f7cf553b366156b286cb9421db3ad53f55b04b57a6cf751ad203d,2024-03,Hampshire Constabulary,Hampshire Constabulary,-1.139289,51.232628,On or near Monarch Close,E01032850,Basingstoke and Deane 021G,Vehicle crime,Investigation complete; no suspect identified,
08ef00bc31d45cda3dc229cbb5dc3fdf3b31f6d1aad06c8285293dd69198f8ff,2024-03,Hampshire Constabulary,Hampshire Constabulary,-1.141235,51.234089,On or near Shopping Area,E01032850,Basingstoke and Deane 021G,Violence and sexual offences,Investigation complete; no suspect identified,
244fb5022eb06691ae3892967a93ed0279d622a83bdc1ced284df858570762c5,2024-03,Hampshire Constabulary,Hampshire Constabulary,-1.195755,51.213463,On or near Cuckoo Close,E01022532,Basingstoke and Deane 022A,Public order,Unable to prosecute suspect,
e0d2df7a3ad78f7f0949b6d29dd14f35ee654b7a6e921f67a727b4d6e3c92224,2024-03,Hampshire Constabulary,Hampshire Constabulary,-1.207004,51.192021,On or near Parking Area,E01022532,Basingstoke and Deane 022A,Violence and sexual offences,Unable to prosecute suspect,
481a3805c5b540a4222b5a2549a52d165390fb61d06945d3bd1f0e7d4ebec6a8,2024-03,Hampshire Constabulary,Hampshire Constabulary,-1.144491,51.230184,On or near The Coach Road,E01022532,Basingstoke and Deane 022A,Violence and sexual offences,Investigation complete; no suspect identified,
37f799dd7f29cec140e92d57d6a737056bf8a0459fb657cd2d640bfbaeec7fda,2024-03,Hampshire Constabulary,Hampshire Constabulary,-1.144491,51.230184,On or near The Coach Road,E01022532,Basingstoke and Deane 022A,Violence and sexual offences,Investigation complete; no suspect identified,
e6c59e587d25e263c35cd391b17401fc2af9a02583881d4a4f86d2e93f9eb981,2024-03,Hampshire Constabulary,Hampshire Constabulary,-1.146698,51.232430,On or near Hedgerow Close,E01022532,Basingstoke and Deane 022A,Violence and sexual offences,Investigation complete; no suspect identified,
576c60f8ef98339a1ff2bc3438b1bd336ee8f1909e3d44fd061a8b89cdde3941,2024-03,Hampshire Constabulary,Hampshire Constabulary,-1.150971,51.234512,On or near Sapling Close,E01022532,Basingstoke and Deane 022A,Violence and sexual offences,Unable to prosecute suspect,
49d5b116c0b419c580f5ca2d1550a03626e0e56c08a63ace33cb153bba9422de,2024-03,Hampshire Constabulary,Hampshire Constabulary,-1.148335,51.232955,On or near Saunders Way,E01022532,Basingstoke and Deane 022A,Violence and sexual offences,Unable to prosecute suspect,
8548cdec9b05bff7c60d7a5aa593b249789f9f7a645c16b1466cafe3aeb40adb,2024-03,Hampshire Constabulary,Hampshire Constabulary,-1.143496,51.229799,On or near Blue Hut Way,E01022532,Basingstoke and Deane 022A,Violence and sexual offences,Further action is not in the public interest,
865b890fe55fd02dfae3d84cdbd0bd31d26374fa87ce9add576b23b739e86b1b,2024-03,Hampshire Constabulary,Hampshire Constabulary,-1.166207,51.205415,On or near Dummer Down Lane,E01022532,Basingstoke and Deane 022A,Criminal damage and arson,Unable to prosecute suspect,
9f4d83b555284e1ebf80759dd10a3b56ef140069fda2417bea1643e2ca59c918,2024-03,Hampshire Constabulary,Hampshire Constabulary,-1.151088,51.232813,On or near Orchid Road,E01022532,Basingstoke and Deane 022A,Public order,Investigation complete; no suspect identified,
e88e1e647a245def523bb1f17352d7e21f35693be9dd03742215710dfa7ce33a,2024-03,Hampshire Constabulary,Hampshire Constabulary,-1.159183,51.212253,On or near Down Street,E01022532,Basingstoke and Deane 022A,Vehicle crime,Investigation complete; no suspect identified,
84f9de85f795c676526b6bf5f794c0f2b9b3016b57690d74eb1c6b5540f0bafe,2024-03,Hampshire Constabulary,Hampshire Constabulary,-1.194903,51.212216,On or near Coldharbour,E01022532,Basingstoke and Deane 022A,Violence and sexual offences,Unable to prosecute suspect,
68dc07c60c36b27115b8fab2fb0a2dcab935a1d9c83d337cf3d7a00c1b4d65e8,2024-03,Hampshire Constabulary,Hampshire Constabulary,-1.194903,51.212216,On or near Coldharbour,E01022532,Basingstoke and Deane 022A,Violence and sexual offences,Unable to prosecute suspect,
f6e2ad8a04eee9602457adde1eb3d90bb0663a611f48a724210c88e593c5f3bb,2024-03,Hampshire Constabulary,Hampshire Constabulary,-1.166207,51.205415,On or near Dummer Down Lane,E01022532,Basingstoke and Deane 022A,Violence and sexual offences,Unable to prosecute suspect,
b22491f54c9ec3f54b507124ed1739aaed1677fd5abbf7bf39c84e9cef5d22d6,2024-03,Hampshire Constabulary,Hampshire Constabulary,-1.188297,51.206020,On or near Primrose Close,E01022532,Basingstoke and Deane 022A,Violence and sexual offences,Unable to prosecute suspect,
118b628311c73781104ee344fa63bff443897b596d3286ed970605ee137fea38,2024-03,Hampshire Constabulary,Hampshire Constabulary,-1.257868,51.252233,On or near Station Hill,E01022533,Basingstoke and Deane 022B,Vehicle crime,Unable to prosecute suspect,
2a18c3624716f1e10e41b98b63badd0b157d8593a87b5fc85e2acaaf7fda0384,2024-03,Hampshire Constabulary,Hampshire Constabulary,-1.258943,51.252222,On or near Copse Road,E01022533,Basingstoke and Deane 022B,Vehicle crime,Investigation complete; no suspect identified,
ba6c0da014c22a1750ebab805538198b367717918617aca73bf8639e7bdf2d90,2024-03,Hampshire Constabulary,Hampshire Constabulary,-1.259465,51.252711,On or near Beech Close,E01022533,Basingstoke and Deane 022B,Violence and sexual offences,Unable to prosecute suspect,
,2024-03,Hampshire Constabulary,Hampshire Constabulary,-1.276090,51.242429,On or near Southington Close,E01022533,Basingstoke and Deane 022B,Anti-social behaviour,,
,2024-03,Hampshire Constabulary,Hampshire Constabulary,-1.276090,51.242429,On or near Southington Close,E01022533,Basingstoke and Deane 022B,Anti-social behaviour,,
,2024-03,Hampshire Constabulary,Hampshire Constabulary,-1.276090,51.242429,On or near Southington Close,E01022533,Basingstoke and Deane 022B,Anti-social behaviour,,
e15a38ce3319a1001f5ddb2bee3e2413e84c269332405afc53c966c211b9d778,2024-03,Hampshire Constabulary,Hampshire Constabulary,-1.262549,51.251606,On or near Foxdown,E01022533,Basingstoke and Deane 022B,Burglary,Status update unavailable,
,2024-03,Hampshire Constabulary,Hampshire Constabulary,-1.260027,51.242715,On or near The Green,E01022534,Basingstoke and Deane 022C,Anti-social behaviour,,
,2024-03,Hampshire Constabulary,Hampshire Constabulary,-1.258239,51.246984,On or near Observer Point Road,E01022534,Basingstoke and Deane 022C,Anti-social behaviour,,
7fc8288434ce3310c61ac09ff5a2aecdec9c9f768435be6bce0fa7685d890e4f,2024-03,Hampshire Constabulary,Hampshire Constabulary,-1.259745,51.244161,On or near Parking Area,E01022534,Basingstoke and Deane 022C,Public order,Investigation complete; no suspect identified,
bc602ec121b73249bd7f977b1fee5d3fa47a5e61d10e71012c224f3e5ffb3134,2024-03,Hampshire Constabulary,Hampshire Constabulary,-1.264577,51.243068,On or near Poyntz Road,E01022535,Basingstoke and Deane 022D,Violence and sexual offences,Unable to prosecute suspect,
76932110c12eb743683ddc19a8a61ff1817fab8ff67bee8f80d1143af57e305a,2024-03,Hampshire Constabulary,Hampshire Constabulary,-1.264577,51.243068,On or near Poyntz Road,E01022535,Basingstoke and Deane 022D,Violence and sexual offences,Unable to prosecute suspect,
76cb332852ceefdc77ff9606507dda85d414bdd29702c6eca06757f92ce3d89c,2024-03,Hampshire Constabulary,Hampshire Constabulary,-1.264577,51.243068,On or near Poyntz Road,E01022535,Basingstoke and Deane 022D,Violence and sexual offences,Unable to prosecute suspect,
cea75e562bbaca1e41d9fe562ffcb15e58da77adf1c0b3a2b35ce0d8d28e5676,2024-03,Hampshire Constabulary,Hampshire Constabulary,-1.262780,51.243452,On or near Supermarket,E01022535,Basingstoke and Deane 022D,Public order,Investigation complete; no suspect identified,
68d6dac129f364af8fb37ad93deb03ac8899d7862e9839c4513eb0d0272d3907,2024-03,Hampshire Constabulary,Hampshire Constabulary,-1.262780,51.243452,On or near Supermarket,E01022535,Basingstoke and Deane 022D,Violence and sexual offences,Unable to prosecute suspect,
ea7fd18685516c7b2e6efe9113d9245532a24c627bad6f2b6ca4310454e41beb,2024-03,Hampshire Constabulary,Hampshire Constabulary,-1.264577,51.243068,On or near Poyntz Road,E01022535,Basingstoke and Deane 022D,Violence and sexual offences,Status update unavailable,
f179027c7f47bbe5d8bfe6bef42233fd655a1b9476a58dfc9dc53a9b64af5749,2024-03,Hampshire Constabulary,Hampshire Constabulary,-0.841216,51.181777,On or near Parking Area,E01022581,East Hampshire 001A,Shoplifting,Awaiting court outcome,
f54ce451a49c0fce279ea6b79177b841cb06bb608b9b157c8392e8e4e74c5e54,2024-03,Hampshire Constabulary,Hampshire Constabulary,-0.878356,51.187166,On or near Doctors Field,E01022581,East Hampshire 001A,Violence and sexual offences,Status update unavailable,
ab0078ac4c978e00f8f1db45bea986504bdd18a8779182a84704625a91b0b2c1,2024-03,Hampshire Constabulary,Hampshire Constabulary,-0.893262,51.178333,On or near Isington Lane,E01022582,East Hampshire 001B,Burglary,Investigation complete; no suspect identified,
915286a8fd86a6ea3c3e3a1e47e7798c468338b6b430a5ecf7461cbbb23c701f,2024-03,Hampshire Constabulary,Hampshire Constabulary,-0.847032,51.168841,On or near Dockenfield Street,E01022582,East Hampshire 001B,Violence and sexual offences,Further investigation is not in the public interest,
33b15d7736b5c4fc7f3758d5d8874a40fcb5ed02fb1e37e2ef287f18ecd1b77b,2024-03,Hampshire Constabulary,Hampshire Constabulary,-0.890514,51.164100,On or near Lovell Gardens,E01022582,East Hampshire 001B,Violence and sexual offences,Unable to prosecute suspect,
6c3c7c8f83a23e393790d390cb821ce80d0890843db1daefeb734e9b0a97072d,2024-03,Hampshire Constabulary,Hampshire Constabulary,-0.892847,51.163996,On or near Broadview Close,E01022582,East Hampshire 001B,Violence and sexual offences,Unable to prosecute suspect,
6e22adc7fbdddf51703a737b88c1bf4aa3011d8fdde975459e3576f7591e0734,2024-03,Hampshire Constabulary,Hampshire Constabulary,-0.834285,51.185422,On or near Fullers Road,E01022582,East Hampshire 001B,Other theft,Investigation complete; no suspect identified,
835320c5b40d98a17232be96295988051dd5b97a42373dd5fd0e84ee4a3128a8,2024-03,Hampshire Constabulary,Hampshire Constabulary,-0.921539,51.178607,On or near Miller Lane,E01022604,East Hampshire 001C,Violence and sexual offences,Further investigation is not in the public interest,
95747e241f7d8b3bd14b0567f3940667f2c181fb6ec48923f5178508387ddc98,2024-03,Hampshire Constabulary,Hampshire Constabulary,-0.912173,51.189365,On or near Westburn Fields,E01022604,East Hampshire 001C,Violence and sexual offences,Unable to prosecute suspect,
4a452f4c65c78a63bcc11f775b71297a32ef8b9da1461ad4e0769754920453e9,2024-03,Hampshire Constabulary,Hampshire Constabulary,-0.919812,51.174166,On or near Petrol Station,E01022604,East Hampshire 001C,Other theft,Investigation complete; no suspect identified,
950f89cedc4a1f92d2deeebbb83f0ea806c2d2914b05d34bde16c21b43dd4a9c,2024-03,Hampshire Constabulary,Hampshire Constabulary,-0.913447,51.189943,On or near Barnfield Close,E01022604,East Hampshire 001C,Violence and sexual offences,Status update unavailable,
a2a62166e4c1de70bc758cf4ea41191f1c3ac8f6131733ee5f4f5675e58fe0cf,2024-03,Hampshire Constabulary,Hampshire Constabulary,-0.960181,51.157591,On or near Claines Street,E01022605,East Hampshire 001D,Criminal damage and arson,Investigation complete; no suspect identified,
e9216ae0a1b4574f6ea6e40706896db81667111b980d6247fda05e9d44910079,2024-03,Hampshire Constabulary,Hampshire Constabulary,-0.959231,51.159129,On or near London Road,E01022605,East Hampshire 001D,Possession of weapons,Further investigation is not in the public interest,
c00e027a90da87a67ff48e66e732d59cb2a52befaf6a7040ad55aa35fbcfcf4f,2024-03,Hampshire Constabulary,Hampshire Constabulary,-0.944107,51.165153,On or near New Lane,E01022605,East Hampshire 001D,Public order,Unable to prosecute suspect,
701e23f4827d5853ca2ce2f5350dc381ce1e78ef459d3a55cc59206f11554516,2024-03,Hampshire Constabulary,Hampshire Constabulary,-0.958102,51.157860,On or near Garstons Way,E01022605,East Hampshire 001D,Shoplifting,Court result unavailable,
bd65df775d06e1954913497071336541f1a828855d7809d1ef6336fc0b19e69f,2024-03,Hampshire Constabulary,Hampshire Constabulary,-0.958102,51.157860,On or near Garstons Way,E01022605,East Hampshire 001D,Shoplifting,Court result unavailable,
adfbd6c0cea804b098b221217c785d5e53facca1d25940fb3a1c3c80cec909ba,2024-03,Hampshire Constabulary,Hampshire Constabulary,-0.958505,51.158996,On or near Grange Gardens,E01022605,East Hampshire 001D,Violence and sexual offences,Local resolution,
3eb26ed0a07d935f2c98ed4a1e66db7920b6ccd11013d8cd9ee94936f39005bd,2024-03,Hampshire Constabulary,Hampshire Constabulary,-0.958102,51.157860,On or near Garstons Way,E01022605,East Hampshire 001D,Violence and sexual offences,Local resolution,
aa739bc1de65efef0ec2972a9e2aadc9faeb555995f3af2511e559d176dad88e,2024-03,Hampshire Constabulary,Hampshire Constabulary,-0.960623,51.156363,On or near Anstey Mill Lane,E01022605,East Hampshire 001D,Violence and sexual offences,Unable to prosecute suspect,
5d7d34e4c10df9f1563508e6d4e3d1397f149ac5148d8761a6741b10fbcaaba7,2024-03,Hampshire Constabulary,Hampshire Constabulary,-0.954221,51.166323,On or near Brockham Hill Lane,E01022605,East Hampshire 001D,Violence and sexual offences,Investigation complete; no suspect identified,
da620358405cfa444b0f457f82f2996179158985348ad383b54d73b5c608b85b,2024-03,Hampshire Constabulary,Hampshire Constabulary,-0.959231,51.159129,On or near London Road,E01022605,East Hampshire 001D,Violence and sexual offences,Action to be taken by another organisation,
2f8da2f7864773340b406e1cd2a284c5acba851413a7c3a45548cab7a3c23007,2024-03,Hampshire Constabulary,Hampshire Constabulary,-0.958102,51.157860,On or near Garstons Way,E01022605,East Hampshire 001D,Violence and sexual offences,Unable to prosecute suspect,
,2024-03,Hampshire Constabulary,Hampshire Constabulary,-0.960181,51.157591,On or near Claines Street,E01022605,East Hampshire 001D,Anti-social behaviour,,
d22692a88311f67c63009a02ec24288e89f89efe8de804a165dc3f4493ef6918,2024-03,Hampshire Constabulary,Hampshire Constabulary,-0.958102,51.157860,On or near Garstons Way,E01022605,East Hampshire 001D,Burglary,Investigation complete; no suspect identified,
d30a82d958378e4479989e7773df1ed8662470c08cdd2fdeac8c30833246a513,2024-03,Hampshire Constabulary,Hampshire Constabulary,-0.947878,51.163505,On or near Carpenters Close,E01022605,East Hampshire 001D,Other theft,Investigation complete; no suspect identified,
2e3c16462b8cfb756c6aeb9662a14a4221e8e7a882e03f55ba363dfb6dc0b41a,2024-03,Hampshire Constabulary,Hampshire Constabulary,-0.944544,51.164168,On or near Pentons Close,E01022605,East Hampshire 001D,Public order,Investigation complete; no suspect identified,
f7500b3eb0e9cd2c0b65b0fa847b1c7e53362c68ed03831947a0e646f8e4985a,2024-03,Hampshire Constabulary,Hampshire Constabulary,-0.958102,51.157860,On or near Garstons Way,E01022605,East Hampshire 001D,Shoplifting,Investigation complete; no suspect identified,
f3405f6ce9ca41450d6b239b02856b02099396eea672442e672443da63d1ec51,2024-03,Hampshire Constabulary,Hampshire Constabulary,-0.958102,51.157860,On or near Garstons Way,E01022605,East Hampshire 001D,Shoplifting,Investigation complete; no suspect identified,
1472fefbb1bb3963650846ce449c35e09493eb9798966c69c6d608904b4e55db,2024-03,Hampshire Constabulary,Hampshire Constabulary,-0.958102,51.157860,On or near Garstons Way,E01022605,East Hampshire 001D,Shoplifting,Investigation complete; no suspect identified,
781fafc5a49e0130a3d2736a87a7b4b0a66e0eedc5602190fe73e9f1d8616a09,2024-03,Hampshire Constabulary,Hampshire Constabulary,-0.958102,51.157860,On or near Garstons Way,E01022605,East Hampshire 001D,Shoplifting,Investigation complete; no suspect identified,
445ca93b7408a4f2f8de3feec886257fa8039a4dd0506e9d6b62ddfc319d1bd3,2024-03,Hampshire Constabulary,Hampshire Constabulary,-0.958102,51.157860,On or near Garstons Way,E01022605,East Hampshire 001D,Violence and sexual offences,Status update unavailable,
a63d5d741f0e68862c9c6776607c6d181098736b7b07213cd7ad5f31cc08dae9,2024-03,Hampshire Constabulary,Hampshire Constabulary,-0.960181,51.157591,On or near Claines Street,E01022605,East Hampshire 001D,Violence and sexual offences,Investigation complete; no suspect identified,
e6e7bed345723b0d0502203cc0c7eeafb2ff2248767ffa72a5f02d87c9961317,2024-03,Hampshire Constabulary,Hampshire Constabulary,-0.958102,51.157860,On or near Garstons Way,E01022605,East Hampshire 001D,Violence and sexual offences,Unable to prosecute suspect,
dd03658cac6f9ca6cb5382277567413b31aca32c9256028375794bb96b39edc0,2024-03,Hampshire Constabulary,Hampshire Constabulary,-0.967052,51.152745,On or near Supermarket,E01022574,East Hampshire 002A,Burglary,Investigation complete; no suspect identified,
6fed7e477e4c7cb40d3f27eba4e55c53cf305d64c007d93648302c84e2cb8779,2024-03,Hampshire Constabulary,Hampshire Constabulary,-0.970099,51.153353,On or near Littlefield Road,E01022574,East Hampshire 002A,Public order,Unable to prosecute suspect,
,2024-03,Hampshire Constabulary,Hampshire Constabulary,-0.967616,51.152513,On or near Station Road,E01022574,East Hampshire 002A,Anti-social behaviour,,
57933bbbb70c0005781a01dabab5262dedb14b7c8db06dc395a2076c54c4de60,2024-03,Hampshire Constabulary,Hampshire Constabulary,-0.970099,51.153353,On or near Littlefield Road,E01022574,East Hampshire 002A,Criminal damage and arson,Investigation complete; no suspect identified,
aafa336a43aff371fb285324d9b5147305a1398b4dfd1cb3193df117a30b69d7,2024-03,Hampshire Constabulary,Hampshire Constabulary,-0.965324,51.155910,On or near Shipley Close,E01022574,East Hampshire 002A,Criminal damage and arson,Investigation complete; no suspect identified,
a29c7ce6b069c794977edd37bb31608c130c72b6aaa8e2cef64790643826b547,2024-03,Hampshire Constabulary,Hampshire Constabulary,-0.973178,51.153137,On or near Spitalfields Road,E01022574,East Hampshire 002A,Other theft,Unable to prosecute suspect,
099b956c4ce0ae7c31b3499fda53be3886dd74e0d71e787bab23d4ba2724e511,2024-03,Hampshire Constabulary,Hampshire Constabulary,-0.969379,51.154255,On or near Victoria Road East,E01022574,East Hampshire 002A,Violence and sexual offences,Status update unavailable,
7a620e5f00625889520ee1069093a024697fca7060a1ee0f28dc30d5b9f922cf,2024-03,Hampshire Constabulary,Hampshire Constabulary,-0.970099,51.153353,On or near Littlefield Road,E01022574,East Hampshire 002A,Violence and sexual offences,Unable to prosecute suspect,
18fdbad77116fe3f3aea9475933536f4123c8996bb8eeb0739087a7d29d4fdcb,2024-03,Hampshire Constabulary,Hampshire Constabulary,-0.972552,51.157529,On or near Lipscombe Rise,E01022575,East Hampshire 002B,Criminal damage and arson,Court result unavailable,
1f7e6f0113b77acf7c8b5508db613ad828a9697421b16417b489847e35ec2873,2024-03,Hampshire Constabulary,Hampshire Constabulary,-0.966828,51.157685,On or near Allen Close,E01022575,East Hampshire 002B,Public order,Unable to prosecute suspect,
07bdba71d7db5fd6368ad7b5812bda336276bb46211d85aa3581ae89b7324f4d,2024-03,Hampshire Constabulary,Hampshire Constabulary,-0.973723,51.158232,On or near Hillside Close,E01022575,East Hampshire 002B,Violence and sexual offences,Unable to prosecute suspect,
e2227af4856533b684c63d4168e8560c82117acfd6b3785e1986b482510bdee7,2024-03,Hampshire Constabulary,Hampshire Constabulary,-0.971086,51.155933,On or near Edward Road,E01022575,East Hampshire 002B,Violence and sexual offences,Local resolution,
377d9a39c3dae3b50786b031066cddaceb8351ab1d36ff21032f5514caf73a7d,2024-03,Hampshire Constabulary,Hampshire Constabulary,-0.971086,51.155933,On or near Edward Road,E01022575,East Hampshire 002B,Violence and sexual offences,Unable to prosecute suspect,
b6e1a99504f2fbf819804ca430d6beda6e985c80a5d3dbf6ef072e6d6bdedda7,2024-03,Hampshire Constabulary,Hampshire Constabulary,-0.971086,51.155933,On or near Edward Road,E01022575,East Hampshire 002B,Violence and sexual offences,Unable to prosecute suspect,
23dce892837fde4983ce72c2fe3abd04fe1bdd451bbea8bf5fd4bccb55d5cf31,2024-03,Hampshire Constabulary,Hampshire Constabulary,-0.975771,51.156171,On or near Further/Higher Educational Building,E01022575,East Hampshire 002B,Violence and sexual offences,Local resolution,
,2024-03,Hampshire Constabulary,Hampshire Constabulary,-0.972870,51.155419,On or near Alexandra Road,E01022575,East Hampshire 002B,Anti-social behaviour,,
6706daa9989cca6a05070e90e7a11697c3a0eeb0536fbd271b7bdf31b897ba8d,2024-03,Hampshire Constabulary,Hampshire Constabulary,-0.971086,51.155933,On or near Edward Road,E01022575,East Hampshire 002B,Criminal damage and arson,Investigation complete; no suspect identified,
8ca0ac7ef84524c110a8852a078858e67dc591166c501d0639f077f49dc865a2,2024-03,Hampshire Constabulary,Hampshire Constabulary,-0.969412,51.157241,On or near Barlow Mews,E01022575,East Hampshire 002B,Public order,Unable to prosecute suspect,
5a962badcaa70678801a5fb8a1320116770636adb260c3865c38608c6d0d2256,2024-03,Hampshire Constabulary,Hampshire Constabulary,-0.972870,51.155419,On or near Alexandra Road,E01022575,East Hampshire 002B,Robbery,Status update unavailable,
db655ba0cf9c3d8d48897845deea15f77318c452c1a288c2ffcef135038a5f0a,2024-03,Hampshire Constabulary,Hampshire Constabulary,-0.972664,51.156972,On or near Skylark Close,E01022575,East Hampshire 002B,Violence and sexual offences,Status update unavailable,
5aacf1e3c3f7a26fe292d88c2d4ea1efe9b84d0d3ec2263491c460f469faae69,2024-03,Hampshire Constabulary,Hampshire Constabulary,-0.978077,51.147551,On or near Parking Area,E01022576,East Hampshire 002C,Burglary,Investigation complete; no suspect identified,
5229db92a625ab417fa57eb34843a17b8954f140e24333fb2b780ec2e4a8164c,2024-03,Hampshire Constabulary,Hampshire Constabulary,-0.973853,51.150454,On or near Parking Area,E01022576,East Hampshire 002C,Criminal damage and arson,Unable to prosecute suspect,
4ee7f8eab73d18d4ad9486703b72c0c589a138b26b262b61c9fc3995b58e789d,2024-03,Hampshire Constabulary,Hampshire Constabulary,-0.969562,51.149868,On or near Russett Road,E01022576,East Hampshire 002C,Drugs,Local resolution,
1a80dea7f0a8fcf1c02067f53cf01ca72b8a1b5c0d8b5cfeff0d128d2c9fb542,2024-03,Hampshire Constabulary,Hampshire Constabulary,-0.973853,51.150454,On or near Parking Area,E01022576,East Hampshire 002C,Public order,Investigation complete; no suspect identified,
849486a1ae414160e835d87cfe5d14eeff56e1bb64bed80f6a0ffc3c327ac4aa,2024-03,Hampshire Constabulary,Hampshire Constabulary,-0.971398,51.151548,On or near Normandy Street,E01022576,East Hampshire 002C,Public order,Unable to prosecute suspect,
24f897b673ecbe18891998d6d9ba2809047152175511f4de97439ef0982a22ed,2024-03,Hampshire Constabulary,Hampshire Constabulary,-0.978077,51.147551,On or near Parking Area,E01022576,East Hampshire 002C,Shoplifting,Investigation complete; no suspect identified,
931f02a8300f0419f86e0368fbc5459e1a765edf98acf0c469e5bd7e163a9c92,2024-03,Hampshire Constabulary,Hampshire Constabulary,-0.978077,51.147551,On or near Parking Area,E01022576,East Hampshire 002C,Shoplifting,Investigation complete; no suspect identified,
759d3a077b91757a271dcbc5826826b15b8496a6bdff226184cbe76175c3b3f8,2024-03,Hampshire Constabulary,Hampshire Constabulary,-0.978077,51.147551,On or near Parking Area,E01022576,East Hampshire 002C,Violence and sexual offences,Local resolution,
3af289976df5c408a74607f284c7233f8930fcc66673a30ccc31f842a12a77c3,2024-03,Hampshire Constabulary,Hampshire Constabulary,-0.975609,51.149247,On or near Supermarket,E01022576,East Hampshire 002C,Violence and sexual offences,Court result unavailable,
7a11d4d24ef05cc76fa57414e7bcf76282ec5919598c519a5e9ea27b436f9c72,2024-03,Hampshire Constabulary,Hampshire Constabulary,-0.978077,51.147551,On or near Parking Area,E01022576,East Hampshire 002C,Violence and sexual offences,Unable to prosecute suspect,
abb124465f775c29734ffe1d85cd73bbd6001194ba49d8883fcadf38ae65ab81,2024-03,Hampshire Constabulary,Hampshire Constabulary,-0.974354,51.151061,On or near Parking Area,E01022576,East Hampshire 002C,Violence and sexual offences,Unable to prosecute suspect,
f2f4edcaffcba6eb3b7d5e08f2a66274fb625aec0656bace5e10ba7a88b0a993,2024-03,Hampshire Constabulary,Hampshire Constabulary,-0.973853,51.150454,On or near Parking Area,E01022576,East Hampshire 002C,Violence and sexual offences,Unable to prosecute suspect,
dc479fca04350cc895ff3124bba20f58293e67747b2eb68f8f2a2d4186cf3a41,2024-03,Hampshire Constabulary,Hampshire Constabulary,-0.969562,51.149868,On or near Russett Road,E01022576,East Hampshire 002C,Violence and sexual offences,Unable to prosecute suspect,
fc3fdc3c5d8b69e689e1613e7b98cd858e300d3798b67b0145b9b92210fa1e9a,2024-03,Hampshire Constabulary,Hampshire Constabulary,-0.973853,51.150454,On or near Parking Area,E01022576,East Hampshire 002C,Violence and sexual offences,Unable to prosecute suspect,
,2024-03,Hampshire Constabulary,Hampshire Constabulary,-0.972030,51.147561,On or near Lower Turk Street,E01022576,East Hampshire 002C,Anti-social behaviour,,
,2024-03,Hampshire Constabulary,Hampshire Constabulary,-0.971926,51.150294,On or near Parking Area,E01022576,East Hampshire 002C,Anti-social behaviour,,
,2024-03,Hampshire Constabulary,Hampshire Constabulary,-0.973853,51.150454,On or near Parking Area,E01022576,East Hampshire 002C,Anti-social behaviour,,
3d4f56fc43d43f7924f08d3df24b6d3ec89934de2fc70d24d8f21e3712ea0d4e,2024-03,Hampshire Constabulary,Hampshire Constabulary,-0.974069,51.149099,On or near Parking Area,E01022576,East Hampshire 002C,Public order,Unable to prosecute suspect,
c5b49b5272ea79478253d650d09adfa171d0fbea60c23dc8680accc1935ebcaa,2024-03,Hampshire Constabulary,Hampshire Constabulary,-0.978077,51.147551,On or near Parking Area,E01022576,East Hampshire 002C,Shoplifting,Investigation complete; no suspect identified,
da48b1514936919d81a767b1e810a401461492a10595ff1c04459f19a5203713,2024-03,Hampshire Constabulary,Hampshire Constabulary,-0.973853,51.150454,On or near Parking Area,E01022576,East Hampshire 002C,Violence and sexual offences,Status update unavailable,
52f7e52376cc987c69dbc0b90c51fdc0e2b5675ae5e0d6089a5a181049212c53,2024-03,Hampshire Constabulary,Hampshire Constabulary,-0.973932,51.147506,On or near Turk Street,E01022576,East Hampshire 002C,Violence and sexual offences,Unable to prosecute suspect,
d7e8d20c3efb4932e66c527e2e8772cf0f361a8d0c3f98779787513c31e890b8,2024-03,Hampshire Constabulary,Hampshire Constabulary,-0.968267,51.162419,On or near Manor Road,E01022579,East Hampshire 002D,Burglary,Unable to prosecute suspect,
02109c7f87475cc0d59f307bb31bb1e5cdd31616519eab93a5629416f904a060,2024-03,Hampshire Constabulary,Hampshire Constabulary,-0.973804,51.162971,On or near Edith Drive,E01022579,East Hampshire 002D,Other theft,Unable to prosecute suspect,
2215e939bdd80aa6d568201be57baa69c9c02f770518d3fca371dcc49d110858,2024-03,Hampshire Constabulary,Hampshire Constabulary,-0.970143,51.162957,On or near Gerald Square,E01022579,East Hampshire 002D,Theft from the person,Investigation complete; no suspect identified,
8dc57e9dd6cae15d77f00966c62389c4f2476afbcb3c6db6a3d2601d07cc6a00,2024-03,Hampshire Constabulary,Hampshire Constabulary,-0.970143,51.162957,On or near Gerald Square,E01022579,East Hampshire 002D,Violence and sexual offences,Court result unavailable,
aac844c836721dd034630c0c2e45a89f034e454a1c0f41e9d2014833b9313668,2024-03,Hampshire Constabulary,Hampshire Constabulary,-0.970143,51.162957,On or near Gerald Square,E01022579,East Hampshire 002D,Violence and sexual offences,Further action is not in the public interest,
974182ddd772eafd01c10296bfc0c8b0e3752e069746df5307cae113201da371,2024-03,Hampshire Constabulary,Hampshire Constabulary,-0.969992,51.158810,On or near Plovers Way,E01022579,East Hampshire 002D,Violence and sexual offences,Unable to prosecute suspect,
895f79fdb2708afd99c84c2cf689362c6edab92718618148b55b70d85a85040f,2024-03,Hampshire Constabulary,Hampshire Constabulary,-0.968539,51.163060,On or near Baverstocks,E01022579,East Hampshire 002D,Violence and sexual offences,Unable to prosecute suspect,
33efd90953c1bd8a27d80336678cc28f27714237cbcf3089f200aa9d4cff50fb,2024-03,Hampshire Constabulary,Hampshire Constabulary,-0.969260,51.159577,On or near Dairy Court,E01022579,East Hampshire 002D,Shoplifting,Investigation complete; no suspect identified,
1d79c540fc6c8a62557d305ca3bf3808a16c047eb28db1a60b5d8887812b09ab,2024-03,Hampshire Constabulary,Hampshire Constabulary,-0.973804,51.162971,On or near Edith Drive,E01022579,East Hampshire 002D,Violence and sexual offences,Unable to prosecute suspect,
0ca93f0fad8e3d6c0f008d8b1730477bde47caab0126b053849a682ad78eccec,2024-03,Hampshire Constabulary,Hampshire Constabulary,-0.970879,51.163944,On or near Bello Abbey Way,E01022579,East Hampshire 002D,Violence and sexual offences,Investigation complete; no suspect identified,
dd71582299ba54b3ba20b781b7fb7bb3d5390878119e5c3f10535e52ba0f9621,2024-03,Hampshire Constabulary,Hampshire Constabulary,-0.967012,51.161617,On or near Manor Close,E01022579,East Hampshire 002D,Violence and sexual offences,Unable to prosecute suspect,
24793c00b02a6e42f50aa3bace108167db25f884536177500725e2efbf6496b2,2024-03,Hampshire Constabulary,Hampshire Constabulary,-0.973804,51.162971,On or near Edith Drive,E01022579,East Hampshire 002D,Violence and sexual offences,Unable to prosecute suspect,
8eae90ec9b714c5db3e0d77db0e3f1a4c2af9cb0d13beff2d0cba64a5f2329e7,2024-03,Hampshire Constabulary,Hampshire Constabulary,-0.973804,51.162971,On or near Edith Drive,E01022579,East Hampshire 002D,Violence and sexual offences,Unable to prosecute suspect,
d7393c15253178c0fbf4f215dce83b2c62a00c649009badf7de6019ad6c0c641,2024-03,Hampshire Constabulary,Hampshire Constabulary,-0.979301,51.157552,On or near Chestnut Close,E01022571,East Hampshire 003A,Violence and sexual offences,Action to be taken by another organisation,
2dc50848a725915ba39a9821790ec5d39a14a413155db94cffa58ad8dda07a5a,2024-03,Hampshire Constabulary,Hampshire Constabulary,-0.979301,51.157552,On or near Chestnut Close,E01022571,East Hampshire 003A,Violence and sexual offences,Unable to prosecute suspect,
,2024-03,Hampshire Constabulary,Hampshire Constabulary,-0.981835,51.155452,On or near Lime Grove,E01022572,East Hampshire 003B,Anti-social behaviour,,
acd94bd78828eab1143ddb2326228d74177ccea5a7c5e3dc69c33cc08978627e,2024-03,Hampshire Constabulary,Hampshire Constabulary,-0.968098,51.145647,On or near Curtis Road,E01022573,East Hampshire 003C,Violence and sexual offences,Court result unavailable,
ed0a63d79ed6c104d9fb36fa203c907d514040efab0af689e2092973d418c9d9,2024-03,Hampshire Constabulary,Hampshire Constabulary,-0.979363,51.143048,On or near Borovere Lane,E01022573,East Hampshire 003C,Other theft,Investigation complete; no suspect identified,
d27dbfb97345f80b10b385c533529582cbf7764a89653ce56e73ec017fd5136a,2024-03,Hampshire Constabulary,Hampshire Constabulary,-0.969237,51.143948,On or near Salisbury Close,E01022573,East Hampshire 003C,Other theft,Investigation complete; no suspect identified,
e17b404a92660934720313d0507ec5cfa53129876dfb2a60c1a1561f554257a2,2024-03,Hampshire Constabulary,Hampshire Constabulary,-0.974696,51.146586,On or near Parking Area,E01022577,East Hampshire 003D,Drugs,Local resolution,
e139e41fd070044cc3c5c5897f607211331f25defd91eb154761f38a3c11dc83,2024-03,Hampshire Constabulary,Hampshire Constabulary,-0.980340,51.148038,On or near Westbrooke Road,E01022577,East Hampshire 003D,Robbery,Local resolution,
c6fa4e3957680c35184da334b033c0016e9bf2918021415ae43f06d02de6c830,2024-03,Hampshire Constabulary,Hampshire Constabulary,-0.979930,51.145220,On or near Petrol Station,E01022577,East Hampshire 003D,Violence and sexual offences,Local resolution,
f7cfd7927e8eb00672c520ffd04054fa38c9dea77c91bf19230de785e3437ce7,2024-03,Hampshire Constabulary,Hampshire Constabulary,-0.979930,51.145220,On or near Petrol Station,E01022577,East Hampshire 003D,Violence and sexual offences,Local resolution,
1c8a4fda41ddc76657e1558c6d8d17514bccfde7e6b86c4f2ecd014d93f217fa,2024-03,Hampshire Constabulary,Hampshire Constabulary,-0.979930,51.145220,On or near Petrol Station,E01022577,East Hampshire 003D,Violence and sexual offences,Investigation complete; no suspect identified,
e657ecbabacdab7363df20b97cb1b9f223122de8e0c65e6ad6a13771d89481c1,2024-03,Hampshire Constabulary,Hampshire Constabulary,-0.978180,51.150663,On or near Cromwell Gardens,E01022577,East Hampshire 003D,Violence and sexual offences,Unable to prosecute suspect,
,2024-03,Hampshire Constabulary,Hampshire Constabulary,-0.977666,51.146109,On or near Parking Area,E01022577,East Hampshire 003D,Anti-social behaviour,,
,2024-03,Hampshire Constabulary,Hampshire Constabulary,-0.979374,51.150341,On or near Parking Area,E01022577,East Hampshire 003D,Anti-social behaviour,,
2e61aaa6179dbc8e0970957855fd554273b96e1b0cd9bf20ddd383abb9da76a6,2024-03,Hampshire Constabulary,Hampshire Constabulary,-0.975676,51.150129,On or near Vicarage Hill,E01022577,East Hampshire 003D,Criminal damage and arson,Investigation complete; no suspect identified,
2772f56a0f97d2a384a5e68bc34277237e13a82bbc6ef9b1fa6a960d4cdca064,2024-03,Hampshire Constabulary,Hampshire Constabulary,-0.974696,51.146586,On or near Parking Area,E01022577,East Hampshire 003D,Other theft,Investigation complete; no suspect identified,
28eb76008c44ac996185bf92cdfe45308038821e7925656e12bb97aa9a9b736b,2024-03,Hampshire Constabulary,Hampshire Constabulary,-0.978053,51.151256,On or near Steeple Drive,E01022577,East Hampshire 003D,Public order,Status update unavailable,
f60eead0bf255deeb64b63993b6a7c4d54d367a63ede2e214a314a8d1305554b,2024-03,Hampshire Constabulary,Hampshire Constabulary,-0.974696,51.146586,On or near Parking Area,E01022577,East Hampshire 003D,Public order,Unable to prosecute suspect,
fea88efd17d8fb8c4228ed6f03a224d3bd8cb0e8af9d6d2f947d64e7ea4ad2b8,2024-03,Hampshire Constabulary,Hampshire Constabulary,-0.977666,51.146109,On or near Parking Area,E01022577,East Hampshire 003D,Public order,Investigation complete; no suspect identified,
a72d91d01ffdcf5e57582b4325ab274dad0be069adba72df5f79edba71cbae59,2024-03,Hampshire Constabulary,Hampshire Constabulary,-0.977666,51.146109,On or near Parking Area,E01022577,East Hampshire 003D,Public order,Investigation complete; no suspect identified,
7dd681326f2b0384284857bffb461c55a1dbe90280c889a4ae26e39e8fd7caa0,2024-03,Hampshire Constabulary,Hampshire Constabulary,-0.975021,51.150015,On or near Parking Area,E01022577,East Hampshire 003D,Violence and sexual offences,Status update unavailable,
12d23a6a9792c4ab03686f2c2cd6de1697c0f6ac92989934b63080cc434a1bc1,2024-03,Hampshire Constabulary,Hampshire Constabulary,-0.978053,51.151256,On or near Steeple Drive,E01022577,East Hampshire 003D,Violence and sexual offences,Unable to prosecute suspect,
b4de4bfb1e50667eb54a92e0741580404f120bcee9136c9c55dd6c2b0cae62f2,2024-03,Hampshire Constabulary,Hampshire Constabulary,-0.972795,51.161407,On or near Parking Area,E01022580,East Hampshire 003F,Violence and sexual offences,Unable to prosecute suspect,
98f4bf8024063ca84b1cf3d82721e9dc7a55aa0050934af3c3cd8bdff5f92cba,2024-03,Hampshire Constabulary,Hampshire Constabulary,-0.973231,51.159154,On or near Wooteys Way,E01022580,East Hampshire 003F,Violence and sexual offences,Unable to prosecute suspect,
55f4357b65cc1f848884caa626b520a9a1996074b7794c873d3100004c4c8394,2024-03,Hampshire Constabulary,Hampshire Constabulary,-0.986373,51.146076,On or near Oakwood Drive,E01034719,East Hampshire 003G,Drugs,Offender given a caution,
2ffc1e64017f754217f7c147c4a2df86fe0fca70bef9b0011649c24ccccf4b8c,2024-03,Hampshire Constabulary,Hampshire Constabulary,-0.986373,51.146076,On or near Oakwood Drive,E01034719,East Hampshire 003G,Drugs,Offender given a caution,
3a24c50ddb7d486cd12dfc0f60dd989b692cd19bcde8814e5d20fce7dd52d509,2024-03,Hampshire Constabulary,Hampshire Constabulary,-0.981771,51.146666,On or near Ackender Road,E01034719,East Hampshire 003G,Public order,Unable to prosecute suspect,
,2024-03,Hampshire Constabulary,Hampshire Constabulary,-0.981018,51.146435,On or near Rack Close Road,E01034719,East Hampshire 003G,Anti-social behaviour,,
,2024-03,Hampshire Constabulary,Hampshire Constabulary,-0.981771,51.146666,On or near Ackender Road,E01034719,East Hampshire 003G,Anti-social behaviour,,
,2024-03,Hampshire Constabulary,Hampshire Constabulary,-0.981771,51.146666,On or near Ackender Road,E01034719,East Hampshire 003G,Anti-social behaviour,,
,2024-03,Hampshire Constabulary,Hampshire Constabulary,-0.981771,51.146666,On or near Ackender Road,E01034719,East Hampshire 003G,Anti-social behaviour,,
8ccb72ae18bc292091c7387ef3dba69786e461b94d675c05a2d98c6eb5aa5d68,2024-03,Hampshire Constabulary,Hampshire Constabulary,-0.991066,51.150505,On or near Ernest Road,E01034719,East Hampshire 003G,Burglary,Status update unavailable,
f8cfaf18ef9fb2d2c04f232b5ba4a2c5e3c7ed2328f8fba9cea8efe38eaa24b3,2024-03,Hampshire Constabulary,Hampshire Constabulary,-0.991134,51.137548,On or near Gurdons,E01034720,East Hampshire 003H,Burglary,Investigation complete; no suspect identified,
834d4d001af209dab3a07f3fe2b44440131213c6ff15c679950781c0d99fcd82,2024-03,Hampshire Constabulary,Hampshire Constabulary,-0.991134,51.137548,On or near Gurdons,E01034720,East Hampshire 003H,Public order,Unable to prosecute suspect,
dd72201ed68c7f5a34ad061b266d6a6cdd6fd357bd6eb68d3552972e2372fa04,2024-03,Hampshire Constabulary,Hampshire Constabulary,-0.991134,51.137548,On or near Gurdons,E01034720,East Hampshire 003H,Violence and sexual offences,Unable to prosecute suspect,
df3c6fff8386ab032bdaa6816fa2d544f6806ad33b58f01f54d1f4576de56f69,2024-03,Hampshire Constabulary,Hampshire Constabulary,-0.987113,51.139707,On or near Winstreet Close,E01034720,East Hampshire 003H,Other theft,Investigation complete; no suspect identified,
eb945e770f1203c0ddbb32b554715c77153a233de4313abbefd4bb43e1adb420,2024-03,Hampshire Constabulary,Hampshire Constabulary,-0.987551,51.141914,On or near Elmwood Close,E01034720,East Hampshire 003H,Other theft,Investigation complete; no suspect identified,
b104ec7717972956ad3d6191410cd2f8113258ac50f25541d4c8e73665c69863,2024-03,Hampshire Constabulary,Hampshire Constabulary,-0.993433,51.139627,On or near Burnham Road,E01034720,East Hampshire 003H,Violence and sexual offences,Investigation complete; no suspect identified,
01e7ec2c3de8ca38291c8d53953b1934caa9dbd7540147eba3bbb62c3fb57509,2024-03,Hampshire Constabulary,Hampshire Constabulary,-0.992756,51.139855,On or near Princess Louise Square,E01034720,East Hampshire 003H,Violence and sexual offences,Unable to prosecute suspect,
e4a5b8466f876a40c038a38ef1d5ad361003b65764b1441d8398dfedd1bef08f,2024-03,Hampshire Constabulary,Hampshire Constabulary,-0.801539,51.143214,On or near Wishanger Lane,E01022603,East Hampshire 004A,Burglary,Investigation complete; no suspect identified,
19727c25b31815a76c4f827f33d9fefdf8e9a89cedcf6f18676825ea288d3b0f,2024-03,Hampshire Constabulary,Hampshire Constabulary,-0.806028,51.123261,On or near Parking Area,E01022603,East Hampshire 004A,Shoplifting,Investigation complete; no suspect identified,
49daec8500b7098301d54f5d41cd2c3215b3a82fca1b18aff6a0eac5c31ef55e,2024-03,Hampshire Constabulary,Hampshire Constabulary,-0.804653,51.123372,On or near Larch Road,E01022603,East Hampshire 004A,Violence and sexual offences,Unable to prosecute suspect,
4bf72a9c445daa63d8614699fdfc3cac4fbbf0049b892697435254d849d1ac1f,2024-03,Hampshire Constabulary,Hampshire Constabulary,-0.846287,51.124150,On or near Lindford Road,E01022603,East Hampshire 004A,Violence and sexual offences,Unable to prosecute suspect,
6d8e2e3c7ae44fe03056794b6ae4deac90d159c30ea418727dd0abea951caae8,2024-03,Hampshire Constabulary,Hampshire Constabulary,-0.832857,51.129170,On or near Linsted Lane,E01022603,East Hampshire 004A,Burglary,Status update unavailable,
8a086a0c555980fa1c911d50d08d970858e4561814a588313a69d186545968d0,2024-03,Hampshire Constabulary,Hampshire Constabulary,-0.846287,51.124150,On or near Lindford Road,E01022603,East Hampshire 004A,Criminal damage and arson,Unable to prosecute suspect,
51dbc9105f9ce226d0862915d00f71fedc4ad80593a1cbb80b55c0c1c972d801,2024-03,Hampshire Constabulary,Hampshire Constabulary,-0.798002,51.132989,On or near Churt Road,E01022603,East Hampshire 004A,Public order,Investigation complete; no suspect identified,
84f51271e59fb71ea7953ec45af0a0fb19cf656e1fdd073daa4ba72179537268,2024-03,Hampshire Constabulary,Hampshire Constabulary,-0.804653,51.123372,On or near Larch Road,E01022603,East Hampshire 004A,Violence and sexual offences,Unable to prosecute suspect,
8d20534cb5e4c522608d7acbc1f4a88712e0de922ee7fed2cbbaea8cfb5a511c,2024-03,Hampshire Constabulary,Hampshire Constabulary,-0.861127,51.109341,On or near Woodside Close,E01022634,East Hampshire 004B,Criminal damage and arson,Unable to prosecute suspect,
75ccc77ffedaf2125f2bb3b31b2725b2d7a6a2b29a0d3a1df8d6241d23a5f932,2024-03,Hampshire Constabulary,Hampshire Constabulary,-0.857415,51.108675,On or near Shopping Area,E01022634,East Hampshire 004B,Public order,Unable to prosecute suspect,
57af1d25eeaac11b1afeb0fd44de387e199aebec1eaf1bc429dd9576d0143401,2024-03,Hampshire Constabulary,Hampshire Constabulary,-0.857415,51.108675,On or near Shopping Area,E01022634,East Hampshire 004B,Public order,Unable to prosecute suspect,
0dab47a493a333975755f6313e55db5ffabe84a7e7807fdd075a5c2c2e53517a,2024-03,Hampshire Constabulary,Hampshire Constabulary,-0.857006,51.109049,On or near Parking Area,E01022634,East Hampshire 004B,Public order,Further action is not in the public interest,
2aea877fd2805d67ed57e5c538a0645302fac7ce3fad81177792976e165893cf,2024-03,Hampshire Constabulary,Hampshire Constabulary,-0.857006,51.109049,On or near Parking Area,E01022634,East Hampshire 004B,Shoplifting,Investigation complete; no suspect identified,
b45cf4f727b323941e2887076404cfd62aa64e4ade0a3ed1b26622c724ce866a,2024-03,Hampshire Constabulary,Hampshire Constabulary,-0.861501,51.110964,On or near Tilbury'S Close,E01022634,East Hampshire 004B,Violence and sexual offences,Unable to prosecute suspect,
b625f9130cf24b5ccda16c3a6398721e643969b1765c8163824876a167f4edb0,2024-03,Hampshire Constabulary,Hampshire Constabulary,-0.863390,51.110847,On or near Lynton Road,E01022634,East Hampshire 004B,Violence and sexual offences,Offender given a caution,
19c052378e127611d54bd075aa9e75cb3574e622f9f3054bd4c84633b54390bb,2024-03,Hampshire Constabulary,Hampshire Constabulary,-0.861127,51.109341,On or near Woodside Close,E01022634,East Hampshire 004B,Violence and sexual offences,Unable to prosecute suspect,
,2024-03,Hampshire Constabulary,Hampshire Constabulary,-0.857415,51.108675,On or near Shopping Area,E01022634,East Hampshire 004B,Anti-social behaviour,,
,2024-03,Hampshire Constabulary,Hampshire Constabulary,-0.861501,51.110964,On or near Tilbury'S Close,E01022634,East Hampshire 004B,Anti-social behaviour,,
583b7a3f0fd097e73c384a0c5316b4a4b97f826081aac607c16196bde4d1108a,2024-03,Hampshire Constabulary,Hampshire Constabulary,-0.862307,51.110162,On or near Devon Road,E01022634,East Hampshire 004B,Burglary,Investigation complete; no suspect identified,
ea7628a6db4297dc56ad03b17d29b2de945ed24462935a84c0aeb33241769813,2024-03,Hampshire Constabulary,Hampshire Constabulary,-0.864930,51.108614,On or near Petrol Station,E01022634,East Hampshire 004B,Public order,Investigation complete; no suspect identified,
444197c971acbc6bcb87c9a3aced7e0b632c0fa2077fcbb541faaff15ba66e2e,2024-03,Hampshire Constabulary,Hampshire Constabulary,-0.862267,51.111196,On or near Somerset Avenue,E01022634,East Hampshire 004B,Public order,Unable to prosecute suspect,
7182b55c6ee9e840fbf5cfd97efead622632fad7584e37bb5531a2ac2ac8d7c8,2024-03,Hampshire Constabulary,Hampshire Constabulary,-0.861501,51.110964,On or near Tilbury'S Close,E01022634,East Hampshire 004B,Violence and sexual offences,Unable to prosecute suspect,
dc0c406a76c1a5850b2906e8a9c2db59336d629e033fa31c72fe97bedaaa15de,2024-03,Hampshire Constabulary,Hampshire Constabulary,-0.861501,51.110964,On or near Tilbury'S Close,E01022634,East Hampshire 004B,Violence and sexual offences,Unable to prosecute suspect,
93c9c12896356925c028b76e2d61b70757d5e4f21180a58e668fb8d434ac2792,2024-03,Hampshire Constabulary,Hampshire Constabulary,-0.861783,51.109375,On or near Woodside Park,E01022634,East Hampshire 004B,Violence and sexual offences,Unable to prosecute suspect,
7d30a3b90e0524adde949b278ab275a53d2c88ae74a5cd5abd3e9c076c8b7580,2024-03,Hampshire Constabulary,Hampshire Constabulary,-0.861501,51.110964,On or near Tilbury'S Close,E01022634,East Hampshire 004B,Violence and sexual offences,Investigation complete; no suspect identified,
341dc261d3442cc0b7863b62b3112c4a42ae3375c860a13b61515fe7f80184bb,2024-03,Hampshire Constabulary,Hampshire Constabulary,-0.861501,51.110964,On or near Tilbury'S Close,E01022634,East Hampshire 004B,Violence and sexual offences,Investigation complete; no suspect identified,
e2e5f3d762615ada6e2324bcf347bb897957fa2dcab397fdeb882070af6a1bc4,2024-03,Hampshire Constabulary,Hampshire Constabulary,-0.864930,51.108614,On or near Petrol Station,E01022634,East Hampshire 004B,Violence and sexual offences,Investigation complete; no suspect identified,
7cc768af110c9c19fd981e8cf923520475690b7b5b3051d233bfc5baf12d22e0,2024-03,Hampshire Constabulary,Hampshire Constabulary,-0.864223,51.116466,On or near School Road,E01022639,East Hampshire 004C,Bicycle theft,Local resolution,
1822dad3b32f0ed638f4497c76e8f4dcb00c30f95a9193d073e4ff0fc3ef80a8,2024-03,Hampshire Constabulary,Hampshire Constabulary,-0.858529,51.111564,On or near Alexandra Court,E01022639,East Hampshire 004C,Drugs,Unable to prosecute suspect,
ad5e76917e78a08ac8c64895f1bc839d7ce0903a6893863d7273913ea6932b01,2024-03,Hampshire Constabulary,Hampshire Constabulary,-0.859644,51.117915,On or near Batson Mews,E01022639,East Hampshire 004C,Violence and sexual offences,Unable to prosecute suspect,
3e070c2f64589fef47a46c436f9a12905f298b0ae094b30243045ceef8a1da40,2024-03,Hampshire Constabulary,Hampshire Constabulary,-0.858936,51.118825,On or near Abraham Way,E01022639,East Hampshire 004C,Violence and sexual offences,Court result unavailable,
7b2c4859e977d9786322241c704608128adc6bb672770e26741d44b6c43e5450,2024-03,Hampshire Constabulary,Hampshire Constabulary,-0.858903,51.117835,On or near Challenger Place,E01022639,East Hampshire 004C,Violence and sexual offences,Unable to prosecute suspect,
71d6713401bf2c14a91e74d2a60bbbff2f22bd05bf9dc8eeb1ff761ac18ae478,2024-03,Hampshire Constabulary,Hampshire Constabulary,-0.858529,51.111564,On or near Alexandra Court,E01022639,East Hampshire 004C,Violence and sexual offences,Unable to prosecute suspect,
2677c80e207ac192b3adb457148e2fbb072556b551fcd69908fdc9d3f8feea26,2024-03,Hampshire Constabulary,Hampshire Constabulary,-0.858540,51.112302,On or near Savile Crescent,E01022639,East Hampshire 004C,Possession of weapons,Further investigation is not in the public interest,
281015c043befae47723f1f9d67c421915c480f5f67832aa42d89f71b8366bd4,2024-03,Hampshire Constabulary,Hampshire Constabulary,-0.858558,51.111564,On or near Chalet Hill,E01022639,East Hampshire 004C,Public order,Investigation complete; no suspect identified,
8224291e4fc8ef403f55f3fa9ae605abf4cb83465d07ff163106e3728cd64d58,2024-03,Hampshire Constabulary,Hampshire Constabulary,-0.858529,51.111564,On or near Alexandra Court,E01022639,East Hampshire 004C,Public order,Unable to prosecute suspect,
bbb67b1590a8f04dff3ab41e383bf7e135350ef579363b708c2aa9f6733b1e5a,2024-03,Hampshire Constabulary,Hampshire Constabulary,-0.863026,51.116922,On or near Hampshire Road,E01022639,East Hampshire 004C,Vehicle crime,Investigation complete; no suspect identified,
7585c1dc137c40fa7149f996cba74eae5c8c4b0f4206ed229a522487323ac891,2024-03,Hampshire Constabulary,Hampshire Constabulary,-0.864223,51.116466,On or near School Road,E01022639,East Hampshire 004C,Violence and sexual offences,Investigation complete; no suspect identified,
edcc14cef5c85a7d5a1873dcfe1866f596bdbfc4b49cdfb3a1c21d8628aed246,2024-03,Hampshire Constabulary,Hampshire Constabulary,-0.861158,51.112705,On or near Park Street,E01022639,East Hampshire 004C,Violence and sexual offences,Investigation complete; no suspect identified,
709c544cafa2123d2df1b19923a3c705a764e8f1c0ba23d09ff1e414fe8f5b4d,2024-03,Hampshire Constabulary,Hampshire Constabulary,-0.866663,51.120699,On or near Ladysmith Place,E01022640,East Hampshire 004D,Criminal damage and arson,Unable to prosecute suspect,
735412ddec490c130e8e995430663c748ca85d6f0499c344c1be6cf04b3a15a1,2024-03,Hampshire Constabulary,Hampshire Constabulary,-0.870224,51.120580,On or near Falstaff Walk,E01022640,East Hampshire 004D,Public order,Unable to prosecute suspect,
4e74c27e700a80ffad6c316ac5f6b04cadfd074b9b07ba4633e056e5bf0f2b01,2024-03,Hampshire Constabulary,Hampshire Constabulary,-0.862387,51.118544,On or near Haweswater Close,E01022640,East Hampshire 004D,Violence and sexual offences,Investigation complete; no suspect identified,
745314ae4624ab1140a469ac4121a11b79d646266215b42e1a70f1d0c704687e,2024-03,Hampshire Constabulary,Hampshire Constabulary,-0.865925,51.120494,On or near Compton Place,E01022640,East Hampshire 004D,Violence and sexual offences,Unable to prosecute suspect,
f0ff19a4312fd07e290e1ce1306c1e7230eb7c306714aee367ceb86a0278f414,2024-03,Hampshire Constabulary,Hampshire Constabulary,-0.855570,51.123903,On or near Sports/Recreation Area,E01022640,East Hampshire 004D,Violence and sexual offences,Unable to prosecute suspect,
0752ab2d2701b0e3baffd3197a5a57f912020af1fbcab3469d7bbbdd61492fd8,2024-03,Hampshire Constabulary,Hampshire Constabulary,-0.857526,51.120978,On or near St Lucia Park,E01022640,East Hampshire 004D,Violence and sexual offences,Investigation complete; no suspect identified,
edce3b50da64de45f95ce22960fc464e505c571371d2f5c015e6fd66f3421373,2024-03,Hampshire Constabulary,Hampshire Constabulary,-0.865536,51.121794,On or near Stable Place,E01022640,East Hampshire 004D,Violence and sexual offences,Unable to prosecute suspect,
,2024-03,Hampshire Constabulary,Hampshire Constabulary,-0.857472,51.122596,On or near Lindford Road,E01022640,East Hampshire 004D,Anti-social behaviour,,
abc1247b44255bdca0ab02b717f25ffcc88cef27dbfbf440dc0d4e7a8ed08b0b,2024-03,Hampshire Constabulary,Hampshire Constabulary,-0.862067,51.124566,On or near Hudson Road,E01022640,East Hampshire 004D,Criminal damage and arson,Unable to prosecute suspect,
1c09135669398a4087832e790915bccd039558f87b5f4e926b9fa5ccecb581dc,2024-03,Hampshire Constabulary,Hampshire Constabulary,-0.870224,51.120580,On or near Falstaff Walk,E01022640,East Hampshire 004D,Other theft,Investigation complete; no suspect identified,
5e9c8aec244ed15ee382cad9517178598a2c0bdbab355a21b295e63bc00d55cd,2024-03,Hampshire Constabulary,Hampshire Constabulary,-0.857472,51.122596,On or near Lindford Road,E01022640,East Hampshire 004D,Vehicle crime,Investigation complete; no suspect identified,
e31e07c392af0090f050c5682defc27c826b7ca9781125589068998d100e2521,2024-03,Hampshire Constabulary,Hampshire Constabulary,-0.862387,51.118544,On or near Haweswater Close,E01022640,East Hampshire 004D,Violence and sexual offences,Offender given a caution,
a8686e9a16e9fb0eb9d26cc60a8782ac9ccb1c58d7dcaeb736a9850399cf71dc,2024-03,Hampshire Constabulary,Hampshire Constabulary,-0.862387,51.118544,On or near Haweswater Close,E01022640,East Hampshire 004D,Violence and sexual offences,Offender given a caution,
cd989f9246c5f906241c497603b5d825297faf18419b6f5c32d416fbbaa30879,2024-03,Hampshire Constabulary,Hampshire Constabulary,-0.862387,51.118544,On or near Haweswater Close,E01022640,East Hampshire 004D,Violence and sexual offences,Offender given a caution,
35cb39d95049f2940ceb00af4db69975cfb5e45e591ad9e0ddea32ecde45ed4e,2024-03,Hampshire Constabulary,Hampshire Constabulary,-0.852415,51.116756,On or near Elder Crescent,E01022615,East Hampshire 006A,Criminal damage and arson,Unable to prosecute suspect,
9cc34e208aac8af352943a8b41e62f3b783d7d3506b5aca014fc8b28cd13dbae,2024-03,Hampshire Constabulary,Hampshire Constabulary,-0.843635,51.122775,On or near Frensham Lane,E01022615,East Hampshire 006A,Public order,Unable to prosecute suspect,
471d45495281f050a00cb149a80722f75fc35e4d43fdb6c21ec67bfa4c0849a5,2024-03,Hampshire Constabulary,Hampshire Constabulary,-0.846898,51.117403,On or near Pear Tree Close,E01022615,East Hampshire 006A,Violence and sexual offences,Unable to prosecute suspect,
ce99c5174cdc1eb3aa383a440892df483c02ef50d7226b0de3be1e8d606b106d,2024-03,Hampshire Constabulary,Hampshire Constabulary,-0.852850,51.117659,On or near Lands End Lane,E01022615,East Hampshire 006A,Violence and sexual offences,Unable to prosecute suspect,
afc36e31746531c56a03195fc6a546134bfe54af3054587648c841000f0c9863,2024-03,Hampshire Constabulary,Hampshire Constabulary,-0.850020,51.119439,On or near Canes Lane,E01022615,East Hampshire 006A,Violence and sexual offences,Unable to prosecute suspect,
a8d895f958dd0ca5b95918d3bca0bc8a95672e4b30e88e7b16a34255dae403ff,2024-03,Hampshire Constabulary,Hampshire Constabulary,-0.850020,51.119439,On or near Canes Lane,E01022615,East Hampshire 006A,Violence and sexual offences,Unable to prosecute suspect,
88c18d7d633a4f9627046fbf79465bcd85069f30b586bd56d9da4592d593fe3a,2024-03,Hampshire Constabulary,Hampshire Constabulary,-0.852415,51.116756,On or near Elder Crescent,E01022615,East Hampshire 006A,Violence and sexual offences,Court result unavailable,
fb3d9459397f972342a6157c74bfe7a84f31420438ba82563ff9d359c7564eb1,2024-03,Hampshire Constabulary,Hampshire Constabulary,-0.852850,51.117659,On or near Lands End Lane,E01022615,East Hampshire 006A,Violence and sexual offences,Unable to prosecute suspect,
53ac7cbd2c577daead10a649413a7309005bdc5dfc7d3a1740681adecf583bfc,2024-03,Hampshire Constabulary,Hampshire Constabulary,-0.844433,51.120580,On or near Cricket Lea,E01022615,East Hampshire 006A,Violence and sexual offences,Unable to prosecute suspect,
4cc6e35c2b59ef1f1e84c1ce1b44c946e1de431179fb469fb6c0af133a010f14,2024-03,Hampshire Constabulary,Hampshire Constabulary,-0.842890,51.121725,On or near Grayshott Laurels,E01022615,East Hampshire 006A,Violence and sexual offences,Unable to prosecute suspect,
,2024-03,Hampshire Constabulary,Hampshire Constabulary,-0.848183,51.118621,On or near Taylors Close,E01022615,East Hampshire 006A,Anti-social behaviour,,
a159d91de29a4e7c0f669ffdd908d0cf8e02744eaa9b61c8d0235ebbd5954282,2024-03,Hampshire Constabulary,Hampshire Constabulary,-0.847818,51.120065,On or near Chase Road,E01022615,East Hampshire 006A,Burglary,Status update unavailable,
b101be0c8272ae4c48890261da0ddf24f099be6eca32efc467f96d11177c6908,2024-03,Hampshire Constabulary,Hampshire Constabulary,-0.847653,51.120944,On or near Chapel Gardens,E01022615,East Hampshire 006A,Criminal damage and arson,Investigation complete; no suspect identified,
e7d72a698bc9afd52d0cfed87dcc1f671170686a332fdb6b0ebb3d96487463e4,2024-03,Hampshire Constabulary,Hampshire Constabulary,-0.847653,51.120944,On or near Chapel Gardens,E01022615,East Hampshire 006A,Criminal damage and arson,Investigation complete; no suspect identified,
5f2bbd4bc6dd6597da94b72e948942fad6c86cbec2e631a5814a3707447f4fca,2024-03,Hampshire Constabulary,Hampshire Constabulary,-0.848636,51.121062,On or near Lindford Chase,E01022615,East Hampshire 006A,Other theft,Investigation complete; no suspect identified,
ac9fe664854fd1ed3ce9069f4e7643f8238d275ca5784fd7b050c53476bf7cef,2024-03,Hampshire Constabulary,Hampshire Constabulary,-0.852415,51.116756,On or near Elder Crescent,E01022615,East Hampshire 006A,Public order,Unable to prosecute suspect,
cb95cf8426c0279f4a00862f9919bddfac11849ae18f2b6d8e2e034d8104e847,2024-03,Hampshire Constabulary,Hampshire Constabulary,-0.844433,51.120580,On or near Cricket Lea,E01022615,East Hampshire 006A,Vehicle crime,Investigation complete; no suspect identified,
e8c924deed70cce998080d6ed7ad8c2d565f815f68ae49938d481573b40975b0,2024-03,Hampshire Constabulary,Hampshire Constabulary,-0.847818,51.120065,On or near Chase Road,E01022615,East Hampshire 006A,Violence and sexual offences,Status update unavailable,
cf061feb5f018702afe1e2cf952a5be3fd8f9bf44e1abb6466d06e45f69f66b1,2024-03,Hampshire Constabulary,Hampshire Constabulary,-0.846143,51.119050,On or near Mount Pleasant Road,E01022615,East Hampshire 006A,Violence and sexual offences,Unable to prosecute suspect,
5b18218522766c7441c2d9f712ef00f2a703f555fdb790e20aa404746ecaa1ad,2024-03,Hampshire Constabulary,Hampshire Constabulary,-0.864879,51.104882,On or near Kent Road,E01022633,East Hampshire 006B,Possession of weapons,Offender given a caution,
6e7e5087a6513cdf3521b0b8fd3a925c5d5a1416e9efb1481cdf730bfe14e4a3,2024-03,Hampshire Constabulary,Hampshire Constabulary,-0.853426,51.107647,On or near Neptune Road,E01022635,East Hampshire 006C,Burglary,Unable to prosecute suspect,
84b430ef972aaa0360acd359f3ca7388a38150cdbf5a6c710449e4c62dbd5ff4,2024-03,Hampshire Constabulary,Hampshire Constabulary,-0.854785,51.107580,On or near Ducklands,E01022635,East Hampshire 006C,Other theft,Unable to prosecute suspect,
837e44ef3486f5b606e90f1a76479f73a82a7395f20d24e7f305d8f565ba4660,2024-03,Hampshire Constabulary,Hampshire Constabulary,-0.854785,51.107580,On or near Ducklands,E01022635,East Hampshire 006C,Violence and sexual offences,Unable to prosecute suspect,
efd8c22aed462d768c67c9364fa54d452adb26700749a7b81478476f4d7de86c,2024-03,Hampshire Constabulary,Hampshire Constabulary,-0.854785,51.107580,On or near Ducklands,E01022635,East Hampshire 006C,Violence and sexual offences,Unable to prosecute suspect,
b9c10ea70cb729407fb8dbac2d52a4b03554c310006953029d26f41c93041d38,2024-03,Hampshire Constabulary,Hampshire Constabulary,-0.853426,51.107647,On or near Neptune Road,E01022635,East Hampshire 006C,Criminal damage and arson,Investigation complete; no suspect identified,
ba0dae36afcbb7d731e4e5c2ead345164ca759f31cd9042598fd033c34df4e4c,2024-03,Hampshire Constabulary,Hampshire Constabulary,-0.856377,51.108468,On or near Birch Close,E01022635,East Hampshire 006C,Other theft,Investigation complete; no suspect identified,
65289f1842495fdd235a97496d3f908de91d89feda69150a818f5fae3b07c988,2024-03,Hampshire Constabulary,Hampshire Constabulary,-0.854241,51.106468,On or near Nightingale Road,E01022635,East Hampshire 006C,Violence and sexual offences,Unable to prosecute suspect,
7f83da9e6bdf1fb4f9009b33d70cbca22a0317aa9f23e20c6488919fa7c966f2,2024-03,Hampshire Constabulary,Hampshire Constabulary,-0.853426,51.107647,On or near Neptune Road,E01022635,East Hampshire 006C,Violence and sexual offences,Investigation complete; no suspect identified,
3b854f647b4507ef334d2572f1518d45230e4c32aedac116e0d75fdf81f50b13,2024-03,Hampshire Constabulary,Hampshire Constabulary,-0.854647,51.113181,On or near Branson Road,E01022636,East Hampshire 006D,Drugs,Unable to prosecute suspect,
969c95687f030f2d0acb6d69af74d3909a917255d0996d789d01a913ccdba379,2024-03,Hampshire Constabulary,Hampshire Constabulary,-0.854647,51.113181,On or near Branson Road,E01022636,East Hampshire 006D,Other theft,Unable to prosecute suspect,
edcf2978f0cc688c304379ff5f71c206ecc1a0938f83bbf91361aac3758f9796,2024-03,Hampshire Constabulary,Hampshire Constabulary,-0.849475,51.114335,On or near Washford Lane,E01022636,East Hampshire 006D,Public order,Investigation complete; no suspect identified,
8db135868d347dd5c854d9e2eb660e9194d9813b70df7f4c6474588bf539868a,2024-03,Hampshire Constabulary,Hampshire Constabulary,-0.854647,51.113181,On or near Branson Road,E01022636,East Hampshire 006D,Vehicle crime,Offender given a caution,
2d838f2b96830e4bd2ebaf3ea0bd08ebd7aa760c3307876bb1247b54d649760b,2024-03,Hampshire Constabulary,Hampshire Constabulary,-0.849475,51.114335,On or near Washford Lane,E01022636,East Hampshire 006D,Violence and sexual offences,Unable to prosecute suspect,
,2024-03,Hampshire Constabulary,Hampshire Constabulary,-0.854647,51.113181,On or near Branson Road,E01022636,East Hampshire 006D,Anti-social behaviour,,
dcb3e88280ea9177e91f03ea62d394bcd8acda6a668c7fbe77b6b2c875623b76,2024-03,Hampshire Constabulary,Hampshire Constabulary,-0.849475,51.114335,On or near Washford Lane,E01022636,East Hampshire 006D,Burglary,Investigation complete; no suspect identified,
9ea5146faad21130daf82059a0d26c780266c1306bb88ceb6558ccc2010b7dc2,2024-03,Hampshire Constabulary,Hampshire Constabulary,-0.854968,51.111161,On or near Willow Close,E01022636,East Hampshire 006D,Criminal damage and arson,Investigation complete; no suspect identified,
422e55de73f7370699a016615879fa6977a68c8f41ccb63d1f423c17802cb11f,2024-03,Hampshire Constabulary,Hampshire Constabulary,-0.854647,51.113181,On or near Branson Road,E01022636,East Hampshire 006D,Other theft,Status update unavailable,
0404c8e0e62c8e7c6f4d05e4cafd552fd3308b670cf8dbc11faaee6fcfc21388,2024-03,Hampshire Constabulary,Hampshire Constabulary,-0.855787,51.110377,On or near Alma Road,E01022636,East Hampshire 006D,Vehicle crime,Investigation complete; no suspect identified,
371727eabb33df145672605e135102b9a227a3276c0b0235df11906a014f6e8d,2024-03,Hampshire Constabulary,Hampshire Constabulary,-0.862495,51.103078,On or near Overdale Walk,E01022641,East Hampshire 006E,Public order,Investigation complete; no suspect identified,
1dd8697c5485489158935c180bb839205e38dc4044a97f7015dd3eac0c2e7271,2024-03,Hampshire Constabulary,Hampshire Constabulary,-0.865007,51.102554,On or near New Road,E01022641,East Hampshire 006E,Violence and sexual offences,Status update unavailable,
bad255e60ed1a5ebf94be012c68daae2d0ecf432255af05f9e87cd1ac7d48e01,2024-03,Hampshire Constabulary,Hampshire Constabulary,-0.865007,51.102554,On or near New Road,E01022641,East Hampshire 006E,Other crime,Status update unavailable,
82c8bbd28591a1f3a05ccdfac2b013ff8d61a4c868347a28fd8cded3713b3e02,2024-03,Hampshire Constabulary,Hampshire Constabulary,-1.027061,51.119490,On or near Mid Hants Railway,E01022591,East Hampshire 007A,Violence and sexual offences,Unable to prosecute suspect,
95e7e6b4642fb3353de3c872b0e87c7b656bb3baeef77d3d021af5eaae1cb92e,2024-03,Hampshire Constabulary,Hampshire Constabulary,-1.027061,51.119490,On or near Mid Hants Railway,E01022591,East Hampshire 007A,Violence and sexual offences,Further investigation is not in the public interest,
969e3995e4437ead435d26ca9644b880cef2a9449f60a974854f0195265deaf5,2024-03,Hampshire Constabulary,Hampshire Constabulary,-1.029848,51.137902,On or near King'S Hill,E01022591,East Hampshire 007A,Violence and sexual offences,Unable to prosecute suspect,
39860983b7187d397cfb23837e0406a55127c89c504466f626885bf5423e306f,2024-03,Hampshire Constabulary,Hampshire Constabulary,-1.048132,51.156541,On or near Village Street,E01022591,East Hampshire 007A,Burglary,Investigation complete; no suspect identified,
b99f1348c8901abd6e88b4668f6e7730f12ef0b81e892a8e4a0f8854ea571a88,2024-03,Hampshire Constabulary,Hampshire Constabulary,-1.048132,51.156541,On or near Village Street,E01022591,East Hampshire 007A,Criminal damage and arson,Investigation complete; no suspect identified,
4a4647b7273981ca4282fdc1c03a2877b103f2db26c6411ea6d7b05603bc9828,2024-03,Hampshire Constabulary,Hampshire Constabulary,-1.091675,51.152680,On or near Sports/Recreation Area,E01022591,East Hampshire 007A,Other theft,Investigation complete; no suspect identified,
b6a355c5c74b919971104088f2473bf1f514829a92cd712c4ee8991d97be4135,2024-03,Hampshire Constabulary,Hampshire Constabulary,-1.056081,51.149643,On or near Sports/Recreation Area,E01022591,East Hampshire 007A,Public order,Unable to prosecute suspect,
43ff782be7aa8d6f040ef172cca2052201df133680a9ff7de8d71c6f73ec4e31,2024-03,Hampshire Constabulary,Hampshire Constabulary,-0.988354,51.132650,On or near Parking Area,E01022591,East Hampshire 007A,Public order,Unable to prosecute suspect,
871aa5e3493b9d196fd52df052615b73e143790264f114acb9425059b5c69e7f,2024-03,Hampshire Constabulary,Hampshire Constabulary,-1.010649,51.144036,On or near Cramptons,E01022591,East Hampshire 007A,Public order,Investigation complete; no suspect identified,
170efd69cd745ef71582e8545e11ce2c769dc18ce7eaf9abdade65a0f7596761,2024-03,Hampshire Constabulary,Hampshire Constabulary,-1.053658,51.159022,On or near Ashley Road,E01022591,East Hampshire 007A,Public order,Investigation complete; no suspect identified,
95c46e38b467b9a31b52574cc9e9c7c046af850aefb6d8d26604cd44fc26f9a7,2024-03,Hampshire Constabulary,Hampshire Constabulary,-0.980510,51.114346,On or near Gaston Lane,E01022591,East Hampshire 007A,Vehicle crime,Investigation complete; no suspect identified,
fa1414245ea60e5875322b099f8e950702e226a427398b4018d8e6c7b189a7b3,2024-03,Hampshire Constabulary,Hampshire Constabulary,-1.046549,51.109129,On or near Bogmoor Close,E01022594,East Hampshire 007C,Drugs,Local resolution,
32a1617677473ff11c195bdf335a31bb7d0c37e8332795a00e30935db38b7a43,2024-03,Hampshire Constabulary,Hampshire Constabulary,-1.043879,51.111131,On or near Parking Area,E01022594,East Hampshire 007C,Public order,Unable to prosecute suspect,
a1ba8352c2c019606b625f53ba95399197110fb69e2f4d7ef439b76e9506f82b,2024-03,Hampshire Constabulary,Hampshire Constabulary,-1.044668,51.111659,On or near Belmont Drive,E01022594,East Hampshire 007C,Shoplifting,Investigation complete; no suspect identified,
cdf87374b3b51e39edf4a655146e17c41d294d51f55ead573770bf307e134eb8,2024-03,Hampshire Constabulary,Hampshire Constabulary,-1.044354,51.111169,On or near Petrol Station,E01022594,East Hampshire 007C,Shoplifting,Court result unavailable,
142164f793ae02b1d65766196223004db281c78770460d9d92b472f931021228,2024-03,Hampshire Constabulary,Hampshire Constabulary,-1.040728,51.113596,On or near St Margrets Mews,E01022594,East Hampshire 007C,Violence and sexual offences,Unable to prosecute suspect,
94b20cba0cc62a18718359ca40813e011638915d1ddec454ac00b59cdfdd3d69,2024-03,Hampshire Constabulary,Hampshire Constabulary,-1.045251,51.112491,On or near Station Approach,E01022594,East Hampshire 007C,Other crime,Unable to prosecute suspect,
b5f75a2462843a33509a428ac33d11648c88fbf558bf42b39a8310a5e7b516d1,2024-03,Hampshire Constabulary,Hampshire Constabulary,-1.065479,51.128840,On or near Green Stile,E01022594,East Hampshire 007C,Other theft,Unable to prosecute suspect,
d8541925fbef51cb8a09614a02a1ec528ac23fc1e4ca4769f74ced78ec18a82e,2024-03,Hampshire Constabulary,Hampshire Constabulary,-1.044668,51.111659,On or near Belmont Drive,E01022594,East Hampshire 007C,Other theft,Investigation complete; no suspect identified,
1e73cd085662244458809e8e3c53521f44e2e960075cbc8c81b953eecf961ae6,2024-03,Hampshire Constabulary,Hampshire Constabulary,-1.044354,51.111169,On or near Petrol Station,E01022594,East Hampshire 007C,Shoplifting,Investigation complete; no suspect identified,
52badd3414ad8dfcb974ff110fec3c6f1147a31ac6140a4e2e21cbc1b6b60a37,2024-03,Hampshire Constabulary,Hampshire Constabulary,-1.041529,51.112173,On or near Pine Road,E01022594,East Hampshire 007C,Vehicle crime,Investigation complete; no suspect identified,
86070d813dd92753fde309f442c238dd63dd8149e1243ac3055982158f5a04d9,2024-03,Hampshire Constabulary,Hampshire Constabulary,-1.046549,51.109129,On or near Bogmoor Close,E01022594,East Hampshire 007C,Violence and sexual offences,Status update unavailable,
d0feba53715ff9b0fa692aed4c977ea6266831006f3417d20a75f0e2ed9522ad,2024-03,Hampshire Constabulary,Hampshire Constabulary,-1.046549,51.109129,On or near Bogmoor Close,E01022594,East Hampshire 007C,Violence and sexual offences,Unable to prosecute suspect,
4c372d718fb604e07f54445b38008e05b6f1303c61a098019d1554a936bc7b4c,2024-03,Hampshire Constabulary,Hampshire Constabulary,-1.046549,51.109129,On or near Bogmoor Close,E01022594,East Hampshire 007C,Violence and sexual offences,Unable to prosecute suspect,
098a005c47c927323153684156d75e8fba8ac155b69ca16722152a23a77b85c5,2024-03,Hampshire Constabulary,Hampshire Constabulary,-1.050109,51.093620,On or near Kitwood Road,E01022595,East Hampshire 007D,Other theft,Investigation complete; no suspect identified,
6ce7e253793a6b5df4890bc2b626be046ba3bd80af2a4e0cf69112445545cc5b,2024-03,Hampshire Constabulary,Hampshire Constabulary,-1.052389,51.109249,On or near Lelant Drive,E01022595,East Hampshire 007D,Other theft,Investigation complete; no suspect identified,
b1b541dbdc48b979d3d58a2f4619b06b872beb84b7c0c18daef2f01aa8af5ef4,2024-03,Hampshire Constabulary,Hampshire Constabulary,-1.055430,51.106513,On or near Lapwing Way,E01022595,East Hampshire 007D,Violence and sexual offences,Unable to prosecute suspect,
750ee296d4115e7e302b83d7da4f767cd892cf103bf1a03efa0f759eb518c2ce,2024-03,Hampshire Constabulary,Hampshire Constabulary,-1.054658,51.108629,On or near Kirtle Drive,E01022595,East Hampshire 007D,Violence and sexual offences,Unable to prosecute suspect,
985f1566ee01442c6631f8f50e228e670d3186765a7dfdaf50d4ad2697a6a9e2,2024-03,Hampshire Constabulary,Hampshire Constabulary,-1.055430,51.106513,On or near Lapwing Way,E01022595,East Hampshire 007D,Violence and sexual offences,Unable to prosecute suspect,
c6726c35cba97170afe14c1126e3510791b23ad0b709d2c9507cb6978ab4d369,2024-03,Hampshire Constabulary,Hampshire Constabulary,-1.082476,51.122761,On or near Bighton Road,E01022596,East Hampshire 007E,Burglary,Investigation complete; no suspect identified,
f3f915e5679a922d5080689a732a5d05aa848a51d33ee2bb0d867a8808e114ca,2024-03,Hampshire Constabulary,Hampshire Constabulary,-1.054563,51.110525,On or near Meryton Drive,E01022596,East Hampshire 007E,Possession of weapons,Court result unavailable,
58d592df1a5591961f960d8ecac6f4ebb95278f73b21e0731148ea8cfaf82665,2024-03,Hampshire Constabulary,Hampshire Constabulary,-1.054563,51.110525,On or near Meryton Drive,E01022596,East Hampshire 007E,Violence and sexual offences,Court result unavailable,
597449a1dbee0ef0c32ae17b55c297dd73d317d247245928fb699cfb94036bd7,2024-03,Hampshire Constabulary,Hampshire Constabulary,-1.055756,51.114339,On or near Lymington Bottom Road,E01022596,East Hampshire 007E,Violence and sexual offences,Unable to prosecute suspect,
e795bd7a230ba2503f3015c6d40ffa23ed00b09030874e4d0e53071fe294e997,2024-03,Hampshire Constabulary,Hampshire Constabulary,-1.050486,51.112884,On or near Walker Place,E01022596,East Hampshire 007E,Violence and sexual offences,Court result unavailable,
2d7e1f0d897d1e14b565dd03e84accac4bb7aff66f480e0bcd2966d9da3e8f6c,2024-03,Hampshire Constabulary,Hampshire Constabulary,-1.055226,51.113741,On or near Lymington Bottom Road,E01022596,East Hampshire 007E,Other theft,Unable to prosecute suspect,
f56c8c7e5ade8f1bc758641a3a637e228c2aa8495e766624426c3db5dbc9342b,2024-03,Hampshire Constabulary,Hampshire Constabulary,-1.077537,51.083777,On or near Town Close,E01022627,East Hampshire 007F,Criminal damage and arson,Unable to prosecute suspect,
3267a18695d47827c2735948a3541a9d6dde6ab1756008379bf40043e44ad294,2024-03,Hampshire Constabulary,Hampshire Constabulary,-0.991844,51.085884,On or near Bridle Close,E01022627,East Hampshire 007F,Other theft,Investigation complete; no suspect identified,
79a84d028fd9374f0c284d9175f30d16b7289065a690fd103145ffc1b3b4ec1a,2024-03,Hampshire Constabulary,Hampshire Constabulary,-0.949433,51.119458,On or near Parking Area,E01022630,East Hampshire 008A,Drugs,Local resolution,
76d202912fe372f37cdeaf9902209f3dfc3d50a0c18df8a59549060f3d3aee15,2024-03,Hampshire Constabulary,Hampshire Constabulary,-0.852577,51.140228,On or near Petrol Station,E01022630,East Hampshire 008A,Other theft,Investigation complete; no suspect identified,
58f5324cf1e02acb851d8b257015bfb4f99ec71b3b78e0df01bd37306a2473d9,2024-03,Hampshire Constabulary,Hampshire Constabulary,-0.899872,51.119972,On or near Parking Area,E01022630,East Hampshire 008A,Public order,Court result unavailable,
534785cfdc793ddb8098445dc4e78bf5824e41ac583e18409ed3aa0c148941f2,2024-03,Hampshire Constabulary,Hampshire Constabulary,-0.943282,51.100446,On or near Goslings Croft,E01022630,East Hampshire 008A,Vehicle crime,Investigation complete; no suspect identified,
254e66ce59b58bc7cd7984983ff2af278ac949b312805367a75bdeecb6d79fd4,2024-03,Hampshire Constabulary,Hampshire Constabulary,-0.902416,51.115131,On or near Lions Field,E01022630,East Hampshire 008A,Violence and sexual offences,Court result unavailable,
fa739ad2719dfd0b740e3dafebb5ca254b5587547cc4a8ccda9d65493a1150ad,2024-03,Hampshire Constabulary,Hampshire Constabulary,-0.844619,51.144754,On or near Parking Area,E01022630,East Hampshire 008A,Violence and sexual offences,Unable to prosecute suspect,
875c6171cc22b5fd3135a432824a0fb8c02b4ff07a45c0a84136c2d2990bdc9a,2024-03,Hampshire Constabulary,Hampshire Constabulary,-0.879145,51.102645,On or near Golf Lane,E01022630,East Hampshire 008A,Violence and sexual offences,Unable to prosecute suspect,
4dbc9479a07f8de5ad0e870c1f7f971daa735f8711482d2be406ed89b40a7787,2024-03,Hampshire Constabulary,Hampshire Constabulary,-0.852577,51.140228,On or near Petrol Station,E01022630,East Hampshire 008A,Other theft,Investigation complete; no suspect identified,
9d0edcafbdf2b11d3786dc25ae67204f8cbb75a9d1bfcac856f086460a48478a,2024-03,Hampshire Constabulary,Hampshire Constabulary,-0.852577,51.140228,On or near Petrol Station,E01022630,East Hampshire 008A,Other theft,Investigation complete; no suspect identified,
5d977d8c41b23d16520ece91407a627b22ca881682c9c554bc2b95fe4073f65e,2024-03,Hampshire Constabulary,Hampshire Constabulary,-0.852577,51.140228,On or near Petrol Station,E01022630,East Hampshire 008A,Other theft,Investigation complete; no suspect identified,
e756feac64240894b6d9c893135a5d5de9e6b1e2424805827fe3e7035c676e5d,2024-03,Hampshire Constabulary,Hampshire Constabulary,-0.852577,51.140228,On or near Petrol Station,E01022630,East Hampshire 008A,Other theft,Investigation complete; no suspect identified,
59553717005b6d8f7f1305a5ac6879dd1ee6f420458651d46c366250479eb670,2024-03,Hampshire Constabulary,Hampshire Constabulary,-0.902416,51.115131,On or near Lions Field,E01022630,East Hampshire 008A,Vehicle crime,Investigation complete; no suspect identified,
d88dee0e2427d21dc028e666dead11ada1f89855278cfb7ee96ed5e06690cf3f,2024-03,Hampshire Constabulary,Hampshire Constabulary,-0.902416,51.115131,On or near Lions Field,E01022630,East Hampshire 008A,Violence and sexual offences,Status update unavailable,
77f6b81be52a1a3034db567f5db782575998dcd33af134d146e8343d895ee00d,2024-03,Hampshire Constabulary,Hampshire Constabulary,-0.857002,51.103411,On or near Monument Chase,E01022642,East Hampshire 008D,Burglary,Investigation complete; no suspect identified,
14434d5db137119d54d78abe4dc0881af4492692717d509711efdc86a7104e32,2024-03,Hampshire Constabulary,Hampshire Constabulary,-0.860918,51.102739,On or near Alpine Road,E01022642,East Hampshire 008D,Criminal damage and arson,Unable to prosecute suspect,
b9f292709ff0b9aaf594c3bad25442cb4fb318dd0f9fbf793fe071b5eee30668,2024-03,Hampshire Constabulary,Hampshire Constabulary,-0.860918,51.102739,On or near Alpine Road,E01022642,East Hampshire 008D,Violence and sexual offences,Unable to prosecute suspect,
79c2c8fbdc9f3265693202f5ac73fbefb89f27889f04d06d9ebf79f1628b3962,2024-03,Hampshire Constabulary,Hampshire Constabulary,-0.860918,51.102739,On or near Alpine Road,E01022642,East Hampshire 008D,Burglary,Investigation complete; no suspect identified,
57fea4a4e2ec131a539e224df7a913a51826ea139e8d00906f3e812cf3dd4785,2024-03,Hampshire Constabulary,Hampshire Constabulary,-0.863859,51.073641,On or near Railway Road,E01022642,East Hampshire 008D,Criminal damage and arson,Investigation complete; no suspect identified,
7e6953ffa1ec06b9241edf170bc9099f49c78274bf925a3a634bce6574277baa,2024-03,Hampshire Constabulary,Hampshire Constabulary,-0.878033,51.101969,On or near The Fairway,E01034721,East Hampshire 008F,Vehicle crime,Investigation complete; no suspect identified,
cc1f28198e425c41c3289f158741e14d0500b575cc632144e15cbfb9519071d7,2024-03,Hampshire Constabulary,Hampshire Constabulary,-0.871544,51.102158,On or near Templars Way,E01034722,East Hampshire 008G,Violence and sexual offences,Unable to prosecute suspect,
b9e218e7b44fa203331fea250fe8bec5e510601a5307577ab3c61f2272621a65,2024-03,Hampshire Constabulary,Hampshire Constabulary,-0.863742,51.112208,On or near Parking Area,E01034722,East Hampshire 008G,Violence and sexual offences,Unable to prosecute suspect,
f90d21fa4faebd032edfa418466697435bdb2f7354fb5677c345433deaefb77b,2024-03,Hampshire Constabulary,Hampshire Constabulary,-0.863742,51.112208,On or near Parking Area,E01034722,East Hampshire 008G,Violence and sexual offences,Unable to prosecute suspect,
5f98c2cbcfeda79ea47c971913aabea1abb2d2a854de71d87edbb641a7741eee,2024-03,Hampshire Constabulary,Hampshire Constabulary,-0.870716,51.112123,On or near Douglas Drive,E01034722,East Hampshire 008G,Violence and sexual offences,Local resolution,
,2024-03,Hampshire Constabulary,Hampshire Constabulary,-0.870268,51.102946,On or near Sutton Field,E01034722,East Hampshire 008G,Anti-social behaviour,,
,2024-03,Hampshire Constabulary,Hampshire Constabulary,-0.863742,51.112208,On or near Parking Area,E01034722,East Hampshire 008G,Anti-social behaviour,,
,2024-03,Hampshire Constabulary,Hampshire Constabulary,-0.863742,51.112208,On or near Parking Area,E01034722,East Hampshire 008G,Anti-social behaviour,,
,2024-03,Hampshire Constabulary,Hampshire Constabulary,-0.863742,51.112208,On or near Parking Area,E01034722,East Hampshire 008G,Anti-social behaviour,,
1b3f82e179c1d84a797133c388115f4a13fc027347e38abeabd4d37a9d4dac2c,2024-03,Hampshire Constabulary,Hampshire Constabulary,-0.878803,51.101446,On or near Norris Close,E01034722,East Hampshire 008G,Burglary,Investigation complete; no suspect identified,
3f858303d56bec367f0e80d44c28d1291ef9315aea29a0a898fb11487240212b,2024-03,Hampshire Constabulary,Hampshire Constabulary,-0.877026,51.118757,On or near Oakhanger Road,E01034722,East Hampshire 008G,Public order,Status update unavailable,
c66633042efe4daf088c0d3fc168bc8e79a48124e52ebd826bbf79d4e790af59,2024-03,Hampshire Constabulary,Hampshire Constabulary,-0.863742,51.112208,On or near Parking Area,E01034722,East Hampshire 008G,Public order,Status update unavailable,
9728d3362be8b5359fd141c063e9b4ca31f36ff36428096d77e1215a9717894a,2024-03,Hampshire Constabulary,Hampshire Constabulary,-0.870268,51.102946,On or near Sutton Field,E01034722,East Hampshire 008G,Violence and sexual offences,Investigation complete; no suspect identified,
341e4d33d48f1e3a1c84ed4cf5765f96cab0f38f8135ab334b06d99490e1945e,2024-03,Hampshire Constabulary,Hampshire Constabulary,-0.802168,51.071928,On or near Adams Mews,E01022583,East Hampshire 009A,Burglary,Investigation complete; no suspect identified,
82be07c20cfb7d1c2ce4e24b6290db3e3e1a54b3ba41a92ffef5ccf17d6f02e7,2024-03,Hampshire Constabulary,Hampshire Constabulary,-0.799990,51.068938,On or near Admers Crescent,E01022583,East Hampshire 009A,Public order,Investigation complete; no suspect identified,
d3d505193ea7522dd3f5db4d293ab3e284a678e99040769883b0b918be229b8d,2024-03,Hampshire Constabulary,Hampshire Constabulary,-0.791878,51.077919,On or near Haslemere Road,E01022583,East Hampshire 009A,Violence and sexual offences,Investigation complete; no suspect identified,
3fa6b209dfb8f6806d6a0282a3b8ab54d66f014741c6e661443ee2655f176680,2024-03,Hampshire Constabulary,Hampshire Constabulary,-0.797947,51.070662,On or near Midhurst Road,E01022583,East Hampshire 009A,Violence and sexual offences,Offender given a caution,
ca583113b1965c12f8a78b13d91eceb9e05e32d85309ef239516b7b68ff1c968,2024-03,Hampshire Constabulary,Hampshire Constabulary,-0.797947,51.070662,On or near Midhurst Road,E01022583,East Hampshire 009A,Violence and sexual offences,Offender given a caution,
0966b721de699adefa6bc8baaa704e32ede489b817e171853816102f0a7fc755,2024-03,Hampshire Constabulary,Hampshire Constabulary,-0.801926,51.071368,On or near Station Road,E01022583,East Hampshire 009A,Burglary,Investigation complete; no suspect identified,
bcb1180e95180dbbf6e927882711354427f03a1af044c25199b9506301ae8e7f,2024-03,Hampshire Constabulary,Hampshire Constabulary,-0.802168,51.071928,On or near Adams Mews,E01022583,East Hampshire 009A,Criminal damage and arson,Status update unavailable,
63aab24400d86f77152c46c97bf94f0fce2b7dc8b10beed73c66748e3377fc80,2024-03,Hampshire Constabulary,Hampshire Constabulary,-0.797903,51.073467,On or near Calgary Gardens,E01022583,East Hampshire 009A,Criminal damage and arson,Investigation complete; no suspect identified,
853009a179dc52a1be6c9d59c46c972530a3027c62f6539c52c435fcb7815dda,2024-03,Hampshire Constabulary,Hampshire Constabulary,-0.802168,51.071928,On or near Adams Mews,E01022583,East Hampshire 009A,Criminal damage and arson,Status update unavailable,
4737f41520276be74bd9db0db9a499a95d58113a3f6d7900d2507f89c8c0b97b,2024-03,Hampshire Constabulary,Hampshire Constabulary,-0.797447,51.073993,On or near Quebec Close,E01022583,East Hampshire 009A,Criminal damage and arson,Investigation complete; no suspect identified,
27c2f25b0a3aae3a1f132d989e6117704f8508f80d5ee1e73daa985af4ea55a4,2024-03,Hampshire Constabulary,Hampshire Constabulary,-0.800239,51.071450,On or near Parking Area,E01022583,East Hampshire 009A,Criminal damage and arson,Investigation complete; no suspect identified,
958a43129a89cc5ef9908a2bc7436258eca2cb21db047642ed99456584ea3d3b,2024-03,Hampshire Constabulary,Hampshire Constabulary,-0.801926,51.071368,On or near Station Road,E01022583,East Hampshire 009A,Vehicle crime,Investigation complete; no suspect identified,
a6269e33e5dbda7c02a89f054aab41b58fc5ea8bf7902597bf4440422d689710,2024-03,Hampshire Constabulary,Hampshire Constabulary,-0.801926,51.071368,On or near Station Road,E01022583,East Hampshire 009A,Violence and sexual offences,Investigation complete; no suspect identified,
b5a4b9f9743d020cce80b49663dec8da9abcd77e847019423105af804c7c28f9,2024-03,Hampshire Constabulary,Hampshire Constabulary,-0.794245,51.068115,On or near South Road,E01022583,East Hampshire 009A,Other crime,Status update unavailable,
a8de75917f8492cd2b9d80db94d45c181acfa96f926104bab8c939f0e2e46de0,2024-03,Hampshire Constabulary,Hampshire Constabulary,-0.799344,51.075145,On or near Petrol Station,E01022584,East Hampshire 009B,Criminal damage and arson,Investigation complete; no suspect identified,
10fef729e8ed1b79a6a2687c4a9e12327b974acecf52ef56077b00b6f0710682,2024-03,Hampshire Constabulary,Hampshire Constabulary,-0.799344,51.075145,On or near Petrol Station,E01022584,East Hampshire 009B,Criminal damage and arson,Investigation complete; no suspect identified,
7a9cebce017fcf1ed89f372b78710b4f67404ed1e95eed72fa74ad1062a3001e,2024-03,Hampshire Constabulary,Hampshire Constabulary,-0.801588,51.077794,On or near Longbourn Row,E01022584,East Hampshire 009B,Other theft,Investigation complete; no suspect identified,
9cbba83f890b6112d18cfcb4ee889db39913d65ae9121df9431d7c7f27102eab,2024-03,Hampshire Constabulary,Hampshire Constabulary,-0.800946,51.073939,On or near Winnipeg Close,E01022584,East Hampshire 009B,Violence and sexual offences,Local resolution,
,2024-03,Hampshire Constabulary,Hampshire Constabulary,-0.799344,51.075145,On or near Petrol Station,E01022584,East Hampshire 009B,Anti-social behaviour,,
c9d376d7efb08ceb5714253bd1de336135cdcbad4e6c423680d1d3828e8b6a18,2024-03,Hampshire Constabulary,Hampshire Constabulary,-0.799344,51.075145,On or near Petrol Station,E01022584,East Hampshire 009B,Criminal damage and arson,Status update unavailable,
89ba6ca40a5f744e6c52117e9216d1cd251b3f99f1df10b185b564c1229a2f0e,2024-03,Hampshire Constabulary,Hampshire Constabulary,-0.799860,51.078837,On or near Sports/Recreation Area,E01022584,East Hampshire 009B,Public order,Status update unavailable,
9a379b8e57b163c9174666ce0247fd7f11e8050737cce202ce17fb8e16f842f2,2024-03,Hampshire Constabulary,Hampshire Constabulary,-0.799344,51.075145,On or near Petrol Station,E01022584,East Hampshire 009B,Shoplifting,Status update unavailable,
7af8853f8eaf4f95b2f9cc9011589716592aa00dddb07f5ea2e4a874c849b5d9,2024-03,Hampshire Constabulary,Hampshire Constabulary,-0.803105,51.081515,On or near Peverel Court,E01022584,East Hampshire 009B,Violence and sexual offences,Unable to prosecute suspect,
4d4b75020368bf2b421bf7654347c28f25e86577ea2fa2a63cabe5dffa111397,2024-03,Hampshire Constabulary,Hampshire Constabulary,-0.803105,51.081515,On or near Peverel Court,E01022584,East Hampshire 009B,Violence and sexual offences,Status update unavailable,
0662a9f46110dc74f0d16f8fe1a36774b4b4c2d8956be82fd70f67074c55a22a,2024-03,Hampshire Constabulary,Hampshire Constabulary,-0.798782,51.073143,On or near Edmonton Way,E01022584,East Hampshire 009B,Violence and sexual offences,Status update unavailable,
20c5696afb61204d635407951a00e0c4e8ee2afff18add059d61d69a9b00268b,2024-03,Hampshire Constabulary,Hampshire Constabulary,-0.770881,51.085362,On or near Hewshott Lane,E01022585,East Hampshire 009C,Public order,Investigation complete; no suspect identified,
9e482f801204c385c3f84a68bc552f97b98b9f72af4632ccbba7d2bbea74fb43,2024-03,Hampshire Constabulary,Hampshire Constabulary,-0.781865,51.083031,On or near Hewshott Grove,E01022585,East Hampshire 009C,Criminal damage and arson,Investigation complete; no suspect identified,
f76c8c1b961f79ca9fbaff3168e33ee348f6b118b6ec512681eef37a6a53c2ef,2024-03,Hampshire Constabulary,Hampshire Constabulary,-0.833134,51.096629,On or near Lynchborough Road,E01022586,East Hampshire 009D,Burglary,Investigation complete; no suspect identified,
b28dc5f48ac0d9f1c024db5777bdeb0f3df22df5a8baa61d8438db4f1fed649d,2024-03,Hampshire Constabulary,Hampshire Constabulary,-0.825339,51.079051,On or near Longmoor Road,E01022586,East Hampshire 009D,Other theft,Investigation complete; no suspect identified,
f8100b5a9318b67928709ee7a465a61a4d35031b9438b4e0c42a1b42edb9edaa,2024-03,Hampshire Constabulary,Hampshire Constabulary,-0.831333,51.097825,On or near Hollywater Road,E01022586,East Hampshire 009D,Theft from the person,Unable to prosecute suspect,
34b874fdef46725d97261941a2ff5c3324d5de6b25d76f67a086f314df77147f,2024-03,Hampshire Constabulary,Hampshire Constabulary,-0.832332,51.076855,On or near Fairway Close,E01022586,East Hampshire 009D,Violence and sexual offences,Investigation complete; no suspect identified,
a2cacbde649fd00a26d46131c19b0ed64d9bcf8c045c861200902f84ed67d369,2024-03,Hampshire Constabulary,Hampshire Constabulary,-0.832332,51.076855,On or near Fairway Close,E01022586,East Hampshire 009D,Violence and sexual offences,Local resolution,
,2024-03,Hampshire Constabulary,Hampshire Constabulary,-0.816840,51.080917,On or near Poplar Close,E01022586,East Hampshire 009D,Anti-social behaviour,,
,2024-03,Hampshire Constabulary,Hampshire Constabulary,-0.815840,51.081527,On or near Foresters Drive,E01022586,East Hampshire 009D,Anti-social behaviour,,
fcc0b6d11e148c7bc2ce5fec599c698813c6e64e501340b829c70712f52ae5bf,2024-03,Hampshire Constabulary,Hampshire Constabulary,-0.821383,51.088094,On or near Park/Open Space,E01022586,East Hampshire 009D,Burglary,Investigation complete; no suspect identified,
c64ec822afd93d3a668db5fcdf006bb44e8abf626dc7d371dac555808fde94c7,2024-03,Hampshire Constabulary,Hampshire Constabulary,-0.813551,51.109066,On or near Gentles Lane,E01022586,East Hampshire 009D,Burglary,Investigation complete; no suspect identified,
8be7284eab20b82e92517554ea4a1b3b90d612cd4661209485ead2cc3adc5c23,2024-03,Hampshire Constabulary,Hampshire Constabulary,-0.823172,51.104262,On or near Headley Lane,E01022586,East Hampshire 009D,Burglary,Investigation complete; no suspect identified,
41da2397b1a3d11971956d269c7191a7571d77b32b353b50954b9f2ecacf8c9a,2024-03,Hampshire Constabulary,Hampshire Constabulary,-0.817853,51.080954,On or near Lowsley Farm Drive,E01022586,East Hampshire 009D,Criminal damage and arson,Investigation complete; no suspect identified,
8fc8de037505e50cce6562755cba946936d1e0696358a746e54defe422df6240,2024-03,Hampshire Constabulary,Hampshire Constabulary,-0.812791,51.085732,On or near Dryden Way,E01022586,East Hampshire 009D,Violence and sexual offences,Unable to prosecute suspect,
7b5ff05a7601c50846a49bfed17bffa984a0973e5ac78e8c2ddb6e96b43ac0ee,2024-03,Hampshire Constabulary,Hampshire Constabulary,-0.814491,51.081244,On or near Terracotta Way,E01022587,East Hampshire 009E,Criminal damage and arson,Local resolution,
768294ca26be6bf5e446d46c7a56304cd36706230605d0e24b6ce0be8c6beeee,2024-03,Hampshire Constabulary,Hampshire Constabulary,-0.814492,51.081738,On or near Kiln Road,E01022587,East Hampshire 009E,Other theft,Unable to prosecute suspect,
581a9d759f079dfd5558b65f9e61cecde7dfbf49a50a289db1a3a74d99b5362d,2024-03,Hampshire Constabulary,Hampshire Constabulary,-0.804879,51.076947,On or near Victoria Way,E01022587,East Hampshire 009E,Public order,Unable to prosecute suspect,
d53a2be9a7d57eb76a3a002cf7bd0fd8dfa93b171f707a12803c1ad6c8c67b18,2024-03,Hampshire Constabulary,Hampshire Constabulary,-0.814492,51.081738,On or near Kiln Road,E01022587,East Hampshire 009E,Violence and sexual offences,Unable to prosecute suspect,
07b00f03af5bb737018b918b0bdb820cc5dca95f51433709fc9e6f4fead89532,2024-03,Hampshire Constabulary,Hampshire Constabulary,-0.814492,51.081738,On or near Kiln Road,E01022587,East Hampshire 009E,Violence and sexual offences,Unable to prosecute suspect,
9527e1f8f52c4a91b3ce1a923a987a1d4b07baf97873fc9455a8a6d25cc3f575,2024-03,Hampshire Constabulary,Hampshire Constabulary,-0.814492,51.081738,On or near Kiln Road,E01022587,East Hampshire 009E,Violence and sexual offences,Unable to prosecute suspect,
,2024-03,Hampshire Constabulary,Hampshire Constabulary,-0.803737,51.074741,On or near Larch Close,E01022587,East Hampshire 009E,Anti-social behaviour,,
,2024-03,Hampshire Constabulary,Hampshire Constabulary,-0.805078,51.081957,On or near Headley Road,E01022587,East Hampshire 009E,Anti-social behaviour,,
,2024-03,Hampshire Constabulary,Hampshire Constabulary,-0.803503,51.072202,On or near Portsmouth Road,E01022587,East Hampshire 009E,Anti-social behaviour,,
2ed92752687d53b95857282d93456e55a40933241253c0c911508cde13edbf4b,2024-03,Hampshire Constabulary,Hampshire Constabulary,-0.802308,51.074807,On or near Court Close,E01022587,East Hampshire 009E,Burglary,Status update unavailable,
6723b66260751c5607b023fd3373cd3e3e6d965728351e6c17934390787d5ec5,2024-03,Hampshire Constabulary,Hampshire Constabulary,-0.801431,51.076138,On or near Parking Area,E01022587,East Hampshire 009E,Other theft,Investigation complete; no suspect identified,
7fe6b2584d8a1d9d5a464bb7c834c8160a418f460bed14e1f0e3760d16b529cf,2024-03,Hampshire Constabulary,Hampshire Constabulary,-0.804879,51.076947,On or near Victoria Way,E01022587,East Hampshire 009E,Other theft,Investigation complete; no suspect identified,
4b2fbadbb321e415a01e8770d70a521cd96b4ca4b1485da7e8d49e282cfa300a,2024-03,Hampshire Constabulary,Hampshire Constabulary,-0.803503,51.072202,On or near Portsmouth Road,E01022587,East Hampshire 009E,Other theft,Investigation complete; no suspect identified,
dbde7e08b0965aa74ea0e8b6b8415fdfa516e8cf5cbc3ad44e446a259f88571c,2024-03,Hampshire Constabulary,Hampshire Constabulary,-0.801431,51.076138,On or near Parking Area,E01022587,East Hampshire 009E,Theft from the person,Investigation complete; no suspect identified,
a5c72209b1a2d8f1c11f5176d7e7bdbb33b857f36a8b13b62e1ad93f9dc6a816,2024-03,Hampshire Constabulary,Hampshire Constabulary,-0.805078,51.081957,On or near Headley Road,E01022587,East Hampshire 009E,Vehicle crime,Status update unavailable,
4dc5d460468ce3854b529e65b6afdcfdabd6aec65a6df7d9fa81fce3033eb9b8,2024-03,Hampshire Constabulary,Hampshire Constabulary,-0.885126,51.040987,On or near Inwood Road,E01022616,East Hampshire 010A,Public order,Unable to prosecute suspect,
7da442beb5464ae96f52a1d7ddec6e583a5b53c2cb5002e1beac9a73b141f527,2024-03,Hampshire Constabulary,Hampshire Constabulary,-0.885126,51.040987,On or near Inwood Road,E01022616,East Hampshire 010A,Violence and sexual offences,Unable to prosecute suspect,
4b7cf4672b48edaeb75d04eab803201c8d1498788e195ae4520e6e1e61078b50,2024-03,Hampshire Constabulary,Hampshire Constabulary,-0.888596,51.038466,On or near Hill Brow Road,E01022616,East Hampshire 010A,Violence and sexual offences,Unable to prosecute suspect,
d0809e29191f7a7d5d860153442d8cce52e3833287e08d0f59485d1704350ebe,2024-03,Hampshire Constabulary,Hampshire Constabulary,-0.885126,51.040987,On or near Inwood Road,E01022616,East Hampshire 010A,Violence and sexual offences,Unable to prosecute suspect,
bf59c20de5f36e3cbc5cae04a5e70214c5fdb9c2391d569ea31baaa25be4a848,2024-03,Hampshire Constabulary,Hampshire Constabulary,-0.888596,51.038466,On or near Hill Brow Road,E01022616,East Hampshire 010A,Violence and sexual offences,Unable to prosecute suspect,
dc78b50ad10460c31b7c189964762ad71e310c605ef61f1816128828949df3f7,2024-03,Hampshire Constabulary,Hampshire Constabulary,-0.885126,51.040987,On or near Inwood Road,E01022616,East Hampshire 010A,Violence and sexual offences,Unable to prosecute suspect,
fb5fb9185b60ea8941fc88a571337b6695f470ddec57c041027333ca04f9d41a,2024-03,Hampshire Constabulary,Hampshire Constabulary,-0.883396,51.042337,On or near Chase Close,E01022616,East Hampshire 010A,Violence and sexual offences,Unable to prosecute suspect,
3dd97d868e211c30a20f8146fc761cd3f8e8338349847f49c3b622f5a17ee83a,2024-03,Hampshire Constabulary,Hampshire Constabulary,-0.890049,51.042131,On or near Old School Road,E01022616,East Hampshire 010A,Violence and sexual offences,Unable to prosecute suspect,
5815716f3439801401d531d21fe34e04b06170ced5e262869287651470f31903,2024-03,Hampshire Constabulary,Hampshire Constabulary,-0.887852,51.045689,On or near Woodbourne Close,E01022616,East Hampshire 010A,Violence and sexual offences,Investigation complete; no suspect identified,
,2024-03,Hampshire Constabulary,Hampshire Constabulary,-0.889680,51.043242,On or near School Lane,E01022616,East Hampshire 010A,Anti-social behaviour,,
86756b17d97a5cb6aea2a9c2891746ceb9312a869a143e594a693e691ee8ac15,2024-03,Hampshire Constabulary,Hampshire Constabulary,-0.885126,51.040987,On or near Inwood Road,E01022616,East Hampshire 010A,Criminal damage and arson,Investigation complete; no suspect identified,
ecf8169ee2d7253998b500f56ccd46881c6d2ac0c226bd046c1a920986ca07b6,2024-03,Hampshire Constabulary,Hampshire Constabulary,-0.885126,51.040987,On or near Inwood Road,E01022616,East Hampshire 010A,Robbery,Investigation complete; no suspect identified,
b12bdd013e429c8a96fdbbbef26ea05f922c29ae32e9259d8bbae3fe7bba45ff,2024-03,Hampshire Constabulary,Hampshire Constabulary,-0.891616,51.044583,On or near Syers Close,E01022617,East Hampshire 010B,Criminal damage and arson,Investigation complete; no suspect identified,
8057944147ce5f41335075d5f78f41c0b96ba11f250dc820afa7a37146c54a04,2024-03,Hampshire Constabulary,Hampshire Constabulary,-0.893839,51.041708,On or near Longmead,E01022617,East Hampshire 010B,Violence and sexual offences,Awaiting court outcome,
a6411b294d41fa90c87143c03d5c240b4e91d7f94f59ac70626c20e11817c837,2024-03,Hampshire Constabulary,Hampshire Constabulary,-0.894076,51.046117,On or near St Mary'S Road,E01022617,East Hampshire 010B,Violence and sexual offences,Unable to prosecute suspect,
e3ac8d3de9910aac2398c59f6bff3a5ae22be615e476c42864c429e6a55bb65e,2024-03,Hampshire Constabulary,Hampshire Constabulary,-0.891180,51.028797,On or near Pruetts Lane,E01022618,East Hampshire 010C,Criminal damage and arson,Investigation complete; no suspect identified,
10a79463eca46dd08ba35924602740ed956d0e922e1b0605050fccb2212c2949,2024-03,Hampshire Constabulary,Hampshire Constabulary,-0.878671,51.046033,On or near Wyld Green Lane,E01022618,East Hampshire 010C,Violence and sexual offences,Unable to prosecute suspect,
78c09be0514c75083ad8cc7b45e0fde49e07039e409a716fcf59e308eba7ea9c,2024-03,Hampshire Constabulary,Hampshire Constabulary,-0.891180,51.028797,On or near Pruetts Lane,E01022618,East Hampshire 010C,Burglary,Investigation complete; no suspect identified,
52b558b1fe80be8e4c41297fb9ea244408c04f427d926dd9920eeee16dba3381,2024-03,Hampshire Constabulary,Hampshire Constabulary,-0.895265,51.070859,On or near Sports/Recreation Area,E01022631,East Hampshire 010D,Other theft,Unable to prosecute suspect,
16a58639e3e565717a9a059f767f8971ea57af9c5b0d38325c27df26f2008aec,2024-03,Hampshire Constabulary,Hampshire Constabulary,-0.927200,51.066533,On or near Standfast Lane,E01022631,East Hampshire 010D,Violence and sexual offences,Unable to prosecute suspect,
c5aac6b7b4425ee2ec686e49061422c67f3fe81cdc5f9684306f4e7e26e0c104,2024-03,Hampshire Constabulary,Hampshire Constabulary,-0.899239,51.062237,On or near Parking Area,E01022631,East Hampshire 010D,Violence and sexual offences,Unable to prosecute suspect,
304e460f0ef699c7d4bde8d0ec1849b36849290f54e02311d01cc7f02f309b26,2024-03,Hampshire Constabulary,Hampshire Constabulary,-0.887149,51.057768,On or near Parking Area,E01022631,East Hampshire 010D,Other theft,Status update unavailable,
eb4a8f39cc462dbe71aebe8840ed3f35c69b5c2cc65dfec2448d8bce8319941d,2024-03,Hampshire Constabulary,Hampshire Constabulary,-0.889683,51.074123,On or near Todmore,E01022631,East Hampshire 010D,Public order,Unable to prosecute suspect,
e2f6c2d4d5d218b4442a340687a8de795a16634be5951f6a329d154a40c28b10,2024-03,Hampshire Constabulary,Hampshire Constabulary,-0.877124,51.051009,On or near Mint Road,E01022632,East Hampshire 010E,Violence and sexual offences,Unable to prosecute suspect,
c815131ead16f1f45c5de5bf6dcf68abb255bf44ffd1ee7434956bd3f0d1bbf8,2024-03,Hampshire Constabulary,Hampshire Constabulary,-0.886565,51.050578,On or near Forest Rise,E01022632,East Hampshire 010E,Violence and sexual offences,Unable to prosecute suspect,
eb7813bd2fdef768cc7ac9a1b7e312d972ef883e1ca1ed4c29da0b593cd8b029,2024-03,Hampshire Constabulary,Hampshire Constabulary,-1.027541,50.992981,On or near Sports/Recreation Area,E01022592,East Hampshire 011A,Possession of weapons,Unable to prosecute suspect,
c55d9c39b1af1fd9f1a12512017161d4cc92061bb170c3d255b9c5116d590e25,2024-03,Hampshire Constabulary,Hampshire Constabulary,-0.956595,50.987952,On or near Mapledurham Lane,E01022592,East Hampshire 011A,Public order,Local resolution,
fe110cf3f6995ed4bdf7e11bbd0d6277f5c64f0863df50298c91b9ab54c9b77c,2024-03,Hampshire Constabulary,Hampshire Constabulary,-0.956595,50.987952,On or near Mapledurham Lane,E01022592,East Hampshire 011A,Public order,Investigation complete; no suspect identified,
52b2c5f4183bf28c19bcd53a8eed1dcdcf394fa5240793a1ae2b9c3e978770ed,2024-03,Hampshire Constabulary,Hampshire Constabulary,-1.027541,50.992981,On or near Sports/Recreation Area,E01022592,East Hampshire 011A,Violence and sexual offences,Local resolution,
d8733351f3fb783deb80506e90db3fc3ba793f81a1977f350ff895e2196de7f9,2024-03,Hampshire Constabulary,Hampshire Constabulary,-0.956595,50.987952,On or near Mapledurham Lane,E01022592,East Hampshire 011A,Other crime,Court result unavailable,
e5ab457d3edd7b94db174e3229855c90749b66d75c82f20d438966d542c2d695,2024-03,Hampshire Constabulary,Hampshire Constabulary,-1.031061,50.994403,On or near High Street,E01022592,East Hampshire 011A,Burglary,Investigation complete; no suspect identified,
5a9fcab5048e614402127697f838fcd7b5ec61ecf54e9e12f1d199adf8b659bf,2024-03,Hampshire Constabulary,Hampshire Constabulary,-1.033360,50.993496,On or near Hill View,E01022592,East Hampshire 011A,Vehicle crime,Investigation complete; no suspect identified,
6cbc96f8b1a921b1db01a15e233125e1c2e962ce16eeb4e04210629ef5b8e04c,2024-03,Hampshire Constabulary,Hampshire Constabulary,-1.030983,50.992684,On or near Anvil Close,E01022592,East Hampshire 011A,Violence and sexual offences,Unable to prosecute suspect,
40512f61cc6583a123388b7cfe994dfe202fb21d6a3f2fe49b271578e4c9d5c5,2024-03,Hampshire Constabulary,Hampshire Constabulary,-1.037811,50.967715,On or near Parking Area,E01022592,East Hampshire 011A,Violence and sexual offences,Investigation complete; no suspect identified,
47a463140168d5113709262640fd0c7e2dc33b7aaf58f8a79221d40687973b1f,2024-03,Hampshire Constabulary,Hampshire Constabulary,-0.950314,51.021951,On or near Ridge Common Lane,E01022597,East Hampshire 011B,Drugs,Local resolution,
aea0fcc1bd303ddb90217af0c763ba98917301f450aa80627a2f56b60f8d9ce0,2024-03,Hampshire Constabulary,Hampshire Constabulary,-0.950314,51.021951,On or near Ridge Common Lane,E01022597,East Hampshire 011B,Violence and sexual offences,Local resolution,
b7b84680f54f2a369788a6ea70c639d806554acdcd4ccc43fcb5be577d79ed19,2024-03,Hampshire Constabulary,Hampshire Constabulary,-0.982313,51.033483,On or near Deans Dell,E01022597,East Hampshire 011B,Violence and sexual offences,Unable to prosecute suspect,
386a766d918e7587fc80695ea8f3dc6dabd40f945e8e2b81ad1c5838706c1069,2024-03,Hampshire Constabulary,Hampshire Constabulary,-0.982313,51.033483,On or near Deans Dell,E01022597,East Hampshire 011B,Violence and sexual offences,Unable to prosecute suspect,
,2024-03,Hampshire Constabulary,Hampshire Constabulary,-0.966703,51.008203,On or near Finchmead Lane,E01022597,East Hampshire 011B,Anti-social behaviour,,
4701c25b2e1eec81090ec19ba8b6a083e320fcfdf995ffa8eed310e1c940e5c0,2024-03,Hampshire Constabulary,Hampshire Constabulary,-0.983181,51.034255,On or near Dellfield,E01022597,East Hampshire 011B,Criminal damage and arson,Investigation complete; no suspect identified,
aa1db55d2252092d4c010077c9d84b43c982b6defbdf2138a5472588530a8756,2024-03,Hampshire Constabulary,Hampshire Constabulary,-0.950314,51.021951,On or near Ridge Common Lane,E01022597,East Hampshire 011B,Criminal damage and arson,Unable to prosecute suspect,
74fb006c1d9927a06457a76725d20710472366c1b7318025a7c906b62f743915,2024-03,Hampshire Constabulary,Hampshire Constabulary,-0.940730,51.022692,On or near Church Road,E01022597,East Hampshire 011B,Criminal damage and arson,Investigation complete; no suspect identified,
0773236e996b48c5eb17f6ee8427e21e418c30a963d521264c7d2176650ceae0,2024-03,Hampshire Constabulary,Hampshire Constabulary,-0.996774,51.025578,On or near Broad Way,E01022597,East Hampshire 011B,Other theft,Investigation complete; no suspect identified,
d895b7a019002f8ad9ef2c36653239143c3d8beec8dc55492764147b82f5e93b,2024-03,Hampshire Constabulary,Hampshire Constabulary,-0.964725,51.046476,On or near Warren Lane,E01022597,East Hampshire 011B,Vehicle crime,Investigation complete; no suspect identified,
97a4f91d4c0e54aec7b7aab9ea428c0dd7c719ff4bac0cce1077bf23b3f01ad7,2024-03,Hampshire Constabulary,Hampshire Constabulary,-0.966700,51.038481,On or near Ringsgreen Lane,E01022597,East Hampshire 011B,Vehicle crime,Investigation complete; no suspect identified,
8fc3d2e627c0e7abb4a2201c2fc2f8cefc395210cac4c62f41e393754b01addd,2024-03,Hampshire Constabulary,Hampshire Constabulary,-0.943043,51.007533,On or near Meon Close,E01022619,East Hampshire 011C,Other theft,Local resolution,
5ae549745ee1270395c0ca608124687d7804f7dd64beda30c836d7d1ea5a7ee3,2024-03,Hampshire Constabulary,Hampshire Constabulary,-0.943627,51.006891,On or near Frenchmans Road,E01022619,East Hampshire 011C,Vehicle crime,Investigation complete; no suspect identified,
de9d24745a877af0d06df3c21716fa55f49b7bf53642d8a4f273976c529f88a6,2024-03,Hampshire Constabulary,Hampshire Constabulary,-0.943694,51.009598,On or near Lynton Road,E01022619,East Hampshire 011C,Other crime,Unable to prosecute suspect,
2752ef69130e3a60c7fdb71f9db987b3633f8db413a00cc54b57e9cfe512a264,2024-03,Hampshire Constabulary,Hampshire Constabulary,-0.941449,51.008022,On or near Penns Road,E01022619,East Hampshire 011C,Criminal damage and arson,Investigation complete; no suspect identified,
e34fa6677e4c506e883303c8fa988c2452274b13bc557ce7779ad9b9cf433e77,2024-03,Hampshire Constabulary,Hampshire Constabulary,-0.943043,51.007533,On or near Meon Close,E01022619,East Hampshire 011C,Other theft,Investigation complete; no suspect identified,
dff824aad274006d9aa4c7fdf1944d7fc49a4b936055aedd4b3e4e51cd24c8b0,2024-03,Hampshire Constabulary,Hampshire Constabulary,-0.943627,51.006891,On or near Frenchmans Road,E01022619,East Hampshire 011C,Shoplifting,Investigation complete; no suspect identified,
e2473c7b344f0b36a590d29196c94643808b8751a3c321aef47f053632fdbe35,2024-03,Hampshire Constabulary,Hampshire Constabulary,-0.951018,51.007821,On or near Dukes Close,E01022619,East Hampshire 011C,Shoplifting,Investigation complete; no suspect identified,
ba6fe5cae8bc71a0505f1e49ae1739257623a1275337dec25b406af8ee9491db,2024-03,Hampshire Constabulary,Hampshire Constabulary,-0.941449,51.008022,On or near Penns Road,E01022619,East Hampshire 011C,Vehicle crime,Investigation complete; no suspect identified,
c356368c7069b04855be7660d91c0f1546a45a594307c7572e2643a573d46b6a,2024-03,Hampshire Constabulary,Hampshire Constabulary,-0.921579,51.006213,On or near Lower Wardown,E01022624,East Hampshire 011D,Vehicle crime,Further investigation is not in the public interest,
858d0c57efd2a6cff2eb5b6b25382d0e4dcbee23d0ef2832cd1ea1127a94e772,2024-03,Hampshire Constabulary,Hampshire Constabulary,-0.921156,51.007252,On or near Upper Wardown,E01022624,East Hampshire 011D,Vehicle crime,Investigation complete; no suspect identified,
8bbcba788232d47338cafab229c5a0e04d9de6f3dacaab14dccee63d98b8389a,2024-03,Hampshire Constabulary,Hampshire Constabulary,-0.922644,51.007590,On or near Long Down,E01022624,East Hampshire 011D,Vehicle crime,Investigation complete; no suspect identified,
39d0c9c72cd9953ddac08b8c14e24667f951f533f5d8ef32bfff1f976fe4ee94,2024-03,Hampshire Constabulary,Hampshire Constabulary,-0.930556,51.003814,On or near Herne Road,E01022624,East Hampshire 011D,Violence and sexual offences,Unable to prosecute suspect,
c9f7e17683a0678cee80b34b01184f33aae9ab452891642569dc24e65da5dcc7,2024-03,Hampshire Constabulary,Hampshire Constabulary,-0.930556,51.003814,On or near Herne Road,E01022624,East Hampshire 011D,Other crime,Status update unavailable,
23ef98b7e273dc65cc9616f029cccfd026a4c2ba30dbdcc77d6beaa6f36010c4,2024-03,Hampshire Constabulary,Hampshire Constabulary,-0.928086,51.010832,On or near Barentin Way,E01022625,East Hampshire 011E,Drugs,Local resolution,
398d17367decc8508584edcc712544ee83ec9b55942683564acdc0016d9624d5,2024-03,Hampshire Constabulary,Hampshire Constabulary,-0.928602,51.010090,On or near Petrol Station,E01022625,East Hampshire 011E,Shoplifting,Investigation complete; no suspect identified,
279ddec42508450d57f4cae1fa1e6c67bbea1ef9aacb58ed90cad4573ddcb698,2024-03,Hampshire Constabulary,Hampshire Constabulary,-0.919481,51.009404,On or near Hazelbank Close,E01022625,East Hampshire 011E,Violence and sexual offences,Unable to prosecute suspect,
b1e05d80f2fb691eebd5d51e4c2a2b71cdf4d700b5acb575d275f19208fe2f6a,2024-03,Hampshire Constabulary,Hampshire Constabulary,-0.933606,51.017528,On or near Harrow Lane,E01022625,East Hampshire 011E,Criminal damage and arson,Investigation complete; no suspect identified,
78ac08ea5b33ba0a228bac0855a7ac1d11797e4999fcb3caae4670222c9bc466,2024-03,Hampshire Constabulary,Hampshire Constabulary,-0.949270,51.002161,On or near Shopping Area,E01022620,East Hampshire 012A,Shoplifting,Investigation complete; no suspect identified,
be885486cc11fc80fc4bc379d506eada753394df0914cc15a98defb0194ae162,2024-03,Hampshire Constabulary,Hampshire Constabulary,-0.950305,51.007185,On or near Regent Mews,E01022620,East Hampshire 012A,Other crime,Investigation complete; no suspect identified,
,2024-03,Hampshire Constabulary,Hampshire Constabulary,-0.949270,51.002161,On or near Shopping Area,E01022620,East Hampshire 012A,Anti-social behaviour,,
43102d00440c4864ad28f95dde3fb038ce8e2b8f11d863d461b7bd9cf5e182b3,2024-03,Hampshire Constabulary,Hampshire Constabulary,-0.945568,51.007421,On or near Rushes Road,E01022620,East Hampshire 012A,Public order,Unable to prosecute suspect,
a829a7a3709cdf09bb38b04f0574503bb0d6f70417db64e6c771353a1d526a3d,2024-03,Hampshire Constabulary,Hampshire Constabulary,-0.942941,51.002604,On or near Alderfield,E01022621,East Hampshire 012B,Criminal damage and arson,Offender given a caution,
855d39301ac83ee13ebf44cec8d81adb9d153df5b24e10ec1452d556123d4c0b,2024-03,Hampshire Constabulary,Hampshire Constabulary,-0.943666,51.000156,On or near Rowlands Square,E01022621,East Hampshire 012B,Violence and sexual offences,Investigation complete; no suspect identified,
0f42246634f6d994e51dee72d5925f5c8a582f71185e4269079c18b9c734c9e9,2024-03,Hampshire Constabulary,Hampshire Constabulary,-0.943650,50.998996,On or near Cranford Road,E01022621,East Hampshire 012B,Violence and sexual offences,Awaiting court outcome,
,2024-03,Hampshire Constabulary,Hampshire Constabulary,-0.940452,51.003607,On or near The Spain,E01022621,East Hampshire 012B,Anti-social behaviour,,
c4dcf1e9ad6ddfaa46a34cec9fa5420b461172d59b883c4e6e0ab27341786291,2024-03,Hampshire Constabulary,Hampshire Constabulary,-0.942404,51.003885,On or near Hospital,E01022621,East Hampshire 012B,Criminal damage and arson,Status update unavailable,
8e24e51aef0775eb5b5832fe3c435d8c95487de2e67e8acf8676434408c5b690,2024-03,Hampshire Constabulary,Hampshire Constabulary,-0.942941,51.002604,On or near Alderfield,E01022621,East Hampshire 012B,Other theft,Investigation complete; no suspect identified,
35071b5cc94ec7c13a5c6c4662e78ac87c02bea4b32aedc9065c163fb9deb5ba,2024-03,Hampshire Constabulary,Hampshire Constabulary,-0.943230,51.000557,On or near Goodyer Close,E01022621,East Hampshire 012B,Violence and sexual offences,Further action is not in the public interest,
,2024-03,Hampshire Constabulary,Hampshire Constabulary,-0.940553,50.994822,On or near Elm Drive,E01022622,East Hampshire 012C,Anti-social behaviour,,
,2024-03,Hampshire Constabulary,Hampshire Constabulary,-0.948422,51.000325,On or near Osier Road,E01022622,East Hampshire 012C,Anti-social behaviour,,
89276cac9e07126458bec5321b236831b2b0074075baa361d7c7486194d286fd,2024-03,Hampshire Constabulary,Hampshire Constabulary,-0.938233,51.001564,On or near Parking Area,E01022622,East Hampshire 012C,Other theft,Investigation complete; no suspect identified,
48c664f1065e63c5778ade58562e881ca71484fe698c573dafcac17593dfe733,2024-03,Hampshire Constabulary,Hampshire Constabulary,-0.938233,51.001564,On or near Parking Area,E01022622,East Hampshire 012C,Other theft,Investigation complete; no suspect identified,
14cbcd430fe8179da70d630b92a91397b5396890729dea1368a36b37b15280b3,2024-03,Hampshire Constabulary,Hampshire Constabulary,-0.938233,51.001564,On or near Parking Area,E01022622,East Hampshire 012C,Robbery,Investigation complete; no suspect identified,
36a64537854a6ef7fc313f3b48694de3c859d5204451966a64fcd1e421bb86fb,2024-03,Hampshire Constabulary,Hampshire Constabulary,-0.938233,51.001564,On or near Parking Area,E01022622,East Hampshire 012C,Vehicle crime,Unable to prosecute suspect,
7b0667ac49d8ab0f5f04053068d2b52127fbb8e286816f8b1fa3020dd55f2056,2024-03,Hampshire Constabulary,Hampshire Constabulary,-0.924678,50.992969,On or near Sussex Road,E01022623,East Hampshire 012D,Other theft,Local resolution,
acf1981c9c47025799cb11274542c637f0de4b91a140f3c0020dd4a9b6e7992f,2024-03,Hampshire Constabulary,Hampshire Constabulary,-0.915937,51.000585,On or near Bracken Road,E01022623,East Hampshire 012D,Other theft,Unable to prosecute suspect,
5152d6a3de66ce1f5d819548427d61d9a532b895581bd92c184f3935e76fe10c,2024-03,Hampshire Constabulary,Hampshire Constabulary,-0.916249,51.001901,On or near Rival Moor Road,E01022623,East Hampshire 012D,Violence and sexual offences,Investigation complete; no suspect identified,
ba0a97450c2c3bb10af6ee2d773f74c8c956598533aba081b0bbf73998773b60,2024-03,Hampshire Constabulary,Hampshire Constabulary,-0.934849,51.001820,On or near The Maltings,E01022623,East Hampshire 012D,Violence and sexual offences,Unable to prosecute suspect,
,2024-03,Hampshire Constabulary,Hampshire Constabulary,-0.916643,51.000880,On or near Teazle Close,E01022623,East Hampshire 012D,Anti-social behaviour,,
,2024-03,Hampshire Constabulary,Hampshire Constabulary,-0.934849,51.001820,On or near The Maltings,E01022623,East Hampshire 012D,Anti-social behaviour,,
f10534496f24f428c73e83e5f2c98047d4d2e1ad9ce3b94f515e693bbf8c1621,2024-03,Hampshire Constabulary,Hampshire Constabulary,-0.922185,51.002365,On or near Sports/Recreation Area,E01022623,East Hampshire 012D,Criminal damage and arson,Investigation complete; no suspect identified,
cacd0792e94cea3f5355df644175a1695572d19ad29809c26726e658c346c2d9,2024-03,Hampshire Constabulary,Hampshire Constabulary,-0.916858,51.003292,On or near Home Way,E01022623,East Hampshire 012D,Vehicle crime,Investigation complete; no suspect identified,
dd515f83923ac1e02c3751dfccac4d8ea22ed0e3851914bf9b0795bc5474388f,2024-03,Hampshire Constabulary,Hampshire Constabulary,-0.914738,51.000682,On or near Broom Road,E01022623,East Hampshire 012D,Vehicle crime,Investigation complete; no suspect identified,
2516ff02a2ec25ad8ca0e6ef25fd8b6095695ed1496dac817964118307ff0b4d,2024-03,Hampshire Constabulary,Hampshire Constabulary,-0.915973,51.001503,On or near Gorse Road,E01022623,East Hampshire 012D,Violence and sexual offences,Unable to prosecute suspect,
584cfc79da99e8daa9c9602571030b1a6e11170b30d80fd5d0a8c0988fc2403a,2024-03,Hampshire Constabulary,Hampshire Constabulary,-0.935957,51.003845,On or near High Street,E01032664,East Hampshire 012F,Criminal damage and arson,Offender given a caution,
97a58dceeb9ba325312e9b7a66859e51af9ad641e7be42ca7ee2b5492f28330a,2024-03,Hampshire Constabulary,Hampshire Constabulary,-0.935357,51.006420,On or near King George Avenue,E01032664,East Hampshire 012F,Other theft,Investigation complete; no suspect identified,
a763b65b6a41af33e8a4268913ffc6d58ae7cc637ef1f54897ba2a9dc3a991d3,2024-03,Hampshire Constabulary,Hampshire Constabulary,-0.937402,51.003615,On or near The Square,E01032664,East Hampshire 012F,Public order,Unable to prosecute suspect,
62b4a48e368e810c576fb84b04381f41aac26a4b5f88b4099bdaba3693d3920f,2024-03,Hampshire Constabulary,Hampshire Constabulary,-0.934904,51.008134,On or near North Road,E01032664,East Hampshire 012F,Public order,Unable to prosecute suspect,
07e8ac8e301153a42589cdf400c56c712735e3b63e6f9d99a7895f0772da19ad,2024-03,Hampshire Constabulary,Hampshire Constabulary,-0.935687,51.003204,On or near Parking Area,E01032664,East Hampshire 012F,Shoplifting,Unable to prosecute suspect,
d52917615802bf3c9070e4297b19875c932e35f0607b5d2de7edf004107fd68b,2024-03,Hampshire Constabulary,Hampshire Constabulary,-0.934904,51.008134,On or near North Road,E01032664,East Hampshire 012F,Violence and sexual offences,Unable to prosecute suspect,
110fb35a1025defe9a5a13fa9c4bd44458f46228b6d2bc09270a435416aead59,2024-03,Hampshire Constabulary,Hampshire Constabulary,-0.937402,51.003615,On or near The Square,E01032664,East Hampshire 012F,Violence and sexual offences,Offender given a caution,
5b48381f29f2c39cb08913e800915978ad264dde56c41ce7df102fc269b5b225,2024-03,Hampshire Constabulary,Hampshire Constabulary,-0.936992,51.004700,On or near Supermarket,E01032664,East Hampshire 012F,Violence and sexual offences,Unable to prosecute suspect,
91d82974c493dfe187b8b57db32cb03faca2be2e9812fc29b7823d7dc48a974f,2024-03,Hampshire Constabulary,Hampshire Constabulary,-0.934904,51.008134,On or near North Road,E01032664,East Hampshire 012F,Violence and sexual offences,Unable to prosecute suspect,
,2024-03,Hampshire Constabulary,Hampshire Constabulary,-0.937402,51.003615,On or near The Square,E01032664,East Hampshire 012F,Anti-social behaviour,,
,2024-03,Hampshire Constabulary,Hampshire Constabulary,-0.938678,51.003276,On or near Sheep Street,E01032664,East Hampshire 012F,Anti-social behaviour,,
,2024-03,Hampshire Constabulary,Hampshire Constabulary,-0.936842,51.004437,On or near Shopping Area,E01032664,East Hampshire 012F,Anti-social behaviour,,
,2024-03,Hampshire Constabulary,Hampshire Constabulary,-0.936842,51.004437,On or near Shopping Area,E01032664,East Hampshire 012F,Anti-social behaviour,,
,2024-03,Hampshire Constabulary,Hampshire Constabulary,-0.934904,51.008134,On or near North Road,E01032664,East Hampshire 012F,Anti-social behaviour,,
,2024-03,Hampshire Constabulary,Hampshire Constabulary,-0.934904,51.008134,On or near North Road,E01032664,East Hampshire 012F,Anti-social behaviour,,
aecebceefded72df100b589a171eabed707c8e4dbc4719a5e54efce053e3f406,2024-03,Hampshire Constabulary,Hampshire Constabulary,-0.936957,51.005617,On or near Park Road,E01032664,East Hampshire 012F,Criminal damage and arson,Investigation complete; no suspect identified,
0a9ed16b904ef0cf4637915065f5689f28297c05a1ac4a5c65b3f0143c148322,2024-03,Hampshire Constabulary,Hampshire Constabulary,-0.937402,51.003615,On or near The Square,E01032664,East Hampshire 012F,Drugs,Offender given a caution,
28b4d3b0a24881fe4fee6913a53437a6010ed7ab365813c48b7c2f28ba3183a7,2024-03,Hampshire Constabulary,Hampshire Constabulary,-0.937402,51.003615,On or near The Square,E01032664,East Hampshire 012F,Public order,Investigation complete; no suspect identified,
fa8838858d8f5f31397a48da9084fa209b5452055b056d9fde772444676f93f7,2024-03,Hampshire Constabulary,Hampshire Constabulary,-0.938678,51.003276,On or near Sheep Street,E01032664,East Hampshire 012F,Public order,Unable to prosecute suspect,
c939ed6db089769a401fd305488a85d2042a59a1b8f24713f7002354b3bf2672,2024-03,Hampshire Constabulary,Hampshire Constabulary,-0.936957,51.005617,On or near Park Road,E01032664,East Hampshire 012F,Public order,Investigation complete; no suspect identified,
8cf3f1f1288dc22b5eddf0200d249d1db4eaf9dbd88ef8f09e6d3e5f4176c5d0,2024-03,Hampshire Constabulary,Hampshire Constabulary,-0.935957,51.003845,On or near High Street,E01032664,East Hampshire 012F,Shoplifting,Investigation complete; no suspect identified,
179f40113d78ed85838c4e97206c5ad0ea369a9df2d85ab7bd6ba241cb54b503,2024-03,Hampshire Constabulary,Hampshire Constabulary,-0.935957,51.003845,On or near High Street,E01032664,East Hampshire 012F,Shoplifting,Investigation complete; no suspect identified,
fa1040f1aa2648fa7b3adee2d198a8b630ab351ffc5da27d4dc8fde507fd41fb,2024-03,Hampshire Constabulary,Hampshire Constabulary,-0.934904,51.008134,On or near North Road,E01032664,East Hampshire 012F,Violence and sexual offences,Status update unavailable,
c92a1bf3a4156fdae2097db2da7cee537b76183c96ad6def0715d3fd4c6f3568,2024-03,Hampshire Constabulary,Hampshire Constabulary,-0.938678,51.003276,On or near Sheep Street,E01032664,East Hampshire 012F,Violence and sexual offences,Unable to prosecute suspect,
153812c6168b50cf4114bf3195778ce50e50e876b9589cccfa9c3e6eb2905e73,2024-03,Hampshire Constabulary,Hampshire Constabulary,-0.938936,51.007577,On or near Bannerman Road,E01032665,East Hampshire 012G,Burglary,Investigation complete; no suspect identified,
62a48289ce066834f0f397c2a638ba2fa6a4de5b29b89edbf98acc40d5334992,2024-03,Hampshire Constabulary,Hampshire Constabulary,-0.938301,51.005458,On or near Chapel Street,E01032665,East Hampshire 012G,Violence and sexual offences,Investigation complete; no suspect identified,
8fb2216625e3416c03f3f1742aafdf7eb0562218e92ceaad43fa9f843eab0c34,2024-03,Hampshire Constabulary,Hampshire Constabulary,-0.938936,51.007577,On or near Bannerman Road,E01032665,East Hampshire 012G,Violence and sexual offences,Court result unavailable,
c6e60bb7fdb55436394c740a0d6116fb38ef4a31a690836d55d5a0cd9fb252b8,2024-03,Hampshire Constabulary,Hampshire Constabulary,-0.937766,51.010138,On or near Highfield Road,E01032665,East Hampshire 012G,Violence and sexual offences,Unable to prosecute suspect,
,2024-03,Hampshire Constabulary,Hampshire Constabulary,-0.940353,51.006106,On or near Lavant Street,E01032665,East Hampshire 012G,Anti-social behaviour,,
0c3678a2d8fd3501cf18ada12e834a745fa1ebd5c15998d90dd0ff5029273bb8,2024-03,Hampshire Constabulary,Hampshire Constabulary,-0.938301,51.005458,On or near Chapel Street,E01032665,East Hampshire 012G,Criminal damage and arson,Unable to prosecute suspect,
6a0e0aa4ae02335101d1223af119ed64542ead31a8092610d0a82ee28c914e3a,2024-03,Hampshire Constabulary,Hampshire Constabulary,-0.936253,51.006482,On or near Lyndum Close,E01032665,East Hampshire 012G,Public order,Unable to prosecute suspect,
1dd8bf937616668e5634becb0d5d1bb0d9bddf4ecf1a0c541de9765856797cc1,2024-03,Hampshire Constabulary,Hampshire Constabulary,-0.937766,51.010138,On or near Highfield Road,E01032665,East Hampshire 012G,Robbery,Investigation complete; no suspect identified,
608467c64308aa361bd6de53f1a1439bd887369ad948a2805c882b9ff1852a73,2024-03,Hampshire Constabulary,Hampshire Constabulary,-0.940353,51.006106,On or near Lavant Street,E01032665,East Hampshire 012G,Shoplifting,Investigation complete; no suspect identified,
27e83c3798b4e19e98bee679ec281c5a90e5b1762a1b77f1bad315a157cf3695,2024-03,Hampshire Constabulary,Hampshire Constabulary,-0.939596,51.004903,On or near Parking Area,E01032665,East Hampshire 012G,Shoplifting,Investigation complete; no suspect identified,
534449712dd4c12216cd4b5ae3b8e37d9de571abb2f9f7090b0b3085f1b0e524,2024-03,Hampshire Constabulary,Hampshire Constabulary,-0.936253,51.006482,On or near Lyndum Close,E01032665,East Hampshire 012G,Violence and sexual offences,Status update unavailable,
295fecbc082d5847ef7717b709df24d30e4fd642d080ad72f638e06499d892ff,2024-03,Hampshire Constabulary,Hampshire Constabulary,-0.938301,51.005458,On or near Chapel Street,E01032665,East Hampshire 012G,Violence and sexual offences,Unable to prosecute suspect,
9d78286b4eef31b54ae6877140039897588d8834b875f31d27c64b0ef9033a99,2024-03,Hampshire Constabulary,Hampshire Constabulary,-0.937766,51.010138,On or near Highfield Road,E01032665,East Hampshire 012G,Violence and sexual offences,Status update unavailable,
1475e07d15694ff6ffb72942d0b7ac831b5ece92e51f39a2154d17fc7c5e6383,2024-03,Hampshire Constabulary,Hampshire Constabulary,-0.995519,50.940408,On or near Harehurst Walk,E01022588,East Hampshire 013A,Violence and sexual offences,Unable to prosecute suspect,
9fc4ffc18185f59a5384135390dd618f7655a9bb37bf8b1389ed834513fc80be,2024-03,Hampshire Constabulary,Hampshire Constabulary,-0.995532,50.941802,On or near Meadowcroft Close,E01022588,East Hampshire 013A,Violence and sexual offences,Offender given a caution,
e6758d36cc47cc530d7ffafdb54b3791adf7625c03d3c3af8b8e8fe48c521ba4,2024-03,Hampshire Constabulary,Hampshire Constabulary,-0.999992,50.935608,On or near Drift Road,E01022588,East Hampshire 013A,Violence and sexual offences,Investigation complete; no suspect identified,
,2024-03,Hampshire Constabulary,Hampshire Constabulary,-0.996759,50.933701,On or near Pine Tree Walk,E01022588,East Hampshire 013A,Anti-social behaviour,,
e070d6dd62120fb8f3e07dbd7bf366cadd640435ae43d0a134c49a417e4d93a4,2024-03,Hampshire Constabulary,Hampshire Constabulary,-1.000795,50.935437,On or near Supermarket,E01022588,East Hampshire 013A,Shoplifting,Court result unavailable,
ec2982032c546411942e4db18e5e7599bf827f077511e83073fabb9ed54388d2,2024-03,Hampshire Constabulary,Hampshire Constabulary,-0.991315,50.943303,On or near Bilberry Avenue,E01022588,East Hampshire 013A,Violence and sexual offences,Unable to prosecute suspect,
b5bfa4a2fa52e27b21a9e82d02d6a98aeb076d62fcc03580b96ae545334f766b,2024-03,Hampshire Constabulary,Hampshire Constabulary,-0.998204,50.937985,On or near St James Close,E01022588,East Hampshire 013A,Violence and sexual offences,Unable to prosecute suspect,
85e1d2f63f2421e61a1635649a9010d34d62712ea10b72989ef745cc12ea3cfb,2024-03,Hampshire Constabulary,Hampshire Constabulary,-0.997601,50.944185,On or near Maple Crescent,E01022588,East Hampshire 013A,Violence and sexual offences,Unable to prosecute suspect,
c515427636c3aa70fc772e5fbf06f04c289da72ceb704070d11c40761ec00457,2024-03,Hampshire Constabulary,Hampshire Constabulary,-0.992744,50.940402,On or near Brooks Walk,E01022588,East Hampshire 013A,Violence and sexual offences,Unable to prosecute suspect,
201d9d8a6285f1138caec4e20e3922d5e78f45be3f9ffcd2ebf04b0c85afaf5f,2024-03,Hampshire Constabulary,Hampshire Constabulary,-1.001051,50.938657,On or near Redwing Road,E01022588,East Hampshire 013A,Violence and sexual offences,Investigation complete; no suspect identified,
a8e2bb930b4c6beb12c27938c1bf96d32ec5fbba847ad8258e83338156d9f7c8,2024-03,Hampshire Constabulary,Hampshire Constabulary,-0.952286,50.910316,On or near Ashcroft Lane,E01022589,East Hampshire 013B,Criminal damage and arson,Unable to prosecute suspect,
48cf85fc9d40423f5a5607edeb2c47a30be684195a6bc12334e73dbb7870907d,2024-03,Hampshire Constabulary,Hampshire Constabulary,-0.952286,50.910316,On or near Ashcroft Lane,E01022589,East Hampshire 013B,Criminal damage and arson,Local resolution,
2d786db7bd37f58797aa1111e6d7192da9c030c6dc8ba4030e4da74171a87ab3,2024-03,Hampshire Constabulary,Hampshire Constabulary,-0.952286,50.910316,On or near Ashcroft Lane,E01022589,East Hampshire 013B,Violence and sexual offences,Unable to prosecute suspect,
,2024-03,Hampshire Constabulary,Hampshire Constabulary,-0.952286,50.910316,On or near Ashcroft Lane,E01022589,East Hampshire 013B,Anti-social behaviour,,
139d7980f52c9f44166b62f9732aa9a483cee6cfc679a15155bec9e90453ec90,2024-03,Hampshire Constabulary,Hampshire Constabulary,-0.993678,50.936687,On or near Elderberry Close,E01022589,East Hampshire 013B,Possession of weapons,Investigation complete; no suspect identified,
cbe4b89e31432199b097175e4b82086424a6d0f213b92273d89442601fe01e40,2024-03,Hampshire Constabulary,Hampshire Constabulary,-0.990934,50.939172,On or near Driftstone Mews,E01022589,East Hampshire 013B,Public order,Unable to prosecute suspect,
c0049a36e54d5ea4c75b472eec07396b6b80f908c7e2f7fcf075a237020fc2f8,2024-03,Hampshire Constabulary,Hampshire Constabulary,-0.990934,50.939172,On or near Driftstone Mews,E01022589,East Hampshire 013B,Violence and sexual offences,Unable to prosecute suspect,
b7e7065f341e9e9f709b9cb28efb8f1f4d323e8a1d0f33b7a040f004429b93d8,2024-03,Hampshire Constabulary,Hampshire Constabulary,-0.997731,50.936182,On or near Meon Close,E01022589,East Hampshire 013B,Violence and sexual offences,Unable to prosecute suspect,
43275c278ab76d443d6849bbfcd5d2017aa285a7c0ce09868e5667ecc2434b95,2024-03,Hampshire Constabulary,Hampshire Constabulary,-1.001801,50.944149,On or near Windmill Close,E01022590,East Hampshire 013C,Public order,Investigation complete; no suspect identified,
78aaffe734fb754f6a54a3f756e698cc0ef884d7b362cf28405d04cc457a06e4,2024-03,Hampshire Constabulary,Hampshire Constabulary,-1.001706,50.942619,On or near Rosewood Gardens,E01022590,East Hampshire 013C,Violence and sexual offences,Awaiting court outcome,
349dc8eb8782a0fdf8f44cc4282c1e5e2031346cbd12b35cd4ceb752bdcde4f8,2024-03,Hampshire Constabulary,Hampshire Constabulary,-1.001988,50.939411,On or near St David'S Road,E01022590,East Hampshire 013C,Violence and sexual offences,Unable to prosecute suspect,
c59bae2844bbca82dc4ee86351d3e0d19c607f0e36504408c29477c046f0c05e,2024-03,Hampshire Constabulary,Hampshire Constabulary,-1.000315,50.932455,On or near Draycote Road,E01022607,East Hampshire 013D,Violence and sexual offences,Status update unavailable,
00a1ed864299ed9036b8b48f599a367f91accb47f8ba6813189a8942424a660f,2024-03,Hampshire Constabulary,Hampshire Constabulary,-1.000315,50.932455,On or near Draycote Road,E01022607,East Hampshire 013D,Violence and sexual offences,Investigation complete; no suspect identified,
2fad451b59f3a296d3611c65ee2b9aea234ec3181b60fdf89a704f495a65865d,2024-03,Hampshire Constabulary,Hampshire Constabulary,-1.000295,50.931420,On or near Wode Close,E01022607,East Hampshire 013D,Violence and sexual offences,Unable to prosecute suspect,
adf1e17f91600cf7312f5f34689d7f3e558e25d943048907c7cf36d92c96e692,2024-03,Hampshire Constabulary,Hampshire Constabulary,-1.030298,50.914686,On or near Day Lane,E01022606,East Hampshire 014A,Burglary,Investigation complete; no suspect identified,
c7bd39e9e199077a49f5ba09bb2bb5ae12b4a9a9b3af334390f8423548342e4a,2024-03,Hampshire Constabulary,Hampshire Constabulary,-1.000651,50.920084,On or near Lith Avenue,E01022606,East Hampshire 014A,Drugs,Awaiting court outcome,
6a6e39883c2b1264579ae7d165b3030546fb59c6a6d8994667a33c5a73dd18c4,2024-03,Hampshire Constabulary,Hampshire Constabulary,-1.012841,50.939710,On or near Downhouse Road,E01022606,East Hampshire 014A,Violence and sexual offences,Unable to prosecute suspect,
a11c3d5dcf1a423db728ec69cb9cdcc18f0b4be51bcca3196fd36e956e63df4e,2024-03,Hampshire Constabulary,Hampshire Constabulary,-1.017788,50.910247,On or near Frogmore Lane,E01022606,East Hampshire 014A,Violence and sexual offences,Unable to prosecute suspect,
f91ab3b2c3bdee7acb0d5b945cb6f668b388666279fe6cfa36169b885faf0361,2024-03,Hampshire Constabulary,Hampshire Constabulary,-1.030298,50.914686,On or near Day Lane,E01022606,East Hampshire 014A,Violence and sexual offences,Unable to prosecute suspect,
4086e9780a5c4f698cfccbb03efe61486e6910ceaeaa91cc6c8c5e06089aa831,2024-03,Hampshire Constabulary,Hampshire Constabulary,-1.030298,50.914686,On or near Day Lane,E01022606,East Hampshire 014A,Violence and sexual offences,Unable to prosecute suspect,
,2024-03,Hampshire Constabulary,Hampshire Constabulary,-1.043734,50.905301,On or near Anmore Lane,E01022606,East Hampshire 014A,Anti-social behaviour,,
,2024-03,Hampshire Constabulary,Hampshire Constabulary,-1.043734,50.905301,On or near Anmore Lane,E01022606,East Hampshire 014A,Anti-social behaviour,,
07bb794f6d63c59043e5226c78e6725e0790c14ba5cbaea06a037388f6f6cd0f,2024-03,Hampshire Constabulary,Hampshire Constabulary,-1.012729,50.932228,On or near Lovedean Lane,E01022606,East Hampshire 014A,Bicycle theft,Investigation complete; no suspect identified,
284671c87e297ed2e62c959ffb13221d3958a16877d1d6bdc1cc2ff3d3ab4d8c,2024-03,Hampshire Constabulary,Hampshire Constabulary,-1.014582,50.920652,On or near Catherington Lane,E01022606,East Hampshire 014A,Criminal damage and arson,Investigation complete; no suspect identified,
28b365a2595b67a66ecd51069c93f516c4e12680ed70cbd331d63f83a8f2d142,2024-03,Hampshire Constabulary,Hampshire Constabulary,-1.000651,50.920084,On or near Lith Avenue,E01022606,East Hampshire 014A,Other theft,Investigation complete; no suspect identified,
70accf1f49ba6d99cef79098bde7282cb22e306582370230d43783f59ed95ed2,2024-03,Hampshire Constabulary,Hampshire Constabulary,-1.014582,50.920652,On or near Catherington Lane,E01022606,East Hampshire 014A,Other theft,Investigation complete; no suspect identified,
18ba6d911f27b0d5e6a30098a840224b6aec3d8de413b7a72b7f621a4aadfb6b,2024-03,Hampshire Constabulary,Hampshire Constabulary,-1.012841,50.939710,On or near Downhouse Road,E01022606,East Hampshire 014A,Violence and sexual offences,Unable to prosecute suspect,
5362f20bcb0942868459d8dd8f9071ae246bcb9def3a2b55eaf43c0cfdd9c2c1,2024-03,Hampshire Constabulary,Hampshire Constabulary,-1.019173,50.910025,On or near Elmeswelle Road,E01022606,East Hampshire 014A,Violence and sexual offences,Unable to prosecute suspect,
a118e0f78d4131733dd410a217b09908e468f4ef909b6e05599e4319d7c3cfe0,2024-03,Hampshire Constabulary,Hampshire Constabulary,-1.011488,50.912910,On or near Catherington Lane,E01022611,East Hampshire 014B,Possession of weapons,Unable to prosecute suspect,
08d9a106e5ff465eb995047a6199a49a82df90f03ed2e2164fd46c42a7eccf1e,2024-03,Hampshire Constabulary,Hampshire Constabulary,-1.010427,50.909384,On or near Supermarket,E01022611,East Hampshire 014B,Shoplifting,Court result unavailable,
7a19f48e6830b9c9a84cfcdf6331d06d3ed2424334d955987cb8583b6dfe024a,2024-03,Hampshire Constabulary,Hampshire Constabulary,-1.012143,50.909498,On or near Briarfield Gardens,E01022611,East Hampshire 014B,Vehicle crime,Investigation complete; no suspect identified,
2a1a51c45c753c7815c404b36053e969c7a2819c581ebb43bee4d9194872b422,2024-03,Hampshire Constabulary,Hampshire Constabulary,-1.011360,50.911569,On or near Hamilton Close,E01022611,East Hampshire 014B,Violence and sexual offences,Unable to prosecute suspect,
,2024-03,Hampshire Constabulary,Hampshire Constabulary,-1.010037,50.908230,On or near Lyne Place,E01022611,East Hampshire 014B,Anti-social behaviour,,
,2024-03,Hampshire Constabulary,Hampshire Constabulary,-1.010371,50.907873,On or near Causeway Farm,E01022611,East Hampshire 014B,Anti-social behaviour,,
6df210c68ad5c7fc25df4f48a54f9b9a66e59863e84f1267d789934ee1c29220,2024-03,Hampshire Constabulary,Hampshire Constabulary,-1.010427,50.909384,On or near Supermarket,E01022611,East Hampshire 014B,Shoplifting,Investigation complete; no suspect identified,
9d5906b1383f3552958216c83707c1bd76f97dac729840c22c668dbeafce2a8f,2024-03,Hampshire Constabulary,Hampshire Constabulary,-1.010427,50.909384,On or near Supermarket,E01022611,East Hampshire 014B,Shoplifting,Investigation complete; no suspect identified,
05d3ea6a5f34930a70d87f1f1552aea36d34963591aa4b76919e6d47f0624f47,2024-03,Hampshire Constabulary,Hampshire Constabulary,-1.010427,50.909384,On or near Supermarket,E01022611,East Hampshire 014B,Shoplifting,Investigation complete; no suspect identified,
30c3338eadcbbb79cec886f7345cd7a5604a550531668fe478458bcaa560640d,2024-03,Hampshire Constabulary,Hampshire Constabulary,-1.010427,50.909384,On or near Supermarket,E01022611,East Hampshire 014B,Shoplifting,Investigation complete; no suspect identified,
56145070a4de9e7a54e2e8b76012d5673b7b6d310565882f95e29240fbd965c5,2024-03,Hampshire Constabulary,Hampshire Constabulary,-1.010427,50.909384,On or near Supermarket,E01022611,East Hampshire 014B,Violence and sexual offences,Status update unavailable,
0abfad28b5467794b27e7c68037fd26dc317e5dd6fea46e66d2db21ed6a36bdb,2024-03,Hampshire Constabulary,Hampshire Constabulary,-1.010427,50.909384,On or near Supermarket,E01022611,East Hampshire 014B,Violence and sexual offences,Investigation complete; no suspect identified,
17937825b514d09bf1b4fcbd1b97c7804c820feaa5f114dc476f3f03c2d1d738,2024-03,Hampshire Constabulary,Hampshire Constabulary,-1.010427,50.909384,On or near Supermarket,E01022611,East Hampshire 014B,Violence and sexual offences,Local resolution,
4d73a6f906592f3f286bd63d8427d8a1d237bbe055c498692068bbb530a5e350,2024-03,Hampshire Constabulary,Hampshire Constabulary,-0.999701,50.914671,On or near Bridget Close,E01022613,East Hampshire 014C,Public order,Unable to prosecute suspect,
8ebdc716e92cd0b194bc234a401a664b2e05484c01ccad12f9d83162f772b07b,2024-03,Hampshire Constabulary,Hampshire Constabulary,-1.007556,50.913200,On or near Bowes-Lyon Court,E01022613,East Hampshire 014C,Violence and sexual offences,Unable to prosecute suspect,
43e9a111d462ea6ff98590aae63830825cdab024ca6313fb80f50920129244d9,2024-03,Hampshire Constabulary,Hampshire Constabulary,-1.007556,50.913200,On or near Bowes-Lyon Court,E01022613,East Hampshire 014C,Violence and sexual offences,Unable to prosecute suspect,
e9ef7292ee748d0a5162cfd70aa1b115ebe2b943a0b766e58c241d5ba26f110c,2024-03,Hampshire Constabulary,Hampshire Constabulary,-1.007556,50.913200,On or near Bowes-Lyon Court,E01022613,East Hampshire 014C,Violence and sexual offences,Unable to prosecute suspect,
8cb83ce278f73a61871e7e93f243d118f9f97456c2ae0222f6619f13ec4f5c79,2024-03,Hampshire Constabulary,Hampshire Constabulary,-1.003382,50.912805,On or near Cunningham Road,E01022614,East Hampshire 014D,Drugs,Court result unavailable,
df1bc9db519e008832ae0d52fb87a0180f18366db7b0753d7df5f61a0e968754,2024-03,Hampshire Constabulary,Hampshire Constabulary,-1.004007,50.912846,On or near Benbow Close,E01022614,East Hampshire 014D,Possession of weapons,Unable to prosecute suspect,
978118be8525a150fc3db2eaaee92b2b094b77f3c39140c55e15912c080394a8,2024-03,Hampshire Constabulary,Hampshire Constabulary,-1.003382,50.912805,On or near Cunningham Road,E01022614,East Hampshire 014D,Possession of weapons,Unable to prosecute suspect,
d759811037031ac9a6755c0976bdf3d47ec2fc81af7e808cf23abadf21dfd077,2024-03,Hampshire Constabulary,Hampshire Constabulary,-1.003382,50.912805,On or near Cunningham Road,E01022614,East Hampshire 014D,Public order,Unable to prosecute suspect,
910af810954c3f98c0b2b84c91c8f7cfe90c1d24d6776141754bfa7a9a20c5b0,2024-03,Hampshire Constabulary,Hampshire Constabulary,-1.003382,50.912805,On or near Cunningham Road,E01022614,East Hampshire 014D,Public order,Court result unavailable,
db848e87acaa525b2aeb7c59cbb32e4315dc72bf20d521273b109d0e8f02da38,2024-03,Hampshire Constabulary,Hampshire Constabulary,-1.008271,50.909663,On or near Kefford Close,E01022614,East Hampshire 014D,Violence and sexual offences,Local resolution,
dd5523a372403c224e7b9d93b67d8c12c66c5841b764b8aa6d6f185b16019b1f,2024-03,Hampshire Constabulary,Hampshire Constabulary,-1.003382,50.912805,On or near Cunningham Road,E01022614,East Hampshire 014D,Violence and sexual offences,Unable to prosecute suspect,
477c7c7cdb31ec2236fb7d169a88fcca027fe6e3b2cc6e2b52840025ed1874a0,2024-03,Hampshire Constabulary,Hampshire Constabulary,-1.003382,50.912805,On or near Cunningham Road,E01022614,East Hampshire 014D,Violence and sexual offences,Court result unavailable,
5d866eb5c7a380db37e8c62cf08cb02ed18a21addf6848c5c296c864305496eb,2024-03,Hampshire Constabulary,Hampshire Constabulary,-1.003382,50.912805,On or near Cunningham Road,E01022614,East Hampshire 014D,Public order,Unable to prosecute suspect,
4d5ab7410fdeba0a5fb22c1c9adba8ff9b8392bfd0926e398ff259afcfc3e1cb,2024-03,Hampshire Constabulary,Hampshire Constabulary,-1.002907,50.911722,On or near Napier Road,E01022614,East Hampshire 014D,Vehicle crime,Investigation complete; no suspect identified,
c439568742afffebde0e10e84640c5d07a125b6b7209756bb61ef83b4f8b2269,2024-03,Hampshire Constabulary,Hampshire Constabulary,-1.008366,50.909223,On or near Crisspyn Close,E01022614,East Hampshire 014D,Violence and sexual offences,Unable to prosecute suspect,
f0626b2d9f376c4286121814ba6bd4445679d508c0ff36ec3279efd7833182f8,2024-03,Hampshire Constabulary,Hampshire Constabulary,-0.994934,50.910098,On or near Havant Road,E01022610,East Hampshire 016A,Other theft,Investigation complete; no suspect identified,
090026ce1ce71025735b2ee56eda75b3797b2d0f729c889f7ac1fe0ac34205dc,2024-03,Hampshire Constabulary,Hampshire Constabulary,-0.996676,50.911129,On or near Oakleaf Way,E01022610,East Hampshire 016A,Public order,Unable to prosecute suspect,
,2024-03,Hampshire Constabulary,Hampshire Constabulary,-1.002597,50.908922,On or near Lakesmere Road,E01022610,East Hampshire 016A,Anti-social behaviour,,
,2024-03,Hampshire Constabulary,Hampshire Constabulary,-0.996904,50.914386,On or near Old Brewery Way,E01022610,East Hampshire 016A,Anti-social behaviour,,
ba14fc5111910669a21623097b615ca9403c5f9430a4aaea302e7ae710cec0b4,2024-03,Hampshire Constabulary,Hampshire Constabulary,-1.004091,50.907577,On or near B2149,E01022610,East Hampshire 016A,Other theft,Investigation complete; no suspect identified,
2b7b3563868c46c69b12109ff2da2af61f639270d7174f3220c34edb5f34ee16,2024-03,Hampshire Constabulary,Hampshire Constabulary,-1.004091,50.907577,On or near B2149,E01022610,East Hampshire 016A,Other theft,Investigation complete; no suspect identified,
79a94e4f9508b3f9ac2f6c9fbb687bd05d3d9ab034cd6f975fd825fbc57e72cc,2024-03,Hampshire Constabulary,Hampshire Constabulary,-1.004091,50.907577,On or near B2149,E01022610,East Hampshire 016A,Other theft,Investigation complete; no suspect identified,
6995b08b738f85875cd7e8f3f618295fa8169b05b8b1878a18c5b393df6b0708,2024-03,Hampshire Constabulary,Hampshire Constabulary,-1.004091,50.907577,On or near B2149,E01022610,East Hampshire 016A,Other theft,Investigation complete; no suspect identified,
4fd437360274f8ad124c74b7c71050cd2cdfd7173fdc70305fec892cbdf417a7,2024-03,Hampshire Constabulary,Hampshire Constabulary,-1.004091,50.907577,On or near B2149,E01022610,East Hampshire 016A,Other theft,Investigation complete; no suspect identified,
05967ccec0ba79a8dd97a8d4490c476e2ff09d17485caacb68dfc6617c0df540,2024-03,Hampshire Constabulary,Hampshire Constabulary,-1.002785,50.910786,On or near Orchard Close,E01022610,East Hampshire 016A,Other theft,Investigation complete; no suspect identified,
7aa9cf189d224dfff167b72e65f8dcf2d30bb72bf200ebcd0637b2d56653d4e6,2024-03,Hampshire Constabulary,Hampshire Constabulary,-1.004091,50.907577,On or near B2149,E01022610,East Hampshire 016A,Other theft,Investigation complete; no suspect identified,
b48344d863d5a770f49ac65442c9ea0ebb4da4402331350d16f1e774857327ed,2024-03,Hampshire Constabulary,Hampshire Constabulary,-1.004091,50.907577,On or near B2149,E01022610,East Hampshire 016A,Other theft,Investigation complete; no suspect identified,
fb194140e2333ea1c0b64393dadf06771140de304e18f107ccff3df59cbebc6a,2024-03,Hampshire Constabulary,Hampshire Constabulary,-0.995486,50.912881,On or near Kilderkin Drive,E01022610,East Hampshire 016A,Other theft,Investigation complete; no suspect identified,
1f4f6da08ff1b48a4d93c7d24f61cf5e660a803f9bfaab8c2fa955a5a161faa4,2024-03,Hampshire Constabulary,Hampshire Constabulary,-0.995486,50.912881,On or near Kilderkin Drive,E01022610,East Hampshire 016A,Possession of weapons,Investigation complete; no suspect identified,
cb55910d37adee974479a706bca6eaf0aa43e9ab113e85206714e665c1a21410,2024-03,Hampshire Constabulary,Hampshire Constabulary,-1.002785,50.910786,On or near Orchard Close,E01022610,East Hampshire 016A,Public order,Unable to prosecute suspect,
5820c7ab01df2e741fe293acce643e615f2446b8bf9688916b1570cbb2281e64,2024-03,Hampshire Constabulary,Hampshire Constabulary,-0.994692,50.933207,On or near New Barn Farm Lane,E01022610,East Hampshire 016A,Public order,Investigation complete; no suspect identified,
0af4b712459a65a5ae4de86d8d208d476440a8e0a1e2abab96f74e4b383246d3,2024-03,Hampshire Constabulary,Hampshire Constabulary,-0.967567,50.873466,On or near Ken Berry Court,E01022628,East Hampshire 016B,Criminal damage and arson,Unable to prosecute suspect,
7c7e0fb04665acd2bef6076688e123da3ffb7ca6c0a2a11b234e768a51a5046c,2024-03,Hampshire Constabulary,Hampshire Constabulary,-0.968170,50.883480,On or near Petrol Station,E01022628,East Hampshire 016B,Other theft,Investigation complete; no suspect identified,
d1dc76998f7c5aaed4211d55bca402e82de526a20ae5d532c28115a8576cf352,2024-03,Hampshire Constabulary,Hampshire Constabulary,-0.968170,50.883480,On or near Petrol Station,E01022628,East Hampshire 016B,Other theft,Unable to prosecute suspect,
8e7ffe0d1d2286e8d4ca654fc80b3af60ebd57f9f1810c37bb5dd9222addaad5,2024-03,Hampshire Constabulary,Hampshire Constabulary,-0.966767,50.886489,On or near Hill Brow Close,E01022628,East Hampshire 016B,Violence and sexual offences,Unable to prosecute suspect,
,2024-03,Hampshire Constabulary,Hampshire Constabulary,-0.973687,50.889230,On or near Kings Close,E01022628,East Hampshire 016B,Anti-social behaviour,,
6a424bfeb643a7d31fde64b0c3ad8a57ce1f9a54cfb4ac74300fcb185188b902,2024-03,Hampshire Constabulary,Hampshire Constabulary,-0.967569,50.873987,On or near Prospect Lane,E01022628,East Hampshire 016B,Criminal damage and arson,Investigation complete; no suspect identified,
aef7fd1821236a80eb52b1337064291fe11cde73b6a66c5cfed0d335ddd36698,2024-03,Hampshire Constabulary,Hampshire Constabulary,-0.968170,50.883480,On or near Petrol Station,E01022628,East Hampshire 016B,Other theft,Investigation complete; no suspect identified,
3e5645de3f40017d6435549204e8b589586eab85608b8560e63650e517478b68,2024-03,Hampshire Constabulary,Hampshire Constabulary,-0.968170,50.883480,On or near Petrol Station,E01022628,East Hampshire 016B,Other theft,Investigation complete; no suspect identified,
d4a97de565aba21beb19efb96bcb72b312ced81a802b6af369b7e96aa98ee77f,2024-03,Hampshire Constabulary,Hampshire Constabulary,-0.968305,50.883796,On or near Whichers Gate Road,E01022628,East Hampshire 016B,Public order,Investigation complete; no suspect identified,
9cfd5287e9c54eedbe83ad7bd1384572c8711cfea4a208ce684d43ac3b6603e9,2024-03,Hampshire Constabulary,Hampshire Constabulary,-0.967567,50.873466,On or near Ken Berry Court,E01022628,East Hampshire 016B,Vehicle crime,Investigation complete; no suspect identified,
c8a4348b478a41ae2bba3d157d04c8f20c723cf5a3225241e4bde54155625501,2024-03,Hampshire Constabulary,Hampshire Constabulary,-0.968789,50.887631,On or near Dunnock Close,E01022628,East Hampshire 016B,Violence and sexual offences,Unable to prosecute suspect,
f0a7f4ad1fbee2bb8fd126c0680d602b0e1683422e2bb2dff4f0dd4d91dff4c4,2024-03,Hampshire Constabulary,Hampshire Constabulary,-0.969637,50.887854,On or near Kingfisher Close,E01022628,East Hampshire 016B,Violence and sexual offences,Unable to prosecute suspect,
9b5210bc21622099269bd01868761b3b0fe16982468d5d3e9187fd750513e16f,2024-03,Hampshire Constabulary,Hampshire Constabulary,-0.961615,50.891857,On or near The Fairway,E01022629,East Hampshire 016C,Violence and sexual offences,Unable to prosecute suspect,
63c3cb847e3ff1e081eea213b8e04c907d09cc18aaac17c34776be365a8912c0,2024-03,Hampshire Constabulary,Hampshire Constabulary,-0.957612,50.892217,On or near Parking Area,E01022629,East Hampshire 016C,Other crime,Further investigation is not in the public interest,
02093e539c2afb29e32b9b75b7f4fb9ff56b9b875bdfc82231ab0f8f37f8113e,2024-03,Hampshire Constabulary,Hampshire Constabulary,-0.963330,50.886998,On or near The Drift,E01022629,East Hampshire 016C,Public order,Unable to prosecute suspect,
684aff23029e8aacd2005b168e43b07e1a2ba99340bac8b2316fe0751296d0df,2024-03,Hampshire Constabulary,Hampshire Constabulary,-0.961615,50.891857,On or near The Fairway,E01022629,East Hampshire 016C,Vehicle crime,Investigation complete; no suspect identified,
6b3eb800a6b9c5fbf72a6ecb561d978cf4ec73ac72fe3b2fdda4079cc633beaf,2024-03,Hampshire Constabulary,Hampshire Constabulary,-1.004371,50.901779,On or near Laurel Road,E01032615,East Hampshire 016D,Public order,Unable to prosecute suspect,
5867a5c45b46640301d550678f995bcb47b9a24addfb6ada253d793539a1f827,2024-03,Hampshire Constabulary,Hampshire Constabulary,-1.011635,50.903927,On or near Peacock Gardens,E01032615,East Hampshire 016D,Violence and sexual offences,Unable to prosecute suspect,
10a18f40e8cd0530cd2d289542b3b21b0593e77a07180d9e42c5f7bceb066c94,2024-03,Hampshire Constabulary,Hampshire Constabulary,-1.004371,50.901779,On or near Laurel Road,E01032615,East Hampshire 016D,Violence and sexual offences,Unable to prosecute suspect,
3bd6f0287c4d17a293dd28860fb39892c7fe22da8b44950ebf844c2da4e33525,2024-03,Hampshire Constabulary,Hampshire Constabulary,-1.005055,50.903728,On or near Chestnut Avenue,E01032615,East Hampshire 016D,Violence and sexual offences,Unable to prosecute suspect,
10f58a07696ece32c2994242952af807281d0d90001f8a09ad55bfc350eba2f6,2024-03,Hampshire Constabulary,Hampshire Constabulary,-1.011635,50.903927,On or near Peacock Gardens,E01032615,East Hampshire 016D,Violence and sexual offences,Unable to prosecute suspect,
734bc0b1ba37d86aff341e99e0608710bff31fc37608791c3f53f3a3d4c1a394,2024-03,Hampshire Constabulary,Hampshire Constabulary,-1.015760,50.903890,On or near Keydell Close,E01032616,East Hampshire 016E,Violence and sexual offences,Local resolution,
5b95813ec40188ad3ee9e7517c027f2ce6b7a454a5900d9f9bc462eaa548e1bb,2024-03,Hampshire Constabulary,Hampshire Constabulary,-1.015760,50.903890,On or near Keydell Close,E01032616,East Hampshire 016E,Violence and sexual offences,Unable to prosecute suspect,
d923d894c39a327319fb32b4b2fe80d01e3f067e15820d677fe94e16bbfcb0ea,2024-03,Hampshire Constabulary,Hampshire Constabulary,-0.757150,51.112914,On or near Whitmore Vale Road,E01022599,East Hampshire 017A,Public order,Unable to prosecute suspect,
a494b9be25554bb5d069afe76b32c7d0f5934a15932c5b1a836bbc4b9f9201c6,2024-03,Hampshire Constabulary,Hampshire Constabulary,-0.759532,51.112552,On or near School Road,E01022599,East Hampshire 017A,Public order,Investigation complete; no suspect identified,
cf82976f5ff4a16c0077c52075822aa57d88129e1a026bbc39883ded3792a12f,2024-03,Hampshire Constabulary,Hampshire Constabulary,-0.759532,51.112552,On or near School Road,E01022599,East Hampshire 017A,Violence and sexual offences,Unable to prosecute suspect,
3d7ded09fccc68793743f5ae4f8b9f2fdf62729fa495fade3654ed6858876596,2024-03,Hampshire Constabulary,Hampshire Constabulary,-0.751227,51.111001,On or near Supermarket,E01022599,East Hampshire 017A,Violence and sexual offences,Unable to prosecute suspect,
c1b28e493bdb0d436651ca005d6c240958eca6c8489a54c4ba6df1fdf4d23c19,2024-03,Hampshire Constabulary,Hampshire Constabulary,-0.752161,51.109857,On or near Parking Area,E01022599,East Hampshire 017A,Shoplifting,Investigation complete; no suspect identified,
1b3fad2d93fa79fba9898d2f197ff50dc4c106120ef01abc518c9c8b982343dd,2024-03,Hampshire Constabulary,Hampshire Constabulary,-0.752161,51.109857,On or near Parking Area,E01022599,East Hampshire 017A,Shoplifting,Investigation complete; no suspect identified,
a52b7bceb4fc317f88422985e121b05d9150a95d36fdad1a0451f4b24afb8175,2024-03,Hampshire Constabulary,Hampshire Constabulary,-0.752161,51.109857,On or near Parking Area,E01022599,East Hampshire 017A,Shoplifting,Investigation complete; no suspect identified,
a0d4214158fbcdb9a2214a8f49150890da256a0f21051474bf6476840a1b9b8d,2024-03,Hampshire Constabulary,Hampshire Constabulary,-0.753661,51.110934,On or near Parking Area,E01022599,East Hampshire 017A,Violence and sexual offences,Unable to prosecute suspect,
19dbf40ebf3ca36bf2d0355534d10f6b8985787a7118d5e888f97b3b4e806560,2024-03,Hampshire Constabulary,Hampshire Constabulary,-0.807416,51.123176,On or near Kay Crescent,E01022600,East Hampshire 017B,Criminal damage and arson,Awaiting court outcome,
f1f8e4e9222d98ef08d1627394d41ebb6bde3c1ad2243028af59ccf67579043a,2024-03,Hampshire Constabulary,Hampshire Constabulary,-0.805181,51.122326,On or near Petrol Station,E01022600,East Hampshire 017B,Public order,Unable to prosecute suspect,
8b8135dd815362f7f53b538d38c865cd0ff83d7df9279a02c2cf5ff1f00a226a,2024-03,Hampshire Constabulary,Hampshire Constabulary,-0.810056,51.116081,On or near Gentles Lane,E01022600,East Hampshire 017B,Vehicle crime,Local resolution,
a81cce67fe7e8bc44e436b62c69fcbd6faf376a4c41ca8c5d51f5b9fd717ee6b,2024-03,Hampshire Constabulary,Hampshire Constabulary,-0.820284,51.118963,On or near Phillips Crescent,E01022600,East Hampshire 017B,Violence and sexual offences,Unable to prosecute suspect,
8ea0f50f489d85a1388f583d443f9eb93c09cdf47e0775a64604407cdda918f2,2024-03,Hampshire Constabulary,Hampshire Constabulary,-0.807416,51.123176,On or near Kay Crescent,E01022600,East Hampshire 017B,Violence and sexual offences,Awaiting court outcome,
823e31f3d92c272599fde6e94186b2e974adcd7b7277fd36b8b8e5a6cbaa5cf3,2024-03,Hampshire Constabulary,Hampshire Constabulary,-0.807416,51.123176,On or near Kay Crescent,E01022600,East Hampshire 017B,Violence and sexual offences,Unable to prosecute suspect,
99d7c1d956c20f1b789e80a4a47934a36fe3c2f02a7039c193ee2c0a957a8747,2024-03,Hampshire Constabulary,Hampshire Constabulary,-0.807416,51.123176,On or near Kay Crescent,E01022600,East Hampshire 017B,Violence and sexual offences,Unable to prosecute suspect,
b9e5d5036530e459c8561cdbba4951b9e442b07ffcce4c25e337b59bd873e04f,2024-03,Hampshire Constabulary,Hampshire Constabulary,-0.814590,51.115902,On or near Chestnut End,E01022600,East Hampshire 017B,Violence and sexual offences,Unable to prosecute suspect,
0b614239b7b52981de986739f0c630b656924969c2489346d880ccde604cf8cd,2024-03,Hampshire Constabulary,Hampshire Constabulary,-0.804922,51.120731,On or near Southview Road,E01022600,East Hampshire 017B,Public order,Status update unavailable,
cda8934a288d8064174c8268a22e7bd430648f74f7162fd850567db53faa8096,2024-03,Hampshire Constabulary,Hampshire Constabulary,-0.814590,51.115902,On or near Chestnut End,E01022600,East Hampshire 017B,Violence and sexual offences,Status update unavailable,
b6f6518c59016fa5be2c052ef018b06ad1df4b87b49959d824d7da26adcb63f4,2024-03,Hampshire Constabulary,Hampshire Constabulary,-0.814590,51.115902,On or near Chestnut End,E01022600,East Hampshire 017B,Violence and sexual offences,Status update unavailable,
b48b302a823d33d1a6d55cd07284f639d3d5b98f3fc8681163171d4d8f25a264,2024-03,Hampshire Constabulary,Hampshire Constabulary,-0.835317,51.118880,On or near Mill Lane,E01022601,East Hampshire 017C,Criminal damage and arson,Investigation complete; no suspect identified,
2020944b5e1347c03ed27d4f19eb4a9ac824b04b40c9cfd56b0ff070293b903c,2024-03,Hampshire Constabulary,Hampshire Constabulary,-0.821382,51.121303,On or near Liphook Road,E01022601,East Hampshire 017C,Other theft,Investigation complete; no suspect identified,
8f416e3bb11d130acc228e9b5c6c632f47d3be616f33f68235cf7aa9bfb4cc51,2024-03,Hampshire Constabulary,Hampshire Constabulary,-0.826607,51.120339,On or near High Street,E01022601,East Hampshire 017C,Violence and sexual offences,Unable to prosecute suspect,
89532f4d08b9d456b2974c2035cc0cc850aec0abdf2f418681d102afb148186b,2024-03,Hampshire Constabulary,Hampshire Constabulary,-0.827542,51.122354,On or near Openfields,E01022601,East Hampshire 017C,Violence and sexual offences,Unable to prosecute suspect,
7da5e614745cf67806ab8d12918839791dd1f16914a003cd9e74c3437a08066e,2024-03,Hampshire Constabulary,Hampshire Constabulary,-0.838149,51.103378,On or near Standford Hill,E01022601,East Hampshire 017C,Criminal damage and arson,Investigation complete; no suspect identified,
fd55fae06788590d3a3541ccaee7a2d95d7f8c8b819b13d9d2370ff2916ebf25,2024-03,Hampshire Constabulary,Hampshire Constabulary,-0.838149,51.103378,On or near Standford Hill,E01022601,East Hampshire 017C,Other theft,Investigation complete; no suspect identified,
a7bc8e5f51bc083fe80e351c4830837dd98e1745f677f9c697cc24504aa04e61,2024-03,Hampshire Constabulary,Hampshire Constabulary,-0.799163,51.116878,On or near Stonehill Road,E01022602,East Hampshire 017D,Vehicle crime,Investigation complete; no suspect identified,
0f0f5c4e10e8acdfe8c885d3bea691f62e42c6e9606b03c172b4670f2893f470,2024-03,Hampshire Constabulary,Hampshire Constabulary,-0.785002,51.118053,On or near Firway,E01032625,East Hampshire 017E,Vehicle crime,Investigation complete; no suspect identified,
39b2e1886ce699dc5b0dfd60fa4a3d9d2fabe13432105cbce1474643692b3d11,2024-03,Hampshire Constabulary,Hampshire Constabulary,-0.773672,51.115894,On or near Beechen Row,E01032625,East Hampshire 017E,Violence and sexual offences,Unable to prosecute suspect,
bf700eb97bf2430ac22dbb0bdb5f006dcaf466b7af8b001e3b54c9108f6d75fb,2024-03,Hampshire Constabulary,Hampshire Constabulary,-1.372560,50.988129,On or near Parking Area,E01022705,Eastleigh 001A,Burglary,Investigation complete; no suspect identified,
7faaa29f2dfb08be4b9fb9a3934d03c2f4b3df1a7cf4e19498f6b8ae29780add,2024-03,Hampshire Constabulary,Hampshire Constabulary,-1.376363,50.992403,On or near Merdon Close,E01022705,Eastleigh 001A,Burglary,Investigation complete; no suspect identified,
87278adf07cf55cf2b3539252857f9ed1b9ef10752cfb2e48423f68b1be15a36,2024-03,Hampshire Constabulary,Hampshire Constabulary,-1.371544,50.987378,On or near Clausentum Close,E01022705,Eastleigh 001A,Public order,Unable to prosecute suspect,
e9b271d257e870f1357ed002e40a0121edbb13c13756a50c576f5e445443d4ef,2024-03,Hampshire Constabulary,Hampshire Constabulary,-1.372560,50.988129,On or near Parking Area,E01022705,Eastleigh 001A,Burglary,Investigation complete; no suspect identified,
b428e68d352036a5fa261feb029f05c744d6f64e79c4060c2ff3f6c395b34300,2024-03,Hampshire Constabulary,Hampshire Constabulary,-1.374771,50.987982,On or near Supermarket,E01022705,Eastleigh 001A,Criminal damage and arson,Investigation complete; no suspect identified,
f7b9c0437e5da37cce592a51ee08e7fdee2ebf1aebf4658563cf181cd46c830b,2024-03,Hampshire Constabulary,Hampshire Constabulary,-1.371544,50.987378,On or near Clausentum Close,E01022705,Eastleigh 001A,Public order,Investigation complete; no suspect identified,
709ee98d7f3ec53c33966531a1c58e3020fd9c64faef9624e17b886fb727526f,2024-03,Hampshire Constabulary,Hampshire Constabulary,-1.362972,50.994506,On or near Theatre/Concert Hall,E01022706,Eastleigh 001B,Violence and sexual offences,Unable to prosecute suspect,
aae9993468c3a3c478a5aac541bf239ef464c922fdb506610bcfdf73d48e2ecc,2024-03,Hampshire Constabulary,Hampshire Constabulary,-1.362972,50.994506,On or near Theatre/Concert Hall,E01022706,Eastleigh 001B,Violence and sexual offences,Unable to prosecute suspect,
f6f71a19ee9c2066a78ea8c6924f1378e6af95de90d2df304436e0ee616d22fe,2024-03,Hampshire Constabulary,Hampshire Constabulary,-1.391246,50.996249,On or near B3043,E01022707,Eastleigh 001C,Vehicle crime,Investigation complete; no suspect identified,
6cd50674687058a64c5050dca54611d640cc54b6656bfdd21c9bbf11ff8ff10b,2024-03,Hampshire Constabulary,Hampshire Constabulary,-1.387958,50.994892,On or near Cuckoo Bushes Lane,E01022707,Eastleigh 001C,Violence and sexual offences,Unable to prosecute suspect,
ff338cdb052363bc5954e035b0fd2d924a43c14017035b4bbdf2d8d78ab28bec,2024-03,Hampshire Constabulary,Hampshire Constabulary,-1.387958,50.994892,On or near Cuckoo Bushes Lane,E01022707,Eastleigh 001C,Violence and sexual offences,Unable to prosecute suspect,
7b19796811247dc4627deea4bee03f4aeae060b921134fb0d163b88fd250d364,2024-03,Hampshire Constabulary,Hampshire Constabulary,-1.387958,50.994892,On or near Cuckoo Bushes Lane,E01022707,Eastleigh 001C,Violence and sexual offences,Unable to prosecute suspect,
c58f392431dfcb123307933eec4dc37f1c72402a626a5278688fab6372949cb4,2024-03,Hampshire Constabulary,Hampshire Constabulary,-1.391246,50.996249,On or near B3043,E01022707,Eastleigh 001C,Violence and sexual offences,Unable to prosecute suspect,
b62799d9577f0a507126987fc24f466534ee88cd85f52d1a942a9c52a23766ec,2024-03,Hampshire Constabulary,Hampshire Constabulary,-1.391246,50.996249,On or near B3043,E01022707,Eastleigh 001C,Violence and sexual offences,Unable to prosecute suspect,
592f9a9bff3471b8687d1a1e70de91e795469686902699832f00edf30a2b7d23,2024-03,Hampshire Constabulary,Hampshire Constabulary,-1.380954,51.001870,On or near Maytree Road,E01022708,Eastleigh 001D,Violence and sexual offences,Action to be taken by another organisation,
1b4378258e2d1a4385dea8bbf0c056da92ffc2659892578168c67227732705d3,2024-03,Hampshire Constabulary,Hampshire Constabulary,-1.392574,51.003675,On or near Rothville Place,E01022708,Eastleigh 001D,Criminal damage and arson,Investigation complete; no suspect identified,
27a53fa3871e14a9adfc4c01989ce4a4008f10e2d7c4baa2b8302cbdad9b30fd,2024-03,Hampshire Constabulary,Hampshire Constabulary,-1.388001,51.000288,On or near Richmond Close,E01022708,Eastleigh 001D,Vehicle crime,Unable to prosecute suspect,
7a2d496fabaf25af0e0e88a45949868623eeaff0343379c5c7fca1de62f501ca,2024-03,Hampshire Constabulary,Hampshire Constabulary,-1.386250,51.002293,On or near Charnwood Gardens,E01022708,Eastleigh 001D,Violence and sexual offences,Action to be taken by another organisation,
a433b46bb496eac86ea7fb70d3efe5c88246581e0a562b5ade3db52153886727,2024-03,Hampshire Constabulary,Hampshire Constabulary,-1.387910,50.995243,On or near Morley Gardens,E01022709,Eastleigh 001E,Violence and sexual offences,Unable to prosecute suspect,
671c6af403407e50041db5eaa027f86f8004402d8d6236ac7121b59bdc9ba12f,2024-03,Hampshire Constabulary,Hampshire Constabulary,-1.383910,50.991697,On or near Cypress Grove,E01022709,Eastleigh 001E,Violence and sexual offences,Unable to prosecute suspect,
1b309d910a5310bf374ae0f417d2e4f40823fde6564c134caf43b466367aa354,2024-03,Hampshire Constabulary,Hampshire Constabulary,-1.387910,50.995243,On or near Morley Gardens,E01022709,Eastleigh 001E,Violence and sexual offences,Investigation complete; no suspect identified,
5ab39f0bae47931e2baa744087be7e07a9b8271a407ea969d47cf4ae49849e6d,2024-03,Hampshire Constabulary,Hampshire Constabulary,-1.371096,50.978383,On or near Medina Close,E01022659,Eastleigh 002A,Drugs,Unable to prosecute suspect,
d96f8cfad2ee6cd1f38aa66b4b354cbf10c3c2a890dc4ec8a8e65cdfa36953b5,2024-03,Hampshire Constabulary,Hampshire Constabulary,-1.371096,50.978383,On or near Medina Close,E01022659,Eastleigh 002A,Drugs,Offender given a caution,
9c58c8deb0157c392f817df3ed0a726eafa115b39419743fad775561adc8f84e,2024-03,Hampshire Constabulary,Hampshire Constabulary,-1.377195,50.981356,On or near Ribble Close,E01022659,Eastleigh 002A,Robbery,Unable to prosecute suspect,
8910c34f13eb8f001e1fe73d2f03dffc75bdedd7f5289b93d0de4baa818e282d,2024-03,Hampshire Constabulary,Hampshire Constabulary,-1.372182,50.978119,On or near Osborne Drive,E01022659,Eastleigh 002A,Violence and sexual offences,Unable to prosecute suspect,
e250b689aae521b11a13ab15bf20b9ad2aeb2f1d2b3d559a43e4ae2c06300ac2,2024-03,Hampshire Constabulary,Hampshire Constabulary,-1.372182,50.978119,On or near Osborne Drive,E01022659,Eastleigh 002A,Violence and sexual offences,Unable to prosecute suspect,
e732a76bd089c40e1c18a133366d9814ba9e81bf6efe21f94e91349c75c74687,2024-03,Hampshire Constabulary,Hampshire Constabulary,-1.377074,50.982983,On or near Wyvern Close,E01022659,Eastleigh 002A,Criminal damage and arson,Investigation complete; no suspect identified,
dd58c66e34282b5a256a0766b53a57289ef04f516054a59066babdeb96650b7a,2024-03,Hampshire Constabulary,Hampshire Constabulary,-1.377594,50.980279,On or near Avon Green,E01022659,Eastleigh 002A,Criminal damage and arson,Investigation complete; no suspect identified,
4d89fe0122038bf01d562508720928beeb1598e65bfbd61182016c7f395c0dd3,2024-03,Hampshire Constabulary,Hampshire Constabulary,-1.373799,50.980753,On or near Ashley Gardens,E01022659,Eastleigh 002A,Public order,Unable to prosecute suspect,
56e276a774d04b288d649f9a8fd5c018128db0bea776cfa6b4d30999e55acff0,2024-03,Hampshire Constabulary,Hampshire Constabulary,-1.377195,50.981356,On or near Ribble Close,E01022659,Eastleigh 002A,Vehicle crime,Investigation complete; no suspect identified,
4f4aeb533990ae66c54e79c402eb1de184d1069723dc56276baeccc14217bcd9,2024-03,Hampshire Constabulary,Hampshire Constabulary,-1.373202,50.985894,On or near Fryern Close,E01022660,Eastleigh 002B,Violence and sexual offences,Unable to prosecute suspect,
3c43408588e7c4700704177c179c20f345bdc5a461e055ac87d90bed3feaa85d,2024-03,Hampshire Constabulary,Hampshire Constabulary,-1.372434,50.982625,On or near Cumberland Avenue,E01022660,Eastleigh 002B,Other crime,Investigation complete; no suspect identified,
b77ff04b518ff6b6b90c78fe3a68d797d2c140558056d075d0b65dad2e3a0dc2,2024-03,Hampshire Constabulary,Hampshire Constabulary,-1.373202,50.985894,On or near Fryern Close,E01022660,Eastleigh 002B,Criminal damage and arson,Investigation complete; no suspect identified,
c030fa190110f719c56f573dccf6904936a3d298f863cfef6de828734aaf1369,2024-03,Hampshire Constabulary,Hampshire Constabulary,-1.374489,50.985568,On or near Parking Area,E01022660,Eastleigh 002B,Possession of weapons,Investigation complete; no suspect identified,
06569000afb81aac531281403527e84b16ab1128f5b28e59aae83c0e86318dbb,2024-03,Hampshire Constabulary,Hampshire Constabulary,-1.373968,50.987247,On or near Supermarket,E01022660,Eastleigh 002B,Shoplifting,Investigation complete; no suspect identified,
92c3afae246eee94fa984b7f54163f3e4e957dbe90bed6dbed8742c7fc397085,2024-03,Hampshire Constabulary,Hampshire Constabulary,-1.370069,50.981606,On or near Beresford Gardens,E01022660,Eastleigh 002B,Vehicle crime,Investigation complete; no suspect identified,
bb8760516d91d67e1f28f4df38ef05ada4bb55b7002ddee96942d1387aaf5591,2024-03,Hampshire Constabulary,Hampshire Constabulary,-1.373202,50.985894,On or near Fryern Close,E01022660,Eastleigh 002B,Violence and sexual offences,Unable to prosecute suspect,
47a2b3cbe9c634d335051475f4b197c0837ecaeb5d1f82252339e10df7ac2b53,2024-03,Hampshire Constabulary,Hampshire Constabulary,-1.373202,50.985894,On or near Fryern Close,E01022660,Eastleigh 002B,Violence and sexual offences,Unable to prosecute suspect,
e575f91f0dd994d26af96d0da854e5896bc0235dbb765c20e3b6399e5f237347,2024-03,Hampshire Constabulary,Hampshire Constabulary,-1.368673,50.982686,On or near Milford Gardens,E01022660,Eastleigh 002B,Violence and sexual offences,Action to be taken by another organisation,
388669d00c0058f67a5302fce36195a22662e3447e9c420b0a540f45c33fa93b,2024-03,Hampshire Constabulary,Hampshire Constabulary,-1.365060,50.979141,On or near Dyram Close,E01022675,Eastleigh 002C,Public order,Unable to prosecute suspect,
9b9c5ada5678443077bdadf3c2e1c033ab20196a59cf1f99c47431d4bd45f7f0,2024-03,Hampshire Constabulary,Hampshire Constabulary,-1.355753,50.985709,On or near Claremont Close,E01022675,Eastleigh 002C,Violence and sexual offences,Unable to prosecute suspect,
,2024-03,Hampshire Constabulary,Hampshire Constabulary,-1.365060,50.979141,On or near Dyram Close,E01022675,Eastleigh 002C,Anti-social behaviour,,
,2024-03,Hampshire Constabulary,Hampshire Constabulary,-1.365060,50.979141,On or near Dyram Close,E01022675,Eastleigh 002C,Anti-social behaviour,,
,2024-03,Hampshire Constabulary,Hampshire Constabulary,-1.365060,50.979141,On or near Dyram Close,E01022675,Eastleigh 002C,Anti-social behaviour,,
a0d2346db3d42e7e75b642810943eb9ceae33f014ce6f8415d22f189f3f650f9,2024-03,Hampshire Constabulary,Hampshire Constabulary,-1.353037,50.994551,On or near Maypole Villas,E01022676,Eastleigh 002D,Criminal damage and arson,Unable to prosecute suspect,
b11a720110cd606286ebe2d4bdf55eee13b70d4da309bc34de90485143648627,2024-03,Hampshire Constabulary,Hampshire Constabulary,-1.348714,50.991866,On or near Pitmore Road,E01022676,Eastleigh 002D,Drugs,Unable to prosecute suspect,
14bfd87ec50264435740c69dbe047f8543a1705a7c573498cb5592d53e5df6f7,2024-03,Hampshire Constabulary,Hampshire Constabulary,-1.365688,50.987409,On or near Justinian Close,E01022704,Eastleigh 002E,Other theft,Investigation complete; no suspect identified,
16dd74eecb346d7d26e8661fec21b1d4324baa24430b4fd9789f6d2902a357a8,2024-03,Hampshire Constabulary,Hampshire Constabulary,-1.364031,50.986671,On or near Claudius Gardens,E01022704,Eastleigh 002E,Violence and sexual offences,Unable to prosecute suspect,
59ea58c78a498ee5c986760b78629a2071bd819dcebdc251c26d66e0dd9a9533,2024-03,Hampshire Constabulary,Hampshire Constabulary,-1.369273,50.985684,On or near Sarum Road,E01022704,Eastleigh 002E,Criminal damage and arson,Investigation complete; no suspect identified,
357abfee2a81740e573234f71c7c2387d81d51709e6867c2392458eee99114d8,2024-03,Hampshire Constabulary,Hampshire Constabulary,-1.366168,50.984579,On or near Porteous Crescent,E01022704,Eastleigh 002E,Violence and sexual offences,Unable to prosecute suspect,
bd277144846712ca9e3f9a9f459d49b4117228f03c97adf93dda7d4a17d5ae43,2024-03,Hampshire Constabulary,Hampshire Constabulary,-1.377202,50.987201,On or near The Hillway,E01022661,Eastleigh 003A,Burglary,Investigation complete; no suspect identified,
7463ab5b2a18956f3ffe67a5e21b36f3a9e34be98b7bd6ffe68faa53a93b2918,2024-03,Hampshire Constabulary,Hampshire Constabulary,-1.380561,50.987480,On or near King'S Close,E01022661,Eastleigh 003A,Criminal damage and arson,Investigation complete; no suspect identified,
31791bce85303d1010bb932e6c7f36a01e60883b322e544d9ccde06fa859ba12,2024-03,Hampshire Constabulary,Hampshire Constabulary,-1.380101,50.976048,On or near Treloyhan Close,E01022662,Eastleigh 003B,Violence and sexual offences,Unable to prosecute suspect,
609786ecd5768f47db6e0425c8a0554490cfd9581b277f120d0b95c0bcd81b69,2024-03,Hampshire Constabulary,Hampshire Constabulary,-1.375389,50.974755,On or near Steele Close,E01022662,Eastleigh 003B,Other crime,Court result unavailable,
2723095141b7e7926c1b99b1c52c4533ec9b9dafc86cff1dd837bc95b0e7c174,2024-03,Hampshire Constabulary,Hampshire Constabulary,-1.383986,50.979540,On or near Hut Farm Place,E01022663,Eastleigh 003C,Vehicle crime,Investigation complete; no suspect identified,
,2024-03,Hampshire Constabulary,Hampshire Constabulary,-1.390421,50.980841,On or near Millbrook Close,E01022663,Eastleigh 003C,Anti-social behaviour,,
,2024-03,Hampshire Constabulary,Hampshire Constabulary,-1.383986,50.979540,On or near Hut Farm Place,E01022663,Eastleigh 003C,Anti-social behaviour,,
937dcb393c4d6ae2b7756bbb3933cae1c5408bfad067eae3fa4b3cfc79bd8a5e,2024-03,Hampshire Constabulary,Hampshire Constabulary,-1.390685,50.976994,On or near Warrior Close,E01022663,Eastleigh 003C,Burglary,Investigation complete; no suspect identified,
,2024-03,Hampshire Constabulary,Hampshire Constabulary,-1.385187,50.987801,On or near Merrieleas Drive,E01022664,Eastleigh 003D,Anti-social behaviour,,
,2024-03,Hampshire Constabulary,Hampshire Constabulary,-1.392522,50.990186,On or near Wellbrooke Gardens,E01022664,Eastleigh 003D,Anti-social behaviour,,
9b857966eb9ffe0627612c090852117c69716921695de2bc6458adbd74cbc5f3,2024-03,Hampshire Constabulary,Hampshire Constabulary,-1.392522,50.990186,On or near Wellbrooke Gardens,E01022664,Eastleigh 003D,Violence and sexual offences,Status update unavailable,
0364086a2d12fc968afbdeb8ba32607d98acad2361c4902cbe4d5ca28eb691da,2024-03,Hampshire Constabulary,Hampshire Constabulary,-1.391527,50.988886,On or near Coach Hill Close,E01022665,Eastleigh 003E,Violence and sexual offences,Unable to prosecute suspect,
,2024-03,Hampshire Constabulary,Hampshire Constabulary,-1.384505,50.982285,On or near Station Lane,E01022665,Eastleigh 003E,Anti-social behaviour,,
,2024-03,Hampshire Constabulary,Hampshire Constabulary,-1.385457,50.983576,On or near Parking Area,E01022665,Eastleigh 003E,Anti-social behaviour,,
4ef31c568de7bac373cd04c8f74997bcfd184dacd1345a730275b5fc056c706f,2024-03,Hampshire Constabulary,Hampshire Constabulary,-1.390016,50.988932,On or near Norbury Close,E01022665,Eastleigh 003E,Other theft,Investigation complete; no suspect identified,
5520cc2228d6f4dd2078650a4631a8e26fe05cdd868f3a71227dd6680c528fe9,2024-03,Hampshire Constabulary,Hampshire Constabulary,-1.388580,50.978979,On or near Brickfield Lane,E01022665,Eastleigh 003E,Shoplifting,Investigation complete; no suspect identified,
cbf584a56f8a7fab2aa452de20b4056db05c90685d452e2d822941a4a7373004,2024-03,Hampshire Constabulary,Hampshire Constabulary,-1.386958,50.977748,On or near Keble Close,E01022665,Eastleigh 003E,Violence and sexual offences,Status update unavailable,
457950876f8d8e8abf26d87aca063444443a2a2ee07149f9c495087bda5e726f,2024-03,Hampshire Constabulary,Hampshire Constabulary,-1.337355,50.971065,On or near Riverside,E01022648,Eastleigh 004A,Shoplifting,Court result unavailable,
7ab782c0180c43df6e3d1340c790e3e9683d013d9997f514fdfcd4c9ecff9d58,2024-03,Hampshire Constabulary,Hampshire Constabulary,-1.335872,50.979168,On or near Bow Lake Gardens,E01022648,Eastleigh 004A,Violence and sexual offences,Unable to prosecute suspect,
ed590f21d30f2bde9039706e38fbec1e3f2de21e8e23cb86172b6cc1e98b6797,2024-03,Hampshire Constabulary,Hampshire Constabulary,-1.335872,50.979168,On or near Bow Lake Gardens,E01022648,Eastleigh 004A,Violence and sexual offences,Unable to prosecute suspect,
67775c2e1a1bcce859753c0d4768be441157b8836165cc3a28016c3e94458528,2024-03,Hampshire Constabulary,Hampshire Constabulary,-1.335872,50.979168,On or near Bow Lake Gardens,E01022648,Eastleigh 004A,Violence and sexual offences,Unable to prosecute suspect,
,2024-03,Hampshire Constabulary,Hampshire Constabulary,-1.335852,50.974582,On or near Stoke Park Drive,E01022648,Eastleigh 004A,Anti-social behaviour,,
c8cb431d426fe853e4b23464b45d3dae3c6a58589a6a9e65c44a83ceacb1bf15,2024-03,Hampshire Constabulary,Hampshire Constabulary,-1.334067,50.972899,On or near Sedgwick Road,E01022648,Eastleigh 004A,Burglary,Investigation complete; no suspect identified,
4adb9a40f0e8c0b6944aea1a914dd04e36a713d45886898078138ce799b77974,2024-03,Hampshire Constabulary,Hampshire Constabulary,-1.334067,50.972899,On or near Sedgwick Road,E01022648,Eastleigh 004A,Criminal damage and arson,Investigation complete; no suspect identified,
dd0996a70b5fd1b5cea9049bd594a8998fa060687966c490000097724b34adda,2024-03,Hampshire Constabulary,Hampshire Constabulary,-1.332985,50.971922,On or near Escombe Road,E01022648,Eastleigh 004A,Other theft,Investigation complete; no suspect identified,
838737d19e0b6362d539a38ddda4d241ac4bab7a20d5f2f45b38dc77e1172d0e,2024-03,Hampshire Constabulary,Hampshire Constabulary,-1.337372,50.978898,On or near Judges Gully Close,E01022648,Eastleigh 004A,Violence and sexual offences,Status update unavailable,
d1aee2c59471e7ff26718977c5b346222ef7a55f4f5b1439b6b8548806e0d133,2024-03,Hampshire Constabulary,Hampshire Constabulary,-1.334067,50.972899,On or near Sedgwick Road,E01022648,Eastleigh 004A,Other crime,Unable to prosecute suspect,
b88d3c0dae139eeb0ebb8784d33e51d31abfab6c09031239faba72e0ae62b3f0,2024-03,Hampshire Constabulary,Hampshire Constabulary,-1.368676,50.971949,On or near Leigh Road,E01022667,Eastleigh 004B,Burglary,Investigation complete; no suspect identified,
335589521625ae08a8031837b1620e89a3805917de9822325b81b3b4e6f5972f,2024-03,Hampshire Constabulary,Hampshire Constabulary,-1.368021,50.973996,On or near Judd Close,E01022667,Eastleigh 004B,Other theft,Investigation complete; no suspect identified,
5973467ff8109462abf0be9ded0a3a5321616941d884995cf38592bc2a679b52,2024-03,Hampshire Constabulary,Hampshire Constabulary,-1.354977,50.972828,On or near Bellevue Road,E01022667,Eastleigh 004B,Robbery,Unable to prosecute suspect,
7cbb20e8d93f60e5679a0091ee6df91809b397695afced171fd18f169d5c7abd,2024-03,Hampshire Constabulary,Hampshire Constabulary,-1.354977,50.972828,On or near Bellevue Road,E01022667,Eastleigh 004B,Robbery,Unable to prosecute suspect,
b9a8d4d18290981460e6b2fa1dbc957b2fe528e8f624b814e364449f95f6e317,2024-03,Hampshire Constabulary,Hampshire Constabulary,-1.368021,50.973996,On or near Judd Close,E01022667,Eastleigh 004B,Violence and sexual offences,Unable to prosecute suspect,
d16dea5250a722c20743697830a6d740c5b9c488e707ce7e373cd8baec075afc,2024-03,Hampshire Constabulary,Hampshire Constabulary,-1.358425,50.972730,On or near Hawkins Way,E01022667,Eastleigh 004B,Violence and sexual offences,Unable to prosecute suspect,
3b114e780b8f062f8da27b48de6bcd91242472040826ed206009144d235028bc,2024-03,Hampshire Constabulary,Hampshire Constabulary,-1.365945,50.970595,On or near Dew Lane,E01022667,Eastleigh 004B,Violence and sexual offences,Unable to prosecute suspect,
fb80d36df22b82eb9908c35f5d3fc2d47a62fb88e3b3293b09ea72f66b672eaa,2024-03,Hampshire Constabulary,Hampshire Constabulary,-1.363298,50.970481,On or near A335,E01022667,Eastleigh 004B,Violence and sexual offences,Investigation complete; no suspect identified,
de0c5b60c78dc468952e2e5097cadd172fc4ae1520dba69dfe8ea739154ba933,2024-03,Hampshire Constabulary,Hampshire Constabulary,-1.365945,50.970595,On or near Dew Lane,E01022667,Eastleigh 004B,Violence and sexual offences,Court result unavailable,
6a8517ba9b5a3d7b721b9d2fdfc3382e6dfbe6b6f7752116f982de4caa35917c,2024-03,Hampshire Constabulary,Hampshire Constabulary,-1.360337,50.971400,On or near Loveridge Way,E01022667,Eastleigh 004B,Violence and sexual offences,Unable to prosecute suspect,
e6ea8637b2348df97a0d224cffe9d8d163a76c6e7832cb6530a2ded6fd4944c4,2024-03,Hampshire Constabulary,Hampshire Constabulary,-1.363298,50.970481,On or near A335,E01022667,Eastleigh 004B,Violence and sexual offences,Unable to prosecute suspect,
77daed0619c62fa9a6c5d77417f1be56c435638ef83f4244134658fab43ac989,2024-03,Hampshire Constabulary,Hampshire Constabulary,-1.360337,50.971400,On or near Loveridge Way,E01022667,Eastleigh 004B,Violence and sexual offences,Unable to prosecute suspect,
69b4ba367b2c71e085ab55f6146f8f053d5c52d96d9f87c3680a3580fd5d42a9,2024-03,Hampshire Constabulary,Hampshire Constabulary,-1.366143,50.971783,On or near Browning Close,E01022667,Eastleigh 004B,Violence and sexual offences,Further action is not in the public interest,
01eb22d1753bff41cc738473e84b8ee4952d7f2baa2c1fa32821ddfb0e47a5e7,2024-03,Hampshire Constabulary,Hampshire Constabulary,-1.368676,50.971949,On or near Leigh Road,E01022667,Eastleigh 004B,Violence and sexual offences,Investigation complete; no suspect identified,
e85c0dd51bfcb0251506d2b4c740fdab87fc4a79d63f4e62faf233ca8bfc2ee7,2024-03,Hampshire Constabulary,Hampshire Constabulary,-1.364630,50.971990,On or near Kipling Road,E01022667,Eastleigh 004B,Violence and sexual offences,Unable to prosecute suspect,
,2024-03,Hampshire Constabulary,Hampshire Constabulary,-1.368676,50.971949,On or near Leigh Road,E01022667,Eastleigh 004B,Anti-social behaviour,,
0eb835e77b742032ad7c9617b8d1fa3045d83bad7f811636d6baa8136f19dc81,2024-03,Hampshire Constabulary,Hampshire Constabulary,-1.368021,50.973996,On or near Judd Close,E01022667,Eastleigh 004B,Drugs,Local resolution,
c84dab518497e237702b173e3c443a823ff66b6004bd07d8891a84c90e395cbb,2024-03,Hampshire Constabulary,Hampshire Constabulary,-1.368676,50.971949,On or near Leigh Road,E01022667,Eastleigh 004B,Public order,Investigation complete; no suspect identified,
44583bc981f3cd201737b5523c58e158668fa259a30107b0f6d50315cc3c8d43,2024-03,Hampshire Constabulary,Hampshire Constabulary,-1.354977,50.972828,On or near Bellevue Road,E01022667,Eastleigh 004B,Public order,Unable to prosecute suspect,
eec64d34973cd101deae86318593c32d004df10ec971c4ef995a2eab02211eb7,2024-03,Hampshire Constabulary,Hampshire Constabulary,-1.368021,50.973996,On or near Judd Close,E01022667,Eastleigh 004B,Public order,Investigation complete; no suspect identified,
3365da6ec1b7fa2bcd87520a1065342878473d6334a9ee46cf2fbfdddf9f6fbd,2024-03,Hampshire Constabulary,Hampshire Constabulary,-1.358425,50.972730,On or near Hawkins Way,E01022667,Eastleigh 004B,Violence and sexual offences,Unable to prosecute suspect,
9b43f8cb6e5e97711b9369cc115096d7c4e8d4c59394e55859e4568dbcd7915b,2024-03,Hampshire Constabulary,Hampshire Constabulary,-1.359016,50.972175,On or near Bakers Crescent,E01022667,Eastleigh 004B,Violence and sexual offences,Unable to prosecute suspect,
12898e3c9cc750df063b814774969b04bb83babf3ac1358aad7b3facfac2e376,2024-03,Hampshire Constabulary,Hampshire Constabulary,-1.360337,50.971400,On or near Loveridge Way,E01022667,Eastleigh 004B,Violence and sexual offences,Status update unavailable,
04fa1a50ff2b2176d1c99798a665fe2a8d0c554896cfa1355b3c11864d7c2c45,2024-03,Hampshire Constabulary,Hampshire Constabulary,-1.356852,50.972118,On or near Laburnum Grove,E01022667,Eastleigh 004B,Violence and sexual offences,Action to be taken by another organisation,
1f4c5920fa974124441b62d503d387d9512a83b4c33acfe2a09424eb6b993a25,2024-03,Hampshire Constabulary,Hampshire Constabulary,-1.366122,50.973347,On or near Leah Gardens,E01022667,Eastleigh 004B,Violence and sexual offences,Status update unavailable,
d040a4e33031c4efe12c9335885cfc025065064457e8894fc3a01e260837138e,2024-03,Hampshire Constabulary,Hampshire Constabulary,-1.349747,50.980181,On or near Milton Road,E01022672,Eastleigh 004C,Public order,Action to be taken by another organisation,
885eba972960c4d81c1175a912d6f323f047dd7bc7fdf6e0a11c551fdc904a1e,2024-03,Hampshire Constabulary,Hampshire Constabulary,-1.357059,50.982928,On or near Rufford Close,E01022672,Eastleigh 004C,Violence and sexual offences,Investigation complete; no suspect identified,
f5bcf0fa5c2260422055c1ee2420c86eb21c800fb9069cc98b917ddf9124ec77,2024-03,Hampshire Constabulary,Hampshire Constabulary,-1.349988,50.979194,On or near Bramble Close,E01022672,Eastleigh 004C,Violence and sexual offences,Unable to prosecute suspect,
aefd6f9523874ac75eda56fcf27019ca4386f85494b391a38aea3247452c14ad,2024-03,Hampshire Constabulary,Hampshire Constabulary,-1.357059,50.982928,On or near Rufford Close,E01022672,Eastleigh 004C,Criminal damage and arson,Investigation complete; no suspect identified,
a3add57664a4047788c0510d69b73e322a984d9aa4a48020aadde90dd3e4ab0f,2024-03,Hampshire Constabulary,Hampshire Constabulary,-1.349518,50.979227,On or near Twyford Road,E01022672,Eastleigh 004C,Other theft,Investigation complete; no suspect identified,
31502bb52817f18b2e5c13e1e78b40a949bd59bd58965fd1524a1da1453b39ac,2024-03,Hampshire Constabulary,Hampshire Constabulary,-1.348044,50.979668,On or near Consort Road,E01022673,Eastleigh 004D,Other theft,Court result unavailable,
0386b3b62ffb3fdf3a0b48ee49953fc92ade36a98f48d418e8eb850199f4b83c,2024-03,Hampshire Constabulary,Hampshire Constabulary,-1.349534,50.974002,On or near Ashton Gardens,E01022673,Eastleigh 004D,Other theft,Investigation complete; no suspect identified,
099a5191e0d7c89941992f8336bd8776663de1d770bdd6268331768920ae3e25,2024-03,Hampshire Constabulary,Hampshire Constabulary,-1.350798,50.978344,On or near The Nook,E01022673,Eastleigh 004D,Violence and sexual offences,Unable to prosecute suspect,
c28d10496fdbbde9e237c466cb351de1db39f966ac767885f44b8d93a74538dc,2024-03,Hampshire Constabulary,Hampshire Constabulary,-1.354355,50.979658,On or near Oak Tree Way,E01022673,Eastleigh 004D,Violence and sexual offences,Further action is not in the public interest,
de33ed50576345a934683373088836a5dacf2bb08901a5f5dbd80d2bae480c28,2024-03,Hampshire Constabulary,Hampshire Constabulary,-1.351822,50.978475,On or near Lawn Road,E01022673,Eastleigh 004D,Violence and sexual offences,Unable to prosecute suspect,
35096ca9ba85bf6b5b2d4947ebd1badf53f46d4e4274b098702ad7eee5d26d08,2024-03,Hampshire Constabulary,Hampshire Constabulary,-1.352523,50.980269,On or near Addison Road,E01022673,Eastleigh 004D,Criminal damage and arson,Unable to prosecute suspect,
9de9fb0ca2439942268c905c7183bfe6387922078761e4fbb1cfd49f2901f953,2024-03,Hampshire Constabulary,Hampshire Constabulary,-1.354355,50.979658,On or near Oak Tree Way,E01022673,Eastleigh 004D,Criminal damage and arson,Investigation complete; no suspect identified,
9c00758650f3b0d30d13f57ffe896493201d1ab3b86a29f4c0fad56516ac30ef,2024-03,Hampshire Constabulary,Hampshire Constabulary,-1.348044,50.979668,On or near Consort Road,E01022673,Eastleigh 004D,Other theft,Investigation complete; no suspect identified,
c802ff68d4d686884257977063808856acf581717b6e65349b680cc4593ed18b,2024-03,Hampshire Constabulary,Hampshire Constabulary,-1.350798,50.978344,On or near The Nook,E01022673,Eastleigh 004D,Vehicle crime,Investigation complete; no suspect identified,
0cdf8f29be16bded5e672c97b13c9948dcca12200fc32eea0541b4d5f9a0bf3f,2024-03,Hampshire Constabulary,Hampshire Constabulary,-1.350798,50.978344,On or near The Nook,E01022673,Eastleigh 004D,Violence and sexual offences,Unable to prosecute suspect,
357e06a95bbd209f49d5a9ea0211dd2fc3aa0c06e566ebf12058e9d44a1bf593,2024-03,Hampshire Constabulary,Hampshire Constabulary,-1.359499,50.977457,On or near Arrow Close,E01022674,Eastleigh 004E,Criminal damage and arson,Unable to prosecute suspect,
57ec92887a359c3b921ab0e860a2c885348bff2b88bdfe969253db25cfb47678,2024-03,Hampshire Constabulary,Hampshire Constabulary,-1.360360,50.977600,On or near Shopping Area,E01022674,Eastleigh 004E,Criminal damage and arson,Unable to prosecute suspect,
066208e23fd6056a548949baf8da516c995ec6041441e3ba05e78560f913f991,2024-03,Hampshire Constabulary,Hampshire Constabulary,-1.360360,50.977600,On or near Shopping Area,E01022674,Eastleigh 004E,Public order,Unable to prosecute suspect,
aa27e1da5791bfa21677f1f186bb7ee4904792161ca98aa6df38f239faa88954,2024-03,Hampshire Constabulary,Hampshire Constabulary,-1.359499,50.977457,On or near Arrow Close,E01022674,Eastleigh 004E,Shoplifting,Offender given a caution,
e31d34d99601e568c7d2c83ea4966f6ec037a7b1d5236da8b08b399bd2c32d1a,2024-03,Hampshire Constabulary,Hampshire Constabulary,-1.360360,50.977600,On or near Shopping Area,E01022674,Eastleigh 004E,Violence and sexual offences,Local resolution,
69faa971233649ae75b6953f73414c7cabef80cfa9f9d44fff4b89d40069a303,2024-03,Hampshire Constabulary,Hampshire Constabulary,-1.360360,50.977600,On or near Shopping Area,E01022674,Eastleigh 004E,Violence and sexual offences,Unable to prosecute suspect,
424797441c0ae9c6b58e50a61561938cdb5caec87c88de6814679c5bbaeb7515,2024-03,Hampshire Constabulary,Hampshire Constabulary,-1.362246,50.975573,On or near Shopping Area,E01022674,Eastleigh 004E,Vehicle crime,Unable to prosecute suspect,
7963fc0fc51f29dde0d990857a06b6558be01f4ceaa2c273f730b2ccf26a1caf,2024-03,Hampshire Constabulary,Hampshire Constabulary,-1.357509,50.981312,On or near Lydiard Close,E01022674,Eastleigh 004E,Violence and sexual offences,Status update unavailable,
4b138909c13ca79f1402b0a1cac4e96c3edbd0721bd09f1431993cc2d1206207,2024-03,Hampshire Constabulary,Hampshire Constabulary,-1.360360,50.977600,On or near Shopping Area,E01022674,Eastleigh 004E,Violence and sexual offences,Investigation complete; no suspect identified,
b2d9a2c88b087bee723add903716fca28a991ae67249480390588910eb8c3164,2024-03,Hampshire Constabulary,Hampshire Constabulary,-1.359499,50.977457,On or near Arrow Close,E01022674,Eastleigh 004E,Violence and sexual offences,Investigation complete; no suspect identified,
7eba4dfffcf131a532144793540ad0805139293667ae36b18619532e229f8817,2024-03,Hampshire Constabulary,Hampshire Constabulary,-1.316261,50.965378,On or near Fair Oak Road,E01022643,Eastleigh 005A,Robbery,Court result unavailable,
f9b189f37cc428c71631a4d997a99c1912fe6a1b02526f7613f2c26ec8f928b9,2024-03,Hampshire Constabulary,Hampshire Constabulary,-1.316261,50.965378,On or near Fair Oak Road,E01022643,Eastleigh 005A,Violence and sexual offences,Unable to prosecute suspect,
,2024-03,Hampshire Constabulary,Hampshire Constabulary,-1.318326,50.968258,On or near Mitre Copse,E01022643,Eastleigh 005A,Anti-social behaviour,,
967ea93297a1872649ba163b133528dc23e52bbfb7026a746be082bf1bef3904,2024-03,Hampshire Constabulary,Hampshire Constabulary,-1.322887,50.966010,On or near Lynx Close,E01022643,Eastleigh 005A,Possession of weapons,Investigation complete; no suspect identified,
f2f29f13a722af5cae029e0509dea042852e5f0957f9f7cb53c95fcdf675c09d,2024-03,Hampshire Constabulary,Hampshire Constabulary,-1.321871,50.966381,On or near Fox Close,E01022643,Eastleigh 005A,Violence and sexual offences,Status update unavailable,
69ccc527efc45600283635f950265343ab2c00ffece81572419e446c6d01a6f8,2024-03,Hampshire Constabulary,Hampshire Constabulary,-1.316261,50.965378,On or near Fair Oak Road,E01022643,Eastleigh 005A,Violence and sexual offences,Unable to prosecute suspect,
a791cfe9c87d5b1868054eaac9d8807ce4656fa87b567866bf4703ca2b994135,2024-03,Hampshire Constabulary,Hampshire Constabulary,-1.319686,50.966773,On or near Squirrel Close,E01022643,Eastleigh 005A,Violence and sexual offences,Unable to prosecute suspect,
f31f2552ed04dfc08b819d76e103e54f68576edd52b21332539c40b0a233c04d,2024-03,Hampshire Constabulary,Hampshire Constabulary,-1.314505,50.966608,On or near Heather Chase,E01022644,Eastleigh 005B,Violence and sexual offences,Unable to prosecute suspect,
19d59fd18e05ae4f63b0b9fd8323a41eaa3b50bf1ab8e1580ffe4614dfb1b8db,2024-03,Hampshire Constabulary,Hampshire Constabulary,-1.314505,50.966608,On or near Heather Chase,E01022644,Eastleigh 005B,Violence and sexual offences,Unable to prosecute suspect,
c39a736b5c8fd9ba2d930e840e003482505c75417097134b8c56b8ac47672dba,2024-03,Hampshire Constabulary,Hampshire Constabulary,-1.311013,50.966794,On or near The Spinney,E01022644,Eastleigh 005B,Violence and sexual offences,Investigation complete; no suspect identified,
ce8e82df0883502852b0bd56b93862be4ef150457648b017361b9903d6e45458,2024-03,Hampshire Constabulary,Hampshire Constabulary,-1.303874,50.968056,On or near Sandy Lane,E01022646,Eastleigh 005C,Burglary,Unable to prosecute suspect,
49f1f460edcdc50e478bc6288ade82e57f6cc93d16b8a936fd064fd751ccb985,2024-03,Hampshire Constabulary,Hampshire Constabulary,-1.305076,50.969583,On or near Pilchards Avenue,E01022646,Eastleigh 005C,Vehicle crime,Investigation complete; no suspect identified,
076e5bdc47b32575ce22730f28eb0484f3e51b7c21d575fdbadd7bf4e71809ca,2024-03,Hampshire Constabulary,Hampshire Constabulary,-1.306820,50.966293,On or near Newbury Close,E01022646,Eastleigh 005C,Violence and sexual offences,Unable to prosecute suspect,
98c5108bc79072df58a1300669dcd17bd01871bab815b0337e9314417a839215,2024-03,Hampshire Constabulary,Hampshire Constabulary,-1.307863,50.966030,On or near New Road,E01022646,Eastleigh 005C,Violence and sexual offences,Investigation complete; no suspect identified,
,2024-03,Hampshire Constabulary,Hampshire Constabulary,-1.306990,50.964415,On or near B3037,E01022646,Eastleigh 005C,Anti-social behaviour,,
8bfba4f453f2677a03ebb184d275dad7cd6d9deb24095d97b560377e8482955c,2024-03,Hampshire Constabulary,Hampshire Constabulary,-1.306533,50.967379,On or near Latham Road,E01022646,Eastleigh 005C,Public order,Investigation complete; no suspect identified,
4fcffc8f66d5725c82d1849654916e7852909ecca5aace3135cba8a263ce66a2,2024-03,Hampshire Constabulary,Hampshire Constabulary,-1.303874,50.968056,On or near Sandy Lane,E01022646,Eastleigh 005C,Robbery,Status update unavailable,
2b184cb35bfc8c8107158f067a81fbe9322090829dd0f983bff7e8f3272181cf,2024-03,Hampshire Constabulary,Hampshire Constabulary,-1.303874,50.968056,On or near Sandy Lane,E01022646,Eastleigh 005C,Violence and sexual offences,Unable to prosecute suspect,
ddd29821306aa67be4486cf69612b5909cd207366cc269c89429ec0e89c4dccc,2024-03,Hampshire Constabulary,Hampshire Constabulary,-1.303874,50.968056,On or near Sandy Lane,E01022646,Eastleigh 005C,Violence and sexual offences,Status update unavailable,
9633b95f514bdb7d7f6ea6ad04c83372e95a26da1c7e40cf8e7e65ee972fb15a,2024-03,Hampshire Constabulary,Hampshire Constabulary,-1.329806,50.979053,On or near Stoke Common Road,E01022647,Eastleigh 005D,Violence and sexual offences,Unable to prosecute suspect,
4a5fdeda796473dd2ff5480e5a2fcebddd34839e68167fbe526b39f39578564b,2024-03,Hampshire Constabulary,Hampshire Constabulary,-1.330072,50.968497,On or near Griffen Close,E01022649,Eastleigh 005E,Public order,Unable to prosecute suspect,
3685da9fd6c0e1a35d2644b6c429d64413b77a63f3c7f64d686c0561412f66ab,2024-03,Hampshire Constabulary,Hampshire Constabulary,-1.327534,50.968653,On or near Bodmin Road,E01022649,Eastleigh 005E,Violence and sexual offences,Unable to prosecute suspect,
eb575318186b7bd267d3f3204a6c33797ea0bd637a8aabe94af8602bf5a5f2f2,2024-03,Hampshire Constabulary,Hampshire Constabulary,-1.330072,50.968497,On or near Griffen Close,E01022649,Eastleigh 005E,Violence and sexual offences,Court result unavailable,
,2024-03,Hampshire Constabulary,Hampshire Constabulary,-1.330072,50.968497,On or near Griffen Close,E01022649,Eastleigh 005E,Anti-social behaviour,,
,2024-03,Hampshire Constabulary,Hampshire Constabulary,-1.332030,50.969003,On or near Sayers Road,E01022649,Eastleigh 005E,Anti-social behaviour,,
,2024-03,Hampshire Constabulary,Hampshire Constabulary,-1.330072,50.968497,On or near Griffen Close,E01022649,Eastleigh 005E,Anti-social behaviour,,
88aa54a1feb02fa3d5c34ef9f1718124f2c91b3125ec1c3dab0b26b1e05060be,2024-03,Hampshire Constabulary,Hampshire Constabulary,-1.331420,50.972758,On or near East Drive,E01022649,Eastleigh 005E,Other theft,Investigation complete; no suspect identified,
63f2e91a330c88ff9b0807b70bfafe573ddcf72473cf2d3c86eab99a37c4cc88,2024-03,Hampshire Constabulary,Hampshire Constabulary,-1.326030,50.968267,On or near Camborne Close,E01022649,Eastleigh 005E,Violence and sexual offences,Unable to prosecute suspect,
0a6bda08e425ce03a747709c612a8ef7b6f700128f860c2c9b315cad0b0ff1ba,2024-03,Hampshire Constabulary,Hampshire Constabulary,-1.326030,50.968267,On or near Camborne Close,E01022649,Eastleigh 005E,Violence and sexual offences,Unable to prosecute suspect,
8bcec18d6eba284c3696f5365bf6fde80ebf1c6673554a371313c6d3dad94764,2024-03,Hampshire Constabulary,Hampshire Constabulary,-1.330072,50.968497,On or near Griffen Close,E01022649,Eastleigh 005E,Violence and sexual offences,Unable to prosecute suspect,
ac020caed8fea0bad90741c4f6b65c70502599192b6a0ce4fde7da1006bae7f7,2024-03,Hampshire Constabulary,Hampshire Constabulary,-1.327534,50.968653,On or near Bodmin Road,E01022649,Eastleigh 005E,Violence and sexual offences,Status update unavailable,
4aa1681c52c35063939be8e33d4a93bd2b9c52113b8673226d681d6a7d2218f7,2024-03,Hampshire Constabulary,Hampshire Constabulary,-1.331227,50.968405,On or near Harvey Road,E01022649,Eastleigh 005E,Violence and sexual offences,Unable to prosecute suspect,
c84d1cd787575bd5108539a8158c9f26bdde2a369246d263748cfc2cd8cfaf04,2024-03,Hampshire Constabulary,Hampshire Constabulary,-1.327534,50.968653,On or near Bodmin Road,E01022649,Eastleigh 005E,Violence and sexual offences,Status update unavailable,
7e52c0abd82ca51de1d72f673e49cc427ea30a6e2f89528df901836783ce7f36,2024-03,Hampshire Constabulary,Hampshire Constabulary,-1.330248,50.966169,On or near Oakgrove Gardens,E01022650,Eastleigh 005F,Violence and sexual offences,Investigation complete; no suspect identified,
651ca0b9bfe983523c0b31820e87492cccb6f829b8448893bf3c541a9f32b886,2024-03,Hampshire Constabulary,Hampshire Constabulary,-1.330332,50.967258,On or near Manor Farm Close,E01022650,Eastleigh 005F,Violence and sexual offences,Unable to prosecute suspect,
5ae1bcb16a32c1cf74f5c690a732e4760536e7dba053acb92c229de278a34170,2024-03,Hampshire Constabulary,Hampshire Constabulary,-1.333281,50.970107,On or near Guest Road,E01022650,Eastleigh 005F,Violence and sexual offences,Unable to prosecute suspect,
f3f9ff0a3f7a54d29d624eac6ba03ac89be9c4dafd59b61d709c9e61f5ae2289,2024-03,Hampshire Constabulary,Hampshire Constabulary,-1.333281,50.970107,On or near Guest Road,E01022650,Eastleigh 005F,Other crime,Further investigation is not in the public interest,
546e7e2cf88964709d588a57a683416d9c1a4d4992b52e7bfaafb714132e79ad,2024-03,Hampshire Constabulary,Hampshire Constabulary,-1.330248,50.966169,On or near Oakgrove Gardens,E01022650,Eastleigh 005F,Violence and sexual offences,Investigation complete; no suspect identified,
3cf1e4d8b530cf25f8cc4fc4157d1889da418a22f434cfc545277575f20a3b62,2024-03,Hampshire Constabulary,Hampshire Constabulary,-1.330248,50.966169,On or near Oakgrove Gardens,E01022650,Eastleigh 005F,Violence and sexual offences,Unable to prosecute suspect,
b22849acf560fd7847089811c3da153b484fdcee5a4ebf12c1efd3bf9474161c,2024-03,Hampshire Constabulary,Hampshire Constabulary,-1.334993,50.969919,On or near Scotter Square,E01022650,Eastleigh 005F,Violence and sexual offences,Unable to prosecute suspect,
ae7c7d2eb9db1be02ef9a33c8bc8f955c112c13be27fa2f67474be1339c75a20,2024-03,Hampshire Constabulary,Hampshire Constabulary,-1.380985,50.963068,On or near Sandmartin Close,E01022678,Eastleigh 006C,Drugs,Unable to prosecute suspect,
02520e3113dc55c60a2c02a50032b034a13ce49f7cf51d6acb99a94f82129798,2024-03,Hampshire Constabulary,Hampshire Constabulary,-1.380985,50.963068,On or near Sandmartin Close,E01022678,Eastleigh 006C,Other theft,Offender given a caution,
7f766fc0276e4e9cdbe03d10d9196deaa23957a68a983adf13c44e54f5851061,2024-03,Hampshire Constabulary,Hampshire Constabulary,-1.377077,50.962462,On or near Greenfinch Close,E01022678,Eastleigh 006C,Violence and sexual offences,Unable to prosecute suspect,
f1d3098332157c79ee12f3063475acec3c2e252a3e59835babc6f1ae6e4fe186,2024-03,Hampshire Constabulary,Hampshire Constabulary,-1.374177,50.963184,On or near Wren Road,E01022678,Eastleigh 006C,Violence and sexual offences,Unable to prosecute suspect,
,2024-03,Hampshire Constabulary,Hampshire Constabulary,-1.372399,50.964092,On or near Magpie Lane,E01022678,Eastleigh 006C,Anti-social behaviour,,
72b28932d07879b945e6e978a59ed4560e01ba4382e7081333bd1a614382c99f,2024-03,Hampshire Constabulary,Hampshire Constabulary,-1.380985,50.963068,On or near Sandmartin Close,E01022678,Eastleigh 006C,Violence and sexual offences,Unable to prosecute suspect,
02648045e9ca0d3e54098ea703393b54d41e558402b44a78889a95b948f89ef1,2024-03,Hampshire Constabulary,Hampshire Constabulary,-1.380985,50.963068,On or near Sandmartin Close,E01022678,Eastleigh 006C,Violence and sexual offences,Unable to prosecute suspect,
b743a53ab7f4d06d859e5adc55a6f9ab07b16549698464cdbbb2f99531f5b52e,2024-03,Hampshire Constabulary,Hampshire Constabulary,-1.372399,50.964092,On or near Magpie Lane,E01022678,Eastleigh 006C,Violence and sexual offences,Status update unavailable,
f148c420932b5f0ae99f225ece08ac9fe179b570c6aa9966fed7d3576b9d97a0,2024-03,Hampshire Constabulary,Hampshire Constabulary,-1.382088,50.972273,On or near Kent Road,E01022680,Eastleigh 006D,Other theft,Unable to prosecute suspect,
9e454819cca624203dbfea7a0d7ca62fe969f52100b455a450f28994c33d83ec,2024-03,Hampshire Constabulary,Hampshire Constabulary,-1.379962,50.972549,On or near Cox Row,E01022680,Eastleigh 006D,Violence and sexual offences,Unable to prosecute suspect,
c7f265b81342edd9d31eef8375eee14b367561df85535a1af217ce265e32cf5e,2024-03,Hampshire Constabulary,Hampshire Constabulary,-1.379962,50.972549,On or near Cox Row,E01022680,Eastleigh 006D,Violence and sexual offences,Unable to prosecute suspect,
,2024-03,Hampshire Constabulary,Hampshire Constabulary,-1.387901,50.972096,On or near Devon Close,E01022680,Eastleigh 006D,Anti-social behaviour,,
,2024-03,Hampshire Constabulary,Hampshire Constabulary,-1.379962,50.972549,On or near Cox Row,E01022680,Eastleigh 006D,Anti-social behaviour,,
e37bfccc86f28faefc4f52b91409d7bdf055ff0864974214d844be765d0f3e91,2024-03,Hampshire Constabulary,Hampshire Constabulary,-1.386198,50.973796,On or near Westfield Crescent,E01022680,Eastleigh 006D,Burglary,Status update unavailable,
0435a7da8b06dc93f0377ca7f4541cda6d5e509a83868db51553b1bbe089c96e,2024-03,Hampshire Constabulary,Hampshire Constabulary,-1.382088,50.972273,On or near Kent Road,E01022680,Eastleigh 006D,Criminal damage and arson,Investigation complete; no suspect identified,
a5f56618cb788d9b2048b45296531335c307ab6c1adbf1a93a58ab419579951c,2024-03,Hampshire Constabulary,Hampshire Constabulary,-1.382088,50.972273,On or near Kent Road,E01022680,Eastleigh 006D,Public order,Investigation complete; no suspect identified,
b7a55d365adcc17dff260a20487f067569f09380efa0f22867c5c0638608f5bb,2024-03,Hampshire Constabulary,Hampshire Constabulary,-1.382088,50.972273,On or near Kent Road,E01022680,Eastleigh 006D,Public order,Investigation complete; no suspect identified,
575e3387cb991d021a3dc43dad0ddd43a9a5641e3e2e8d203676b15a169f79e9,2024-03,Hampshire Constabulary,Hampshire Constabulary,-1.382761,50.971997,On or near Supermarket,E01022680,Eastleigh 006D,Shoplifting,Investigation complete; no suspect identified,
5207ccda6d32e457a357f5a1dcef79955ed36692b81aa2cdfeec6261cfe42bfa,2024-03,Hampshire Constabulary,Hampshire Constabulary,-1.379962,50.972549,On or near Cox Row,E01022680,Eastleigh 006D,Vehicle crime,Investigation complete; no suspect identified,
31918c89e98b1ee90df9a713be7dda66b295490e83bdc4e0dc5f20b8a97abb6a,2024-03,Hampshire Constabulary,Hampshire Constabulary,-1.385651,50.971006,On or near Devon Drive,E01022680,Eastleigh 006D,Vehicle crime,Investigation complete; no suspect identified,
a16426ca93f3d38a46b3da6aedffbfd127f3defa0a19ae52322481260cfa9283,2024-03,Hampshire Constabulary,Hampshire Constabulary,-1.383510,50.970284,On or near Falkland Road,E01022681,Eastleigh 006E,Bicycle theft,Investigation complete; no suspect identified,
84e17b857a7cfaa2bc5a4c413271a1b91cc2a99523efd7266022f6052e629dc4,2024-03,Hampshire Constabulary,Hampshire Constabulary,-1.376671,50.965158,On or near Woodpecker Way,E01022681,Eastleigh 006E,Burglary,Investigation complete; no suspect identified,
34cb75f4ab8be589f778b1b7866072ee79813628107aade2203cf6aaa182f98c,2024-03,Hampshire Constabulary,Hampshire Constabulary,-1.373027,50.967180,On or near Parking Area,E01022681,Eastleigh 006E,Possession of weapons,Court result unavailable,
e03e8f5ca538fb944cf77ba838706f8a7d69d5d945d4e5f83884f638ebe816fe,2024-03,Hampshire Constabulary,Hampshire Constabulary,-1.383233,50.964293,On or near Robin Square,E01022681,Eastleigh 006E,Violence and sexual offences,Unable to prosecute suspect,
fc84bf22c66eb9b1026d863f1530df14b3f91eafc55b0b1bb5998f987a03fc3b,2024-03,Hampshire Constabulary,Hampshire Constabulary,-1.383233,50.964293,On or near Robin Square,E01022681,Eastleigh 006E,Violence and sexual offences,Unable to prosecute suspect,
,2024-03,Hampshire Constabulary,Hampshire Constabulary,-1.383510,50.970284,On or near Falkland Road,E01022681,Eastleigh 006E,Anti-social behaviour,,
b85edc5b499f6dc7cd9650be5bb2b34e4f690b16fd5b6f85542c636415bda4eb,2024-03,Hampshire Constabulary,Hampshire Constabulary,-1.386920,50.966807,On or near Shopping Area,E01022681,Eastleigh 006E,Criminal damage and arson,Investigation complete; no suspect identified,
65299fe6e0cbb2e6909e7d0c5414f287fd49b820e94ec03419fd87a3b3fd84a6,2024-03,Hampshire Constabulary,Hampshire Constabulary,-1.373027,50.967180,On or near Parking Area,E01022681,Eastleigh 006E,Other theft,Investigation complete; no suspect identified,
b0c41997ea6f11ca2e751898a67a03fb3d903bf8f7612e5e3ca25d0a892627d6,2024-03,Hampshire Constabulary,Hampshire Constabulary,-1.383233,50.964293,On or near Robin Square,E01022681,Eastleigh 006E,Other theft,Investigation complete; no suspect identified,
e1de4799e98eda6af135c1cec1b0592f2f533e9e388425dce5113c571fbdf76e,2024-03,Hampshire Constabulary,Hampshire Constabulary,-1.373027,50.967180,On or near Parking Area,E01022681,Eastleigh 006E,Public order,Status update unavailable,
569ea48fe310450849de710b74c1abbd113c5ea346f96e94b85629001ca2407a,2024-03,Hampshire Constabulary,Hampshire Constabulary,-1.379656,50.965587,On or near Swift Close,E01022681,Eastleigh 006E,Violence and sexual offences,Action to be taken by another organisation,
d157a71a59a80f7f0ba3879c8169515976e6a20e403167f6871605e772655e28,2024-03,Hampshire Constabulary,Hampshire Constabulary,-1.373027,50.967180,On or near Parking Area,E01022681,Eastleigh 006E,Violence and sexual offences,Status update unavailable,
6465ea1d3c6d093df7048cd9747c4592a1491687361f66b01d3fc71cce0bd1fd,2024-03,Hampshire Constabulary,Hampshire Constabulary,-1.383233,50.964293,On or near Robin Square,E01022681,Eastleigh 006E,Violence and sexual offences,Status update unavailable,
78d67bb7d72f6e670bc19b320975d237cfb7b12b4e4745dd8b2b4f1ee3f03960,2024-03,Hampshire Constabulary,Hampshire Constabulary,-1.360001,50.967882,On or near Cable Street,E01035433,Eastleigh 006F,Burglary,Investigation complete; no suspect identified,
57217d67084f49121b258dd16fd143e86efa04cd3b87becb6b9d25d947da0174,2024-03,Hampshire Constabulary,Hampshire Constabulary,-1.360846,50.969623,On or near Sopwith Road,E01035433,Eastleigh 006F,Burglary,Court result unavailable,
3b89789a2e73b1453050599fac43947fecb1bd8f6466351783da402de5175b4f,2024-03,Hampshire Constabulary,Hampshire Constabulary,-1.360866,50.968166,On or near Drum Road,E01035433,Eastleigh 006F,Criminal damage and arson,Investigation complete; no suspect identified,
b9cd221466c75446fe5e7480e992da4f7e399f66ed7fdc40d936c9fa40744c2a,2024-03,Hampshire Constabulary,Hampshire Constabulary,-1.360866,50.968166,On or near Drum Road,E01035433,Eastleigh 006F,Criminal damage and arson,Investigation complete; no suspect identified,
63f27c85e0751cb1201f688c4fbf2597f74a7ac097247cbc2ffaed027c8b757d,2024-03,Hampshire Constabulary,Hampshire Constabulary,-1.360866,50.968166,On or near Drum Road,E01035433,Eastleigh 006F,Criminal damage and arson,Investigation complete; no suspect identified,
f7dfaaf910923d4cb19b78b107b7246092ceb99362bac9696f9be71559530e09,2024-03,Hampshire Constabulary,Hampshire Constabulary,-1.360866,50.968166,On or near Drum Road,E01035433,Eastleigh 006F,Criminal damage and arson,Investigation complete; no suspect identified,
a3c8ed2a845049be277abde090d4965e44b3d1751fc0ce3b989eb2921faf98a1,2024-03,Hampshire Constabulary,Hampshire Constabulary,-1.360866,50.968166,On or near Drum Road,E01035433,Eastleigh 006F,Criminal damage and arson,Investigation complete; no suspect identified,
e65883dd7a569a21c877d8a9b28511c41927e7ff29f81e46e7d2a20209088c64,2024-03,Hampshire Constabulary,Hampshire Constabulary,-1.359401,50.968005,On or near Pirelli Way,E01035433,Eastleigh 006F,Violence and sexual offences,Investigation complete; no suspect identified,
206a8ffa6dabfa3edcb4596ee9ccf41c854a2a5a4a80bb8e092b0dc87c78fe69,2024-03,Hampshire Constabulary,Hampshire Constabulary,-1.360001,50.967882,On or near Cable Street,E01035433,Eastleigh 006F,Violence and sexual offences,Local resolution,
2b3e3f1abe9f1d9d9a8f13c4569726c93a39c861a70f51ab25e801e766fb48fa,2024-03,Hampshire Constabulary,Hampshire Constabulary,-1.360866,50.968166,On or near Drum Road,E01035433,Eastleigh 006F,Violence and sexual offences,Unable to prosecute suspect,
78206cec7879463752c44befbd73094428e5c26d15f43f6258a56a57dd83149c,2024-03,Hampshire Constabulary,Hampshire Constabulary,-1.361488,50.969509,On or near Benny Hill Close,E01035433,Eastleigh 006F,Bicycle theft,Investigation complete; no suspect identified,
611bc1ef61ef34c29c66b60c0a46ef8d40d848838c20c7dd2a5138305c333e48,2024-03,Hampshire Constabulary,Hampshire Constabulary,-1.360001,50.967882,On or near Cable Street,E01035433,Eastleigh 006F,Burglary,Status update unavailable,
0a7b20cad63e7a5bed03ab8a6c07515678415c767079262df07d3aa5683f034a,2024-03,Hampshire Constabulary,Hampshire Constabulary,-1.360846,50.969623,On or near Sopwith Road,E01035433,Eastleigh 006F,Burglary,Investigation complete; no suspect identified,
25d29d8f3446e44989f6b77f3856faf6cb4cbee5a2103733ae96bde89587fbc4,2024-03,Hampshire Constabulary,Hampshire Constabulary,-1.360846,50.969623,On or near Sopwith Road,E01035433,Eastleigh 006F,Burglary,Investigation complete; no suspect identified,
320392d224232ef26b30638d633fe09162d2c92cbc3cb26e0cdddefd9a05d9a5,2024-03,Hampshire Constabulary,Hampshire Constabulary,-1.360846,50.969623,On or near Sopwith Road,E01035433,Eastleigh 006F,Burglary,Investigation complete; no suspect identified,
44a0d20373a8f3090142f9809f75dc19c76e83393d30db383bb95552086290ac,2024-03,Hampshire Constabulary,Hampshire Constabulary,-1.362709,50.969822,On or near Pluto Road,E01035433,Eastleigh 006F,Other theft,Status update unavailable,
f3e1ced3da4994abb2de94aa9477b33f2a4a8716c0ca08be20ae6a8bdec01995,2024-03,Hampshire Constabulary,Hampshire Constabulary,-1.360846,50.969623,On or near Sopwith Road,E01035433,Eastleigh 006F,Shoplifting,Investigation complete; no suspect identified,
aaac85850e71299181ac35117eb49c42dc40b96898c4fc3fd93266711f69ef51,2024-03,Hampshire Constabulary,Hampshire Constabulary,-1.360846,50.969623,On or near Sopwith Road,E01035433,Eastleigh 006F,Violence and sexual offences,Status update unavailable,
cf96a78969c64f7ecd1296fa02a61f5d261a0dda0df340fe481a20ef4228ecce,2024-03,Hampshire Constabulary,Hampshire Constabulary,-1.360866,50.968166,On or near Drum Road,E01035433,Eastleigh 006F,Violence and sexual offences,Unable to prosecute suspect,
a6e4bfeda22bb4badd6c8fa0e1dedad5332e4a0dbdf7eff48db15d9910e44061,2024-03,Hampshire Constabulary,Hampshire Constabulary,-1.360866,50.968166,On or near Drum Road,E01035433,Eastleigh 006F,Violence and sexual offences,Unable to prosecute suspect,
f4ad0b47f8231484cb693dc9d6d16c0c71ec6289ff8bd1c8fd8d03dff5841669,2024-03,Hampshire Constabulary,Hampshire Constabulary,-1.365827,50.969892,On or near Tinning Way,E01035434,Eastleigh 006G,Violence and sexual offences,Unable to prosecute suspect,
e24047e648bb034b11081789f92cb8a169969316962cca067e1d8dab82d59751,2024-03,Hampshire Constabulary,Hampshire Constabulary,-1.365827,50.969892,On or near Tinning Way,E01035434,Eastleigh 006G,Burglary,Investigation complete; no suspect identified,
f8013a3aba6814b1b3a8d67ad48d712b5e0e6590060f763aefc6158223c06297,2024-03,Hampshire Constabulary,Hampshire Constabulary,-1.366139,50.966801,On or near Owen Road,E01035434,Eastleigh 006G,Other theft,Investigation complete; no suspect identified,
fefa1ccb923e25984e4ebf6ee9b2359e1caefae4ac7ce4158f201de6a7b11845,2024-03,Hampshire Constabulary,Hampshire Constabulary,-1.366139,50.966801,On or near Owen Road,E01035434,Eastleigh 006G,Public order,Investigation complete; no suspect identified,
2de02484ccad280e30341d0e29ea0bf12b9cb9884543b1bf778b8fd2be0cbcd1,2024-03,Hampshire Constabulary,Hampshire Constabulary,-1.365827,50.969892,On or near Tinning Way,E01035434,Eastleigh 006G,Vehicle crime,Status update unavailable,
89d2220347688ee919ca9bf20613ac023d4b2f13dac9aeb67f4a904ded21b1d0,2024-03,Hampshire Constabulary,Hampshire Constabulary,-1.365509,50.965026,On or near Scott Road,E01035434,Eastleigh 006G,Violence and sexual offences,Status update unavailable,
45d645d1bdc5141d5817813d34ba8bec13154d5a6a23c91953b35d7aa45c0645,2024-03,Hampshire Constabulary,Hampshire Constabulary,-1.364776,50.964473,On or near Tennyson Road,E01035434,Eastleigh 006G,Violence and sexual offences,Status update unavailable,
dc79f28b95595e21af57418bc4f6ca55150adde3c9a87378f841945899e1bf75,2024-03,Hampshire Constabulary,Hampshire Constabulary,-1.359724,50.963160,On or near Ullswater,E01035435,Eastleigh 006H,Drugs,Court result unavailable,
512ee48438ddceb25e142ecf027e9c196e4a0e54c4f8dd1fba81bfc561e148c3,2024-03,Hampshire Constabulary,Hampshire Constabulary,-1.359724,50.963160,On or near Ullswater,E01035435,Eastleigh 006H,Drugs,Local resolution,
297f14ca4b6615325293b179db8fbeb6096f9d9abb466bdebaebbe22cf8c281d,2024-03,Hampshire Constabulary,Hampshire Constabulary,-1.359724,50.963160,On or near Ullswater,E01035435,Eastleigh 006H,Drugs,Local resolution,
965a9079b3cb2818d30956fbe037806667e8cf5794e47777c14ca8f6037572e0,2024-03,Hampshire Constabulary,Hampshire Constabulary,-1.361205,50.963168,On or near Goldsmith Road,E01035435,Eastleigh 006H,Public order,Unable to prosecute suspect,
1a4e9f31f1000027e2cc7f839f21125835907e800534262bc6fa9f863e2f1c3f,2024-03,Hampshire Constabulary,Hampshire Constabulary,-1.359724,50.963160,On or near Ullswater,E01035435,Eastleigh 006H,Public order,Court result unavailable,
7fb9510c769cac062b6550765ea6d231a9c737d61b7e5be7f58e5de293f258ef,2024-03,Hampshire Constabulary,Hampshire Constabulary,-1.359724,50.963160,On or near Ullswater,E01035435,Eastleigh 006H,Public order,Investigation complete; no suspect identified,
4cf9997daa49097ca7a6f9c45a369c9712fd7d7c81544b907801ec318b89d84b,2024-03,Hampshire Constabulary,Hampshire Constabulary,-1.365528,50.960449,On or near Friars Road,E01035435,Eastleigh 006H,Violence and sexual offences,Unable to prosecute suspect,
45661950fb03dd535e4185d0778276457709f10c179d5bb76baf5255a5eabb51,2024-03,Hampshire Constabulary,Hampshire Constabulary,-1.367032,50.960889,On or near Priory Road,E01035435,Eastleigh 006H,Burglary,Status update unavailable,
155a8dedf4e63218c97fdcbb24fe7ca7288b7d268ffe6385171763a9fea28eb9,2024-03,Hampshire Constabulary,Hampshire Constabulary,-1.367065,50.960502,On or near Abbotts Road,E01035435,Eastleigh 006H,Vehicle crime,Investigation complete; no suspect identified,
95c58347e2df322d16ef497cfddf2ca23cfb6ff6a42571b9cb910ed6d3359bce,2024-03,Hampshire Constabulary,Hampshire Constabulary,-1.365663,50.959928,On or near Monks Way,E01035435,Eastleigh 006H,Violence and sexual offences,Status update unavailable,
522a7bfcc41539bf9a26b854e19fdecc986674a754c6fbb0550f0709a917dbc6,2024-03,Hampshire Constabulary,Hampshire Constabulary,-1.382585,50.961619,On or near Manning Close,E01035436,Eastleigh 006I,Criminal damage and arson,Court result unavailable,
77de0189ec8ac7c41e8b6ad56f9139ef50fe0a52545ade9c01e2871528fef494,2024-03,Hampshire Constabulary,Hampshire Constabulary,-1.373573,50.954090,On or near Stoneham Lane,E01035436,Eastleigh 006I,Other theft,Investigation complete; no suspect identified,
7160beb466a9798914544bd84dfeaa3885864b1bb928ff453d351438bc1107e4,2024-03,Hampshire Constabulary,Hampshire Constabulary,-1.372205,50.952295,On or near Sports/Recreation Area,E01035436,Eastleigh 006I,Possession of weapons,Unable to prosecute suspect,
cfb4754636ea0bc9496f81709adbc9481d4b781dba82d5755689e45cd466ed2c,2024-03,Hampshire Constabulary,Hampshire Constabulary,-1.389533,50.967554,On or near Supermarket,E01035436,Eastleigh 006I,Public order,Unable to prosecute suspect,
3ee151b2145433dbd0d90aed016e1891d888a4fb8655e484310ce15ab096518c,2024-03,Hampshire Constabulary,Hampshire Constabulary,-1.389533,50.967554,On or near Supermarket,E01035436,Eastleigh 006I,Robbery,Offender given a caution,
58b0f7dd83febfc723429707ae32f28cf24f4c7bdf686ec70f5295966458ce85,2024-03,Hampshire Constabulary,Hampshire Constabulary,-1.389533,50.967554,On or near Supermarket,E01035436,Eastleigh 006I,Shoplifting,Investigation complete; no suspect identified,
8c451bd609abb117a2b422d33063819688cc615f324e050b15e195f0c3e4185b,2024-03,Hampshire Constabulary,Hampshire Constabulary,-1.378423,50.956597,On or near Stevens Road,E01035436,Eastleigh 006I,Violence and sexual offences,Unable to prosecute suspect,
a21fbe785035a6b61e56fe6e24688c9da51dbaf006bd87cc0c02a295485ff561,2024-03,Hampshire Constabulary,Hampshire Constabulary,-1.378572,50.957156,On or near Lewis Road,E01035436,Eastleigh 006I,Violence and sexual offences,Unable to prosecute suspect,
7984f85714221e46dbffb32c74bf4cdc2808bbdd7eaaf046a75b6d6a6811f690,2024-03,Hampshire Constabulary,Hampshire Constabulary,-1.373174,50.960472,On or near Gannaway Road,E01035436,Eastleigh 006I,Violence and sexual offences,Unable to prosecute suspect,
5f90d65f3529e76e7d97e59016696f4387e0e83b457ff7240132292631e63f75,2024-03,Hampshire Constabulary,Hampshire Constabulary,-1.378447,50.958027,On or near Rowe Way,E01035436,Eastleigh 006I,Violence and sexual offences,Unable to prosecute suspect,
da7060e46df98a39cf9008d9970ec739993d87bc7ffe9609cf4d3ae03095f335,2024-03,Hampshire Constabulary,Hampshire Constabulary,-1.389533,50.967554,On or near Supermarket,E01035436,Eastleigh 006I,Violence and sexual offences,Investigation complete; no suspect identified,
90f7299556aeeea0cef574cc9c0e5cfe4dea0fe201214210e3c215a876d5bbc5,2024-03,Hampshire Constabulary,Hampshire Constabulary,-1.389533,50.967554,On or near Supermarket,E01035436,Eastleigh 006I,Violence and sexual offences,Unable to prosecute suspect,
,2024-03,Hampshire Constabulary,Hampshire Constabulary,-1.384098,50.966726,On or near Tollgate,E01035436,Eastleigh 006I,Anti-social behaviour,,
,2024-03,Hampshire Constabulary,Hampshire Constabulary,-1.384098,50.966726,On or near Tollgate,E01035436,Eastleigh 006I,Anti-social behaviour,,
a64b9f5808661e2e500b5ae378654732db3b0f39b60f2d9ab69ef75413d54c1a,2024-03,Hampshire Constabulary,Hampshire Constabulary,-1.376039,50.951885,On or near Sports/Recreation Area,E01035436,Eastleigh 006I,Criminal damage and arson,Investigation complete; no suspect identified,
83ccc31b3b142000f95b1627a04d12ff65b3ae5ca65a9a0e9e1622d9af9da34b,2024-03,Hampshire Constabulary,Hampshire Constabulary,-1.388961,50.964054,On or near Parking Area,E01035436,Eastleigh 006I,Other theft,Investigation complete; no suspect identified,
5d5c6198800d6807d08316f75eed22f7e3b58956477e16f5fbea90cf5fb82372,2024-03,Hampshire Constabulary,Hampshire Constabulary,-1.378447,50.958027,On or near Rowe Way,E01035436,Eastleigh 006I,Public order,Unable to prosecute suspect,
e3958a9084a31da9d000dd281419d4a7895356c062d0f7fb4604205e74011958,2024-03,Hampshire Constabulary,Hampshire Constabulary,-1.389533,50.967554,On or near Supermarket,E01035436,Eastleigh 006I,Shoplifting,Investigation complete; no suspect identified,
d24eb2508b79e6043bfdbb661e7b04d564315ace0308b0793387e0e3b58f6db4,2024-03,Hampshire Constabulary,Hampshire Constabulary,-1.378572,50.957156,On or near Lewis Road,E01035436,Eastleigh 006I,Violence and sexual offences,Status update unavailable,
a0575c6f124b5f6b90f2e3686ffa2d3fff986a6188150cd589eb5377fe1405f5,2024-03,Hampshire Constabulary,Hampshire Constabulary,-1.378447,50.958027,On or near Rowe Way,E01035436,Eastleigh 006I,Violence and sexual offences,Unable to prosecute suspect,
471b02863f454a84a4581898b3c38ec33e1c243e7765a8dce57736aec00fe5cb,2024-03,Hampshire Constabulary,Hampshire Constabulary,-1.382585,50.961619,On or near Manning Close,E01035436,Eastleigh 006I,Violence and sexual offences,Status update unavailable,
0166362902f1fe541e65221fc998eec3bb69d02750fe22e26700ced526c00cee,2024-03,Hampshire Constabulary,Hampshire Constabulary,-1.382585,50.961619,On or near Manning Close,E01035436,Eastleigh 006I,Violence and sexual offences,Unable to prosecute suspect,
5e2a1e90b9eab4e7300af0d7eb13ebaf92a91f830413778f04e2bcfc3de43585,2024-03,Hampshire Constabulary,Hampshire Constabulary,-1.354998,50.958979,On or near Mitchell Way,E01035437,Eastleigh 006J,Criminal damage and arson,Court result unavailable,
89d578d4b16c29f15e21aca25615454ba946406f688adb5ad5eca9ac9664c0b0,2024-03,Hampshire Constabulary,Hampshire Constabulary,-1.360496,50.957796,On or near Argosy Crescent,E01035437,Eastleigh 006J,Possession of weapons,Unable to prosecute suspect,
c43c411d598050c06e8cb88797187facd5ccd9b727093559a752ed87e315d950,2024-03,Hampshire Constabulary,Hampshire Constabulary,-1.353158,50.960201,On or near Parking Area,E01035437,Eastleigh 006J,Possession of weapons,Court result unavailable,
b30df64658515e8dd818a7c235adcbc705e9fb3555ea61a313e457ee4f2618b3,2024-03,Hampshire Constabulary,Hampshire Constabulary,-1.354998,50.958979,On or near Mitchell Way,E01035437,Eastleigh 006J,Public order,Court result unavailable,
a21d677b63b0ae778cda0f157a61772aa0c1a2c216867a431f5313e93f30d330,2024-03,Hampshire Constabulary,Hampshire Constabulary,-1.364019,50.946871,On or near George Curl Way,E01035437,Eastleigh 006J,Vehicle crime,Investigation complete; no suspect identified,
36d712a99dcf4d892b6c994e8dc17fc831e28656c57b356c016907e0e4e41c33,2024-03,Hampshire Constabulary,Hampshire Constabulary,-1.364019,50.946871,On or near George Curl Way,E01035437,Eastleigh 006J,Violence and sexual offences,Court result unavailable,
671cb54fec266386383acda16ef1dd0586ef63ebf88f02edadd78fb1d1b500ab,2024-03,Hampshire Constabulary,Hampshire Constabulary,-1.364261,50.957295,On or near Park/Open Space,E01035437,Eastleigh 006J,Violence and sexual offences,Unable to prosecute suspect,
8d5c014242f852576db23aa253b531a976b4ea8a3eeeb36bb0dbe5d62864c90f,2024-03,Hampshire Constabulary,Hampshire Constabulary,-1.354998,50.958979,On or near Mitchell Way,E01035437,Eastleigh 006J,Violence and sexual offences,Court result unavailable,
a233fe8c1957f3c96bea0243e3862f3369866931b4904b71cdb59c04275b47e6,2024-03,Hampshire Constabulary,Hampshire Constabulary,-1.360496,50.957796,On or near Argosy Crescent,E01035437,Eastleigh 006J,Violence and sexual offences,Unable to prosecute suspect,
dcad09baefeb86bccbe77eaec35ef3c697dedd98174ef7fe5c9a7d3a41211df5,2024-03,Hampshire Constabulary,Hampshire Constabulary,-1.360496,50.957796,On or near Argosy Crescent,E01035437,Eastleigh 006J,Violence and sexual offences,Unable to prosecute suspect,
f91453e031d30157662b3d0e56b9abd965e2e83085b2ccaac7ce5e71485fc220,2024-03,Hampshire Constabulary,Hampshire Constabulary,-1.362672,50.958994,On or near Somers Way,E01035437,Eastleigh 006J,Violence and sexual offences,Investigation complete; no suspect identified,
4c4ac0bd1d062809e31d9fb5e8b7793ffb1e1c1b67e405298823e25d11349d30,2024-03,Hampshire Constabulary,Hampshire Constabulary,-1.353158,50.960201,On or near Parking Area,E01035437,Eastleigh 006J,Violence and sexual offences,Unable to prosecute suspect,
,2024-03,Hampshire Constabulary,Hampshire Constabulary,-1.364261,50.957295,On or near Park/Open Space,E01035437,Eastleigh 006J,Anti-social behaviour,,
,2024-03,Hampshire Constabulary,Hampshire Constabulary,-1.364261,50.957295,On or near Park/Open Space,E01035437,Eastleigh 006J,Anti-social behaviour,,
9e5891b7bbbd81edd99e09f3e685ad727379550f94f4fc245f8be56a1829bcb0,2024-03,Hampshire Constabulary,Hampshire Constabulary,-1.350968,50.947217,On or near Park/Open Space,E01035437,Eastleigh 006J,Burglary,Investigation complete; no suspect identified,
0cadc9420737ff2a773d5b31613e9fc6f3fae347e36a34db2bd5ae7e0f2e8f60,2024-03,Hampshire Constabulary,Hampshire Constabulary,-1.364261,50.957295,On or near Park/Open Space,E01035437,Eastleigh 006J,Burglary,Status update unavailable,
07b6559f070f49a039b995b059b9d85df5734892d5ac334e8d45b565a0a1fc6a,2024-03,Hampshire Constabulary,Hampshire Constabulary,-1.362672,50.958994,On or near Somers Way,E01035437,Eastleigh 006J,Burglary,Investigation complete; no suspect identified,
383e1ba90a8ce3c9b61378d48a7d4c0433c0472ef091ba3d53ffc93b1245969b,2024-03,Hampshire Constabulary,Hampshire Constabulary,-1.362672,50.958994,On or near Somers Way,E01035437,Eastleigh 006J,Burglary,Status update unavailable,
dcab6935795a216392a8722811ae4d8c8dc3d1778b9ff91e5a1a54c786c56cf8,2024-03,Hampshire Constabulary,Hampshire Constabulary,-1.352938,50.962118,On or near Petrol Station,E01035437,Eastleigh 006J,Other theft,Investigation complete; no suspect identified,
8d59b29ab51b0ef08231bc95f85a0e07ae96aae1ec1b6bf87aa817a5f62b2beb,2024-03,Hampshire Constabulary,Hampshire Constabulary,-1.350968,50.947217,On or near Park/Open Space,E01035437,Eastleigh 006J,Other theft,Investigation complete; no suspect identified,
053318e87beb0268b9dfc6c886a9bc415749c2fbc1ffed86ea0b3fe987bef028,2024-03,Hampshire Constabulary,Hampshire Constabulary,-1.356593,50.949672,On or near Southampton Airport,E01035437,Eastleigh 006J,Vehicle crime,Investigation complete; no suspect identified,
0a05cbb7a40ad95632c29d7a4c373555622d8e0c387685304a83a20f081db5f2,2024-03,Hampshire Constabulary,Hampshire Constabulary,-1.366428,50.959186,On or near Viscount Gardens,E01035437,Eastleigh 006J,Violence and sexual offences,Unable to prosecute suspect,
66350d34513213d32bd1e7700625b44eb978c3a978a32f2f28b76062069d500a,2024-03,Hampshire Constabulary,Hampshire Constabulary,-1.366428,50.959186,On or near Viscount Gardens,E01035437,Eastleigh 006J,Violence and sexual offences,Unable to prosecute suspect,
7c4bb6e6ca430b7f6e6b03ee7f396f820ac18de2d6ed6b9811aaef45a3c884a4,2024-03,Hampshire Constabulary,Hampshire Constabulary,-1.360496,50.957796,On or near Argosy Crescent,E01035437,Eastleigh 006J,Violence and sexual offences,Unable to prosecute suspect,
be62a9b6b790e52d1ed54869ca474ae5a002d09de1b4dbf576b4a070586944cc,2024-03,Hampshire Constabulary,Hampshire Constabulary,-1.373471,50.958531,On or near Knott Drive,E01035437,Eastleigh 006J,Violence and sexual offences,Status update unavailable,
ddd6c791669ddbd53704816fcb994f81ae6bb593c40f61fceace749291e03fbc,2024-03,Hampshire Constabulary,Hampshire Constabulary,-1.355834,50.966475,On or near Blenheim Road,E01022666,Eastleigh 007A,Burglary,Unable to prosecute suspect,
9d90e63e676eab259898236e853110911ce57e2a8ece4d0dce996b0902dd87b5,2024-03,Hampshire Constabulary,Hampshire Constabulary,-1.351585,50.966820,On or near Parking Area,E01022666,Eastleigh 007A,Criminal damage and arson,Local resolution,
cb30a725b2400e199909befe22376adafe1e68985db4bbb20035c00361999806,2024-03,Hampshire Constabulary,Hampshire Constabulary,-1.351309,50.968230,On or near Mitchell Road,E01022666,Eastleigh 007A,Criminal damage and arson,Local resolution,
77f7a4be8b95bdbbb55f2339e03be66cea7316bd81e92f83f2a1728d50e9b3cf,2024-03,Hampshire Constabulary,Hampshire Constabulary,-1.351585,50.966820,On or near Parking Area,E01022666,Eastleigh 007A,Drugs,Local resolution,
87fac0f9ce20f4b0ba80bc696501463f05aa27e946d5e4dcd3e191e01dfde5e3,2024-03,Hampshire Constabulary,Hampshire Constabulary,-1.351309,50.968230,On or near Mitchell Road,E01022666,Eastleigh 007A,Drugs,Local resolution,
fa82ece8cd1bc37b8ccdc1185a60c8a5477a3c595bb6e15ad4ff02da3e9121fe,2024-03,Hampshire Constabulary,Hampshire Constabulary,-1.351585,50.966820,On or near Parking Area,E01022666,Eastleigh 007A,Other theft,Investigation complete; no suspect identified,
ad539544aa2d67f648a3eb7841ec05355d4f2e6bc336bd67b320ce871de09bc5,2024-03,Hampshire Constabulary,Hampshire Constabulary,-1.352094,50.969170,On or near Supermarket,E01022666,Eastleigh 007A,Public order,Unable to prosecute suspect,
faed4437383705ba0e33abad77e4528f69947784df536ef79dec08f02264657c,2024-03,Hampshire Constabulary,Hampshire Constabulary,-1.353584,50.970581,On or near Romsey Road,E01022666,Eastleigh 007A,Public order,Unable to prosecute suspect,
b46c30f661e4d692162e5e305f5f7d60828f09c986c530feef93549fb327fc29,2024-03,Hampshire Constabulary,Hampshire Constabulary,-1.352094,50.969170,On or near Supermarket,E01022666,Eastleigh 007A,Shoplifting,Investigation complete; no suspect identified,
b490139ff28fda7d0222d5a9305740ac121fe15473ae9a3c38809c6a2f78cc45,2024-03,Hampshire Constabulary,Hampshire Constabulary,-1.352723,50.967950,On or near Wells Road,E01022666,Eastleigh 007A,Violence and sexual offences,Action to be taken by another organisation,
b07f8c8553f9775804d65361f9e04e8417a19c424ee2c5c82eaab5d8fb0762b4,2024-03,Hampshire Constabulary,Hampshire Constabulary,-1.352723,50.967950,On or near Wells Road,E01022666,Eastleigh 007A,Violence and sexual offences,Court result unavailable,
2bda093b8466e122ea0ebbd2e4baaaee8874e83d6cef5d33f5cfa6a45e5d614d,2024-03,Hampshire Constabulary,Hampshire Constabulary,-1.352926,50.969768,On or near Parking Area,E01022666,Eastleigh 007A,Violence and sexual offences,Unable to prosecute suspect,
ceb7587f2ba18fb2c97c9e29644651345819d9695da4ff8c3d371afe9f3e07b3,2024-03,Hampshire Constabulary,Hampshire Constabulary,-1.355790,50.969965,On or near Theatre/Concert Hall,E01022666,Eastleigh 007A,Violence and sexual offences,Further investigation is not in the public interest,
274c04596105e611114057e59a0055178028a8032eea77b3d66c136395923dc9,2024-03,Hampshire Constabulary,Hampshire Constabulary,-1.350541,50.970204,On or near Station Hill,E01022666,Eastleigh 007A,Violence and sexual offences,Awaiting court outcome,
0a63207944dce30b61c73b4d49255b9477eb615dad84ecebd4e271eff0be9add,2024-03,Hampshire Constabulary,Hampshire Constabulary,-1.350541,50.970204,On or near Station Hill,E01022666,Eastleigh 007A,Violence and sexual offences,Investigation complete; no suspect identified,
6ecbb7c87c0f955b26a65347ea8c9ff18a1347a9259947028e0d5b0390c46ed9,2024-03,Hampshire Constabulary,Hampshire Constabulary,-1.354910,50.971451,On or near Weston Road,E01022666,Eastleigh 007A,Violence and sexual offences,Unable to prosecute suspect,
,2024-03,Hampshire Constabulary,Hampshire Constabulary,-1.351585,50.966820,On or near Parking Area,E01022666,Eastleigh 007A,Anti-social behaviour,,
,2024-03,Hampshire Constabulary,Hampshire Constabulary,-1.354477,50.967762,On or near Parking Area,E01022666,Eastleigh 007A,Anti-social behaviour,,
,2024-03,Hampshire Constabulary,Hampshire Constabulary,-1.352926,50.969768,On or near Parking Area,E01022666,Eastleigh 007A,Anti-social behaviour,,
,2024-03,Hampshire Constabulary,Hampshire Constabulary,-1.355790,50.969965,On or near Theatre/Concert Hall,E01022666,Eastleigh 007A,Anti-social behaviour,,
,2024-03,Hampshire Constabulary,Hampshire Constabulary,-1.353584,50.970581,On or near Romsey Road,E01022666,Eastleigh 007A,Anti-social behaviour,,
,2024-03,Hampshire Constabulary,Hampshire Constabulary,-1.359891,50.970723,On or near Causton Gardens,E01022666,Eastleigh 007A,Anti-social behaviour,,
,2024-03,Hampshire Constabulary,Hampshire Constabulary,-1.359891,50.970723,On or near Causton Gardens,E01022666,Eastleigh 007A,Anti-social behaviour,,
fee14414159d13e4eaf5815ad273db500a4655b6768200d92519fb3cf9eb3798,2024-03,Hampshire Constabulary,Hampshire Constabulary,-1.353584,50.970581,On or near Romsey Road,E01022666,Eastleigh 007A,Burglary,Investigation complete; no suspect identified,
28cedac9fff1f1d84b19f93903f049f74ad7a11f66cd73d3c148f39365a7fad2,2024-03,Hampshire Constabulary,Hampshire Constabulary,-1.352094,50.969170,On or near Supermarket,E01022666,Eastleigh 007A,Burglary,Status update unavailable,
47556902d4d3ac4c4bc4791607265b3994949a9f9acac028695dcebc222b6d44,2024-03,Hampshire Constabulary,Hampshire Constabulary,-1.351309,50.968230,On or near Mitchell Road,E01022666,Eastleigh 007A,Criminal damage and arson,Unable to prosecute suspect,
f43631d772e54da44414cdec42f29e315c6ebf4d427de13e47b22c0f90fef3a3,2024-03,Hampshire Constabulary,Hampshire Constabulary,-1.351585,50.966820,On or near Parking Area,E01022666,Eastleigh 007A,Criminal damage and arson,Local resolution,
c4bdc6f5d4a856bec161b84156d5d5a710f8eed6b900c48e2e9b120d0949ec11,2024-03,Hampshire Constabulary,Hampshire Constabulary,-1.359891,50.970723,On or near Causton Gardens,E01022666,Eastleigh 007A,Other theft,Investigation complete; no suspect identified,
06595c0d8151a4c5ad40fc0e9d138cdab7d96ac516c41e80e05144ed74afc4f0,2024-03,Hampshire Constabulary,Hampshire Constabulary,-1.353584,50.970581,On or near Romsey Road,E01022666,Eastleigh 007A,Public order,Unable to prosecute suspect,
69ac1e41d79ce977d5c9a8a2ad34b2e5ba843274c25f2db092f79db78797b329,2024-03,Hampshire Constabulary,Hampshire Constabulary,-1.353584,50.970581,On or near Romsey Road,E01022666,Eastleigh 007A,Public order,Action to be taken by another organisation,
2ecd17036a71afcd4279f8c9d01e62e70be309114923c10be078a10c0da7c0c8,2024-03,Hampshire Constabulary,Hampshire Constabulary,-1.353584,50.970581,On or near Romsey Road,E01022666,Eastleigh 007A,Public order,Unable to prosecute suspect,
ed37a29d233169b63e2be12967c7f180c06309b25e2e008b8e0432ed231595be,2024-03,Hampshire Constabulary,Hampshire Constabulary,-1.352094,50.969170,On or near Supermarket,E01022666,Eastleigh 007A,Public order,Investigation complete; no suspect identified,
c1247eafc5e748322ad4429489c705b47ae3e102fea78b6eea5ac37b062c9bed,2024-03,Hampshire Constabulary,Hampshire Constabulary,-1.352094,50.969170,On or near Supermarket,E01022666,Eastleigh 007A,Shoplifting,Investigation complete; no suspect identified,
14a937be7e87a7dd73198ba56f6e790e50a2efdecbc49b6cd6df5641ae57bd59,2024-03,Hampshire Constabulary,Hampshire Constabulary,-1.352094,50.969170,On or near Supermarket,E01022666,Eastleigh 007A,Shoplifting,Investigation complete; no suspect identified,
53c2614886ef21f7a11c1e9dcb4aaa915fa51a7c387ccd5079b416eb48c29cb3,2024-03,Hampshire Constabulary,Hampshire Constabulary,-1.352094,50.969170,On or near Supermarket,E01022666,Eastleigh 007A,Shoplifting,Investigation complete; no suspect identified,
f783f6130b1262c1ecaaac21b6afe5f2e6a27899120bd0aa5790bf6d35d3284e,2024-03,Hampshire Constabulary,Hampshire Constabulary,-1.351309,50.968230,On or near Mitchell Road,E01022666,Eastleigh 007A,Shoplifting,Investigation complete; no suspect identified,
64754f4859fa77348fbd0eb8461db1c37b08dceb82406f0c3e791260cf3319cd,2024-03,Hampshire Constabulary,Hampshire Constabulary,-1.359891,50.970723,On or near Causton Gardens,E01022666,Eastleigh 007A,Violence and sexual offences,Unable to prosecute suspect,
b7204e25b9da17b5a09b57d8ccdda45bac7bdc5839944e225330d5a72e6b9ecf,2024-03,Hampshire Constabulary,Hampshire Constabulary,-1.359891,50.970723,On or near Causton Gardens,E01022666,Eastleigh 007A,Violence and sexual offences,Unable to prosecute suspect,
b07a7ddfba7144641563a70241b66530d87f82d43b1fd16ce194dbdeadccfe81,2024-03,Hampshire Constabulary,Hampshire Constabulary,-1.352094,50.969170,On or near Supermarket,E01022666,Eastleigh 007A,Violence and sexual offences,Investigation complete; no suspect identified,
8f93b280d5a3cfb7925dcd636e17ff6976e06c1adf85fd66ac7b500a739c87c5,2024-03,Hampshire Constabulary,Hampshire Constabulary,-1.354259,50.968058,On or near Hanns Way,E01022666,Eastleigh 007A,Violence and sexual offences,Investigation complete; no suspect identified,
e1adf0641b3febde188fd3683793241f7e17a045610dbdf38029f607b29c790b,2024-03,Hampshire Constabulary,Hampshire Constabulary,-1.355790,50.969965,On or near Theatre/Concert Hall,E01022666,Eastleigh 007A,Violence and sexual offences,Unable to prosecute suspect,
3ec1132d62103086e9a5cb6f49cf59b98b4e0f9e1da85c52c072c46458480f73,2024-03,Hampshire Constabulary,Hampshire Constabulary,-1.356659,50.965508,On or near Cranbury Road,E01022669,Eastleigh 007B,Public order,Local resolution,
939ffb1f2b0bb86e14c7424e114a73115d95a750b22ec23e48e0c7bd6470ff80,2024-03,Hampshire Constabulary,Hampshire Constabulary,-1.356659,50.965508,On or near Cranbury Road,E01022669,Eastleigh 007B,Public order,Local resolution,
668b814382304c678fe52e9e96cd26db9620b94a3c3e2321da094bee402b448e,2024-03,Hampshire Constabulary,Hampshire Constabulary,-1.358017,50.965093,On or near Grantham Road,E01022669,Eastleigh 007B,Violence and sexual offences,Court result unavailable,
0ce8f48b09122b19b7457617d00d5d57f008719363082fc8656cb224925d1caa,2024-03,Hampshire Constabulary,Hampshire Constabulary,-1.355499,50.964962,On or near Desborough Road,E01022669,Eastleigh 007B,Violence and sexual offences,Court result unavailable,
65513f6774a2b850b91f654384068bbb0cb9b400dfa4cd472121bfd5843e59d9,2024-03,Hampshire Constabulary,Hampshire Constabulary,-1.356659,50.965508,On or near Cranbury Road,E01022669,Eastleigh 007B,Violence and sexual offences,Unable to prosecute suspect,
fae81ea250a919621e6b9aba69bf009ebee3f68aa3b8f270210639a4646eb2f2,2024-03,Hampshire Constabulary,Hampshire Constabulary,-1.361471,50.966596,On or near George Wright Close,E01022669,Eastleigh 007B,Violence and sexual offences,Local resolution,
,2024-03,Hampshire Constabulary,Hampshire Constabulary,-1.358017,50.965093,On or near Grantham Road,E01022669,Eastleigh 007B,Anti-social behaviour,,
2858ce1ccca1ad7674b3a4909b802c05615c6ed7430735b5749f6b0eb0e93ee2,2024-03,Hampshire Constabulary,Hampshire Constabulary,-1.357040,50.967794,On or near Factory Road,E01022669,Eastleigh 007B,Bicycle theft,Investigation complete; no suspect identified,
712b3869461f3d47c7205fd11b74d30d7edad2dfcab9adc7d04baebb7ca75baf,2024-03,Hampshire Constabulary,Hampshire Constabulary,-1.360218,50.966598,On or near Wilmer Road,E01022669,Eastleigh 007B,Burglary,Investigation complete; no suspect identified,
170318cc6b4f76b98ccdd5c0113408c9113c1a74862e3ceebf0caea94b35a70c,2024-03,Hampshire Constabulary,Hampshire Constabulary,-1.358017,50.965093,On or near Grantham Road,E01022669,Eastleigh 007B,Drugs,Status update unavailable,
2ced313c73d582b6ebdc865b23139ac29e26694232286494fe27a7e48653bb4f,2024-03,Hampshire Constabulary,Hampshire Constabulary,-1.358017,50.965093,On or near Grantham Road,E01022669,Eastleigh 007B,Drugs,Status update unavailable,
7cdbef8e9685d44f1b67a37c143ad038fa718ed4eb415d8d8136a61375ff5aa5,2024-03,Hampshire Constabulary,Hampshire Constabulary,-1.358017,50.965093,On or near Grantham Road,E01022669,Eastleigh 007B,Public order,Investigation complete; no suspect identified,
d27b166701f870463fd1fae856ddc14e9e3aeb1dcf195b289c719cdb2e501f67,2024-03,Hampshire Constabulary,Hampshire Constabulary,-1.357726,50.966584,On or near Chamberlayne Road,E01022669,Eastleigh 007B,Vehicle crime,Investigation complete; no suspect identified,
9e4022bdfd7d747ba114d86ed825fd9ea8ab80284f2936cf3b5b2bbf07dbc5d6,2024-03,Hampshire Constabulary,Hampshire Constabulary,-1.355499,50.964962,On or near Desborough Road,E01022669,Eastleigh 007B,Violence and sexual offences,Unable to prosecute suspect,
acae0a80ed0729ff166cbe518c7941623e782082479e619714564f988db731b9,2024-03,Hampshire Constabulary,Hampshire Constabulary,-1.356856,50.964592,On or near Meadow Lane,E01022670,Eastleigh 007C,Burglary,Investigation complete; no suspect identified,
806f446d30dbb76e4fb00df3b43a9ef52a766fd99f33475a63214d1167345a17,2024-03,Hampshire Constabulary,Hampshire Constabulary,-1.352430,50.966519,On or near Parking Area,E01022670,Eastleigh 007C,Drugs,Unable to prosecute suspect,
4e6c4114afae53cc46dddfd0902f5922ce8b04a15fb340ee94a2607760479a34,2024-03,Hampshire Constabulary,Hampshire Constabulary,-1.352430,50.966519,On or near Parking Area,E01022670,Eastleigh 007C,Public order,Unable to prosecute suspect,
71e037316de3daa0c266d409adddf75db5fe7cff426d7489c9e68b86ca0046bc,2024-03,Hampshire Constabulary,Hampshire Constabulary,-1.356856,50.964592,On or near Meadow Lane,E01022670,Eastleigh 007C,Robbery,Investigation complete; no suspect identified,
bb1b56828c25264c9dc0cc59ec80f63738f2d72ff5a421bc4808e42ac0e1153e,2024-03,Hampshire Constabulary,Hampshire Constabulary,-1.352430,50.966519,On or near Parking Area,E01022670,Eastleigh 007C,Shoplifting,Court result unavailable,
74b698831db95a8dd5d7ba2f64c6a382731e58e58eb2e2cf902e3d72dd11561e,2024-03,Hampshire Constabulary,Hampshire Constabulary,-1.352430,50.966519,On or near Parking Area,E01022670,Eastleigh 007C,Shoplifting,Court result unavailable,
92bff9f5fd61f4837248547f59a80070524224a45a8a6fb9adeff47074efa202,2024-03,Hampshire Constabulary,Hampshire Constabulary,-1.352430,50.966519,On or near Parking Area,E01022670,Eastleigh 007C,Shoplifting,Court result unavailable,
fed793311f05569958f66b79f8d592f183eac95daabe59a364267f0ed9b54f44,2024-03,Hampshire Constabulary,Hampshire Constabulary,-1.352430,50.966519,On or near Parking Area,E01022670,Eastleigh 007C,Shoplifting,Offender given a caution,
76ee485ac6e038a5179434e7f9e7e915997cabde9dc9bc07fae704e53d4af575,2024-03,Hampshire Constabulary,Hampshire Constabulary,-1.352430,50.966519,On or near Parking Area,E01022670,Eastleigh 007C,Shoplifting,Court result unavailable,
f1c9d7ed3df2aca0fbd18e6bb9731fe3352c0a53837d9f37b23712336cccd983,2024-03,Hampshire Constabulary,Hampshire Constabulary,-1.352430,50.966519,On or near Parking Area,E01022670,Eastleigh 007C,Shoplifting,Investigation complete; no suspect identified,
63faafbc71870cf729d80cb893cd9f781264e70380ef789402a493babfa507fe,2024-03,Hampshire Constabulary,Hampshire Constabulary,-1.352430,50.966519,On or near Parking Area,E01022670,Eastleigh 007C,Shoplifting,Unable to prosecute suspect,
455fd72b7777b7ebc00d1fe455ac645a60b3ecd89e0a7ab73a8a322087ff001d,2024-03,Hampshire Constabulary,Hampshire Constabulary,-1.344404,50.957862,On or near Sports/Recreation Area,E01022670,Eastleigh 007C,Violence and sexual offences,Unable to prosecute suspect,
9dc2d8eeebcefea5816d9198a0ac77d5dd37074136ae8dc5b43d46492f88ab01,2024-03,Hampshire Constabulary,Hampshire Constabulary,-1.344404,50.957862,On or near Sports/Recreation Area,E01022670,Eastleigh 007C,Violence and sexual offences,Unable to prosecute suspect,
23efa26a4fdda02c1428f6e6f81a9828bd181d5575511a38239ffa257815513a,2024-03,Hampshire Constabulary,Hampshire Constabulary,-1.352430,50.966519,On or near Parking Area,E01022670,Eastleigh 007C,Violence and sexual offences,Investigation complete; no suspect identified,
0771c2cf5d2e95080d2d81e7fdcf168ea07324518eb9bf8a2a4c3de70f4216e7,2024-03,Hampshire Constabulary,Hampshire Constabulary,-1.352430,50.966519,On or near Parking Area,E01022670,Eastleigh 007C,Violence and sexual offences,Court result unavailable,
87bc421f735bdf886f4c61af1e74fbb2d371e96ff12ea31a93a43910c58c2f97,2024-03,Hampshire Constabulary,Hampshire Constabulary,-1.354277,50.964731,On or near High Street,E01022670,Eastleigh 007C,Violence and sexual offences,Unable to prosecute suspect,
,2024-03,Hampshire Constabulary,Hampshire Constabulary,-1.356856,50.964592,On or near Meadow Lane,E01022670,Eastleigh 007C,Anti-social behaviour,,
,2024-03,Hampshire Constabulary,Hampshire Constabulary,-1.352583,50.965737,On or near Market Street,E01022670,Eastleigh 007C,Anti-social behaviour,,
,2024-03,Hampshire Constabulary,Hampshire Constabulary,-1.352430,50.966519,On or near Parking Area,E01022670,Eastleigh 007C,Anti-social behaviour,,
ea5e345170ea809a9097d71e8c03abe8980a3cc6f77f7fd0754a32a92d2ec913,2024-03,Hampshire Constabulary,Hampshire Constabulary,-1.352430,50.966519,On or near Parking Area,E01022670,Eastleigh 007C,Bicycle theft,Investigation complete; no suspect identified,
a4ad4a0b0e1f52aee5cb63202f425ff7799759b268cabea378b0fd08a3576f8a,2024-03,Hampshire Constabulary,Hampshire Constabulary,-1.350367,50.961274,On or near Campbell Road,E01022670,Eastleigh 007C,Other theft,Status update unavailable,
2c417c9a7cae334ab87209b31f586747088e69fb35454a37fa6391f2a67ea8e6,2024-03,Hampshire Constabulary,Hampshire Constabulary,-1.356856,50.964592,On or near Meadow Lane,E01022670,Eastleigh 007C,Other theft,Unable to prosecute suspect,
0feb4e56bdf3687c4a398bf0576362a37864e54d2238405f06fc0de36ff2db4e,2024-03,Hampshire Constabulary,Hampshire Constabulary,-1.356856,50.964592,On or near Meadow Lane,E01022670,Eastleigh 007C,Other theft,Status update unavailable,
7eeb409faf467b09f1eb05cb6f53ff0c930045b2aa1f36e80c33c87ffc5ae636,2024-03,Hampshire Constabulary,Hampshire Constabulary,-1.344404,50.957862,On or near Sports/Recreation Area,E01022670,Eastleigh 007C,Public order,Unable to prosecute suspect,
a5cbc1ed7666998be008cc51bb19885584876a7160a4484f87174a465300dc31,2024-03,Hampshire Constabulary,Hampshire Constabulary,-1.356856,50.964592,On or near Meadow Lane,E01022670,Eastleigh 007C,Public order,Status update unavailable,
7b3cc4c035f4b58fe045db2109702dc74588767610516a4b80871b9a2f9dff6a,2024-03,Hampshire Constabulary,Hampshire Constabulary,-1.352430,50.966519,On or near Parking Area,E01022670,Eastleigh 007C,Shoplifting,Investigation complete; no suspect identified,
b69d4e643a97b360cb0806977c94ab14150fa100c714164e6a75e398abe7b5d0,2024-03,Hampshire Constabulary,Hampshire Constabulary,-1.352430,50.966519,On or near Parking Area,E01022670,Eastleigh 007C,Shoplifting,Status update unavailable,
b6effb7a56e71c56d1ca553c52b295163b28f8cce8ce6fa21cad37fd84d69e78,2024-03,Hampshire Constabulary,Hampshire Constabulary,-1.352430,50.966519,On or near Parking Area,E01022670,Eastleigh 007C,Shoplifting,Investigation complete; no suspect identified,
1f99df7efec3e94a266170c55095481e70d7f00e47bf4da97a289b47fcd1f63b,2024-03,Hampshire Constabulary,Hampshire Constabulary,-1.352430,50.966519,On or near Parking Area,E01022670,Eastleigh 007C,Shoplifting,Status update unavailable,
4ff541edc8960da3d830583ef35f0a321ea5dd4a487ad558f9c5ae2e5df15a3f,2024-03,Hampshire Constabulary,Hampshire Constabulary,-1.352430,50.966519,On or near Parking Area,E01022670,Eastleigh 007C,Shoplifting,Status update unavailable,
47f4109c9145605fb8fe0f2bf1f75731483aa5dd8442d5c9442a8dee5c42812f,2024-03,Hampshire Constabulary,Hampshire Constabulary,-1.352430,50.966519,On or near Parking Area,E01022670,Eastleigh 007C,Shoplifting,Investigation complete; no suspect identified,
3bd46e1a3d27ce20e2e9c6adc7d80c4aaa6bfe80b489a4ea2e215a5ded01fb1f,2024-03,Hampshire Constabulary,Hampshire Constabulary,-1.352583,50.965737,On or near Market Street,E01022670,Eastleigh 007C,Violence and sexual offences,Unable to prosecute suspect,
2cb85b2fe1a609c61f5a7843f71fb9e2ad9a0906952853c8a38a04ab28874abd,2024-03,Hampshire Constabulary,Hampshire Constabulary,-1.350367,50.961274,On or near Campbell Road,E01022670,Eastleigh 007C,Violence and sexual offences,Status update unavailable,
ce3056a5527febc7236dafc2697c35dd228c2a2bd55d62d73f743ced76222dca,2024-03,Hampshire Constabulary,Hampshire Constabulary,-1.354277,50.964731,On or near High Street,E01022670,Eastleigh 007C,Violence and sexual offences,Unable to prosecute suspect,
cd624c0169cd3efd9a586f183f5bf2fd1f2ba8cf3f7715a170d5b53a3ff0b492,2024-03,Hampshire Constabulary,Hampshire Constabulary,-1.346398,50.969394,On or near Bus/Coach Station,E01022671,Eastleigh 007D,Burglary,Investigation complete; no suspect identified,
e445424b8dd107dc9371176ab61c820c6cab9e0989cf429c83c89a6119d670ee,2024-03,Hampshire Constabulary,Hampshire Constabulary,-1.355096,50.975499,On or near The Quadrangle,E01022671,Eastleigh 007D,Criminal damage and arson,Unable to prosecute suspect,
f4b64d1b75f111f73bc88f31f9a304879968f43100537a51d49e1299c624bb76,2024-03,Hampshire Constabulary,Hampshire Constabulary,-1.350407,50.968558,On or near Parking Area,E01022671,Eastleigh 007D,Public order,Unable to prosecute suspect,
bef96bea18783411ed6d57c7ff0d454e3b123757450d8b9d58532902cf4c7cea,2024-03,Hampshire Constabulary,Hampshire Constabulary,-1.355096,50.975499,On or near The Quadrangle,E01022671,Eastleigh 007D,Violence and sexual offences,Unable to prosecute suspect,
46949fe34b50531e9a46e21f20db5cd59a8e8ce4d5910055ebd855acbc0df819,2024-03,Hampshire Constabulary,Hampshire Constabulary,-1.356415,50.976945,On or near Shakespeare Road,E01022671,Eastleigh 007D,Other crime,Action to be taken by another organisation,
1b9efdbff7f54878d931dc81f1264406249bf374781d718cb37e2d0207f086e6,2024-03,Hampshire Constabulary,Hampshire Constabulary,-1.352848,50.973283,On or near The Crescent,E01022671,Eastleigh 007D,Other crime,Investigation complete; no suspect identified,
,2024-03,Hampshire Constabulary,Hampshire Constabulary,-1.357656,50.975810,On or near Selbourne Drive,E01022671,Eastleigh 007D,Anti-social behaviour,,
75c1c6d7dac08aec2ecc9f01e3dc51dc8f9519622f935b7c62d676d2636d7d26,2024-03,Hampshire Constabulary,Hampshire Constabulary,-1.341039,50.970421,On or near Parking Area,E01022671,Eastleigh 007D,Drugs,Local resolution,
0d51deb37ebececfa8c8330ab5f1c7dd6e1ad9a40678ea85092541db55620439,2024-03,Hampshire Constabulary,Hampshire Constabulary,-1.350551,50.971571,On or near Shopping Area,E01022671,Eastleigh 007D,Other theft,Investigation complete; no suspect identified,
7dde4aa77f605044000a6968606424206cbc8e0ade8ef7609ee65d4f88b5b977,2024-03,Hampshire Constabulary,Hampshire Constabulary,-1.352977,50.975316,On or near Byron Road,E01022671,Eastleigh 007D,Other theft,Investigation complete; no suspect identified,
b16e211f7035180b5b4e347b702b69454537c7bf01d4abeaf382a8c23066145c,2024-03,Hampshire Constabulary,Hampshire Constabulary,-1.350293,50.971624,On or near Parking Area,E01022671,Eastleigh 007D,Public order,Status update unavailable,
47ddd95a79740a965ab16937c54090f1d560cefacecc0685f81b61af9a06fa27,2024-03,Hampshire Constabulary,Hampshire Constabulary,-1.349941,50.970538,On or near Supermarket,E01022671,Eastleigh 007D,Shoplifting,Investigation complete; no suspect identified,
f2d22b05beb3b83d4b6fd9b3c5777f3f64ef9b962ca3a215a59f39e8458a4a17,2024-03,Hampshire Constabulary,Hampshire Constabulary,-1.357656,50.975810,On or near Selbourne Drive,E01022671,Eastleigh 007D,Violence and sexual offences,Investigation complete; no suspect identified,
92a8846bdceb3e67e7303f7e8d6c2fb737b6bc567dc08da0356aae383d571cd7,2024-03,Hampshire Constabulary,Hampshire Constabulary,-1.350407,50.968558,On or near Parking Area,E01022671,Eastleigh 007D,Violence and sexual offences,Unable to prosecute suspect,
1adc323742157c33b1f244db5f4ffc54a498676231f39ac6548d116d0705457f,2024-03,Hampshire Constabulary,Hampshire Constabulary,-1.357223,50.975169,On or near Beaulieu Road,E01022671,Eastleigh 007D,Violence and sexual offences,Investigation complete; no suspect identified,
891917dc06dbfe96fb71be5d54fe3bb2cb95a43e642750748c7127c39255370e,2024-03,Hampshire Constabulary,Hampshire Constabulary,-1.352695,50.962806,On or near Southampton Road,E01022679,Eastleigh 007E,Burglary,Unable to prosecute suspect,
295ec2b75870c71af79beb8a5eb9d5041337433ac90333d65cfef22130714add,2024-03,Hampshire Constabulary,Hampshire Constabulary,-1.352695,50.962806,On or near Southampton Road,E01022679,Eastleigh 007E,Criminal damage and arson,Unable to prosecute suspect,
15ac1f794a7f411d279ccccd7ee46604d93dafb35fc891f31ea0438cf16dd185,2024-03,Hampshire Constabulary,Hampshire Constabulary,-1.358480,50.960428,On or near Mansbridge Road,E01022679,Eastleigh 007E,Robbery,Investigation complete; no suspect identified,
d58c0cc4ac5cf0115d2833094ee15e6b3d5097b4a91e038e5e22ae65364f557f,2024-03,Hampshire Constabulary,Hampshire Constabulary,-1.359730,50.960651,On or near Kilmeston Close,E01022679,Eastleigh 007E,Violence and sexual offences,Action to be taken by another organisation,
9f2a580eb9f442aed7db287ba6ddc471b566742d45ace3ec970cbdc079fb4384,2024-03,Hampshire Constabulary,Hampshire Constabulary,-1.359730,50.960651,On or near Kilmeston Close,E01022679,Eastleigh 007E,Violence and sexual offences,Unable to prosecute suspect,
b95dd2c312167941de04a4f6cbde04ad90ab71cdaa2d8b5b5a3c339a902d2a7f,2024-03,Hampshire Constabulary,Hampshire Constabulary,-1.352695,50.962806,On or near Southampton Road,E01022679,Eastleigh 007E,Violence and sexual offences,Unable to prosecute suspect,
bf9db299fa3b1400f53668dd3892cf0ed794878561b71bac8c04f34924e85fb4,2024-03,Hampshire Constabulary,Hampshire Constabulary,-1.352695,50.962806,On or near Southampton Road,E01022679,Eastleigh 007E,Violence and sexual offences,Unable to prosecute suspect,
46bf41f3976a5525c0f5e70b0eb70240d06406368a725ca7cc23d93ce532d952,2024-03,Hampshire Constabulary,Hampshire Constabulary,-1.359730,50.960651,On or near Kilmeston Close,E01022679,Eastleigh 007E,Vehicle crime,Investigation complete; no suspect identified,
d8c2dade37523c943596d4e420c406387346527091b194d9c1db592140d4c2b6,2024-03,Hampshire Constabulary,Hampshire Constabulary,-1.358736,50.960475,On or near Beauworth Close,E01022679,Eastleigh 007E,Vehicle crime,Investigation complete; no suspect identified,
3b67c636f9960a6720a9398be53a11b38f44d2786c37acaae9f14b77d4d4c458,2024-03,Hampshire Constabulary,Hampshire Constabulary,-1.318309,50.960686,On or near Templecombe Road,E01022645,Eastleigh 008A,Public order,Offender given a caution,
04c949b2f0feef754a3adff399deedd199a893ca32ec96ed82537dfdef313451,2024-03,Hampshire Constabulary,Hampshire Constabulary,-1.318309,50.960686,On or near Templecombe Road,E01022645,Eastleigh 008A,Violence and sexual offences,Unable to prosecute suspect,
a0a6b72bf07498d5be32c552ea302a3de304a9ef351e5b437ad8dbad9f4a8942,2024-03,Hampshire Constabulary,Hampshire Constabulary,-1.320233,50.963458,On or near Whalesmead Road,E01022645,Eastleigh 008A,Violence and sexual offences,Unable to prosecute suspect,
835e54c243f7cb33186abe3cf241b6694a44ac1137ef486886eedfaee2326994,2024-03,Hampshire Constabulary,Hampshire Constabulary,-1.320233,50.963458,On or near Whalesmead Road,E01022645,Eastleigh 008A,Violence and sexual offences,Unable to prosecute suspect,
6b414516cbb2e6a5e698e9989d4ec3c2a702e2188bcd4920ff3a64c6bccacc52,2024-03,Hampshire Constabulary,Hampshire Constabulary,-1.284382,50.967821,On or near Samuel Jarvis Avenue,E01022682,Eastleigh 008B,Violence and sexual offences,Unable to prosecute suspect,
c9b3728c04ca71aa553fbd91e989d40a25b4a3d5b7b017b86256efde752ca777,2024-03,Hampshire Constabulary,Hampshire Constabulary,-1.282858,50.967785,On or near Pembers Farm Avenue,E01022682,Eastleigh 008B,Violence and sexual offences,Action to be taken by another organisation,
,2024-03,Hampshire Constabulary,Hampshire Constabulary,-1.282689,50.964898,On or near Kingsmill Drive,E01022682,Eastleigh 008B,Anti-social behaviour,,
,2024-03,Hampshire Constabulary,Hampshire Constabulary,-1.287362,50.966608,On or near Cedar Wood Close,E01022682,Eastleigh 008B,Anti-social behaviour,,
,2024-03,Hampshire Constabulary,Hampshire Constabulary,-1.282732,50.966714,On or near Pembers Hill Drive,E01022682,Eastleigh 008B,Anti-social behaviour,,
62219599ad4104c1339971005e23c1c2c4bbaeff80a21348f0d3b6901003fdf3,2024-03,Hampshire Constabulary,Hampshire Constabulary,-1.293238,50.963208,On or near Carrol Close,E01022682,Eastleigh 008B,Bicycle theft,Investigation complete; no suspect identified,
ee9937cf9b622058f3783c676dc3878420a6420e2953344c94fbad704493b9de,2024-03,Hampshire Constabulary,Hampshire Constabulary,-1.282858,50.967785,On or near Pembers Farm Avenue,E01022682,Eastleigh 008B,Burglary,Investigation complete; no suspect identified,
28696ac28e7a82318f2932d7aa72f3c2081bb2047e34bf51cebef26253c24125,2024-03,Hampshire Constabulary,Hampshire Constabulary,-1.282732,50.966714,On or near Pembers Hill Drive,E01022682,Eastleigh 008B,Other theft,Unable to prosecute suspect,
fb87137f044fae77d6378b88f8cac95c0e45d5af4aebbdf06248e0890cf7c2b8,2024-03,Hampshire Constabulary,Hampshire Constabulary,-1.304116,50.970926,On or near Roselands Close,E01022683,Eastleigh 008C,Vehicle crime,Court result unavailable,
8cac336a32bd35811be2b98b0bf314ef1ae5453a4371150c947db0b8ed974973,2024-03,Hampshire Constabulary,Hampshire Constabulary,-1.307439,50.973491,On or near Chiltern Crescent,E01022683,Eastleigh 008C,Violence and sexual offences,Unable to prosecute suspect,
,2024-03,Hampshire Constabulary,Hampshire Constabulary,-1.303834,50.973586,On or near Kinver Crescent,E01022683,Eastleigh 008C,Anti-social behaviour,,
47bca0e430f6e410b67eedf058b71a424db8af53adccc2e3488714b738f7402d,2024-03,Hampshire Constabulary,Hampshire Constabulary,-1.304116,50.970926,On or near Roselands Close,E01022683,Eastleigh 008C,Violence and sexual offences,Unable to prosecute suspect,
918b89b16ee10ae1280d38eaf0a3974b443d56cbeee61351f6d7b9d527f98f07,2024-03,Hampshire Constabulary,Hampshire Constabulary,-1.306803,50.971239,On or near Hardings Lane,E01022683,Eastleigh 008C,Violence and sexual offences,Unable to prosecute suspect,
06bdb156a474e9bd86e6fcf8b3f4d509914c20ac6c95cd73ab4a1560b8dcd10c,2024-03,Hampshire Constabulary,Hampshire Constabulary,-1.303723,50.961985,On or near Trafford Road,E01022684,Eastleigh 008D,Robbery,Investigation complete; no suspect identified,
,2024-03,Hampshire Constabulary,Hampshire Constabulary,-1.295477,50.963024,On or near Reynolds Road,E01022685,Eastleigh 008E,Anti-social behaviour,,
baaa474c20fc8c09719c95f832b1a7e7fdca4632ce00a9c29f8316e4554d7ef5,2024-03,Hampshire Constabulary,Hampshire Constabulary,-1.297970,50.965221,On or near Petrol Station,E01022685,Eastleigh 008E,Other theft,Investigation complete; no suspect identified,
0c10c41544e969a9ccbb77f32369bfced849072552b4910ac7e07513922e7f30,2024-03,Hampshire Constabulary,Hampshire Constabulary,-1.307779,50.959240,On or near Clementine Way,E01022686,Eastleigh 008F,Violence and sexual offences,Unable to prosecute suspect,
bbe2f72934869099db968a7f0654f395f0f6a70422705c1937b5e9dd054432fc,2024-03,Hampshire Constabulary,Hampshire Constabulary,-1.307779,50.959240,On or near Clementine Way,E01022686,Eastleigh 008F,Violence and sexual offences,Unable to prosecute suspect,
1566db9c6c71ca927d4bd8fed059af1a5b8b7022db61eadf86e716b85323bd22,2024-03,Hampshire Constabulary,Hampshire Constabulary,-1.295349,50.959210,On or near Chelmarsh Gardens,E01022686,Eastleigh 008F,Violence and sexual offences,Local resolution,
efd87a6b587afb34080bae65e8340a7cdef77502dcc5ef44a9454e391938f6d7,2024-03,Hampshire Constabulary,Hampshire Constabulary,-1.296283,50.961527,On or near Cotsalls,E01022686,Eastleigh 008F,Violence and sexual offences,Unable to prosecute suspect,
,2024-03,Hampshire Constabulary,Hampshire Constabulary,-1.304950,50.960851,On or near Davidson Drive,E01022686,Eastleigh 008F,Anti-social behaviour,,
bd2a863dd0b60e01a7043dadd07f6ef05319de49f958e54b8df23287f1b14937,2024-03,Hampshire Constabulary,Hampshire Constabulary,-1.296283,50.961527,On or near Cotsalls,E01022686,Eastleigh 008F,Burglary,Status update unavailable,
5cbe895cd3ac09a42c4bf3486cd62ca44ce0c5e4a3831ff218054668a85e38f5,2024-03,Hampshire Constabulary,Hampshire Constabulary,-1.299105,50.962299,On or near Selhurst Way,E01022686,Eastleigh 008F,Burglary,Status update unavailable,
cb2d2a22a26a4495b7322fda5560ecac163181d8537a4a5fce859b36c5393a01,2024-03,Hampshire Constabulary,Hampshire Constabulary,-1.296283,50.961527,On or near Cotsalls,E01022686,Eastleigh 008F,Vehicle crime,Investigation complete; no suspect identified,
d0d9b73c8dd4363a0188494f7c7806d8a56cc0b63527509998c4ce0fd14e2067,2024-03,Hampshire Constabulary,Hampshire Constabulary,-1.299105,50.962299,On or near Selhurst Way,E01022686,Eastleigh 008F,Vehicle crime,Investigation complete; no suspect identified,
05e9c8b2f1d3b591278e91fbfd4fbd868759b35b87e2eb31b77fe34a634163d7,2024-03,Hampshire Constabulary,Hampshire Constabulary,-1.297823,50.951896,On or near Burnetts Fields,E01022686,Eastleigh 008F,Vehicle crime,Investigation complete; no suspect identified,
f1caa5149b9366c9cc4a34ab503b5e60e5dbd4544e849f4b57ecada1b52c929b,2024-03,Hampshire Constabulary,Hampshire Constabulary,-1.297823,50.951896,On or near Burnetts Fields,E01022686,Eastleigh 008F,Vehicle crime,Investigation complete; no suspect identified,
0ea65fa2f626a98b89ca528e4a6baa9cd203399f25e699b7b1fc171cf64f1925,2024-03,Hampshire Constabulary,Hampshire Constabulary,-1.299526,50.950333,On or near Burnetts Lane,E01022687,Eastleigh 008G,Burglary,Court result unavailable,
ec70537b9dc210717d4437a0eb3ae69bacc90b9709a700c226f0c6919ac3aabe,2024-03,Hampshire Constabulary,Hampshire Constabulary,-1.291097,50.955138,On or near Durley Road,E01022687,Eastleigh 008G,Possession of weapons,Unable to prosecute suspect,
8a7f22d204ab171c0e44acd0d8d14cc631381d075fecf5bef298a9d1cecba092,2024-03,Hampshire Constabulary,Hampshire Constabulary,-1.327920,50.933000,On or near Brookside Way,E01022713,Eastleigh 009A,Burglary,Investigation complete; no suspect identified,
ecabb55feeb33ef9822b3a082c21b2e07135a0cba33beffbbfa02a1392c3ce88,2024-03,Hampshire Constabulary,Hampshire Constabulary,-1.311844,50.925787,On or near Shopping Area,E01022713,Eastleigh 009A,Shoplifting,Investigation complete; no suspect identified,
0a6e873257e244a7ebb7d5bef9a8d63113ab63fdff91ac25517643163165afe5,2024-03,Hampshire Constabulary,Hampshire Constabulary,-1.331380,50.932912,On or near Quob Lane,E01022713,Eastleigh 009A,Violence and sexual offences,Local resolution,
6cbbd19c232d09d062e14624474e4f8144f2ad628e8a72a113c391a521d6ab54,2024-03,Hampshire Constabulary,Hampshire Constabulary,-1.319884,50.932765,On or near Raymond Close,E01022713,Eastleigh 009A,Violence and sexual offences,Local resolution,
fec1d3b050df9d7ccb09f1c65eddf1fa3ca8bf26fc1189b5c0c34a909c695ca2,2024-03,Hampshire Constabulary,Hampshire Constabulary,-1.326784,50.927913,On or near Bamber Close,E01022713,Eastleigh 009A,Violence and sexual offences,Unable to prosecute suspect,
2a8f8cd5d94d664913d35323c0e7e2690e4159fc77739e8e6a9d49d35aad8d3d,2024-03,Hampshire Constabulary,Hampshire Constabulary,-1.311844,50.925787,On or near Shopping Area,E01022713,Eastleigh 009A,Burglary,Investigation complete; no suspect identified,
c1bf55c7cb3c8deb204de938f1697a5244a83c8867320c59d548f85e24d56212,2024-03,Hampshire Constabulary,Hampshire Constabulary,-1.315162,50.925795,On or near Botley Road,E01022713,Eastleigh 009A,Criminal damage and arson,Status update unavailable,
652721d6a47a98f92b728cdb35a49438f8ae8abd6c1198b44c99959e8173cb0a,2024-03,Hampshire Constabulary,Hampshire Constabulary,-1.329606,50.932569,On or near Willow Close,E01022713,Eastleigh 009A,Other theft,Investigation complete; no suspect identified,
0bc3a697cc9a774d6b7c3b936b0634d9a1e45311e96dc53a3cb56a3b6ff168bd,2024-03,Hampshire Constabulary,Hampshire Constabulary,-1.311844,50.925787,On or near Shopping Area,E01022713,Eastleigh 009A,Public order,Investigation complete; no suspect identified,
f0c7af8e6d0d8e75cac82f5832cb3947b4c6ebf0860fab92a90d1cfd88682dae,2024-03,Hampshire Constabulary,Hampshire Constabulary,-1.311844,50.925787,On or near Shopping Area,E01022713,Eastleigh 009A,Shoplifting,Investigation complete; no suspect identified,
047410ca813a62113ac90d528ddcfd22749c584dac6ed3f6918d3a4272373af9,2024-03,Hampshire Constabulary,Hampshire Constabulary,-1.311844,50.925787,On or near Shopping Area,E01022713,Eastleigh 009A,Vehicle crime,Unable to prosecute suspect,
fbd67984dc5320f6152f9426bfdd6080a217fed44658e24facdc5a282681d663,2024-03,Hampshire Constabulary,Hampshire Constabulary,-1.312771,50.935466,On or near Burnetts Lane,E01022713,Eastleigh 009A,Violence and sexual offences,Status update unavailable,
3a106d2e3f978764251bbfc464475260fd06a1b3661fb9f1dbbc30655ed8ef19,2024-03,Hampshire Constabulary,Hampshire Constabulary,-1.336137,50.927625,On or near High Street,E01022714,Eastleigh 009B,Shoplifting,Investigation complete; no suspect identified,
60fdcd819c23efd4355313d220c963596b3a3e759374a63598395f276028bad9,2024-03,Hampshire Constabulary,Hampshire Constabulary,-1.336137,50.927625,On or near High Street,E01022714,Eastleigh 009B,Shoplifting,Investigation complete; no suspect identified,
594f3cb93bb11c096407af1b94531e878a91e9151b2fb7d9ce87934dc694cd7f,2024-03,Hampshire Constabulary,Hampshire Constabulary,-1.336137,50.927625,On or near High Street,E01022714,Eastleigh 009B,Shoplifting,Investigation complete; no suspect identified,
cd5118f84169f5b299f5eab7ba2997cece35ba9de7de450ffb5d481ef4d452b0,2024-03,Hampshire Constabulary,Hampshire Constabulary,-1.336137,50.927625,On or near High Street,E01022714,Eastleigh 009B,Shoplifting,Court result unavailable,
09869e49c92253a6d86aa4e31e42c07b0b9a25ff3964f2f5a7f2fc878d374cef,2024-03,Hampshire Constabulary,Hampshire Constabulary,-1.336137,50.927625,On or near High Street,E01022714,Eastleigh 009B,Shoplifting,Investigation complete; no suspect identified,
8049a6804fc798365ebb570ac8330dab50be2453f3b7d8a96e68746a330adeb8,2024-03,Hampshire Constabulary,Hampshire Constabulary,-1.336137,50.927625,On or near High Street,E01022714,Eastleigh 009B,Shoplifting,Court result unavailable,
b179f25d0cfb3aa6e49bea113c90c79279d699ad5f6c5d31294c81fac93fd421,2024-03,Hampshire Constabulary,Hampshire Constabulary,-1.327380,50.931028,On or near Catherine Gardens,E01022714,Eastleigh 009B,Violence and sexual offences,Unable to prosecute suspect,
fbc378f9d64a9df7e7bd6fb35f60e990cdddd156fc540205c01564d87333950c,2024-03,Hampshire Constabulary,Hampshire Constabulary,-1.332746,50.929917,On or near Chapel Road,E01022714,Eastleigh 009B,Burglary,Investigation complete; no suspect identified,
a9529e4987367dfedf58a0db0085fa82837292ca7c198e914c03edc9408d531a,2024-03,Hampshire Constabulary,Hampshire Constabulary,-1.333580,50.930299,On or near Patricia Close,E01022714,Eastleigh 009B,Burglary,Investigation complete; no suspect identified,
8c11c83686cd08dbf0967a5d8646d08f35fb60d9b941c666a1c311c81e93daca,2024-03,Hampshire Constabulary,Hampshire Constabulary,-1.336137,50.927625,On or near High Street,E01022714,Eastleigh 009B,Criminal damage and arson,Investigation complete; no suspect identified,
15c7a7cb315d48bc401622b24637137ae0b98a2932110a7d6dba9bceb25de6da,2024-03,Hampshire Constabulary,Hampshire Constabulary,-1.336137,50.927625,On or near High Street,E01022714,Eastleigh 009B,Shoplifting,Investigation complete; no suspect identified,
adacea2af855b964a9ace9e3b108397fd833da62fb78e043366010328e855d97,2024-03,Hampshire Constabulary,Hampshire Constabulary,-1.336137,50.927625,On or near High Street,E01022714,Eastleigh 009B,Shoplifting,Investigation complete; no suspect identified,
2cb7a39e6dcc9222073167cc42a88100770e431ccb31e6945c5457629f5c2e45,2024-03,Hampshire Constabulary,Hampshire Constabulary,-1.336137,50.927625,On or near High Street,E01022714,Eastleigh 009B,Shoplifting,Investigation complete; no suspect identified,
67c0cc03d1142ffd7c7da71ca9de28928ffe05307914329816adb19e3aa77cae,2024-03,Hampshire Constabulary,Hampshire Constabulary,-1.336137,50.927625,On or near High Street,E01022714,Eastleigh 009B,Vehicle crime,Investigation complete; no suspect identified,
cc42d52b22d89c803c2500905263550e73cf1c5aacee4afe43c1895ab0710981,2024-03,Hampshire Constabulary,Hampshire Constabulary,-1.327380,50.931028,On or near Catherine Gardens,E01022714,Eastleigh 009B,Violence and sexual offences,Unable to prosecute suspect,
bf38e45ad67b45019d770caa2d3cfcae4b4236dfda5d4ee125f30b51ad2dae38,2024-03,Hampshire Constabulary,Hampshire Constabulary,-1.352917,50.935480,On or near Hospital,E01022715,Eastleigh 009C,Burglary,Investigation complete; no suspect identified,
4138fb91d3fc23db99de046025a97dc3335a6fb8c281e22a44974f7ab527d0c5,2024-03,Hampshire Constabulary,Hampshire Constabulary,-1.343427,50.929285,On or near Supermarket,E01022715,Eastleigh 009C,Violence and sexual offences,Unable to prosecute suspect,
87d651e2c42a3622ac94890b232fafcf90d250a59dc7fc5500ab87066ebbe53f,2024-03,Hampshire Constabulary,Hampshire Constabulary,-1.343427,50.929285,On or near Supermarket,E01022715,Eastleigh 009C,Violence and sexual offences,Unable to prosecute suspect,
c827f34e6839a472b4f2dc204fd250728a50fe4cad46caf1de0feebbc27b266a,2024-03,Hampshire Constabulary,Hampshire Constabulary,-1.349757,50.935552,On or near Upmill Close,E01022715,Eastleigh 009C,Violence and sexual offences,Unable to prosecute suspect,
,2024-03,Hampshire Constabulary,Hampshire Constabulary,-1.351516,50.935948,On or near Romill Close,E01022715,Eastleigh 009C,Anti-social behaviour,,
5c5be07717441f108dcb401f6f1770d58e7448b3640d0463c509c1cfb50b07b4,2024-03,Hampshire Constabulary,Hampshire Constabulary,-1.345405,50.932353,On or near Barnsland,E01022715,Eastleigh 009C,Violence and sexual offences,Unable to prosecute suspect,
593fd94405e37f32cbb13545dbbbd9da7d57501e68b81dfa211da9bfcaa87a05,2024-03,Hampshire Constabulary,Hampshire Constabulary,-1.356409,50.933035,On or near Atlantic Park View,E01022716,Eastleigh 009D,Violence and sexual offences,Unable to prosecute suspect,
f50dd28c9acf77c9c0cceb23076abbc6ac3baa0cf6b375a5813f2fd5582e755d,2024-03,Hampshire Constabulary,Hampshire Constabulary,-1.356409,50.933035,On or near Atlantic Park View,E01022716,Eastleigh 009D,Violence and sexual offences,Unable to prosecute suspect,
6c7e08520bc93b4f049a4e3187a34e659140545cf855a6707e136b6a58ec7a70,2024-03,Hampshire Constabulary,Hampshire Constabulary,-1.352567,50.933032,On or near Parking Area,E01022716,Eastleigh 009D,Violence and sexual offences,Investigation complete; no suspect identified,
269225d3a2f3083316a8943b6186ac8deefb749fd2a203eea50f6fe8cc0f2089,2024-03,Hampshire Constabulary,Hampshire Constabulary,-1.348874,50.930538,On or near Welland Gardens,E01022716,Eastleigh 009D,Violence and sexual offences,Unable to prosecute suspect,
93df3a20ad8e5a0770da29c1433f20dd994d8372722d636f836cee75d840f473,2024-03,Hampshire Constabulary,Hampshire Constabulary,-1.355100,50.932030,On or near Shaw Close,E01022716,Eastleigh 009D,Violence and sexual offences,Status update unavailable,
d226161278b8eb1079d3277506e39b014c8a122d5098c00e2508be3d9fb9db14,2024-03,Hampshire Constabulary,Hampshire Constabulary,-1.348874,50.930538,On or near Welland Gardens,E01022716,Eastleigh 009D,Violence and sexual offences,Unable to prosecute suspect,
67faa94d41c06a7de926c7f871ce03e2b8856a63161deb3d5cb9051812ea1bf2,2024-03,Hampshire Constabulary,Hampshire Constabulary,-1.352371,50.926637,On or near Rother Close,E01022717,Eastleigh 009E,Burglary,Investigation complete; no suspect identified,
74b2408030c2fd16cf90837cac3c235be2815e771512d2c410e3d57d9a4105d9,2024-03,Hampshire Constabulary,Hampshire Constabulary,-1.353428,50.927362,On or near Cerne Close,E01022717,Eastleigh 009E,Possession of weapons,Court result unavailable,
a16ffc0855825d894f9ede31965857f73550a735db65da666481d1a3eaed272e,2024-03,Hampshire Constabulary,Hampshire Constabulary,-1.345887,50.927383,On or near Clifton Gardens,E01022717,Eastleigh 009E,Burglary,Investigation complete; no suspect identified,
2c329889f0ae9e2b10c12e3707b6ae176f9b8daf54114ebb9b15e83bbb95ad5c,2024-03,Hampshire Constabulary,Hampshire Constabulary,-1.353428,50.927362,On or near Cerne Close,E01022717,Eastleigh 009E,Criminal damage and arson,Unable to prosecute suspect,
5270cde0eea8bfc164da47826b9ae80eb38988e2a2061d81be56bff461adc0f8,2024-03,Hampshire Constabulary,Hampshire Constabulary,-1.345887,50.927383,On or near Clifton Gardens,E01022717,Eastleigh 009E,Other theft,Investigation complete; no suspect identified,
8c45a9711fecd3b3015e42f28dec2320b6771bc3a9ddc00b5584ebafb5d508e6,2024-03,Hampshire Constabulary,Hampshire Constabulary,-1.353428,50.927362,On or near Cerne Close,E01022717,Eastleigh 009E,Other theft,Investigation complete; no suspect identified,
5cbf2b730d885043f44e7d142e439c94384f06bada02aef46b1d5d53ff407bed,2024-03,Hampshire Constabulary,Hampshire Constabulary,-1.348078,50.931451,On or near Eden Road,E01022717,Eastleigh 009E,Violence and sexual offences,Status update unavailable,
2089a27504949ec4f4d20bdf17bdbcf0eed40c65590cc56a34d6acc38ef1a464,2024-03,Hampshire Constabulary,Hampshire Constabulary,-1.343000,50.923221,On or near Beauworth Avenue,E01022718,Eastleigh 009F,Burglary,Investigation complete; no suspect identified,
7d36cbfe917f946cac61145dc69895c81f90fe2f0a06b4af5946360365f2ac2e,2024-03,Hampshire Constabulary,Hampshire Constabulary,-1.338400,50.927539,On or near Glenlea Drive,E01022718,Eastleigh 009F,Other theft,Unable to prosecute suspect,
17cd441a0b6b727abec3e997c929586e71bb9c5f80cdc6db3101cccc04999460,2024-03,Hampshire Constabulary,Hampshire Constabulary,-1.347267,50.925386,On or near Swincombe Rise,E01022718,Eastleigh 009F,Violence and sexual offences,Unable to prosecute suspect,
81bcf69ecbe95d53f08ab6d5ed4c539bd43e4af2e8b21cc10a68a24794c09224,2024-03,Hampshire Constabulary,Hampshire Constabulary,-1.338400,50.927539,On or near Glenlea Drive,E01022718,Eastleigh 009F,Criminal damage and arson,Unable to prosecute suspect,
34f53f0fb210d3a27f87f578d1062722da5ba7b91d42b97787e977e8eb7ad892,2024-03,Hampshire Constabulary,Hampshire Constabulary,-1.338400,50.927539,On or near Glenlea Drive,E01022718,Eastleigh 009F,Violence and sexual offences,Unable to prosecute suspect,
b808568e8cbef2283909aba3cb9d399558291c5256b20789aec6f472f608104f,2024-03,Hampshire Constabulary,Hampshire Constabulary,-1.338400,50.927539,On or near Glenlea Drive,E01022718,Eastleigh 009F,Violence and sexual offences,Investigation complete; no suspect identified,
967deb3f3b8c68fb34a199f7914cba7045d43ad3fa4e2f74ba1836e7131d7317,2024-03,Hampshire Constabulary,Hampshire Constabulary,-1.329977,50.926529,On or near Crabwood Drive,E01022719,Eastleigh 009G,Burglary,Investigation complete; no suspect identified,
aa50234664f0279a6d3ce8150b2f6d9a6b1429f8a6b1a8cbc641e5fe41fb2321,2024-03,Hampshire Constabulary,Hampshire Constabulary,-1.335000,50.921495,On or near Moorhill Road,E01022719,Eastleigh 009G,Burglary,Investigation complete; no suspect identified,
1ed070818e7f4f83eacc8d41e787706dfb5037754dbc539c3498029f91eaef86,2024-03,Hampshire Constabulary,Hampshire Constabulary,-1.335121,50.925020,On or near Woodland Mews,E01022719,Eastleigh 009G,Burglary,Investigation complete; no suspect identified,
c9f6c248d13306d76f5d8ab4e051431150634965478fccc791df1e52a50fc661,2024-03,Hampshire Constabulary,Hampshire Constabulary,-1.313697,50.924771,On or near Shopping Area,E01022719,Eastleigh 009G,Other theft,Court result unavailable,
c4065bc39b1001720726da0e59f7dcf2f5d988fefb2385f3d8eda729b3b62485,2024-03,Hampshire Constabulary,Hampshire Constabulary,-1.313697,50.924771,On or near Shopping Area,E01022719,Eastleigh 009G,Public order,Unable to prosecute suspect,
bbd3670accb63a2282ef6d84e8804d5f54a715104d511e200db8043424ee7c40,2024-03,Hampshire Constabulary,Hampshire Constabulary,-1.313697,50.924771,On or near Shopping Area,E01022719,Eastleigh 009G,Public order,Unable to prosecute suspect,
c6d5bea25b3ed26d37e50b830972309696b6b1211c9adb6c0c385b8612a8ba8a,2024-03,Hampshire Constabulary,Hampshire Constabulary,-1.335000,50.921495,On or near Moorhill Road,E01022719,Eastleigh 009G,Vehicle crime,Investigation complete; no suspect identified,
f245ae2049f7e633e7170b5a77bf263bf5ebda2f18e36b011a53e5a82c0da351,2024-03,Hampshire Constabulary,Hampshire Constabulary,-1.322169,50.926286,On or near Marshall Drive,E01022719,Eastleigh 009G,Vehicle crime,Investigation complete; no suspect identified,
5ca5fbb90877497ee10542fc6117c188d578260da08d2286b5314b5efb02a9a8,2024-03,Hampshire Constabulary,Hampshire Constabulary,-1.313697,50.924771,On or near Shopping Area,E01022719,Eastleigh 009G,Violence and sexual offences,Unable to prosecute suspect,
718f32ffe49e6ce6d20fc7833b13dc04e6661143fe135b0a73575e027e14f21f,2024-03,Hampshire Constabulary,Hampshire Constabulary,-1.313697,50.924771,On or near Shopping Area,E01022719,Eastleigh 009G,Violence and sexual offences,Unable to prosecute suspect,
84bb42e26b47e37bf00900f0054b7777387b840ffa146222a8ffb7b5aa1017bb,2024-03,Hampshire Constabulary,Hampshire Constabulary,-1.331353,50.923821,On or near Telegraph Road,E01022719,Eastleigh 009G,Burglary,Unable to prosecute suspect,
822b34062d3b78555a4f9a9844c388ec789c248013dfd88f57b4d852c16c5554,2024-03,Hampshire Constabulary,Hampshire Constabulary,-1.332409,50.919681,On or near Moorhill Road,E01022719,Eastleigh 009G,Burglary,Status update unavailable,
81bcf4054e75722db3e23529a89bf36df576313854015176cd6c28f324ef463b,2024-03,Hampshire Constabulary,Hampshire Constabulary,-1.322169,50.926286,On or near Marshall Drive,E01022719,Eastleigh 009G,Other theft,Investigation complete; no suspect identified,
c3a5baa863973a56e0cb3fe7dfff0f5718da485123996e02747628cb6bb62061,2024-03,Hampshire Constabulary,Hampshire Constabulary,-1.313697,50.924771,On or near Shopping Area,E01022719,Eastleigh 009G,Public order,Investigation complete; no suspect identified,
8aca6ce8419ad2d0836be1180ea623ab0faf4e4017ecd54419aed73078b6364e,2024-03,Hampshire Constabulary,Hampshire Constabulary,-1.329200,50.925130,On or near Telegraph Heights,E01022719,Eastleigh 009G,Vehicle crime,Investigation complete; no suspect identified,
418cd1ea20403611d19800908d05a294bae6d4f0191dc3e2e182ded508754ff4,2024-03,Hampshire Constabulary,Hampshire Constabulary,-1.322169,50.926286,On or near Marshall Drive,E01022719,Eastleigh 009G,Vehicle crime,Investigation complete; no suspect identified,
1cdd93ae898cee1fe10b30c375b19e715e48e58e796416b3042aae3e94daae35,2024-03,Hampshire Constabulary,Hampshire Constabulary,-1.334424,50.922975,On or near Beacon Road,E01022719,Eastleigh 009G,Vehicle crime,Investigation complete; no suspect identified,
8ede5f01a9e9b523490167b18fcf1f9f465e6bda7a8679cb103059a24586dda3,2024-03,Hampshire Constabulary,Hampshire Constabulary,-1.298490,50.933115,On or near Cheltenham Gardens,E01022691,Eastleigh 010B,Violence and sexual offences,Local resolution,
84e60ff8491c693418cfa38ec3c8bdd839664aadd62577d7c0676910cc0a06fc,2024-03,Hampshire Constabulary,Hampshire Constabulary,-1.299756,50.932179,On or near Bluestar Gardens,E01022691,Eastleigh 010B,Other crime,Formal action is not in the public interest,
89614954b979275cab2256dbdf0df553aa631bfb583c14264c0029af8377a4f4,2024-03,Hampshire Constabulary,Hampshire Constabulary,-1.299756,50.932179,On or near Bluestar Gardens,E01022691,Eastleigh 010B,Other crime,Further investigation is not in the public interest,
,2024-03,Hampshire Constabulary,Hampshire Constabulary,-1.294414,50.931670,On or near Shamblehurst Lane North,E01022691,Eastleigh 010B,Anti-social behaviour,,
afd6d597c0df5224cb55cdb43dac8d7b865323798fb240c651215340a3874c01,2024-03,Hampshire Constabulary,Hampshire Constabulary,-1.295142,50.932448,On or near Parking Area,E01022691,Eastleigh 010B,Burglary,Unable to prosecute suspect,
29df244a75d98454d8fb37e751d504a62db932486ab1c75924543bab5bf7c01b,2024-03,Hampshire Constabulary,Hampshire Constabulary,-1.295142,50.932448,On or near Parking Area,E01022691,Eastleigh 010B,Other theft,Unable to prosecute suspect,
2c1064f7806dea9acf2d0dbc03d0cb5abdecc5640c270bf8c057ed96b8593375,2024-03,Hampshire Constabulary,Hampshire Constabulary,-1.298490,50.933115,On or near Cheltenham Gardens,E01022691,Eastleigh 010B,Violence and sexual offences,Unable to prosecute suspect,
,2024-03,Hampshire Constabulary,Hampshire Constabulary,-1.292921,50.928765,On or near Leatherhead Gardens,E01022693,Eastleigh 010D,Anti-social behaviour,,
2728df248cfdd70da486486f85ef54f22e8e76fcd4ea78f4d91ffd7aafa11d68,2024-03,Hampshire Constabulary,Hampshire Constabulary,-1.295951,50.927830,On or near Maunsell Way,E01022693,Eastleigh 010D,Other theft,Investigation complete; no suspect identified,
ce3a23edbcab18d01b708a29c623b0c769d29a77697c658dd828c454580562ac,2024-03,Hampshire Constabulary,Hampshire Constabulary,-1.297950,50.928337,On or near Elliot Rise,E01022693,Eastleigh 010D,Theft from the person,Status update unavailable,
,2024-03,Hampshire Constabulary,Hampshire Constabulary,-1.293005,50.919423,On or near Grange Drive,E01022694,Eastleigh 010E,Anti-social behaviour,,
,2024-03,Hampshire Constabulary,Hampshire Constabulary,-1.295904,50.925339,On or near Cudworth Mead,E01022694,Eastleigh 010E,Anti-social behaviour,,
,2024-03,Hampshire Constabulary,Hampshire Constabulary,-1.295904,50.925339,On or near Cudworth Mead,E01022694,Eastleigh 010E,Anti-social behaviour,,
4fdd2f6ae4437627ffcffd66b7b64f432dfc0729cf232d067d395af71b760c59,2024-03,Hampshire Constabulary,Hampshire Constabulary,-1.296950,50.921964,On or near Missenden Acres,E01022694,Eastleigh 010E,Burglary,Status update unavailable,
c6834a6681ad3ddd15012cc803f094aa37f6d59392f9cb56cc8f616f9f8ed6e4,2024-03,Hampshire Constabulary,Hampshire Constabulary,-1.300614,50.926240,On or near Parking Area,E01022694,Eastleigh 010E,Criminal damage and arson,Investigation complete; no suspect identified,
2d5fb9426ab6ca036e3e48a095d29b5616b16ac62f4c698e4553d0a3897d11a7,2024-03,Hampshire Constabulary,Hampshire Constabulary,-1.293005,50.919423,On or near Grange Drive,E01022694,Eastleigh 010E,Public order,Investigation complete; no suspect identified,
8ce2af07c848d49a335f331596e7a624fb3349015a7c5a0882af9ea4080e2300,2024-03,Hampshire Constabulary,Hampshire Constabulary,-1.293005,50.919423,On or near Grange Drive,E01022694,Eastleigh 010E,Violence and sexual offences,Unable to prosecute suspect,
8936d91a9ea8b25dc1b9e4b1689b82d69a64bc77a7c1e54337aae12d5e27a83f,2024-03,Hampshire Constabulary,Hampshire Constabulary,-1.288963,50.927977,On or near Mallett Close,E01022694,Eastleigh 010E,Violence and sexual offences,Investigation complete; no suspect identified,
092a315d5059eed5c617bacc7c6d2f182ee02d9e7fa14ec9f6e66c2d7c3780eb,2024-03,Hampshire Constabulary,Hampshire Constabulary,-1.293005,50.919423,On or near Grange Drive,E01022694,Eastleigh 010E,Violence and sexual offences,Unable to prosecute suspect,
c9ea80bcf185f11a68b958f0ffdfb6bab0f961216a2d487e405b506552453432,2024-03,Hampshire Constabulary,Hampshire Constabulary,-1.293005,50.919423,On or near Grange Drive,E01022694,Eastleigh 010E,Violence and sexual offences,Unable to prosecute suspect,
a7580d5055be2d529da864921dbd0450aae0c468f4cb96e299d4cd90fc8f5fb8,2024-03,Hampshire Constabulary,Hampshire Constabulary,-1.293609,50.935963,On or near Shamblehurst Lane North,E01035438,Eastleigh 010F,Burglary,Unable to prosecute suspect,
9d35dad9a9b0c4b8c3f11563971b3e759131438574957f144e701ca38ac134ee,2024-03,Hampshire Constabulary,Hampshire Constabulary,-1.278841,50.933832,On or near Kingsman Drive,E01035438,Eastleigh 010F,Violence and sexual offences,Unable to prosecute suspect,
b310b842a151b926162afc9d5b2436b1bba04824fa337510203e10f67dc8f922,2024-03,Hampshire Constabulary,Hampshire Constabulary,-1.277830,50.934752,On or near Appleby Drive,E01035438,Eastleigh 010F,Violence and sexual offences,Unable to prosecute suspect,
75e2cff0a77954c4a7c47836fe6fc7563e1111fe4bcabb93403d7381e1095dc5,2024-03,Hampshire Constabulary,Hampshire Constabulary,-1.277830,50.934752,On or near Appleby Drive,E01035438,Eastleigh 010F,Violence and sexual offences,Local resolution,
b0aab3447ce17e8283e9a83772c301ee830f6ce6e670ba348d12007aad956650,2024-03,Hampshire Constabulary,Hampshire Constabulary,-1.276823,50.929071,On or near Wallace Avenue,E01035438,Eastleigh 010F,Violence and sexual offences,Action to be taken by another organisation,
,2024-03,Hampshire Constabulary,Hampshire Constabulary,-1.283740,50.932684,On or near Winchester Road,E01035438,Eastleigh 010F,Anti-social behaviour,,
,2024-03,Hampshire Constabulary,Hampshire Constabulary,-1.277830,50.934752,On or near Appleby Drive,E01035438,Eastleigh 010F,Anti-social behaviour,,
,2024-03,Hampshire Constabulary,Hampshire Constabulary,-1.277830,50.934752,On or near Appleby Drive,E01035438,Eastleigh 010F,Anti-social behaviour,,
4bf0c208b5c92acd2a59fbc56b508454cc2382fa4ea3db60e1742ab861b3a617,2024-03,Hampshire Constabulary,Hampshire Constabulary,-1.293609,50.935963,On or near Shamblehurst Lane North,E01035438,Eastleigh 010F,Burglary,Investigation complete; no suspect identified,
1ca541b851b4e9db349ebb3c942c0e7664b34364e9be4d32ae36a36698659c89,2024-03,Hampshire Constabulary,Hampshire Constabulary,-1.278841,50.933832,On or near Kingsman Drive,E01035438,Eastleigh 010F,Other theft,Investigation complete; no suspect identified,
dd94aea7c699e4a9e937efbca0071be1d5c88be7beaf01beaa8725ff298cab13,2024-03,Hampshire Constabulary,Hampshire Constabulary,-1.283626,50.935471,On or near Hilly Field Close,E01035438,Eastleigh 010F,Public order,Investigation complete; no suspect identified,
fc8e771e9c00774973867231abdcdfe1da15e00774974aad76675446e671a1ce,2024-03,Hampshire Constabulary,Hampshire Constabulary,-1.277830,50.934752,On or near Appleby Drive,E01035438,Eastleigh 010F,Violence and sexual offences,Status update unavailable,
639ce3c257a83ed91a404c32ac9ecb1bece334a419117880f100223608c4c95a,2024-03,Hampshire Constabulary,Hampshire Constabulary,-1.278840,50.932933,On or near Morley Lee Mews,E01035438,Eastleigh 010F,Violence and sexual offences,Unable to prosecute suspect,
e411e852ce0a651cfe3648770308b19df33ec4dea16bcec352f8d70ebe9a2e83,2024-03,Hampshire Constabulary,Hampshire Constabulary,-1.279178,50.935030,On or near Way Field Close,E01035438,Eastleigh 010F,Violence and sexual offences,Status update unavailable,
620b0da73c37894ac5ef44bdae790282b9a916dacfd999f264cfa1d9fc38bb23,2024-03,Hampshire Constabulary,Hampshire Constabulary,-1.278840,50.932933,On or near Morley Lee Mews,E01035438,Eastleigh 010F,Violence and sexual offences,Unable to prosecute suspect,
d04011b08c3febee40c3fb655bbb7f152a77dcad0aa9eaef63f4a4499cd83d23,2024-03,Hampshire Constabulary,Hampshire Constabulary,-1.293609,50.935963,On or near Shamblehurst Lane North,E01035438,Eastleigh 010F,Violence and sexual offences,Unable to prosecute suspect,
4b30866988854edee950cd829ea82548bba640a58f44d9a5d59dcb67bdabd4c6,2024-03,Hampshire Constabulary,Hampshire Constabulary,-1.303583,50.936104,On or near Terrier Close,E01035439,Eastleigh 010G,Public order,Unable to prosecute suspect,
3fac7edfbd5a02c1749e05fc43cf0f330b72922f4c672454d6546262bb981889,2024-03,Hampshire Constabulary,Hampshire Constabulary,-1.307585,50.931092,On or near Parking Area,E01035439,Eastleigh 010G,Public order,Unable to prosecute suspect,
d62ebc089885a819d8d376bb028570505fb1d59cf2d52fb963bc953a7707c82d,2024-03,Hampshire Constabulary,Hampshire Constabulary,-1.303583,50.936104,On or near Terrier Close,E01035439,Eastleigh 010G,Violence and sexual offences,Offender given a caution,
,2024-03,Hampshire Constabulary,Hampshire Constabulary,-1.300737,50.929388,On or near Budds Close,E01035439,Eastleigh 010G,Anti-social behaviour,,
030cdd6f516a674fc7037f75b26497d3d682d1ace1e5b3a68a05e1639b1acf03,2024-03,Hampshire Constabulary,Hampshire Constabulary,-1.307581,50.930409,On or near Pomeroy Crescent,E01035439,Eastleigh 010G,Other theft,Investigation complete; no suspect identified,
ad499354d1042ff91fb84df9e4a8d132f22ebbaef0d4f67f816416fdeb02bd0e,2024-03,Hampshire Constabulary,Hampshire Constabulary,-1.306554,50.930582,On or near Hibberd Rise,E01035439,Eastleigh 010G,Violence and sexual offences,Unable to prosecute suspect,
f34cc875e0a75fdd1c179becbf9253c0f3bde075e5164801e165652fb38405d8,2024-03,Hampshire Constabulary,Hampshire Constabulary,-1.303362,50.927983,On or near Paynes Place,E01035440,Eastleigh 010H,Criminal damage and arson,Local resolution,
5cf6ac9b57fb3b5e292bfcc52a6287ab3bfd12dee516ff91851a59b9484b27fa,2024-03,Hampshire Constabulary,Hampshire Constabulary,-1.302908,50.928879,On or near Warner Close,E01035440,Eastleigh 010H,Drugs,Local resolution,
9101da39a450ec0a4bf7eec40567f348e4eca7505a0dd7f03297d190bfcf5f79,2024-03,Hampshire Constabulary,Hampshire Constabulary,-1.303485,50.927399,On or near Wilkins Road,E01035440,Eastleigh 010H,Violence and sexual offences,Further action is not in the public interest,
e71d7974d738714493b5ffae54360b2ffad7de36ec63d413c0ee618664844b6d,2024-03,Hampshire Constabulary,Hampshire Constabulary,-1.303362,50.927983,On or near Paynes Place,E01035440,Eastleigh 010H,Violence and sexual offences,Unable to prosecute suspect,
dcd9ea01f763f3af10e4b54df1bf88c102f31615b4862bf2c87f0f1728965fcd,2024-03,Hampshire Constabulary,Hampshire Constabulary,-1.303362,50.927983,On or near Paynes Place,E01035440,Eastleigh 010H,Violence and sexual offences,Unable to prosecute suspect,
63d8729a716c1285fe2aa02f4abb8af359a2481e40487c5c051107c71be422d0,2024-03,Hampshire Constabulary,Hampshire Constabulary,-1.304061,50.927888,On or near Barfoot Road,E01035440,Eastleigh 010H,Other theft,Investigation complete; no suspect identified,
0fcde0a914d76e36d0c3dc09d276db664f6e9cf13ef90000033bdc2dbf76091a,2024-03,Hampshire Constabulary,Hampshire Constabulary,-1.307867,50.928360,On or near Mescott Meadows,E01035440,Eastleigh 010H,Vehicle crime,Court result unavailable,
24e2f7a6485364dcc3ed0cd7a01b5041620331a5ea36367356fa66645b1031eb,2024-03,Hampshire Constabulary,Hampshire Constabulary,-1.302908,50.928879,On or near Warner Close,E01035440,Eastleigh 010H,Violence and sexual offences,Unable to prosecute suspect,
86f35b07bc10efb0a04e9eb3cfdcd3cca64cd104829d9ff105010b0818817b5e,2024-03,Hampshire Constabulary,Hampshire Constabulary,-1.302908,50.928879,On or near Warner Close,E01035440,Eastleigh 010H,Violence and sexual offences,Unable to prosecute suspect,
0d07e80981abd1343b4d019e9794fcfa8cc15c39f2af9627633c13aa51745fd3,2024-03,Hampshire Constabulary,Hampshire Constabulary,-1.302908,50.928879,On or near Warner Close,E01035440,Eastleigh 010H,Violence and sexual offences,Investigation complete; no suspect identified,
0e589940ccd7e497b07ce107d65b304459db49a1510510d161e2cdee487d51bd,2024-03,Hampshire Constabulary,Hampshire Constabulary,-1.306140,50.927783,On or near Lebburn Meadows,E01035440,Eastleigh 010H,Violence and sexual offences,Unable to prosecute suspect,
716c0fac8c35b50e6362516bae4920850bce888c44e7a1d40d8a4f8922ea88ba,2024-03,Hampshire Constabulary,Hampshire Constabulary,-1.274862,50.915175,On or near High Street,E01035441,Eastleigh 010I,Possession of weapons,Unable to prosecute suspect,
b42b4aaad68ddce6623355691a175d8c544e13a694c906f6e8d163e8f7a2170a,2024-03,Hampshire Constabulary,Hampshire Constabulary,-1.274075,50.929135,On or near Nairn Road,E01035441,Eastleigh 010I,Violence and sexual offences,Unable to prosecute suspect,
,2024-03,Hampshire Constabulary,Hampshire Constabulary,-1.274075,50.929135,On or near Nairn Road,E01035441,Eastleigh 010I,Anti-social behaviour,,
,2024-03,Hampshire Constabulary,Hampshire Constabulary,-1.277753,50.923214,On or near Winchester Road,E01035441,Eastleigh 010I,Anti-social behaviour,,
,2024-03,Hampshire Constabulary,Hampshire Constabulary,-1.277753,50.923214,On or near Winchester Road,E01035441,Eastleigh 010I,Anti-social behaviour,,
3061e6dad9c1a47e0176f25a4718fe55cfa4cd1ccd09ead5fab0336c9da8eb32,2024-03,Hampshire Constabulary,Hampshire Constabulary,-1.277599,50.926693,On or near Oatlands Road,E01035441,Eastleigh 010I,Burglary,Investigation complete; no suspect identified,
c26b8d6a49908fc1050884f4bb39760c86131df1d5af85748977978d73105e86,2024-03,Hampshire Constabulary,Hampshire Constabulary,-1.270643,50.914604,On or near Supermarket,E01035441,Eastleigh 010I,Other theft,Investigation complete; no suspect identified,
00d51eea72319fe7ae39ce647145ab7568f8eb3a62ae651bd9acc996d203e88f,2024-03,Hampshire Constabulary,Hampshire Constabulary,-1.274075,50.929135,On or near Nairn Road,E01035441,Eastleigh 010I,Violence and sexual offences,Investigation complete; no suspect identified,
f8c7dac04ecc4d218ec5896e234a5b449ff68dc89d38fc0e338e0086909e34db,2024-03,Hampshire Constabulary,Hampshire Constabulary,-1.275242,50.916346,On or near Jenkyns Close,E01022652,Eastleigh 011A,Burglary,Court result unavailable,
52069a9e5e768501e0487cec077c6d253050ed659536d1158d119791e34cfc4a,2024-03,Hampshire Constabulary,Hampshire Constabulary,-1.275242,50.916346,On or near Jenkyns Close,E01022652,Eastleigh 011A,Burglary,Investigation complete; no suspect identified,
38d748567f5334e2c96f4b31c3f84058d190cf127ee26510d8e38430bdbebbcd,2024-03,Hampshire Constabulary,Hampshire Constabulary,-1.290047,50.916554,On or near Petrol Station,E01022652,Eastleigh 011A,Public order,Further action is not in the public interest,
d1e5b44221ae4104b13c9da7d321525d67db2919ea3729c4a524a547013e571f,2024-03,Hampshire Constabulary,Hampshire Constabulary,-1.275196,50.918360,On or near Amberley Close,E01022652,Eastleigh 011A,Public order,Unable to prosecute suspect,
719231f46ac93b85caf9963d0a543348b7a618a9aea771b04ae96bfbafc0c77e,2024-03,Hampshire Constabulary,Hampshire Constabulary,-1.275129,50.919052,On or near Glebe Court,E01022652,Eastleigh 011A,Vehicle crime,Investigation complete; no suspect identified,
9e8d27859cbc13d24b35964e0911d1fad1d9a395b0ad5ddf81fa3f0769737881,2024-03,Hampshire Constabulary,Hampshire Constabulary,-1.273390,50.913736,On or near Kilford Court,E01022652,Eastleigh 011A,Vehicle crime,Unable to prosecute suspect,
014fcb262761ccc77716245d57acec04d70740c00a033f81dfaa9cd1a6912a25,2024-03,Hampshire Constabulary,Hampshire Constabulary,-1.275556,50.913506,On or near Bailey Close,E01022652,Eastleigh 011A,Violence and sexual offences,Offender given a caution,
464ca9a7b0e2c8405be76498ead6631fe232eda88ea02b6e3c82bcc177c0dd96,2024-03,Hampshire Constabulary,Hampshire Constabulary,-1.277055,50.916834,On or near Downland Close,E01022652,Eastleigh 011A,Vehicle crime,Investigation complete; no suspect identified,
72f0d8441737c921169071513168a6a0c07ea2f754b7af64e490240fb417c0ac,2024-03,Hampshire Constabulary,Hampshire Constabulary,-1.275556,50.913506,On or near Bailey Close,E01022652,Eastleigh 011A,Violence and sexual offences,Unable to prosecute suspect,
0e2ce9fc21cdac16b3f1475b1d4697cedf614b994fabf75d3a6199984ddb00c5,2024-03,Hampshire Constabulary,Hampshire Constabulary,-1.294889,50.914335,On or near Poplar Way,E01022695,Eastleigh 011B,Drugs,Offender given a caution,
3dad506119b608cdf130cc8763514c7341fe6e330c06e0a19685986ea34a4517,2024-03,Hampshire Constabulary,Hampshire Constabulary,-1.302627,50.913510,On or near Supermarket,E01022695,Eastleigh 011B,Shoplifting,Investigation complete; no suspect identified,
b51b62cf90151f5bcc182ed62a1ba5c66ac3138cfb9ac9459127d8ba434da967,2024-03,Hampshire Constabulary,Hampshire Constabulary,-1.302627,50.913510,On or near Supermarket,E01022695,Eastleigh 011B,Violence and sexual offences,Unable to prosecute suspect,
1c8d6e71e43fe816ce35c0e547ccac933a12f61648671f7928c05aea643da0a2,2024-03,Hampshire Constabulary,Hampshire Constabulary,-1.299756,50.919868,On or near Taplin Drive,E01022700,Eastleigh 011C,Criminal damage and arson,Investigation complete; no suspect identified,
591ab441fab95fa50dd6c1a126630f2efd60a61257ccf404122ab3d6f6c9ae49,2024-03,Hampshire Constabulary,Hampshire Constabulary,-1.307595,50.919852,On or near Fowlers Road,E01022700,Eastleigh 011C,Drugs,Local resolution,
4a2f6e27bf36e90300ea4817d80d4b9cd26a42e076c6f2537c293c703c4eb20d,2024-03,Hampshire Constabulary,Hampshire Constabulary,-1.311681,50.923938,On or near Shopping Area,E01022700,Eastleigh 011C,Other theft,Investigation complete; no suspect identified,
ef3db3164354214781677840ec94fb0ff0ead6c2efd28df16340f88636241009,2024-03,Hampshire Constabulary,Hampshire Constabulary,-1.299756,50.919868,On or near Taplin Drive,E01022700,Eastleigh 011C,Public order,Investigation complete; no suspect identified,
d6a52768b8cb46adf6ef0daabac57e66e975f264cf564afc69fdc5ddea04a486,2024-03,Hampshire Constabulary,Hampshire Constabulary,-1.304380,50.920831,On or near Wildern Court,E01022700,Eastleigh 011C,Shoplifting,Court result unavailable,
782a4a54daffbc37da1520a39e3e245bb737632ddadeac3c61bb6a19aa2144fd,2024-03,Hampshire Constabulary,Hampshire Constabulary,-1.302499,50.914381,On or near Cedar Close,E01022700,Eastleigh 011C,Shoplifting,Investigation complete; no suspect identified,
e938ef17ec5eb2dd7c9d6b861932d6b2ea351de0b50211dd8e14e156759a7acb,2024-03,Hampshire Constabulary,Hampshire Constabulary,-1.304723,50.914016,On or near Parking Area,E01022700,Eastleigh 011C,Shoplifting,Investigation complete; no suspect identified,
d7bf9d53755cb0e20b70ea5cf919a89c1e6716bd1275f98cb998460bbb27190f,2024-03,Hampshire Constabulary,Hampshire Constabulary,-1.304380,50.920831,On or near Wildern Court,E01022700,Eastleigh 011C,Shoplifting,Court result unavailable,
0e7ed118c98ad9d610c2102083a7987382a62cd165cc687c57ec90039c25f37a,2024-03,Hampshire Constabulary,Hampshire Constabulary,-1.304380,50.920831,On or near Wildern Court,E01022700,Eastleigh 011C,Shoplifting,Court result unavailable,
f11cfbebe899d35840a31c79b81423515595e56fb7d6a3cd6b595d0c03bb37c9,2024-03,Hampshire Constabulary,Hampshire Constabulary,-1.304380,50.920831,On or near Wildern Court,E01022700,Eastleigh 011C,Shoplifting,Court result unavailable,
b973a5f2e0021e0d877426083d1f5922a98ab73f2316c42df08270672e934824,2024-03,Hampshire Constabulary,Hampshire Constabulary,-1.304380,50.920831,On or near Wildern Court,E01022700,Eastleigh 011C,Shoplifting,Investigation complete; no suspect identified,
907e8debffab46df8dcfb02dc933be6e5a5a78edbdc12908de4d516563519039,2024-03,Hampshire Constabulary,Hampshire Constabulary,-1.311681,50.923938,On or near Shopping Area,E01022700,Eastleigh 011C,Shoplifting,Investigation complete; no suspect identified,
d29d00bed065ab612810ce080686b7175ba88cdee285e93f30552563a21aafed,2024-03,Hampshire Constabulary,Hampshire Constabulary,-1.310055,50.918958,On or near Berrywood Gardens,E01022700,Eastleigh 011C,Vehicle crime,Investigation complete; no suspect identified,
001ea9058478a8e2d42d9ba9a7f45d539f3ecfbbcf2523e61b4889048584df84,2024-03,Hampshire Constabulary,Hampshire Constabulary,-1.306015,50.919905,On or near Jasmine Road,E01022700,Eastleigh 011C,Violence and sexual offences,Unable to prosecute suspect,
17fe3ba90c0f79821eff0c286f233e13bfbc4c4752548095da7c0788f193aaf4,2024-03,Hampshire Constabulary,Hampshire Constabulary,-1.299756,50.919868,On or near Taplin Drive,E01022700,Eastleigh 011C,Violence and sexual offences,Local resolution,
790f4973062dfdf256b46a58914e663eb1b6780d995757e062efce2be01ae410,2024-03,Hampshire Constabulary,Hampshire Constabulary,-1.299756,50.919868,On or near Taplin Drive,E01022700,Eastleigh 011C,Violence and sexual offences,Formal action is not in the public interest,
,2024-03,Hampshire Constabulary,Hampshire Constabulary,-1.303801,50.926268,On or near Haileybury Gardens,E01022700,Eastleigh 011C,Anti-social behaviour,,
,2024-03,Hampshire Constabulary,Hampshire Constabulary,-1.304380,50.920831,On or near Wildern Court,E01022700,Eastleigh 011C,Anti-social behaviour,,
,2024-03,Hampshire Constabulary,Hampshire Constabulary,-1.311681,50.923938,On or near Shopping Area,E01022700,Eastleigh 011C,Anti-social behaviour,,
617c0e4ae2224dd05b1d163f2f8ed66d9c352d8992e1f2ec56a437a74500472e,2024-03,Hampshire Constabulary,Hampshire Constabulary,-1.311681,50.923938,On or near Shopping Area,E01022700,Eastleigh 011C,Burglary,Investigation complete; no suspect identified,
a85bcc16c3407b562dc3cc1b7cda8b689053835eb5f664c621b8b06c04a9562c,2024-03,Hampshire Constabulary,Hampshire Constabulary,-1.303801,50.926268,On or near Haileybury Gardens,E01022700,Eastleigh 011C,Criminal damage and arson,Status update unavailable,
f85edb81736042640ff13503a1108d00bd7def85b5aae6e04356ae13142aec0b,2024-03,Hampshire Constabulary,Hampshire Constabulary,-1.308787,50.920057,On or near Pudbrooke Gardens,E01022700,Eastleigh 011C,Criminal damage and arson,Investigation complete; no suspect identified,
dbd9b8e042cbc4272027d8f5ff8e83d9546ccf498e4bace2628b7a8204bdd85a,2024-03,Hampshire Constabulary,Hampshire Constabulary,-1.311681,50.923938,On or near Shopping Area,E01022700,Eastleigh 011C,Other theft,Investigation complete; no suspect identified,
da6b3cb0c7c2d5358775e094d797337389c9d4f8a738287581c0772d19504231,2024-03,Hampshire Constabulary,Hampshire Constabulary,-1.302499,50.914381,On or near Cedar Close,E01022700,Eastleigh 011C,Other theft,Investigation complete; no suspect identified,
3f39dd76b0ba6e08de1e0c3602389190ee6aa6587a864a603540081d3232aea1,2024-03,Hampshire Constabulary,Hampshire Constabulary,-1.304380,50.920831,On or near Wildern Court,E01022700,Eastleigh 011C,Shoplifting,Investigation complete; no suspect identified,
172a782284991896335766246fe897a24702d901c30b2942f9485d7447d6113e,2024-03,Hampshire Constabulary,Hampshire Constabulary,-1.302499,50.914381,On or near Cedar Close,E01022700,Eastleigh 011C,Shoplifting,Investigation complete; no suspect identified,
bd55019adcf880171a66666ba9b8b51a45117a07fb40b53009daa41cf061e553,2024-03,Hampshire Constabulary,Hampshire Constabulary,-1.304380,50.920831,On or near Wildern Court,E01022700,Eastleigh 011C,Shoplifting,Status update unavailable,
b3a359c5a781449563f902118105bfc31ea880c52bf2d6a65faa744727a211e6,2024-03,Hampshire Constabulary,Hampshire Constabulary,-1.304380,50.920831,On or near Wildern Court,E01022700,Eastleigh 011C,Shoplifting,Investigation complete; no suspect identified,
315805e906a52efa1e9ac1f207684e7fcd19063c9011d756d7e24b06857ecb07,2024-03,Hampshire Constabulary,Hampshire Constabulary,-1.304380,50.920831,On or near Wildern Court,E01022700,Eastleigh 011C,Shoplifting,Investigation complete; no suspect identified,
cef8b2ec53738100edbc8db3eb508fc6b6bf4847dbfe0278ca1e0da85e0990c1,2024-03,Hampshire Constabulary,Hampshire Constabulary,-1.299756,50.919868,On or near Taplin Drive,E01022700,Eastleigh 011C,Violence and sexual offences,Unable to prosecute suspect,
7c7e89c022d16e9f5f419531b8e5ea400689dbfd18f75e69d0c6b49e57f36a88,2024-03,Hampshire Constabulary,Hampshire Constabulary,-1.300850,50.915243,On or near Ratcliffe Road,E01022701,Eastleigh 011D,Violence and sexual offences,Unable to prosecute suspect,
2ab13691e2853b0fe41ff365b75e8d0253fc2b28050edd81240df53c4947185a,2024-03,Hampshire Constabulary,Hampshire Constabulary,-1.302412,50.925891,On or near St Lukes Close,E01022703,Eastleigh 011E,Public order,Status update unavailable,
b7a6116b4088227fcdad385800480d2b33c19aa19341454b2cb28e457ee01aa2,2024-03,Hampshire Constabulary,Hampshire Constabulary,-1.301004,50.923922,On or near Chichester Close,E01022703,Eastleigh 011E,Violence and sexual offences,Unable to prosecute suspect,
6d6ddfd99e8604bf15fcdaf901c53269880e54aaab53a948ee18bbc5a3ae1e63,2024-03,Hampshire Constabulary,Hampshire Constabulary,-1.290201,50.910152,On or near Sengana Close,E01022651,Eastleigh 012A,Burglary,Investigation complete; no suspect identified,
efc297c796a7e956584c336953907e44b913a4be2b95fa647ccf84c648361eea,2024-03,Hampshire Constabulary,Hampshire Constabulary,-1.288517,50.911482,On or near Sovereign Drive,E01022651,Eastleigh 012A,Burglary,Court result unavailable,
17f543222339ea8a9b564525d5d0019e8e7eab97e0373c0b1902888ee9ab09e0,2024-03,Hampshire Constabulary,Hampshire Constabulary,-1.289482,50.907909,On or near Tickner Close,E01022651,Eastleigh 012A,Vehicle crime,Investigation complete; no suspect identified,
c45999279da7943b9a680d30130928bc526ccec795d5028a72814b2d167fa1df,2024-03,Hampshire Constabulary,Hampshire Constabulary,-1.289709,50.909808,On or near Precosa Road,E01022651,Eastleigh 012A,Burglary,Status update unavailable,
de97d7a5f3e8d31c1b14acd3c2c64d7626975078ebe10493993a8284b089c4a9,2024-03,Hampshire Constabulary,Hampshire Constabulary,-1.292860,50.910249,On or near Crusader Road,E01022651,Eastleigh 012A,Vehicle crime,Investigation complete; no suspect identified,
727584ffd3d361d1503da30b0b79999ecb272c64b0e530a7c9165b4d18e08d76,2024-03,Hampshire Constabulary,Hampshire Constabulary,-1.301450,50.912207,On or near Speggs Walk,E01022696,Eastleigh 012B,Burglary,Investigation complete; no suspect identified,
09952300c43c1e4e2f6d3baeb4c2dcb255e8f220e0e88e69da7a27b5a0aa6eb0,2024-03,Hampshire Constabulary,Hampshire Constabulary,-1.300507,50.913407,On or near Coulsdon Road,E01022696,Eastleigh 012B,Violence and sexual offences,Investigation complete; no suspect identified,
ece59934cc85d932613af00ff5c92a1526b252f7a8ed940588f765caebd0c369,2024-03,Hampshire Constabulary,Hampshire Constabulary,-1.306936,50.911575,On or near Oak Tree Gardens,E01022697,Eastleigh 012C,Criminal damage and arson,Awaiting court outcome,
7cd98a41e50c3f332ad07b053c0b8463d9d7f41f40363827b50a860136f148aa,2024-03,Hampshire Constabulary,Hampshire Constabulary,-1.311680,50.906252,On or near Damen Close,E01022697,Eastleigh 012C,Vehicle crime,Unable to prosecute suspect,
ba3b3112131cd1e1bc74be8045d196a73c8965144964fbd09e99338c8d9090e8,2024-03,Hampshire Constabulary,Hampshire Constabulary,-1.309956,50.910316,On or near Granada Road,E01022697,Eastleigh 012C,Vehicle crime,Awaiting court outcome,
1fc49cf9d21c829cc5751c1a6c706727e7c182fbc7c143dea9ef66e2870b9ebe,2024-03,Hampshire Constabulary,Hampshire Constabulary,-1.316652,50.910490,On or near The Heights,E01022697,Eastleigh 012C,Vehicle crime,Court result unavailable,
48826135d8a5054d07af9db3f05c9423371c83f5e238b572c65aa64445e726b3,2024-03,Hampshire Constabulary,Hampshire Constabulary,-1.305429,50.911494,On or near B3033,E01022697,Eastleigh 012C,Violence and sexual offences,Unable to prosecute suspect,
f66a2ab14091d5509dc5710156ff5bd700ed8f5f5b3a49a2ecf3333e355115c3,2024-03,Hampshire Constabulary,Hampshire Constabulary,-1.313340,50.908438,On or near Hales Drive,E01022697,Eastleigh 012C,Criminal damage and arson,Unable to prosecute suspect,
66e54d9acb45b5032572b076d0bf5a475b2d445f4b762d7ed27a529803a5dabf,2024-03,Hampshire Constabulary,Hampshire Constabulary,-1.313539,50.907504,On or near Woodside Way,E01022697,Eastleigh 012C,Drugs,Local resolution,
24eae2a3de9bee2579d655122654778cf679b2058adf801aab29f7e2b1f03683,2024-03,Hampshire Constabulary,Hampshire Constabulary,-1.305388,50.912375,On or near Fountain Court,E01022697,Eastleigh 012C,Vehicle crime,Investigation complete; no suspect identified,
fdbacf46dde9d7daafd200e7e14a17bad5669e9f0c4c68ac879cc0dd9e145d16,2024-03,Hampshire Constabulary,Hampshire Constabulary,-1.314780,50.910119,On or near Netley Firs Close,E01022697,Eastleigh 012C,Violence and sexual offences,Unable to prosecute suspect,
6db496df6636a1058828fa1ff3a54d174298cdad69cdc78c25b0f1c05893a97a,2024-03,Hampshire Constabulary,Hampshire Constabulary,-1.314780,50.910119,On or near Netley Firs Close,E01022697,Eastleigh 012C,Violence and sexual offences,Unable to prosecute suspect,
462e7a27180bede75f9475ddbe62e89ac55ddb30186ae73d5dd524870bf28f32,2024-03,Hampshire Constabulary,Hampshire Constabulary,-1.305851,50.904140,On or near Heath House Gardens,E01022698,Eastleigh 012D,Other theft,Unable to prosecute suspect,
34b5d753da13517b34dfa16bc7f692685a9ab6aa4230f4333216cc3ee135bafe,2024-03,Hampshire Constabulary,Hampshire Constabulary,-1.313171,50.904480,On or near Hellyar Rise,E01022698,Eastleigh 012D,Public order,Investigation complete; no suspect identified,
d084970c6442523527ba9f27b612b310ac032a491a8ae6c5eac32c7e3e3a69ab,2024-03,Hampshire Constabulary,Hampshire Constabulary,-1.304369,50.907216,On or near Coniston Gardens,E01022698,Eastleigh 012D,Vehicle crime,Unable to prosecute suspect,
48ee692fb40232a5df4a1d56b734e69a9e85bbf3673019bd8c2834f4adf407a1,2024-03,Hampshire Constabulary,Hampshire Constabulary,-1.309456,50.905610,On or near Downland Place,E01022698,Eastleigh 012D,Vehicle crime,Unable to prosecute suspect,
5dc18edf1b1d2f40cbf56531417cc28e55c9791a13b79ab7ec90b7b749d85de1,2024-03,Hampshire Constabulary,Hampshire Constabulary,-1.309456,50.905610,On or near Downland Place,E01022698,Eastleigh 012D,Vehicle crime,Unable to prosecute suspect,
079a7667092866694fed201ae5092e6eecf843731c0d1d61d77a0d9533305b41,2024-03,Hampshire Constabulary,Hampshire Constabulary,-1.313171,50.904480,On or near Hellyar Rise,E01022698,Eastleigh 012D,Violence and sexual offences,Unable to prosecute suspect,
1f335c600bc7838fa53c1429d26b14bd8f93fcfa37a9c8f62a1d23b315ed0f87,2024-03,Hampshire Constabulary,Hampshire Constabulary,-1.313171,50.904480,On or near Hellyar Rise,E01022698,Eastleigh 012D,Violence and sexual offences,Unable to prosecute suspect,
cd51824a825f1406db7881e7a09fe17ba5f2a10a51921697fd0ff500c7045b45,2024-03,Hampshire Constabulary,Hampshire Constabulary,-1.305867,50.910378,On or near Sports/Recreation Area,E01022698,Eastleigh 012D,Criminal damage and arson,Investigation complete; no suspect identified,
ce26e6bc5e6b6b507167736ab2babebed2dc79bbc943241ca5ddc62d9504fdd2,2024-03,Hampshire Constabulary,Hampshire Constabulary,-1.324311,50.913988,On or near West Road,E01022698,Eastleigh 012D,Vehicle crime,Status update unavailable,
d70d3029583592eda6275380b1197fee891923627fd30e4982c6dab39cd45614,2024-03,Hampshire Constabulary,Hampshire Constabulary,-1.324311,50.913988,On or near West Road,E01022698,Eastleigh 012D,Vehicle crime,Investigation complete; no suspect identified,
b03bb1eae72a3e616ca3343e9d2046c9f9e9e9d683da1e29126b1f0c8a5d022c,2024-03,Hampshire Constabulary,Hampshire Constabulary,-1.325150,50.914946,On or near Comines Way,E01022698,Eastleigh 012D,Vehicle crime,Investigation complete; no suspect identified,
29ef693299624590e69c6cc062ce994b8448b815d18d899ad843e758cf167635,2024-03,Hampshire Constabulary,Hampshire Constabulary,-1.304369,50.907216,On or near Coniston Gardens,E01022698,Eastleigh 012D,Vehicle crime,Investigation complete; no suspect identified,
3db0ed6f222d8efe6638bcea6bf029c4847900444e405db81c0ea3517aeaf538,2024-03,Hampshire Constabulary,Hampshire Constabulary,-1.310484,50.904366,On or near Maidman Place,E01022698,Eastleigh 012D,Violence and sexual offences,Status update unavailable,
8a78ae398472613a1d57e73b558ef604f7dd2b5f8416db18a7f3648dac6f9d8c,2024-03,Hampshire Constabulary,Hampshire Constabulary,-1.300614,50.903435,On or near Thurmell Close,E01022699,Eastleigh 012E,Burglary,Investigation complete; no suspect identified,
7c8534bbd4cd63a90007140fcc1fcb0a89677027133eaff20c5f0e422d7c5aa5,2024-03,Hampshire Constabulary,Hampshire Constabulary,-1.296040,50.905916,On or near Woodstock Close,E01022699,Eastleigh 012E,Possession of weapons,Unable to prosecute suspect,
d5819dac8f8d2e261424da95138143a5ba1991cc278be65019dbbb63d4c2fafe,2024-03,Hampshire Constabulary,Hampshire Constabulary,-1.300190,50.908009,On or near Portelet Place,E01022699,Eastleigh 012E,Vehicle crime,Investigation complete; no suspect identified,
7c4ff8f00803aea654108cec21a1df7360523c8b0c3f86c9ab10400dee29ea9b,2024-03,Hampshire Constabulary,Hampshire Constabulary,-1.299716,50.906397,On or near Watson Court,E01022699,Eastleigh 012E,Violence and sexual offences,Unable to prosecute suspect,
,2024-03,Hampshire Constabulary,Hampshire Constabulary,-1.299716,50.906397,On or near Watson Court,E01022699,Eastleigh 012E,Anti-social behaviour,,
,2024-03,Hampshire Constabulary,Hampshire Constabulary,-1.298749,50.906409,On or near Hindmarch Crescent,E01022699,Eastleigh 012E,Anti-social behaviour,,
2d068e361823a9f41d5d16e8ac4951c52cf7da3d26e65ce3352b9943e6d21b6a,2024-03,Hampshire Constabulary,Hampshire Constabulary,-1.301424,50.906353,On or near Bergen Crescent,E01022699,Eastleigh 012E,Vehicle crime,Investigation complete; no suspect identified,
8e6a1fc97142193ee7ddc9065fb5f8009dd50385a24e72c215159e0931c1ee2d,2024-03,Hampshire Constabulary,Hampshire Constabulary,-1.296717,50.906271,On or near Kings Copse Road,E01022699,Eastleigh 012E,Vehicle crime,Investigation complete; no suspect identified,
eb4e4650340739e0e087ba9e14d7aa97785f39efb09ca1246c721a9bab824b14,2024-03,Hampshire Constabulary,Hampshire Constabulary,-1.296040,50.905916,On or near Woodstock Close,E01022699,Eastleigh 012E,Violence and sexual offences,Investigation complete; no suspect identified,
56382892168b38d38ea0dc2e2f823ec1eda86d12343c875caa6953acf8b6c6b2,2024-03,Hampshire Constabulary,Hampshire Constabulary,-1.309446,50.912084,On or near Upper Northam Road,E01022702,Eastleigh 012F,Burglary,Unable to prosecute suspect,
c24d1bfda2af6d0298b0f10ee4dae65118a43c8113c68286a1e8ee5d575d1bd7,2024-03,Hampshire Constabulary,Hampshire Constabulary,-1.311159,50.916886,On or near Shopping Area,E01022702,Eastleigh 012F,Shoplifting,Court result unavailable,
7427044a16397cfc128c025b52c7468dfbc32521e26da27ff365e8468ada6133,2024-03,Hampshire Constabulary,Hampshire Constabulary,-1.313448,50.920803,On or near Shopping Area,E01022702,Eastleigh 012F,Shoplifting,Investigation complete; no suspect identified,
43dde844e57ec51714289ffb142f8644f9951650b525e11a9d56352104573104,2024-03,Hampshire Constabulary,Hampshire Constabulary,-1.312834,50.919327,On or near Supermarket,E01022702,Eastleigh 012F,Shoplifting,Court result unavailable,
b467cd5cfeb0d580d09cfe12d011dd5a841968d63c36b7697112ef51b6be11f3,2024-03,Hampshire Constabulary,Hampshire Constabulary,-1.311159,50.916886,On or near Shopping Area,E01022702,Eastleigh 012F,Shoplifting,Investigation complete; no suspect identified,
da5e6bbddb8d994e56de5691bc9d5c93fcaf3887a13cb238de29254e9e284d13,2024-03,Hampshire Constabulary,Hampshire Constabulary,-1.312834,50.919327,On or near Supermarket,E01022702,Eastleigh 012F,Shoplifting,Investigation complete; no suspect identified,
5aae4cc44e13c61414510992c997d1b5fa7585f4d700756340973ca931a57e81,2024-03,Hampshire Constabulary,Hampshire Constabulary,-1.312834,50.919327,On or near Supermarket,E01022702,Eastleigh 012F,Shoplifting,Court result unavailable,
e7fe3f07b510df4ac8bba5146d20702ed07a42db17eb1a2c0e35604365b751ff,2024-03,Hampshire Constabulary,Hampshire Constabulary,-1.312834,50.919327,On or near Supermarket,E01022702,Eastleigh 012F,Shoplifting,Court result unavailable,
f81168a8c2ec31ad8dcb97c4adc9158c37a0c4c48d15649a63fbadbc1fa4a161,2024-03,Hampshire Constabulary,Hampshire Constabulary,-1.312834,50.919327,On or near Supermarket,E01022702,Eastleigh 012F,Shoplifting,Court result unavailable,
23d122fe4b02f2fb21c721d334c5ab71a140851cb32b412ac849c18ad3c8ce5c,2024-03,Hampshire Constabulary,Hampshire Constabulary,-1.312834,50.919327,On or near Supermarket,E01022702,Eastleigh 012F,Shoplifting,Court result unavailable,
44326bffb1dc84db91baf0f2364b555b3f19ce7f2e97a9da6fac835803f4b50d,2024-03,Hampshire Constabulary,Hampshire Constabulary,-1.312834,50.919327,On or near Supermarket,E01022702,Eastleigh 012F,Shoplifting,Court result unavailable,
4707a9661280752d75c5e382c379688284cd053fff2c327c420fa7a6e3f1ff38,2024-03,Hampshire Constabulary,Hampshire Constabulary,-1.312834,50.919327,On or near Supermarket,E01022702,Eastleigh 012F,Shoplifting,Court result unavailable,
102f6dc9c294c015aed8a4a5f1cea534a456fd6c2213d53415b66a98b3f961e6,2024-03,Hampshire Constabulary,Hampshire Constabulary,-1.312834,50.919327,On or near Supermarket,E01022702,Eastleigh 012F,Shoplifting,Court result unavailable,
4579b255d58ad1d7e8c133affd908454486e8fe5331b9ef1302d6a7cbf87c1f0,2024-03,Hampshire Constabulary,Hampshire Constabulary,-1.312834,50.919327,On or near Supermarket,E01022702,Eastleigh 012F,Shoplifting,Unable to prosecute suspect,
ad1b801c7c224bb374b9810bbc435967cdd981e846cff1fb227da19ad222f63f,2024-03,Hampshire Constabulary,Hampshire Constabulary,-1.312834,50.919327,On or near Supermarket,E01022702,Eastleigh 012F,Shoplifting,Investigation complete; no suspect identified,
b59267faf464ed41c7f18e086601d1c9bda4a9a9910e0ee0eebc61d85239cd93,2024-03,Hampshire Constabulary,Hampshire Constabulary,-1.312834,50.919327,On or near Supermarket,E01022702,Eastleigh 012F,Shoplifting,Court result unavailable,
fa406fe5259838bcf2b9c1191fdabe8c2403a91d1077f9b8f069a457c8deb39c,2024-03,Hampshire Constabulary,Hampshire Constabulary,-1.312834,50.919327,On or near Supermarket,E01022702,Eastleigh 012F,Shoplifting,Court result unavailable,
a7ea3202330e80bebf82eefe51a59ac74e2feaa5e8c46ef3283f11397ccf04c5,2024-03,Hampshire Constabulary,Hampshire Constabulary,-1.312834,50.919327,On or near Supermarket,E01022702,Eastleigh 012F,Shoplifting,Local resolution,
e41146e563ee684416cb4500ee79f166db64c82c6d3d03aa59c4cae76ea203df,2024-03,Hampshire Constabulary,Hampshire Constabulary,-1.312834,50.919327,On or near Supermarket,E01022702,Eastleigh 012F,Shoplifting,Local resolution,
54a1d9842339c87680977814b02f39253e9ac182568da9a2d2d7ed839d484c61,2024-03,Hampshire Constabulary,Hampshire Constabulary,-1.312597,50.913479,On or near Mallow Road,E01022702,Eastleigh 012F,Violence and sexual offences,Investigation complete; no suspect identified,
9f7562d44abc19c84ce6274de90ca6cb7e6c9cce9c7cd34e33a42d0bc69769d5,2024-03,Hampshire Constabulary,Hampshire Constabulary,-1.311337,50.912149,On or near Chalice Court,E01022702,Eastleigh 012F,Violence and sexual offences,Court result unavailable,
ff76b4856b53dd1c702236196eca3df4938b185b7ee4a277758d59fe3d2a7d6f,2024-03,Hampshire Constabulary,Hampshire Constabulary,-1.312834,50.919327,On or near Supermarket,E01022702,Eastleigh 012F,Violence and sexual offences,Investigation complete; no suspect identified,
,2024-03,Hampshire Constabulary,Hampshire Constabulary,-1.309446,50.912084,On or near Upper Northam Road,E01022702,Eastleigh 012F,Anti-social behaviour,,
,2024-03,Hampshire Constabulary,Hampshire Constabulary,-1.309729,50.914100,On or near Thistle Road,E01022702,Eastleigh 012F,Anti-social behaviour,,
3e7e4f19b713666a2213be7f58380f21326ca23af27dcb87f953d6dffe55c4d7,2024-03,Hampshire Constabulary,Hampshire Constabulary,-1.313448,50.920803,On or near Shopping Area,E01022702,Eastleigh 012F,Other theft,Investigation complete; no suspect identified,
4c228b749aeebed2ad09df1ec3c1aad448db21a1c6efbf37e85bdd09e86b6408,2024-03,Hampshire Constabulary,Hampshire Constabulary,-1.311337,50.912149,On or near Chalice Court,E01022702,Eastleigh 012F,Other theft,Investigation complete; no suspect identified,
35565c4ebd84b53d5d80547bb8b5aa9556e51b042285f1722c57268c90e57f05,2024-03,Hampshire Constabulary,Hampshire Constabulary,-1.312834,50.919327,On or near Supermarket,E01022702,Eastleigh 012F,Other theft,Investigation complete; no suspect identified,
e573212a34a3fd2d4a545f8adfeba2aef7f33076074bb750cca30af51eb6de9c,2024-03,Hampshire Constabulary,Hampshire Constabulary,-1.314474,50.916918,On or near Shopping Area,E01022702,Eastleigh 012F,Shoplifting,Investigation complete; no suspect identified,
c0d0b87dd69569573c181e3cc361ec931746ea63b7b6789041496ea8add1bfcd,2024-03,Hampshire Constabulary,Hampshire Constabulary,-1.311159,50.916886,On or near Shopping Area,E01022702,Eastleigh 012F,Shoplifting,Investigation complete; no suspect identified,
0cabdc4bc337004eda06604405a6dad392ab7050b69b86b0ad6db42171cb903f,2024-03,Hampshire Constabulary,Hampshire Constabulary,-1.312834,50.919327,On or near Supermarket,E01022702,Eastleigh 012F,Shoplifting,Unable to prosecute suspect,
07c723021b02f8cec7a5f65d1d9674fcd726c0391ab61c37201ef52c9e150a97,2024-03,Hampshire Constabulary,Hampshire Constabulary,-1.311159,50.916886,On or near Shopping Area,E01022702,Eastleigh 012F,Shoplifting,Investigation complete; no suspect identified,
3b6234737971fc47a985759bf5ccf08c789bac2a9e7a329417872ded6a898fa2,2024-03,Hampshire Constabulary,Hampshire Constabulary,-1.312834,50.919327,On or near Supermarket,E01022702,Eastleigh 012F,Shoplifting,Investigation complete; no suspect identified,
1dacb21fd9a5ce1911c2b326d5b1cafc1926b2ac2903236008657e359beb5e8e,2024-03,Hampshire Constabulary,Hampshire Constabulary,-1.311159,50.916886,On or near Shopping Area,E01022702,Eastleigh 012F,Shoplifting,Investigation complete; no suspect identified,
ff8b8fcc68ce9e405245b94e14231661afbaad1a06d04b94c80a80cc93e38ea1,2024-03,Hampshire Constabulary,Hampshire Constabulary,-1.312834,50.919327,On or near Supermarket,E01022702,Eastleigh 012F,Shoplifting,Investigation complete; no suspect identified,
8603a22a8371ab2c6ee933f6b83178ef42fe48455fbdadaeefe2aa21ef260833,2024-03,Hampshire Constabulary,Hampshire Constabulary,-1.310699,50.916831,On or near Shafford Meadows,E01022702,Eastleigh 012F,Vehicle crime,Investigation complete; no suspect identified,
5a85671f92f358ce7fd864f234e19a5085d0ebffbae5919989fc9c834467c225,2024-03,Hampshire Constabulary,Hampshire Constabulary,-1.311337,50.912149,On or near Chalice Court,E01022702,Eastleigh 012F,Violence and sexual offences,Unable to prosecute suspect,
05286381ed86b0835ad7429ec4896893266ff0b04b72e17cf85e8918815c89b3,2024-03,Hampshire Constabulary,Hampshire Constabulary,-1.311337,50.912149,On or near Chalice Court,E01022702,Eastleigh 012F,Violence and sexual offences,Unable to prosecute suspect,
f55df8c33f899482db771490c56b005bb57685d0c2e78e8b6b72b62571633579,2024-03,Hampshire Constabulary,Hampshire Constabulary,-1.320639,50.887744,On or near Reeves Way,E01022654,Eastleigh 013A,Violence and sexual offences,Unable to prosecute suspect,
ae3f8e38034a90056550fda3f1aaa1ff2235dd9bb19e5e7a536ea872025268a0,2024-03,Hampshire Constabulary,Hampshire Constabulary,-1.316301,50.889787,On or near The Common,E01022654,Eastleigh 013A,Violence and sexual offences,Unable to prosecute suspect,
28d139cc94d786d0e9d8950b64fc73729425ea037ea62a5b54911b7da4471f6e,2024-03,Hampshire Constabulary,Hampshire Constabulary,-1.321141,50.890337,On or near Manley Road,E01022654,Eastleigh 013A,Violence and sexual offences,Unable to prosecute suspect,
c471d8580c7caeb86d3baee2ddd8f01ec6d782f7bd9c09a43daea866ac3bcb3e,2024-03,Hampshire Constabulary,Hampshire Constabulary,-1.319810,50.884142,On or near Cedar Close,E01022655,Eastleigh 013B,Burglary,Investigation complete; no suspect identified,
5efc2acc14cc8f4916d590de4b8a7c5a341f1df4dbcc00454d1e08456f206485,2024-03,Hampshire Constabulary,Hampshire Constabulary,-1.321510,50.886490,On or near Nightingale Close,E01022655,Eastleigh 013B,Drugs,Local resolution,
24edbbb432e1c3890dba206a8efe0308471e8166fd77968475fd70d2bac18a3b,2024-03,Hampshire Constabulary,Hampshire Constabulary,-1.324039,50.883654,On or near The Kestrels,E01022655,Eastleigh 013B,Drugs,Local resolution,
08aa6058ba719af76fb7b387369f52214822930144ffdfc20f46030fa8b06605,2024-03,Hampshire Constabulary,Hampshire Constabulary,-1.322525,50.883142,On or near Mallards Road,E01022655,Eastleigh 013B,Violence and sexual offences,Unable to prosecute suspect,
c2ab0de163505df92995b0226ed1b95df5c000cbee64ca343c0985b8c13715c9,2024-03,Hampshire Constabulary,Hampshire Constabulary,-1.322082,50.884263,On or near Rowan Close,E01022655,Eastleigh 013B,Violence and sexual offences,Unable to prosecute suspect,
e7645ec4c5adafa201f17e8e548bb8f10914087085cdb16d59f50410b2f41bd2,2024-03,Hampshire Constabulary,Hampshire Constabulary,-1.320226,50.884873,On or near Silver Birches,E01022655,Eastleigh 013B,Violence and sexual offences,Unable to prosecute suspect,
,2024-03,Hampshire Constabulary,Hampshire Constabulary,-1.321107,50.884869,On or near Woodlands Way,E01022655,Eastleigh 013B,Anti-social behaviour,,
,2024-03,Hampshire Constabulary,Hampshire Constabulary,-1.322525,50.883142,On or near Mallards Road,E01022655,Eastleigh 013B,Anti-social behaviour,,
6b0c80aa85c3d2c483c9b3cd1a1f33ba3464b0244d937dfee4e888742222e753,2024-03,Hampshire Constabulary,Hampshire Constabulary,-1.321107,50.884869,On or near Woodlands Way,E01022655,Eastleigh 013B,Criminal damage and arson,Unable to prosecute suspect,
4879e26feabedcb61eb1e6bb48d1a1af2bb4c3a2ec684b76e7cea183e6532441,2024-03,Hampshire Constabulary,Hampshire Constabulary,-1.320226,50.884873,On or near Silver Birches,E01022655,Eastleigh 013B,Criminal damage and arson,Investigation complete; no suspect identified,
6120d8c58d42b1c9df8d5a637adf087c837b19d53b6bd4c6f6d4e926a1dfafe6,2024-03,Hampshire Constabulary,Hampshire Constabulary,-1.319810,50.884142,On or near Cedar Close,E01022655,Eastleigh 013B,Criminal damage and arson,Investigation complete; no suspect identified,
0d91db445e0b55dc57df914e7c42d8fe93a7b34f90daacbbb2d63fe0fd3ff823,2024-03,Hampshire Constabulary,Hampshire Constabulary,-1.319810,50.884142,On or near Cedar Close,E01022655,Eastleigh 013B,Public order,Status update unavailable,
102bf5b4234b179f44d111db475816dfe6761ecba78d196fb8dadb624d179b67,2024-03,Hampshire Constabulary,Hampshire Constabulary,-1.319810,50.884142,On or near Cedar Close,E01022655,Eastleigh 013B,Public order,Investigation complete; no suspect identified,
8b976a871a9cd87f4a4cafb69f939a6160b131dbb9dbc8d792681e7f66578615,2024-03,Hampshire Constabulary,Hampshire Constabulary,-1.323892,50.885919,On or near Boundary Road,E01022655,Eastleigh 013B,Violence and sexual offences,Unable to prosecute suspect,
1198695957c1886b0fca121fbb03c1d287e0c8e2f9350d215997395e10871e39,2024-03,Hampshire Constabulary,Hampshire Constabulary,-1.319810,50.884142,On or near Cedar Close,E01022655,Eastleigh 013B,Violence and sexual offences,Unable to prosecute suspect,
ff66b640518af0fbf12a62ecf688ddfc7006212d286d9dd514e4caa293cdf90b,2024-03,Hampshire Constabulary,Hampshire Constabulary,-1.320558,50.883508,On or near The Acorns,E01022655,Eastleigh 013B,Violence and sexual offences,Unable to prosecute suspect,
fdf9c502590b0a87f590177b8736b0178c202563fe5efc47e6ec35de816f66d7,2024-03,Hampshire Constabulary,Hampshire Constabulary,-1.323892,50.885919,On or near Boundary Road,E01022655,Eastleigh 013B,Violence and sexual offences,Unable to prosecute suspect,
c8005486234663a002f2fc42f1a6937e3f90ed16381ae3845d00928592e8aacf,2024-03,Hampshire Constabulary,Hampshire Constabulary,-1.344716,50.883053,On or near Woolston Road,E01022656,Eastleigh 013C,Burglary,Investigation complete; no suspect identified,
0fc51c8ad17276fd52afed86d15c572486805f971c966c6820c1a8881a657e74,2024-03,Hampshire Constabulary,Hampshire Constabulary,-1.328465,50.912941,On or near Fairfax Mews,E01022656,Eastleigh 013C,Burglary,Investigation complete; no suspect identified,
58f98be2e3bcb728acc84c00b0967f1ec859d20d0f98b17c4ed5ddbe219fd4ba,2024-03,Hampshire Constabulary,Hampshire Constabulary,-1.326065,50.910733,On or near Kinsbourne Way,E01022656,Eastleigh 013C,Burglary,Investigation complete; no suspect identified,
05757caeb2cd52299af7ab706cafa705c3d801d7dac3a785b89f80df9b8aeb09,2024-03,Hampshire Constabulary,Hampshire Constabulary,-1.322362,50.894364,On or near Jacobs Close,E01022656,Eastleigh 013C,Other theft,Unable to prosecute suspect,
6b35302ac9100d7b5213e235e7460d4f055269fe8a6937dcc97a14cd37e5e23d,2024-03,Hampshire Constabulary,Hampshire Constabulary,-1.324663,50.910276,On or near Fern Close,E01022656,Eastleigh 013C,Vehicle crime,Investigation complete; no suspect identified,
6584da19f1a8ff479777c3c45e1f560231645eaab90b4acd470bb7800ff9f2da,2024-03,Hampshire Constabulary,Hampshire Constabulary,-1.325311,50.886152,On or near Cunningham Gardens,E01022656,Eastleigh 013C,Violence and sexual offences,Unable to prosecute suspect,
6cff521a249ed079eb3a2543c4785ced823768905f2838e470464f318bf66bf6,2024-03,Hampshire Constabulary,Hampshire Constabulary,-1.324444,50.894978,On or near Stewart Close,E01022656,Eastleigh 013C,Violence and sexual offences,Unable to prosecute suspect,
e42db70b1fb67a0202b1ef62a68c4bc47f7ed9accdab3955f6c9f8f4f7687081,2024-03,Hampshire Constabulary,Hampshire Constabulary,-1.322776,50.895256,On or near Warwick Way,E01022656,Eastleigh 013C,Violence and sexual offences,Unable to prosecute suspect,
9586fdd29dba9af4c8f23306c8b1726632050fc301bfd26db133289c4ce10901,2024-03,Hampshire Constabulary,Hampshire Constabulary,-1.322776,50.895256,On or near Warwick Way,E01022656,Eastleigh 013C,Violence and sexual offences,Unable to prosecute suspect,
0acb97c9c6a9fbb1910728ceb01e9bd3d4fa103eeb217a6a3a93ae4b42426570,2024-03,Hampshire Constabulary,Hampshire Constabulary,-1.327200,50.911900,On or near The Siblings,E01022656,Eastleigh 013C,Bicycle theft,Investigation complete; no suspect identified,
2c3a680b6998b32a8b01ea485d6482e50a62e1b50b8f587679aedccd305ece08,2024-03,Hampshire Constabulary,Hampshire Constabulary,-1.344716,50.883053,On or near Woolston Road,E01022656,Eastleigh 013C,Burglary,Unable to prosecute suspect,
d69810d133b92050158f092c548fc1d1c84c4c6667d2f8be0eb0873cdea0837e,2024-03,Hampshire Constabulary,Hampshire Constabulary,-1.326239,50.887785,On or near Pound Road,E01022656,Eastleigh 013C,Burglary,Investigation complete; no suspect identified,
3a7c1a957e58dfa093f4ba880a2cd8fd918fcb73f9b4d4a6bb491e7091b31c91,2024-03,Hampshire Constabulary,Hampshire Constabulary,-1.324132,50.893888,On or near Le Marechal Avenue,E01022656,Eastleigh 013C,Public order,Status update unavailable,
dc3d5d447cf676e38052439728eb324c8cb3af1a9c20c5a602c0d34d2dbe4381,2024-03,Hampshire Constabulary,Hampshire Constabulary,-1.324132,50.893888,On or near Le Marechal Avenue,E01022656,Eastleigh 013C,Public order,Investigation complete; no suspect identified,
e7a697f5d706a38ed2935bd71f4e3475cb3223afce840915ae8ca2052713f7a9,2024-03,Hampshire Constabulary,Hampshire Constabulary,-1.327200,50.911900,On or near The Siblings,E01022656,Eastleigh 013C,Public order,Status update unavailable,
7ed3316092d9c8d001444f538b1d0b663590e9a2016b3173a56e068b782735ba,2024-03,Hampshire Constabulary,Hampshire Constabulary,-1.328534,50.889336,On or near Beverley Gardens,E01022656,Eastleigh 013C,Public order,Unable to prosecute suspect,
23aea22f5a41adeb2e5382edd6862d281bbfd4a7e4471bf0b2a7f476c4fe1123,2024-03,Hampshire Constabulary,Hampshire Constabulary,-1.324453,50.890410,On or near Cranbury Gardens,E01022656,Eastleigh 013C,Public order,Investigation complete; no suspect identified,
e15cef0b1da10110866b4a737f27ec375baa48a4682e789bb594a8718300c636,2024-03,Hampshire Constabulary,Hampshire Constabulary,-1.324716,50.888901,On or near Manor Close,E01022656,Eastleigh 013C,Violence and sexual offences,Investigation complete; no suspect identified,
6f124bc865da2e4be401a90c22b92abbb66edc670287617a751b7cd4eab44239,2024-03,Hampshire Constabulary,Hampshire Constabulary,-1.322776,50.895256,On or near Warwick Way,E01022656,Eastleigh 013C,Violence and sexual offences,Unable to prosecute suspect,
51b6a52ea0f82e9978331b8c86f0534ee7e4f494be3d0db3ee33cc060b0a4075,2024-03,Hampshire Constabulary,Hampshire Constabulary,-1.323918,50.890991,On or near Parsons Avenue,E01022656,Eastleigh 013C,Violence and sexual offences,Investigation complete; no suspect identified,
43fd0bd043be0db395523b60ae0c975ac4c19407104e2a9fb008c9f829fe23d5,2024-03,Hampshire Constabulary,Hampshire Constabulary,-1.324237,50.892558,On or near Hollowbread Gardens,E01022656,Eastleigh 013C,Violence and sexual offences,Investigation complete; no suspect identified,
7cd956089e2723b17812303a96001c5014e0992aaeda6fb5b89ce39afca08284,2024-03,Hampshire Constabulary,Hampshire Constabulary,-1.321338,50.892451,On or near Woolwich Close,E01022657,Eastleigh 013D,Criminal damage and arson,Unable to prosecute suspect,
0d471f3601e9895ed41ba2469da4e03615e95d5c66c146d9ee873fe09e6dad68,2024-03,Hampshire Constabulary,Hampshire Constabulary,-1.320499,50.894881,On or near Supermarket,E01022657,Eastleigh 013D,Public order,Unable to prosecute suspect,
d2e77b3bebc7841a4889e33b4cc0c19895aee90eab09178f68b4006c0106e583,2024-03,Hampshire Constabulary,Hampshire Constabulary,-1.320499,50.894881,On or near Supermarket,E01022657,Eastleigh 013D,Shoplifting,Court result unavailable,
46fb752d55b05c1c9adab0c23c3e5e3e1bbf6d0e1c842385b0aec4e98e29cfe4,2024-03,Hampshire Constabulary,Hampshire Constabulary,-1.307620,50.903791,On or near Heath House Close,E01022657,Eastleigh 013D,Vehicle crime,Unable to prosecute suspect,
c2133fce952514b35f6221c28c80bb1e1e3efead17ecaeb4d24386dd6e4b510a,2024-03,Hampshire Constabulary,Hampshire Constabulary,-1.318970,50.891997,On or near Penelope Gardens,E01022657,Eastleigh 013D,Violence and sexual offences,Unable to prosecute suspect,
d40960bf36e75cbb2fcff7e37556ab0b8175f3a757443662526f045d3c1a8d85,2024-03,Hampshire Constabulary,Hampshire Constabulary,-1.320499,50.894881,On or near Supermarket,E01022657,Eastleigh 013D,Violence and sexual offences,Investigation complete; no suspect identified,
6811b1c3f66b6b33eaa6a6be022abf08f15375aae67bb01ece49339ae278fbb5,2024-03,Hampshire Constabulary,Hampshire Constabulary,-1.308204,50.896978,On or near Dodwell Lane,E01022657,Eastleigh 013D,Violence and sexual offences,Unable to prosecute suspect,
4cb0434ef164b110cca3efa9a15d3a203560cd6501a2a0ca052b560e22b3b9cb,2024-03,Hampshire Constabulary,Hampshire Constabulary,-1.320499,50.894881,On or near Supermarket,E01022657,Eastleigh 013D,Violence and sexual offences,Unable to prosecute suspect,
96fdc3d73667bfc3c75041e9899a6daa8a36f8a265f554542f37c98b04a51fdb,2024-03,Hampshire Constabulary,Hampshire Constabulary,-1.301037,50.900829,On or near Vantage Copse,E01022657,Eastleigh 013D,Violence and sexual offences,Unable to prosecute suspect,
35ce8f3b92ca3ef74013139479808541db54e37d609004f3587f4054f4bce0d5,2024-03,Hampshire Constabulary,Hampshire Constabulary,-1.301037,50.900829,On or near Vantage Copse,E01022657,Eastleigh 013D,Violence and sexual offences,Unable to prosecute suspect,
e8738a3b0cedd89c8d3945e11a0f4c1dd9d61e061be8375516d33b1a8b4fc235,2024-03,Hampshire Constabulary,Hampshire Constabulary,-1.321338,50.892451,On or near Woolwich Close,E01022657,Eastleigh 013D,Violence and sexual offences,Unable to prosecute suspect,
2f296417dd55ed709fb6c678a9ed843d26610a64a8c52d68a17b51cb80844345,2024-03,Hampshire Constabulary,Hampshire Constabulary,-1.321338,50.892451,On or near Woolwich Close,E01022657,Eastleigh 013D,Violence and sexual offences,Unable to prosecute suspect,
,2024-03,Hampshire Constabulary,Hampshire Constabulary,-1.304828,50.884989,On or near Station Road,E01022657,Eastleigh 013D,Anti-social behaviour,,
,2024-03,Hampshire Constabulary,Hampshire Constabulary,-1.304931,50.901014,On or near Barnfield Way,E01022657,Eastleigh 013D,Anti-social behaviour,,
,2024-03,Hampshire Constabulary,Hampshire Constabulary,-1.296664,50.897548,On or near Parking Area,E01022657,Eastleigh 013D,Anti-social behaviour,,
a02f8a6f17611d41ba0bc529f3f8e7941d052263f9185b159258ee738c9665a8,2024-03,Hampshire Constabulary,Hampshire Constabulary,-1.300608,50.898147,On or near Parking Area,E01022657,Eastleigh 013D,Burglary,Investigation complete; no suspect identified,
5c89a7dd2e6b57b91e941ee2dded2f25fb912e25b429bea03f6d0969e6b9e5ab,2024-03,Hampshire Constabulary,Hampshire Constabulary,-1.321338,50.892451,On or near Woolwich Close,E01022657,Eastleigh 013D,Criminal damage and arson,Unable to prosecute suspect,
c8a3e3ca8bde57380196396e1a18e2554f204e7bb521e85da0e8e5ce2844bee3,2024-03,Hampshire Constabulary,Hampshire Constabulary,-1.321025,50.893448,On or near Petrol Station,E01022657,Eastleigh 013D,Other theft,Investigation complete; no suspect identified,
6bbe70adc1ba96ed94b7e2649eb5e1e17e699498c446bedbfd21a4d090a11a37,2024-03,Hampshire Constabulary,Hampshire Constabulary,-1.320499,50.894881,On or near Supermarket,E01022657,Eastleigh 013D,Other theft,Investigation complete; no suspect identified,
a0597a987e27f6e7a23f9d2cca6c5128224602a3fd43e2f420eb4dc74d1e53e8,2024-03,Hampshire Constabulary,Hampshire Constabulary,-1.304828,50.884989,On or near Station Road,E01022657,Eastleigh 013D,Other theft,Investigation complete; no suspect identified,
bd50b1e3b749fa9a8bfb22cc2cb6e6930447640fc8c00dd97a8d908cd6e0fd40,2024-03,Hampshire Constabulary,Hampshire Constabulary,-1.320499,50.894881,On or near Supermarket,E01022657,Eastleigh 013D,Vehicle crime,Investigation complete; no suspect identified,
6670e81f8735985b7eb455283410646afb6c2976e449936dedac92b8105f4ce6,2024-03,Hampshire Constabulary,Hampshire Constabulary,-1.308043,50.901177,On or near Dockdell Copse,E01022657,Eastleigh 013D,Vehicle crime,Status update unavailable,
e2b79f1d79e79173245aac71fdb240d7b272e67de71f16bcda7639b0ee1da162,2024-03,Hampshire Constabulary,Hampshire Constabulary,-1.321338,50.892451,On or near Woolwich Close,E01022657,Eastleigh 013D,Violence and sexual offences,Unable to prosecute suspect,
61ff763a181771a12a65bbd0b70804a3730f0d5cae130bec4658fbf9596ae796,2024-03,Hampshire Constabulary,Hampshire Constabulary,-1.322138,50.890217,On or near Jurd Way,E01022657,Eastleigh 013D,Violence and sexual offences,Investigation complete; no suspect identified,
18541ccee76a1593c365cf73c9f554648b467e8e7e1e12800199bf7e582d2143,2024-03,Hampshire Constabulary,Hampshire Constabulary,-1.320499,50.894881,On or near Supermarket,E01022657,Eastleigh 013D,Violence and sexual offences,Investigation complete; no suspect identified,
97699b57f9ab040e29f26b6d527e68ef6f02c3c9da05c98b4d2d4134724ffff3,2024-03,Hampshire Constabulary,Hampshire Constabulary,-1.321338,50.892451,On or near Woolwich Close,E01022657,Eastleigh 013D,Violence and sexual offences,Unable to prosecute suspect,
f93ec94651baf2565d58427d7b9eb1cc71c58e4525884d6efa598f187f6c8357,2024-03,Hampshire Constabulary,Hampshire Constabulary,-1.304931,50.901014,On or near Barnfield Way,E01022657,Eastleigh 013D,Violence and sexual offences,Court result unavailable,
7835708a7b4b6a73f8d22a4a9e804a0d2dcefd7e55f210d21e7d403ae8158e7a,2024-03,Hampshire Constabulary,Hampshire Constabulary,-1.315413,50.889242,On or near Spring Grove,E01022658,Eastleigh 013E,Shoplifting,Court result unavailable,
05686cf32dd4655693171df8a9a6fe589f56b18377953d08d23d3a6961b52a55,2024-03,Hampshire Constabulary,Hampshire Constabulary,-1.315413,50.889242,On or near Spring Grove,E01022658,Eastleigh 013E,Shoplifting,Court result unavailable,
5811ea257afd8ebcef4faa06a4202a8d4a9aeab7a45f56217a9d2e60c65fc65a,2024-03,Hampshire Constabulary,Hampshire Constabulary,-1.315413,50.889242,On or near Spring Grove,E01022658,Eastleigh 013E,Shoplifting,Investigation complete; no suspect identified,
2c3100c53afd9b1d4ffc7db02f28b7d59936958909c86aaa7ebe15550d8f2c68,2024-03,Hampshire Constabulary,Hampshire Constabulary,-1.318477,50.881922,On or near Hungerford,E01022658,Eastleigh 013E,Violence and sexual offences,Investigation complete; no suspect identified,
,2024-03,Hampshire Constabulary,Hampshire Constabulary,-1.318477,50.881922,On or near Hungerford,E01022658,Eastleigh 013E,Anti-social behaviour,,
,2024-03,Hampshire Constabulary,Hampshire Constabulary,-1.318477,50.881922,On or near Hungerford,E01022658,Eastleigh 013E,Anti-social behaviour,,
,2024-03,Hampshire Constabulary,Hampshire Constabulary,-1.315413,50.889242,On or near Spring Grove,E01022658,Eastleigh 013E,Anti-social behaviour,,
,2024-03,Hampshire Constabulary,Hampshire Constabulary,-1.305720,50.889050,On or near Bridge Close,E01022658,Eastleigh 013E,Anti-social behaviour,,
,2024-03,Hampshire Constabulary,Hampshire Constabulary,-1.314342,50.884731,On or near School Road,E01022658,Eastleigh 013E,Anti-social behaviour,,
,2024-03,Hampshire Constabulary,Hampshire Constabulary,-1.314342,50.884731,On or near School Road,E01022658,Eastleigh 013E,Anti-social behaviour,,
,2024-03,Hampshire Constabulary,Hampshire Constabulary,-1.318477,50.881922,On or near Hungerford,E01022658,Eastleigh 013E,Anti-social behaviour,,
,2024-03,Hampshire Constabulary,Hampshire Constabulary,-1.318477,50.881922,On or near Hungerford,E01022658,Eastleigh 013E,Anti-social behaviour,,
c5fd0dd4651a7aa5f936568cd703ff7968776ffa357f222c905499e01d2ff5a9,2024-03,Hampshire Constabulary,Hampshire Constabulary,-1.314342,50.884731,On or near School Road,E01022658,Eastleigh 013E,Burglary,Status update unavailable,
64e0c50c5b62d68bd2654cbf87597e0e1655f9a41f640d94008e2eb09365093b,2024-03,Hampshire Constabulary,Hampshire Constabulary,-1.315413,50.889242,On or near Spring Grove,E01022658,Eastleigh 013E,Shoplifting,Investigation complete; no suspect identified,
932c7a6d2bafde38cdc6e508d4f966ba275a9a16cb19a09c218ffa110abc9ab5,2024-03,Hampshire Constabulary,Hampshire Constabulary,-1.351725,50.873356,On or near Supermarket,E01022710,Eastleigh 014A,Shoplifting,Court result unavailable,
707f70938aeefecc638b8f13c4276400b16c7436313c7b9e64b564f0f17ab1b6,2024-03,Hampshire Constabulary,Hampshire Constabulary,-1.351725,50.873356,On or near Supermarket,E01022710,Eastleigh 014A,Shoplifting,Court result unavailable,
2a0d787b2a3a3567623843242359793c79aa0bc2dd5de2595595c20a54563573,2024-03,Hampshire Constabulary,Hampshire Constabulary,-1.351725,50.873356,On or near Supermarket,E01022710,Eastleigh 014A,Shoplifting,Investigation complete; no suspect identified,
10f5ec69330bf6cb79b527227229a9fc7393c81247007ecbe3770c81aedd3e7e,2024-03,Hampshire Constabulary,Hampshire Constabulary,-1.351725,50.873356,On or near Supermarket,E01022710,Eastleigh 014A,Shoplifting,Court result unavailable,
fa2ac3777dca1f58834cbd4d8cf492aa149b1fec3c8244e989df1548a9d47c52,2024-03,Hampshire Constabulary,Hampshire Constabulary,-1.352208,50.873787,On or near Parking Area,E01022710,Eastleigh 014A,Violence and sexual offences,Unable to prosecute suspect,
90abfb534f4cb61982b6b100a4fd800f7e2832feb5d0769f77bc2177b461b460,2024-03,Hampshire Constabulary,Hampshire Constabulary,-1.352842,50.875247,On or near Holmes Close,E01022710,Eastleigh 014A,Violence and sexual offences,Unable to prosecute suspect,
31ad531d74c5cbe0cb9ab678e7573d50df5d43386c40dc1440e6e0a3e50a63ae,2024-03,Hampshire Constabulary,Hampshire Constabulary,-1.350325,50.880449,On or near The Framptons,E01022710,Eastleigh 014A,Burglary,Status update unavailable,
d56ed3a3dd022cdd3a55d3261fe9cccda8ab6c55c77a8a85303cb279cbb709f8,2024-03,Hampshire Constabulary,Hampshire Constabulary,-1.350859,50.879886,On or near Grange Road,E01022710,Eastleigh 014A,Criminal damage and arson,Investigation complete; no suspect identified,
53a7124e73d940511914a8ed2c03d9f8eecb8bad414917f3f7e3c40372ff855a,2024-03,Hampshire Constabulary,Hampshire Constabulary,-1.351646,50.871302,On or near Sedgemead,E01022710,Eastleigh 014A,Violence and sexual offences,Unable to prosecute suspect,
d4908ccce32652f800c934e776f30c1b527715d8a6a33b9803c35a54de354a9f,2024-03,Hampshire Constabulary,Hampshire Constabulary,-1.351720,50.879297,On or near Grange Court,E01022711,Eastleigh 014B,Criminal damage and arson,Investigation complete; no suspect identified,
31292d00b81e6eb5a4c9f91e862c994f7b179fee171942dffca76cf3f855a598,2024-03,Hampshire Constabulary,Hampshire Constabulary,-1.351720,50.879297,On or near Grange Court,E01022711,Eastleigh 014B,Criminal damage and arson,Investigation complete; no suspect identified,
d8655cb5affedaf0651f8b188252d91a23642ebdd162306c325db65ea59b54a9,2024-03,Hampshire Constabulary,Hampshire Constabulary,-1.344316,50.880155,On or near Bowcombe,E01022711,Eastleigh 014B,Violence and sexual offences,Local resolution,
98d094127f37796a838929217afc55bce5e909ad9e2e88897debfbf6607521f8,2024-03,Hampshire Constabulary,Hampshire Constabulary,-1.347591,50.874670,On or near Denzil Avenue,E01022711,Eastleigh 014B,Violence and sexual offences,Unable to prosecute suspect,
914ec61b2382573f5d9489b962604a49658d77b367829cf145bfffab28a73331,2024-03,Hampshire Constabulary,Hampshire Constabulary,-1.345582,50.877059,On or near Hunt Avenue,E01022711,Eastleigh 014B,Violence and sexual offences,Unable to prosecute suspect,
1bf5b93054ec08d18ed4902ca1a7e02563f8e49a31babb5d54741687e42d2765,2024-03,Hampshire Constabulary,Hampshire Constabulary,-1.351720,50.879297,On or near Grange Court,E01022711,Eastleigh 014B,Violence and sexual offences,Unable to prosecute suspect,
68ccf8733b6100eb5033b1382e53e7dd95e8aa1ecb767ae2221586bd7479fa50,2024-03,Hampshire Constabulary,Hampshire Constabulary,-1.347591,50.874670,On or near Denzil Avenue,E01022711,Eastleigh 014B,Criminal damage and arson,Unable to prosecute suspect,
4ddfc82a27a4ee4fe71272d958391fc4719e0e38929d992ec61fc7f2438ed80e,2024-03,Hampshire Constabulary,Hampshire Constabulary,-1.347591,50.874670,On or near Denzil Avenue,E01022711,Eastleigh 014B,Drugs,Investigation complete; no suspect identified,
330882f2d13e37a87c28c40ea569d26f2db2f589e7555700593315618129af53,2024-03,Hampshire Constabulary,Hampshire Constabulary,-1.347591,50.874670,On or near Denzil Avenue,E01022711,Eastleigh 014B,Other theft,Status update unavailable,
d5f67b53f4c638c66188f0007b0e6d5aa94610d5c438bfa6670da5938a1af8b8,2024-03,Hampshire Constabulary,Hampshire Constabulary,-1.346427,50.877658,On or near The Crescent,E01022711,Eastleigh 014B,Violence and sexual offences,Unable to prosecute suspect,
0563ea536cef9e69cbaa396b3c4dfea7fae63cbe8577bde857f691a78243c66c,2024-03,Hampshire Constabulary,Hampshire Constabulary,-1.347591,50.874670,On or near Denzil Avenue,E01022711,Eastleigh 014B,Violence and sexual offences,Status update unavailable,
611d3ed249b2df048093e35fd6091c2b6d5fe4df94f5af381463dacb87385717,2024-03,Hampshire Constabulary,Hampshire Constabulary,-1.351720,50.879297,On or near Grange Court,E01022711,Eastleigh 014B,Violence and sexual offences,Status update unavailable,
57478bddc25c581f46d7867d1f4101bbe06abb2f0160a380568f3f776c825b4b,2024-03,Hampshire Constabulary,Hampshire Constabulary,-1.351720,50.879297,On or near Grange Court,E01022711,Eastleigh 014B,Violence and sexual offences,Status update unavailable,
6c5edcbce004a48d660bd2d8ebb8e722226f11a69210b75baf7b027a26f9fb55,2024-03,Hampshire Constabulary,Hampshire Constabulary,-1.343935,50.881025,On or near Calbourne,E01022712,Eastleigh 014C,Violence and sexual offences,Unable to prosecute suspect,
0d8a8dbbebc597be27a9c4725796d32a458dddd7a871f111648cdd541bcee02b,2024-03,Hampshire Constabulary,Hampshire Constabulary,-1.345611,50.881124,On or near Shalcombe,E01022712,Eastleigh 014C,Violence and sexual offences,Unable to prosecute suspect,
36346042c0ce546db3fed16d390cc180e1eee5e2c4f326804b12bf7c127ef3fc,2024-03,Hampshire Constabulary,Hampshire Constabulary,-1.341599,50.874312,On or near The Badgers,E01022712,Eastleigh 014C,Violence and sexual offences,Unable to prosecute suspect,
e509fa3810b85113ac1650289f273395e558c4e0d04ac0a21f612103316c3325,2024-03,Hampshire Constabulary,Hampshire Constabulary,-1.341599,50.874312,On or near The Badgers,E01022712,Eastleigh 014C,Violence and sexual offences,Unable to prosecute suspect,
c908985565e7da3494b441638bdbea0ef361041ba6262db25f6bf22682f5cbbb,2024-03,Hampshire Constabulary,Hampshire Constabulary,-1.318022,50.859528,On or near Hamble House Gardens,E01022688,Eastleigh 015A,Public order,Unable to prosecute suspect,
7ceab42dd0d3a13ca14e3a63303bcf808f27a1bf4660e95395ce032e99208880,2024-03,Hampshire Constabulary,Hampshire Constabulary,-1.315089,50.858786,On or near Supermarket,E01022688,Eastleigh 015A,Shoplifting,Court result unavailable,
d9362e02c5208d4d9effe34f2f345e62ac9f2f6b6da939a2c64528ae35edc25a,2024-03,Hampshire Constabulary,Hampshire Constabulary,-1.313607,50.858324,On or near The Quay,E01022688,Eastleigh 015A,Violence and sexual offences,Unable to prosecute suspect,
0253cd92dede1e9b0484eba14992595db1a764631ac3dba9677a5f44d28acabc,2024-03,Hampshire Constabulary,Hampshire Constabulary,-1.315089,50.858786,On or near Supermarket,E01022688,Eastleigh 015A,Violence and sexual offences,Unable to prosecute suspect,
e68d76e0541e9dfd6713303baf89515d4b2d012220582a171a3747a9665b9546,2024-03,Hampshire Constabulary,Hampshire Constabulary,-1.319824,50.859718,On or near Cirrus Gardens,E01022688,Eastleigh 015A,Violence and sexual offences,Unable to prosecute suspect,
24db7210cfd20dc23c3373c12f10207ba399f014a2fffd7937aba0438eebd21a,2024-03,Hampshire Constabulary,Hampshire Constabulary,-1.319824,50.859718,On or near Cirrus Gardens,E01022688,Eastleigh 015A,Violence and sexual offences,Unable to prosecute suspect,
681db0a662a47b3f06871e5c92bd6632b7de54f96aa6d6fe968ebb91057b8953,2024-03,Hampshire Constabulary,Hampshire Constabulary,-1.322197,50.861666,On or near Baron Road,E01022688,Eastleigh 015A,Other crime,Action to be taken by another organisation,
,2024-03,Hampshire Constabulary,Hampshire Constabulary,-1.312817,50.857951,On or near Parking Area,E01022688,Eastleigh 015A,Anti-social behaviour,,
,2024-03,Hampshire Constabulary,Hampshire Constabulary,-1.313607,50.858324,On or near The Quay,E01022688,Eastleigh 015A,Anti-social behaviour,,
,2024-03,Hampshire Constabulary,Hampshire Constabulary,-1.325953,50.860339,On or near Walker Place,E01022688,Eastleigh 015A,Anti-social behaviour,,
a7a32392b1cc584da37c4bff8551c0c64262f1016105ce206b67e985263b9e62,2024-03,Hampshire Constabulary,Hampshire Constabulary,-1.325953,50.860339,On or near Walker Place,E01022688,Eastleigh 015A,Possession of weapons,Status update unavailable,
8abd7ba879beeb50d28e9e38539b215802bcc832b10168dd931d159abbc0a4b0,2024-03,Hampshire Constabulary,Hampshire Constabulary,-1.323387,50.859919,On or near College Close,E01022688,Eastleigh 015A,Violence and sexual offences,Status update unavailable,
e2eb1e80a5533067a244aa5f534d74f269a5abf0e73ced526dc0b1b3f17a0165,2024-03,Hampshire Constabulary,Hampshire Constabulary,-1.340829,50.867420,On or near Royal Victoria Railway,E01022689,Eastleigh 015B,Burglary,Investigation complete; no suspect identified,
543d567a67f847e17e77067e2a64d795c14ed60dd30fe225418e848ff7b680f5,2024-03,Hampshire Constabulary,Hampshire Constabulary,-1.316189,50.866343,On or near Satchell Lane,E01022689,Eastleigh 015B,Burglary,Unable to prosecute suspect,
b208150cfcfe09c8414e925f683ff098937bc9f52f478ad8711b487d15477537,2024-03,Hampshire Constabulary,Hampshire Constabulary,-1.343163,50.869141,On or near Parking Area,E01022689,Eastleigh 015B,Violence and sexual offences,Investigation complete; no suspect identified,
6355b221a515135d6866d73b4f88c7d58b50c27c290e073a01e9418eee8ce977,2024-03,Hampshire Constabulary,Hampshire Constabulary,-1.337738,50.878967,On or near The Grove,E01022689,Eastleigh 015B,Violence and sexual offences,Unable to prosecute suspect,
2e699e3b507a89498a2b924de5e5f58bb064a9124fa5e9fd3236df5ddc2e3be9,2024-03,Hampshire Constabulary,Hampshire Constabulary,-1.328406,50.873536,On or near B3397,E01022689,Eastleigh 015B,Violence and sexual offences,Unable to prosecute suspect,
cad406afb5cdc65823c5a645ad5cd1641e56a880d5d5eeaee68c1544f67bd8fa,2024-03,Hampshire Constabulary,Hampshire Constabulary,-1.328145,50.872896,On or near Broad Way,E01022689,Eastleigh 015B,Violence and sexual offences,Unable to prosecute suspect,
07e853c2b69f6dad98e54b64dc09a71dd34f9cddf6b1a1211ee713c76907a1dc,2024-03,Hampshire Constabulary,Hampshire Constabulary,-1.328145,50.872896,On or near Broad Way,E01022689,Eastleigh 015B,Violence and sexual offences,Local resolution,
2150dc4b92daac6a0d7662090aa284099b1fe649ee5b1d0fdc6528f149afff6f,2024-03,Hampshire Constabulary,Hampshire Constabulary,-1.328145,50.872896,On or near Broad Way,E01022689,Eastleigh 015B,Violence and sexual offences,Further action is not in the public interest,
cf6756a3b5a03c3db6d26653b86cfecf665b6e772b6b95e7b100e9fea845d8d7,2024-03,Hampshire Constabulary,Hampshire Constabulary,-1.328145,50.872896,On or near Broad Way,E01022689,Eastleigh 015B,Violence and sexual offences,Local resolution,
0f86ab77e39db5f1d46b69ec4c4ab84e2a342d52f0ba5f364b22a9e7bec4037f,2024-03,Hampshire Constabulary,Hampshire Constabulary,-1.326997,50.874736,On or near Sports/Recreation Area,E01022689,Eastleigh 015B,Violence and sexual offences,Local resolution,
,2024-03,Hampshire Constabulary,Hampshire Constabulary,-1.328406,50.873536,On or near B3397,E01022689,Eastleigh 015B,Anti-social behaviour,,
0021b9799744dd7fd252795f3b28186c64ba137ddb4dfdb1c026b17e10d5a95e,2024-03,Hampshire Constabulary,Hampshire Constabulary,-1.340420,50.871176,On or near Osborne Close,E01022689,Eastleigh 015B,Burglary,Investigation complete; no suspect identified,
797135c334afaedda94b1229713c41a19f31ad3ddcc4a4645a6b1bff9851a90a,2024-03,Hampshire Constabulary,Hampshire Constabulary,-1.340587,50.867960,On or near Park/Open Space,E01022689,Eastleigh 015B,Burglary,Investigation complete; no suspect identified,
c5df2a7d0afa50c28f08e00c923dae2deabe8de33ec3b7119c668d13ed74eb7a,2024-03,Hampshire Constabulary,Hampshire Constabulary,-1.340587,50.867960,On or near Park/Open Space,E01022689,Eastleigh 015B,Criminal damage and arson,Investigation complete; no suspect identified,
474a64624734af0712f01895dd9d4b1616af4672bc8ce3bd5a0d142dcaafaacf,2024-03,Hampshire Constabulary,Hampshire Constabulary,-1.328523,50.876252,On or near Hamble Lane,E01022689,Eastleigh 015B,Criminal damage and arson,Investigation complete; no suspect identified,
61496af8171640111e6d80607d1f280b07964e47be2f4883d7816318df1a5bec,2024-03,Hampshire Constabulary,Hampshire Constabulary,-1.333537,50.859591,On or near Westfield Common,E01022690,Eastleigh 015C,Drugs,Local resolution,
394d49a52e4c3793b3dbfc04c4c47b9e44ab8729269ed51805be0c1938037e34,2024-03,Hampshire Constabulary,Hampshire Constabulary,-1.325536,50.859662,On or near Avro Court,E01022690,Eastleigh 015C,Violence and sexual offences,Unable to prosecute suspect,
84f86e66a4077b857ad2f916ac2ac35a2907a2f1b1aa84c0cf64c601c6675051,2024-03,Hampshire Constabulary,Hampshire Constabulary,-1.326444,50.862733,On or near Sydney Avenue,E01022690,Eastleigh 015C,Violence and sexual offences,Unable to prosecute suspect,
89ead48c72d9988b5e4a6316300945a1d6a78eabc47641c6eed23bf6acda85fc,2024-03,Hampshire Constabulary,Hampshire Constabulary,-1.326444,50.862733,On or near Sydney Avenue,E01022690,Eastleigh 015C,Violence and sexual offences,Unable to prosecute suspect,
a4947f59ed3e4a9b9f33c8f04f89aca25a76a616b6fb78d4ceb2e5993e354ffa,2024-03,Hampshire Constabulary,Hampshire Constabulary,-1.326432,50.863606,On or near Verdon Avenue,E01022690,Eastleigh 015C,Violence and sexual offences,Unable to prosecute suspect,
,2024-03,Hampshire Constabulary,Hampshire Constabulary,-1.329024,50.862173,On or near Coronation Parade,E01022690,Eastleigh 015C,Anti-social behaviour,,
,2024-03,Hampshire Constabulary,Hampshire Constabulary,-1.333537,50.859591,On or near Westfield Common,E01022690,Eastleigh 015C,Anti-social behaviour,,
,2024-03,Hampshire Constabulary,Hampshire Constabulary,-1.333578,50.860661,On or near Hardwicke Way,E01022690,Eastleigh 015C,Anti-social behaviour,,
,2024-03,Hampshire Constabulary,Hampshire Constabulary,-1.329681,50.864680,On or near Sports/Recreation Area,E01022690,Eastleigh 015C,Anti-social behaviour,,
,2024-03,Hampshire Constabulary,Hampshire Constabulary,-1.329681,50.864680,On or near Sports/Recreation Area,E01022690,Eastleigh 015C,Anti-social behaviour,,
,2024-03,Hampshire Constabulary,Hampshire Constabulary,-1.329681,50.864680,On or near Sports/Recreation Area,E01022690,Eastleigh 015C,Anti-social behaviour,,
,2024-03,Hampshire Constabulary,Hampshire Constabulary,-1.329681,50.864680,On or near Sports/Recreation Area,E01022690,Eastleigh 015C,Anti-social behaviour,,
a29f1f4f578d5c8a39ec0713218b26e8c4b3e3ce2bc015b90b598e911627209d,2024-03,Hampshire Constabulary,Hampshire Constabulary,-1.329946,50.858338,On or near Beech Close,E01022690,Eastleigh 015C,Burglary,Investigation complete; no suspect identified,
75533d7b46a15104fc7564eab38e2ec45ec800e6ca830b70aca625eab5da6161,2024-03,Hampshire Constabulary,Hampshire Constabulary,-1.328758,50.859950,On or near South Court,E01022690,Eastleigh 015C,Criminal damage and arson,Investigation complete; no suspect identified,
20cc175ef76b46746cd47f6955295d21ff4b4d0a7d8c431bfab227dfcdc8f497,2024-03,Hampshire Constabulary,Hampshire Constabulary,-1.329457,50.862195,On or near Supermarket,E01022690,Eastleigh 015C,Criminal damage and arson,Investigation complete; no suspect identified,
44882a5a7e5d20e7d6cd4b88fdf4f1a909f46c516ad472dd396927c60cf0f643,2024-03,Hampshire Constabulary,Hampshire Constabulary,-1.333578,50.860661,On or near Hardwicke Way,E01022690,Eastleigh 015C,Criminal damage and arson,Investigation complete; no suspect identified,
de86bb71b0ec31a30f357d32873b6d132219246e63b482198b8f9679b7a696a3,2024-03,Hampshire Constabulary,Hampshire Constabulary,-1.329457,50.862195,On or near Supermarket,E01022690,Eastleigh 015C,Criminal damage and arson,Investigation complete; no suspect identified,
697a089fa2add95315a3ba2dfa4591183e3bde9a7f5ec1e86aa7ee474e7ccfbd,2024-03,Hampshire Constabulary,Hampshire Constabulary,-1.330254,50.860588,On or near Coach Road,E01022690,Eastleigh 015C,Criminal damage and arson,Investigation complete; no suspect identified,
3c93043c3fe9fc2025a7c493a43cc4dbefa8bd871cfa494ea92f95c30de084ba,2024-03,Hampshire Constabulary,Hampshire Constabulary,-1.329457,50.862195,On or near Supermarket,E01022690,Eastleigh 015C,Criminal damage and arson,Investigation complete; no suspect identified,
4000c4ddfa3a1d39a0479681d2ee93e122b165f34fa83a10ae28d1f22f0d965b,2024-03,Hampshire Constabulary,Hampshire Constabulary,-1.325317,50.861090,On or near Beaulieu Road,E01022690,Eastleigh 015C,Violence and sexual offences,Investigation complete; no suspect identified,
2932208cc78f69cd5849d1fe614f89dd835b839b8b81e8717f3488b2fccb1282,2024-03,Hampshire Constabulary,Hampshire Constabulary,-1.330061,50.869102,On or near Sports/Recreation Area,E01022690,Eastleigh 015C,Violence and sexual offences,Investigation complete; no suspect identified,
49bef179f5a30d01d37dbd8effa04342f03a2bf1b85cf0e49025584b27a37e38,2024-03,Hampshire Constabulary,Hampshire Constabulary,-1.277451,50.871028,On or near Agincourt Drive,E01022758,Fareham 001A,Other theft,Investigation complete; no suspect identified,
074c512a09381650905d94675cc88b763e6f3355d79eff5e2ac3adf2962975a3,2024-03,Hampshire Constabulary,Hampshire Constabulary,-1.277451,50.871028,On or near Agincourt Drive,E01022758,Fareham 001A,Other theft,Investigation complete; no suspect identified,
caf9e15adc40eb02759743e2f0971ee8831ecb6c255a3fe1eb83a2253ff0b284,2024-03,Hampshire Constabulary,Hampshire Constabulary,-1.277915,50.875914,On or near Addison Road,E01022758,Fareham 001A,Other crime,Further action is not in the public interest,
,2024-03,Hampshire Constabulary,Hampshire Constabulary,-1.277451,50.871028,On or near Agincourt Drive,E01022758,Fareham 001A,Anti-social behaviour,,
,2024-03,Hampshire Constabulary,Hampshire Constabulary,-1.277451,50.871028,On or near Agincourt Drive,E01022758,Fareham 001A,Anti-social behaviour,,
b5187f0c9613dc5ebe97b180733134ba5e2ebe4b5f0966b50109e06c7b1acdfe,2024-03,Hampshire Constabulary,Hampshire Constabulary,-1.271577,50.874022,On or near Beacon Way,E01022758,Fareham 001A,Other theft,Investigation complete; no suspect identified,
4e9f1aa8ac9d5c513205045ac625ba4b6da2f6a579a5db1451c7197b2e1f6245,2024-03,Hampshire Constabulary,Hampshire Constabulary,-1.272804,50.873733,On or near Lindway,E01022758,Fareham 001A,Violence and sexual offences,Status update unavailable,
2472b4f93236adda4e3369d4b59c44e43a063604fad44dbdb7716fa4fe72f6a1,2024-03,Hampshire Constabulary,Hampshire Constabulary,-1.279466,50.875807,On or near Melville Gardens,E01022758,Fareham 001A,Violence and sexual offences,Unable to prosecute suspect,
63ab863452ed0d5497ae9ba88ca8b8fc93778087a129d9b4fd09a8c04f88b299,2024-03,Hampshire Constabulary,Hampshire Constabulary,-1.272804,50.873733,On or near Lindway,E01022758,Fareham 001A,Violence and sexual offences,Unable to prosecute suspect,
,2024-03,Hampshire Constabulary,Hampshire Constabulary,-1.256773,50.880826,On or near Gull Coppice,E01022771,Fareham 001B,Anti-social behaviour,,
,2024-03,Hampshire Constabulary,Hampshire Constabulary,-1.260089,50.882394,On or near Yew Tree Drive,E01022771,Fareham 001B,Anti-social behaviour,,
fb286ce5613a7e44e5b5d036318fcff88b8ee6b2bbacaee8a2ce0c1c60fd7fac,2024-03,Hampshire Constabulary,Hampshire Constabulary,-1.256773,50.880826,On or near Gull Coppice,E01022771,Fareham 001B,Burglary,Investigation complete; no suspect identified,
1d15b469c63463a0852cd1d47378e847758c0762f4c84d452053aef857a96de0,2024-03,Hampshire Constabulary,Hampshire Constabulary,-1.262992,50.882197,On or near Suffolk Drive,E01022771,Fareham 001B,Criminal damage and arson,Investigation complete; no suspect identified,
81952f40bdb203eb5c80ca0a68715cbff751c204e1338c094b60eefe2feda7b5,2024-03,Hampshire Constabulary,Hampshire Constabulary,-1.257625,50.886254,On or near Rattigan Gardens,E01022772,Fareham 001C,Criminal damage and arson,Court result unavailable,
b187b5f15b7aa6a07027cd1535aba1b06bb4f035a62cd171131ddb41b8716be8,2024-03,Hampshire Constabulary,Hampshire Constabulary,-1.257625,50.886254,On or near Rattigan Gardens,E01022772,Fareham 001C,Public order,Unable to prosecute suspect,
537eede391434afb3b60d6fac0ec2cba7aa84f18ec613f4d1f6b457e2876db60,2024-03,Hampshire Constabulary,Hampshire Constabulary,-1.257625,50.886254,On or near Rattigan Gardens,E01022772,Fareham 001C,Vehicle crime,Court result unavailable,
34166a4366976bef493986576fcb67e335dd64a56108252e5876d67671b2d97c,2024-03,Hampshire Constabulary,Hampshire Constabulary,-1.265630,50.883517,On or near Lipizzaner Fields,E01022772,Fareham 001C,Violence and sexual offences,Unable to prosecute suspect,
,2024-03,Hampshire Constabulary,Hampshire Constabulary,-1.263650,50.883730,On or near Haflinger Drive,E01022772,Fareham 001C,Anti-social behaviour,,
5a84e015e97dc722013049e1e81af2f3bad2e3c5f266d3c087ef3b24a307c6a4,2024-03,Hampshire Constabulary,Hampshire Constabulary,-1.266142,50.895484,On or near Sports/Recreation Area,E01022772,Fareham 001C,Criminal damage and arson,Investigation complete; no suspect identified,
2cd2530e37481a520f03809651189437c424ed9c1012885bcde149e3f2769e98,2024-03,Hampshire Constabulary,Hampshire Constabulary,-1.259065,50.886929,On or near Barrie Close,E01022772,Fareham 001C,Other theft,Investigation complete; no suspect identified,
10db73fc5bc5c81e3b205b2164be54d168599c66e0b70874ca5422c3655d2f05,2024-03,Hampshire Constabulary,Hampshire Constabulary,-1.268619,50.892322,On or near Burridge Road,E01022772,Fareham 001C,Vehicle crime,Investigation complete; no suspect identified,
4e9584410a44d823641e11e893e39b339df69a3e8e75592cea8d96bd20822fe2,2024-03,Hampshire Constabulary,Hampshire Constabulary,-1.257625,50.886254,On or near Rattigan Gardens,E01022772,Fareham 001C,Violence and sexual offences,Status update unavailable,
90c503a58725159e331b312fcc15045c99e6ecb9530a5abe58dce1ddf8312377,2024-03,Hampshire Constabulary,Hampshire Constabulary,-1.265059,50.889988,On or near Botley Road,E01022772,Fareham 001C,Violence and sexual offences,Investigation complete; no suspect identified,
d95c28a725838ad70f2dc23b7c134416f015edaa972bd60293376b3dc62368c5,2024-03,Hampshire Constabulary,Hampshire Constabulary,-1.260571,50.884277,On or near Chesterton Place,E01022772,Fareham 001C,Violence and sexual offences,Status update unavailable,
11eeecf0715126174a9a9d29f9d4e0aa27a249e031c8394ffb312217fbb80bdc,2024-03,Hampshire Constabulary,Hampshire Constabulary,-1.259634,50.888677,On or near Eliot Close,E01022772,Fareham 001C,Violence and sexual offences,Unable to prosecute suspect,
f3c47aada8eb255fa1b96b692aaa48909c181e1e82018524417c39a9af985c39,2024-03,Hampshire Constabulary,Hampshire Constabulary,-1.259634,50.888677,On or near Eliot Close,E01022772,Fareham 001C,Violence and sexual offences,Unable to prosecute suspect,
828d07fcc759f5394bc0ae72d11050cebcca0fd92cbfbb3d637f34ad74b5b5bf,2024-03,Hampshire Constabulary,Hampshire Constabulary,-1.298002,50.884202,On or near Compass Way,E01022773,Fareham 001D,Violence and sexual offences,Unable to prosecute suspect,
6d38ff4f6d106081e5142524743d3d7a0e2e57591320154056e6a5aa3219d7d7,2024-03,Hampshire Constabulary,Hampshire Constabulary,-1.289305,50.868098,On or near Parking Area,E01022773,Fareham 001D,Violence and sexual offences,Investigation complete; no suspect identified,
,2024-03,Hampshire Constabulary,Hampshire Constabulary,-1.298002,50.884202,On or near Compass Way,E01022773,Fareham 001D,Anti-social behaviour,,
,2024-03,Hampshire Constabulary,Hampshire Constabulary,-1.292949,50.885565,On or near Lawson Close,E01022773,Fareham 001D,Anti-social behaviour,,
020f7758dd4d6e15ea4a30f2bc62805fe5d4491cd97919e9c4eabb4d4c9a68da,2024-03,Hampshire Constabulary,Hampshire Constabulary,-1.296852,50.872792,On or near Crableck Lane,E01022773,Fareham 001D,Violence and sexual offences,Investigation complete; no suspect identified,
fb12cb4f31fd1026c49c05b6a71777d67f29fcc94c1e709e63a795312a3b8d19,2024-03,Hampshire Constabulary,Hampshire Constabulary,-1.296949,50.880518,On or near Parking Area,E01022773,Fareham 001D,Violence and sexual offences,Status update unavailable,
aa1a0ca4247f6ccfaa8d6f3611ebe128d01a43bce5840ba95a388a3c442253c2,2024-03,Hampshire Constabulary,Hampshire Constabulary,-1.263059,50.887844,On or near Blake Close,E01022774,Fareham 001E,Violence and sexual offences,Unable to prosecute suspect,
684669e9586f42fdc85b149b799fa97768b75ed48e8a11bb20f66a40b9a9defc,2024-03,Hampshire Constabulary,Hampshire Constabulary,-1.283091,50.882304,On or near Glen Road,E01022774,Fareham 001E,Violence and sexual offences,Unable to prosecute suspect,
,2024-03,Hampshire Constabulary,Hampshire Constabulary,-1.281923,50.886101,On or near Park/Open Space,E01022774,Fareham 001E,Anti-social behaviour,,
76fed03543657f60c370fa4fbc89597ef57f9f87d337374594ad8b179f7dcf14,2024-03,Hampshire Constabulary,Hampshire Constabulary,-1.263059,50.887844,On or near Blake Close,E01022774,Fareham 001E,Other theft,Unable to prosecute suspect,
2cb9b92e55a54d5d04b5e1ec0e5944655795e0e171a3eb2f2cc7ea8319acb340,2024-03,Hampshire Constabulary,Hampshire Constabulary,-1.284656,50.873806,On or near Allotment Road,E01022774,Fareham 001E,Violence and sexual offences,Unable to prosecute suspect,
3100d62988f6c3aa40d1026d237f1f8403447615b9d003858af4ce3c4c0def0e,2024-03,Hampshire Constabulary,Hampshire Constabulary,-1.267368,50.868771,On or near Hardy Close,E01022753,Fareham 002B,Violence and sexual offences,Further investigation is not in the public interest,
de793e41ce8877c3e0472220828b5a0c62a8758bae3d78107cf543bc2754337e,2024-03,Hampshire Constabulary,Hampshire Constabulary,-1.267368,50.868771,On or near Hardy Close,E01022753,Fareham 002B,Violence and sexual offences,Status update unavailable,
f36d279131bbe6dc0786615b60ec150ef05d1c85c3e9a2fa542cda9fe9a44374,2024-03,Hampshire Constabulary,Hampshire Constabulary,-1.261479,50.870919,On or near Telford Way,E01022754,Fareham 002C,Criminal damage and arson,Further investigation is not in the public interest,
9d2aab11ae492b5acb5dcefd4ee8db34f5fa81c909795707dc6dd490974d0868,2024-03,Hampshire Constabulary,Hampshire Constabulary,-1.269504,50.873038,On or near Station Road,E01022754,Fareham 002C,Drugs,Local resolution,
d17448d3376500e720775673eaf159da42e18ba53013f3a034038cd0fd6c03f9,2024-03,Hampshire Constabulary,Hampshire Constabulary,-1.266424,50.873648,On or near Bastins Close,E01022754,Fareham 002C,Other theft,Unable to prosecute suspect,
945a0ae55c51842c2b28dfd23cd5735a7bcc1d716333cdd4c3ba6575129d441f,2024-03,Hampshire Constabulary,Hampshire Constabulary,-1.267092,50.876395,On or near Chandlers Way,E01022754,Fareham 002C,Other theft,Investigation complete; no suspect identified,
472511e0ae8b3758b5a62874f292046a2bc7b171b5a0a4d6e45bf1c726a3c7b2,2024-03,Hampshire Constabulary,Hampshire Constabulary,-1.268446,50.871593,On or near Locks Road,E01022754,Fareham 002C,Public order,Unable to prosecute suspect,
0ada631815e0da6f29f04fb60bf7c7b4a30bd15c76a40ef345a483006b1c96e5,2024-03,Hampshire Constabulary,Hampshire Constabulary,-1.268446,50.871593,On or near Locks Road,E01022754,Fareham 002C,Robbery,Investigation complete; no suspect identified,
3c11334c7ebc41877c8d6aa7a9fd53b19c5c3d191ba4e563e63a501e75a260fc,2024-03,Hampshire Constabulary,Hampshire Constabulary,-1.265231,50.871055,On or near Petrol Station,E01022754,Fareham 002C,Shoplifting,Court result unavailable,
fb8040c1bb2ba7cbb6dfa286ee2b569f14541687ab63afae1b97b525a3050bdc,2024-03,Hampshire Constabulary,Hampshire Constabulary,-1.268446,50.871593,On or near Locks Road,E01022754,Fareham 002C,Shoplifting,Unable to prosecute suspect,
e9d0966cb1ffcd626d77da7c8d393801a35bf69c3ca69970454b53db6950198e,2024-03,Hampshire Constabulary,Hampshire Constabulary,-1.271379,50.872178,On or near Petrol Station,E01022754,Fareham 002C,Violence and sexual offences,Unable to prosecute suspect,
ab20834f8089a78254c58a60ed970a019c88d89bce99f188f7f869bbe502d3e5,2024-03,Hampshire Constabulary,Hampshire Constabulary,-1.271379,50.872178,On or near Petrol Station,E01022754,Fareham 002C,Violence and sexual offences,Unable to prosecute suspect,
990e6c9df5600d2434cf86bd3aee328c9365d1347fa803ba1fac2b62bff32bc4,2024-03,Hampshire Constabulary,Hampshire Constabulary,-1.267699,50.873018,On or near Parking Area,E01022754,Fareham 002C,Violence and sexual offences,Offender given a caution,
2fea5429451d487afaf2348f44beb84c3c186c948bd7315c8b429288dc8be32b,2024-03,Hampshire Constabulary,Hampshire Constabulary,-1.269504,50.873038,On or near Station Road,E01022754,Fareham 002C,Violence and sexual offences,Unable to prosecute suspect,
d738e43c1b2d3076199def617c2fcbe309c264bc1b82867fc09338cad44b7cb5,2024-03,Hampshire Constabulary,Hampshire Constabulary,-1.268204,50.876133,On or near Duncan Road,E01022754,Fareham 002C,Violence and sexual offences,Investigation complete; no suspect identified,
,2024-03,Hampshire Constabulary,Hampshire Constabulary,-1.267699,50.873018,On or near Parking Area,E01022754,Fareham 002C,Anti-social behaviour,,
,2024-03,Hampshire Constabulary,Hampshire Constabulary,-1.269504,50.873038,On or near Station Road,E01022754,Fareham 002C,Anti-social behaviour,,
,2024-03,Hampshire Constabulary,Hampshire Constabulary,-1.265966,50.874779,On or near Duncan Road,E01022754,Fareham 002C,Anti-social behaviour,,
bbd40988c825cc9e3292df7b4dc48142f1100f511b74b7d046780b598a5e8f27,2024-03,Hampshire Constabulary,Hampshire Constabulary,-1.265231,50.871055,On or near Petrol Station,E01022754,Fareham 002C,Bicycle theft,Further investigation is not in the public interest,
93e30c94ab060aba696d5116000b580bf18fd63f839db6e6484b315fe8357125,2024-03,Hampshire Constabulary,Hampshire Constabulary,-1.265231,50.871055,On or near Petrol Station,E01022754,Fareham 002C,Criminal damage and arson,Investigation complete; no suspect identified,
84d8d87ef82fb714878a9df518c46dd2d5fad5d5a9cbf60fdeec472b9650c942,2024-03,Hampshire Constabulary,Hampshire Constabulary,-1.269504,50.873038,On or near Station Road,E01022754,Fareham 002C,Public order,Unable to prosecute suspect,
f80f3605ddc9ad529ae459b67d76851f304d355b27ac09d216bc4d1f7cbc52cb,2024-03,Hampshire Constabulary,Hampshire Constabulary,-1.265231,50.871055,On or near Petrol Station,E01022754,Fareham 002C,Shoplifting,Investigation complete; no suspect identified,
a89c3419da4db4cc6c4ecced8d764e7b1a5aefa9e5f5106e310f4baa25468db9,2024-03,Hampshire Constabulary,Hampshire Constabulary,-1.265231,50.871055,On or near Petrol Station,E01022754,Fareham 002C,Shoplifting,Investigation complete; no suspect identified,
e0663d792647694885f7436eb90c89cb237b49137b901da75edd0dd5e34484a2,2024-03,Hampshire Constabulary,Hampshire Constabulary,-1.268446,50.871593,On or near Locks Road,E01022754,Fareham 002C,Shoplifting,Investigation complete; no suspect identified,
a488876cb47f623498775dc2a79b23b34f0fb69220cb6cc7f3706b44c54918fd,2024-03,Hampshire Constabulary,Hampshire Constabulary,-1.263185,50.869968,On or near Southampton Road,E01022754,Fareham 002C,Violence and sexual offences,Unable to prosecute suspect,
11b9c35188a290aef6e244f7fc300e8c51035eeeaa40ca09c4c810e12f39d21a,2024-03,Hampshire Constabulary,Hampshire Constabulary,-1.263185,50.869968,On or near Southampton Road,E01022754,Fareham 002C,Violence and sexual offences,Unable to prosecute suspect,
3a700c07a618a50b276641dbfff049b196d5ccb26a7b4ca8dcd0df81b1fe68ca,2024-03,Hampshire Constabulary,Hampshire Constabulary,-1.269504,50.873038,On or near Station Road,E01022754,Fareham 002C,Violence and sexual offences,Unable to prosecute suspect,
eb562855734801aa4ace97745f757d01ab05ebe321070e0ed0c3d5ccf3318213,2024-03,Hampshire Constabulary,Hampshire Constabulary,-1.252245,50.867138,On or near Witherbed Lane,E01022780,Fareham 002D,Burglary,Investigation complete; no suspect identified,
223c1dc477a0cca350b72db3906a359152f5e94b34c404531dbf08374a67cff7,2024-03,Hampshire Constabulary,Hampshire Constabulary,-1.252245,50.867138,On or near Witherbed Lane,E01022780,Fareham 002D,Burglary,Unable to prosecute suspect,
8ed1c8c2a4c6617288fbfe9b0395cac23ee08eff98094eff80d54e3f4f5f4e3b,2024-03,Hampshire Constabulary,Hampshire Constabulary,-1.240639,50.863367,On or near Park Cottage Drive,E01022780,Fareham 002D,Public order,Unable to prosecute suspect,
19bc6cebd2c3a461c6f02d4f7d276c3d0a3785f30fe684acd81ddd1627fc7981,2024-03,Hampshire Constabulary,Hampshire Constabulary,-1.242009,50.861254,On or near Eastway,E01022780,Fareham 002D,Violence and sexual offences,Unable to prosecute suspect,
fb719aa98b49458a34d19e77ecaf656dea7959038dc4d2ae9e331c674fdba856,2024-03,Hampshire Constabulary,Hampshire Constabulary,-1.247698,50.863547,On or near Hill Croft,E01022780,Fareham 002D,Violence and sexual offences,Local resolution,
c415835b8c8bdb1565c1c02073275e4bf327defc886a72f7a769276575e04590,2024-03,Hampshire Constabulary,Hampshire Constabulary,-1.242047,50.864176,On or near Mimosa Close,E01022780,Fareham 002D,Burglary,Investigation complete; no suspect identified,
c02f4c74c141d28d12f1b5d0d089391b91ef43e5ac2c16d5036447a769d1cfd4,2024-03,Hampshire Constabulary,Hampshire Constabulary,-1.252587,50.869739,On or near Mitchell Close,E01022780,Fareham 002D,Other theft,Investigation complete; no suspect identified,
af2ed221fe9c6cd9c10e8b5055ba855822c2cac02588bd61b7651c78d227b624,2024-03,Hampshire Constabulary,Hampshire Constabulary,-1.252587,50.869739,On or near Mitchell Close,E01022780,Fareham 002D,Vehicle crime,Investigation complete; no suspect identified,
6193bb0328883be647baad4d6c57927868c15912e220712c7559da8b6f52b193,2024-03,Hampshire Constabulary,Hampshire Constabulary,-1.239930,50.864172,On or near Barnes Wallis Road,E01022780,Fareham 002D,Vehicle crime,Status update unavailable,
b6d7f3eaa0da323a2bfe43288af93b2dd213aad7b73d67b470ef17b4d6e55cc4,2024-03,Hampshire Constabulary,Hampshire Constabulary,-1.250005,50.860613,On or near Fern Way,E01022780,Fareham 002D,Violence and sexual offences,Status update unavailable,
,2024-03,Hampshire Constabulary,Hampshire Constabulary,-1.257043,50.866548,On or near The Willows,E01022787,Fareham 002E,Anti-social behaviour,,
,2024-03,Hampshire Constabulary,Hampshire Constabulary,-1.257043,50.866548,On or near The Willows,E01022787,Fareham 002E,Anti-social behaviour,,
8e55a6c293183966aa4636872731f14ac0d20b959e7750a404ed7d98122c5ba4,2024-03,Hampshire Constabulary,Hampshire Constabulary,-1.256678,50.863596,On or near Mayridge,E01022788,Fareham 002F,Shoplifting,Investigation complete; no suspect identified,
d92f8f49061b0feb0c8233ccb1c8013af84b37ca339175f38ddc5760025e6cf1,2024-03,Hampshire Constabulary,Hampshire Constabulary,-1.201353,50.863240,On or near Mary Rose Close,E01022730,Fareham 003A,Burglary,Investigation complete; no suspect identified,
40c1b3d8d6d28dbe1252b9b35efddd8f1575ff94347873cabd02ea480ee08bcb,2024-03,Hampshire Constabulary,Hampshire Constabulary,-1.201353,50.863240,On or near Mary Rose Close,E01022730,Fareham 003A,Public order,Unable to prosecute suspect,
74a3edbc4361e9a71cc1617084b031d6d53e881054a1130c3895efedaca9367c,2024-03,Hampshire Constabulary,Hampshire Constabulary,-1.212746,50.864216,On or near Atkins Place,E01022730,Fareham 003A,Violence and sexual offences,Unable to prosecute suspect,
a5ab3b4937606eac81815b07a100642094f57a675f53e4bd08778cb8de9a3f7d,2024-03,Hampshire Constabulary,Hampshire Constabulary,-1.207919,50.863995,On or near Hill Park Road,E01022731,Fareham 003B,Violence and sexual offences,Unable to prosecute suspect,
,2024-03,Hampshire Constabulary,Hampshire Constabulary,-1.207941,50.866882,On or near Walton Court,E01022731,Fareham 003B,Anti-social behaviour,,
,2024-03,Hampshire Constabulary,Hampshire Constabulary,-1.207941,50.866882,On or near Walton Court,E01022731,Fareham 003B,Anti-social behaviour,,
179b491edbef50bc277df204d291c097c343f7678e324e856a4e5ba520eca9f3,2024-03,Hampshire Constabulary,Hampshire Constabulary,-1.217124,50.859039,On or near Privett Road,E01022732,Fareham 003C,Criminal damage and arson,Investigation complete; no suspect identified,
fc83d4ba1e6d61f93f8133a019968be3a3f41287f3f7977384ca6b79d8d6aca1,2024-03,Hampshire Constabulary,Hampshire Constabulary,-1.217124,50.859039,On or near Privett Road,E01022732,Fareham 003C,Criminal damage and arson,Investigation complete; no suspect identified,
c97bb69839edd2474d608c270dd1f9e4c34122c46b7fa9816b1d6b0b088dff82,2024-03,Hampshire Constabulary,Hampshire Constabulary,-1.217029,50.859650,On or near Valentine Close,E01022732,Fareham 003C,Violence and sexual offences,Unable to prosecute suspect,
8cec25c209cdfa023c4465ad58be4484e5dbecf5da19f59bf5d9285fa260e05d,2024-03,Hampshire Constabulary,Hampshire Constabulary,-1.217124,50.859039,On or near Privett Road,E01022732,Fareham 003C,Violence and sexual offences,Investigation complete; no suspect identified,
73db85ee8405cc975954396e78e9e0a2abb85e7d224a0ebe259bb60e20ddc7aa,2024-03,Hampshire Constabulary,Hampshire Constabulary,-1.213059,50.860801,On or near Nashe Way,E01022732,Fareham 003C,Violence and sexual offences,Unable to prosecute suspect,
7d8bd0920e8522b67b23f588af8cf66f4ed00000c132dfa89b1586cc8f10d864,2024-03,Hampshire Constabulary,Hampshire Constabulary,-1.214010,50.862588,On or near Orchid Close,E01022732,Fareham 003C,Violence and sexual offences,Unable to prosecute suspect,
8c527a494cba50073759e1cab58e135de8446b99977c6ec96aa9d97244c428d2,2024-03,Hampshire Constabulary,Hampshire Constabulary,-1.214010,50.862588,On or near Orchid Close,E01022732,Fareham 003C,Violence and sexual offences,Unable to prosecute suspect,
a67ef6cc91edb2354d16ad9a1f57617d93f1bce04e6a33ba065816515a0dfcde,2024-03,Hampshire Constabulary,Hampshire Constabulary,-1.214010,50.862588,On or near Orchid Close,E01022732,Fareham 003C,Violence and sexual offences,Unable to prosecute suspect,
74d8a46363fbb25e87fd1f7d66a63223260628c921f885199119236bcc3cbe12,2024-03,Hampshire Constabulary,Hampshire Constabulary,-1.214010,50.862588,On or near Orchid Close,E01022732,Fareham 003C,Violence and sexual offences,Unable to prosecute suspect,
1c8b9271531041831b6d19455d0b864e7c6907820db8d8bc575d5e0959cd7fe9,2024-03,Hampshire Constabulary,Hampshire Constabulary,-1.221772,50.862521,On or near Sports/Recreation Area,E01022732,Fareham 003C,Violence and sexual offences,Action to be taken by another organisation,
3c2680905865edbd8ba1431557efc3dcc9895f8c647e48a9653fdf9c96c17e4d,2024-03,Hampshire Constabulary,Hampshire Constabulary,-1.214010,50.862588,On or near Orchid Close,E01022732,Fareham 003C,Other crime,Further investigation is not in the public interest,
b6630a7a41e966920dffad5a016f9cc2a57bcbe77b0b9bf0bdf9375818d5137b,2024-03,Hampshire Constabulary,Hampshire Constabulary,-1.218978,50.861247,On or near Sports/Recreation Area,E01022732,Fareham 003C,Criminal damage and arson,Investigation complete; no suspect identified,
d87a57e51c3c209435c920d3c144f3384823a5c0735ce4757ff8253fbe0f29cf,2024-03,Hampshire Constabulary,Hampshire Constabulary,-1.216281,50.861057,On or near Hillson Drive,E01022732,Fareham 003C,Criminal damage and arson,Investigation complete; no suspect identified,
d07c8d9d53d2fc7c2a8897853f85f40407ec107e6d08923bcf13d461efe742f6,2024-03,Hampshire Constabulary,Hampshire Constabulary,-1.217029,50.859650,On or near Valentine Close,E01022732,Fareham 003C,Criminal damage and arson,Investigation complete; no suspect identified,
48c7c7f755e505882f692528e763e8c7cef4ffe0d634a5e7d409e2f224cc4fde,2024-03,Hampshire Constabulary,Hampshire Constabulary,-1.217124,50.859039,On or near Privett Road,E01022732,Fareham 003C,Violence and sexual offences,Status update unavailable,
d7c297e57bb36391f42a625a9a404709287bca7b5962d788254919c1021ad3e7,2024-03,Hampshire Constabulary,Hampshire Constabulary,-1.213059,50.860801,On or near Nashe Way,E01022732,Fareham 003C,Violence and sexual offences,Unable to prosecute suspect,
88ad6024734fdb7292a2ad4409d8b3390a71b89d2248201174c43665a1ac99ed,2024-03,Hampshire Constabulary,Hampshire Constabulary,-1.217029,50.859650,On or near Valentine Close,E01022732,Fareham 003C,Violence and sexual offences,Investigation complete; no suspect identified,
d5eb3eafd16c1ded4a6069921ce63045e931cbb3965c24c19a7cb9c6241e1f3b,2024-03,Hampshire Constabulary,Hampshire Constabulary,-1.199900,50.858437,On or near Sunlight Gardens,E01022733,Fareham 003D,Other theft,Unable to prosecute suspect,
506773e7723461fb47260ff67d9a0579d26be9f2b626eb5e359e26ca1bbc387f,2024-03,Hampshire Constabulary,Hampshire Constabulary,-1.203073,50.858162,On or near Sports/Recreation Area,E01022733,Fareham 003D,Robbery,Unable to prosecute suspect,
f7d1b217fa53b2884f631c6b9a6033d3e52b8a3ec44f736e482740561d979a00,2024-03,Hampshire Constabulary,Hampshire Constabulary,-1.199900,50.858437,On or near Sunlight Gardens,E01022733,Fareham 003D,Vehicle crime,Investigation complete; no suspect identified,
4fad30adfe318265784e5219061cc5c7b4293192924f833ac7e47b0ef7f9460e,2024-03,Hampshire Constabulary,Hampshire Constabulary,-1.199900,50.858437,On or near Sunlight Gardens,E01022733,Fareham 003D,Violence and sexual offences,Unable to prosecute suspect,
27b4aff9dd4005e2eac2eb33b03958dd6b715f5c6231d32648330e4b5f414155,2024-03,Hampshire Constabulary,Hampshire Constabulary,-1.199900,50.858437,On or near Sunlight Gardens,E01022733,Fareham 003D,Violence and sexual offences,Local resolution,
0d3d0b21361d45dbc7a93681f9a34a305fe233165f36c6474c52d6c2c52ffb94,2024-03,Hampshire Constabulary,Hampshire Constabulary,-1.198716,50.859562,On or near Culloden Close,E01022733,Fareham 003D,Violence and sexual offences,Unable to prosecute suspect,
c8b3f018dc639a40410f0747d5a50ffe15e1bb6b077405e0ccfc75498e6d9bee,2024-03,Hampshire Constabulary,Hampshire Constabulary,-1.199900,50.858437,On or near Sunlight Gardens,E01022733,Fareham 003D,Violence and sexual offences,Unable to prosecute suspect,
291538f98f960440f1fb8d7d9de5da1b7bf27f46ea046ebdd86257a99a7c503f,2024-03,Hampshire Constabulary,Hampshire Constabulary,-1.213701,50.858989,On or near Neptune Road,E01022734,Fareham 003E,Burglary,Investigation complete; no suspect identified,
674202e3d4449e6e990ac13c956939bfbd190a850967e1728416d131f6a139e2,2024-03,Hampshire Constabulary,Hampshire Constabulary,-1.205594,50.858628,On or near Hammond Road,E01022734,Fareham 003E,Public order,Court result unavailable,
bc5826e0c6140bbb2754ef9ba5a441037b1297d6ace12d3fa3c1c3fd2d886063,2024-03,Hampshire Constabulary,Hampshire Constabulary,-1.209673,50.859418,On or near Supermarket,E01022734,Fareham 003E,Public order,Unable to prosecute suspect,
a777deaf063887c663de2a140a3b9e23daa3cdbda93dcadeaec13b89d79d703b,2024-03,Hampshire Constabulary,Hampshire Constabulary,-1.209673,50.859418,On or near Supermarket,E01022734,Fareham 003E,Shoplifting,Unable to prosecute suspect,
c08773b9f52f156528354b4dc2c71ff6ce79207e66965133fad48c9c0ce49b50,2024-03,Hampshire Constabulary,Hampshire Constabulary,-1.209673,50.859418,On or near Supermarket,E01022734,Fareham 003E,Shoplifting,Court result unavailable,
f53020e43f86aa44bd32c42ff94e243e682ebf30e3a6a1bf2eeb7ed6d0a7fec2,2024-03,Hampshire Constabulary,Hampshire Constabulary,-1.209673,50.859418,On or near Supermarket,E01022734,Fareham 003E,Shoplifting,Court result unavailable,
8d01144186e9dd9a3f03849aca6f51d5f540d7543c2b425eb03128711fc49145,2024-03,Hampshire Constabulary,Hampshire Constabulary,-1.209673,50.859418,On or near Supermarket,E01022734,Fareham 003E,Shoplifting,Unable to prosecute suspect,
1c0c4cfbe604ffa636926f909c0b67032d1062ee134ff731aa1138ed7d2da543,2024-03,Hampshire Constabulary,Hampshire Constabulary,-1.207966,50.861198,On or near Relf Close,E01022734,Fareham 003E,Vehicle crime,Investigation complete; no suspect identified,
7367e39fecb2b16d014319f33a68424a492c0711933d54abcf8e72189c040a64,2024-03,Hampshire Constabulary,Hampshire Constabulary,-1.211100,50.858225,On or near Badger Close,E01022734,Fareham 003E,Violence and sexual offences,Investigation complete; no suspect identified,
84d162a33d1913dab1b1567b1ec62be9f6d33c8164329ae2ba508eeb01e4a817,2024-03,Hampshire Constabulary,Hampshire Constabulary,-1.211100,50.858225,On or near Badger Close,E01022734,Fareham 003E,Violence and sexual offences,Unable to prosecute suspect,
e47b54a02877a431acdc9e83d6145f848cff72f2c70a3b710dce475b6b9ec486,2024-03,Hampshire Constabulary,Hampshire Constabulary,-1.210727,50.858384,On or near Shannon Close,E01022734,Fareham 003E,Violence and sexual offences,Unable to prosecute suspect,
545c5da2f0e6fb3e9fd2c0616081f4cb17914c191ec10512ba312ceb60c841a8,2024-03,Hampshire Constabulary,Hampshire Constabulary,-1.209673,50.859418,On or near Supermarket,E01022734,Fareham 003E,Violence and sexual offences,Unable to prosecute suspect,
a3403402bb725cab04aaec7d71e6e49f14d0ceca73bd0d2f2a54a35a741a4da8,2024-03,Hampshire Constabulary,Hampshire Constabulary,-1.212506,50.859080,On or near Norset Road,E01022734,Fareham 003E,Other crime,Unable to prosecute suspect,
,2024-03,Hampshire Constabulary,Hampshire Constabulary,-1.213701,50.858989,On or near Neptune Road,E01022734,Fareham 003E,Anti-social behaviour,,
,2024-03,Hampshire Constabulary,Hampshire Constabulary,-1.209038,50.859974,On or near Parking Area,E01022734,Fareham 003E,Anti-social behaviour,,
c8b2238d40962a01bdac5c4efb4cd7505f5d8d0129094a79322a2897e4d8589d,2024-03,Hampshire Constabulary,Hampshire Constabulary,-1.209673,50.859418,On or near Supermarket,E01022734,Fareham 003E,Bicycle theft,Investigation complete; no suspect identified,
8043f2c7fb9d58f0e4426a16d3415a63c97f0f86b34223775503ae117acdf2b8,2024-03,Hampshire Constabulary,Hampshire Constabulary,-1.209673,50.859418,On or near Supermarket,E01022734,Fareham 003E,Criminal damage and arson,Investigation complete; no suspect identified,
21c88ae1e3953d7da5eb06e9809cf1faec8773f938a72994a65c599d48c4abce,2024-03,Hampshire Constabulary,Hampshire Constabulary,-1.210048,50.858227,On or near Pelican Close,E01022734,Fareham 003E,Criminal damage and arson,Investigation complete; no suspect identified,
9c87345e737e8d4b0c83ddfbc2c803e96a0ae3d7dc04062d42b1ce416f0f2463,2024-03,Hampshire Constabulary,Hampshire Constabulary,-1.208463,50.858675,On or near Triumph Close,E01022734,Fareham 003E,Criminal damage and arson,Investigation complete; no suspect identified,
06e34ddb414dbe4a2cd303434421a3520ce98efe29a644aaff15538cab9edf79,2024-03,Hampshire Constabulary,Hampshire Constabulary,-1.209673,50.859418,On or near Supermarket,E01022734,Fareham 003E,Public order,Unable to prosecute suspect,
af94d924d5de4d1fc63f29adf8f66d1c976586b0e5811961f2186634640adea2,2024-03,Hampshire Constabulary,Hampshire Constabulary,-1.209673,50.859418,On or near Supermarket,E01022734,Fareham 003E,Shoplifting,Investigation complete; no suspect identified,
e74ff89eaba128b73d26b78108bb69d5f96dc1d0ea174f35736305590edb6afb,2024-03,Hampshire Constabulary,Hampshire Constabulary,-1.209673,50.859418,On or near Supermarket,E01022734,Fareham 003E,Shoplifting,Investigation complete; no suspect identified,
62cf73c0b45ab1fe3f55c08d42924521e8cb19e76a33b35ca5d231b00c347809,2024-03,Hampshire Constabulary,Hampshire Constabulary,-1.209673,50.859418,On or near Supermarket,E01022734,Fareham 003E,Shoplifting,Investigation complete; no suspect identified,
65d20a1a5931d5549cc29d41809e6fddae1147d0b2edcf4afd400654c134f94b,2024-03,Hampshire Constabulary,Hampshire Constabulary,-1.209673,50.859418,On or near Supermarket,E01022734,Fareham 003E,Violence and sexual offences,Investigation complete; no suspect identified,
c913c42a13207ee41f6e6deefc74baa979abc380e5275d5dee9dcee3f27d9ef4,2024-03,Hampshire Constabulary,Hampshire Constabulary,-1.180710,50.864643,On or near Cornfield,E01022720,Fareham 004A,Other theft,Unable to prosecute suspect,
281a16057e8f48772881d7961278ffc895fa6a6c41de64d0de44136945f71339,2024-03,Hampshire Constabulary,Hampshire Constabulary,-1.183444,50.857819,On or near Coghlan Close,E01022720,Fareham 004A,Public order,Court result unavailable,
385146cc22796f929261f8f018956c7485783250b3129fcb92c22e9225a3c5ed,2024-03,Hampshire Constabulary,Hampshire Constabulary,-1.181871,50.862457,On or near Hanover Gardens,E01022720,Fareham 004A,Violence and sexual offences,Investigation complete; no suspect identified,
241d6c9d30817a96b9ded245fe12d15009885aba9efcaeb29b611f24c2d28c13,2024-03,Hampshire Constabulary,Hampshire Constabulary,-1.181649,50.862159,On or near Furneaux Gardens,E01022720,Fareham 004A,Violence and sexual offences,Unable to prosecute suspect,
6b2de404bb9eebf5e8c04673aa23295afcb1254024405a5c5ae2b11f1116c2f7,2024-03,Hampshire Constabulary,Hampshire Constabulary,-1.181649,50.862159,On or near Furneaux Gardens,E01022720,Fareham 004A,Violence and sexual offences,Unable to prosecute suspect,
,2024-03,Hampshire Constabulary,Hampshire Constabulary,-1.180710,50.864643,On or near Cornfield,E01022720,Fareham 004A,Anti-social behaviour,,
75b9ba9b0d10b5fcf03fdba2050b3c24a7346a3d5bacab777a7b09281cb523d8,2024-03,Hampshire Constabulary,Hampshire Constabulary,-1.183444,50.857819,On or near Coghlan Close,E01022720,Fareham 004A,Other theft,Investigation complete; no suspect identified,
4430e18040a5adf945161f013ed52e15bf2e2b7a1914f3386f9e6c294834fd8c,2024-03,Hampshire Constabulary,Hampshire Constabulary,-1.188988,50.863406,On or near Burnham Wood,E01022725,Fareham 004B,Robbery,Unable to prosecute suspect,
41af0b37d97825deb86b43536791ab6736af599aa1200e41a332a9de07b2ba32,2024-03,Hampshire Constabulary,Hampshire Constabulary,-1.187316,50.864752,On or near Greenwood Close,E01022725,Fareham 004B,Violence and sexual offences,Unable to prosecute suspect,
e91f1ba89d8a86c8fef2d60ed8073aec73e4b0ef0b32a44941837edfad22db06,2024-03,Hampshire Constabulary,Hampshire Constabulary,-1.188988,50.863406,On or near Burnham Wood,E01022725,Fareham 004B,Violence and sexual offences,Unable to prosecute suspect,
cbcbd2c62236a6b2b98fd672babd7d7102deebe388cd294699e8591b7bcbcc2f,2024-03,Hampshire Constabulary,Hampshire Constabulary,-1.188988,50.863406,On or near Burnham Wood,E01022725,Fareham 004B,Violence and sexual offences,Local resolution,
8ee0294bc0c4bf1b419d95ac04ac078b5a866a358a46d6bbe954562f7bf2c7de,2024-03,Hampshire Constabulary,Hampshire Constabulary,-1.193824,50.862271,On or near Longstaff Gardens,E01022726,Fareham 004C,Shoplifting,Unable to prosecute suspect,
b3902d7ae7b44daed9dc795c3babd2dc2f7fef11a1d25a466c7784afbec80d9f,2024-03,Hampshire Constabulary,Hampshire Constabulary,-1.198071,50.865681,On or near Holly Grove,E01022726,Fareham 004C,Violence and sexual offences,Local resolution,
42dde41911a63da43eb977a2912689d169337e1af1264e4ef8e7a0e80e35b72c,2024-03,Hampshire Constabulary,Hampshire Constabulary,-1.198071,50.865681,On or near Holly Grove,E01022726,Fareham 004C,Violence and sexual offences,Local resolution,
fa852074ea59f8eeeed9582aa97501bb423cbd4335f9dbd94f39c79802ae36ce,2024-03,Hampshire Constabulary,Hampshire Constabulary,-1.198071,50.865681,On or near Holly Grove,E01022726,Fareham 004C,Criminal damage and arson,Status update unavailable,
8aa6cb88d5a8a1ed34694f37ad5f5fe74e3cd045d853c624045e018553a2bd29,2024-03,Hampshire Constabulary,Hampshire Constabulary,-1.194576,50.863148,On or near Wakefield Avenue,E01022726,Fareham 004C,Violence and sexual offences,Unable to prosecute suspect,
880e1e99fa60d7666337da89247e28484ad3a41163008242efeddc46474f3fac,2024-03,Hampshire Constabulary,Hampshire Constabulary,-1.199419,50.857516,On or near Murray Close,E01022727,Fareham 004D,Violence and sexual offences,Unable to prosecute suspect,
d6096d4d2f98af400ffab7581233dcfaa97206b3962e6cc0c8e322eaf45c7db9,2024-03,Hampshire Constabulary,Hampshire Constabulary,-1.199419,50.857516,On or near Murray Close,E01022727,Fareham 004D,Violence and sexual offences,Unable to prosecute suspect,
284e3ba46eeb8c28ce4b346bb7c7439609ba5ce41bf6bd3440b28dbe2d75ddfd,2024-03,Hampshire Constabulary,Hampshire Constabulary,-1.199779,50.857186,On or near Gudge Heath Lane,E01022727,Fareham 004D,Other crime,Unable to prosecute suspect,
616380a4b87d0f3004eae390cb6b62623c4dd8dedc816f446ce329e4c68b5c8e,2024-03,Hampshire Constabulary,Hampshire Constabulary,-1.199419,50.857516,On or near Murray Close,E01022727,Fareham 004D,Violence and sexual offences,Unable to prosecute suspect,
307dadd1f4be1eb3f1f9bb11308935442453d0cb79e7bed720df0af8a9fdf95c,2024-03,Hampshire Constabulary,Hampshire Constabulary,-1.210174,50.872661,On or near Honey Lane,E01022729,Fareham 004E,Criminal damage and arson,Unable to prosecute suspect,
bd44afff9975f1ca4e95c8cf8554c21958dff06557ccc22a69cc2a32698e969f,2024-03,Hampshire Constabulary,Hampshire Constabulary,-1.180963,50.887513,On or near Greenlees Close,E01022729,Fareham 004E,Violence and sexual offences,Investigation complete; no suspect identified,
399f3863e16f8880fd17b6a46b0542233d9098c65deff40742c6d6d3a6e7a971,2024-03,Hampshire Constabulary,Hampshire Constabulary,-1.194199,50.852912,On or near Craigbank Court,E01022743,Fareham 004F,Drugs,Local resolution,
43ba2474f821d7a117cd252fe7236d181a3f84330d07e943f6168d4998ad51f3,2024-03,Hampshire Constabulary,Hampshire Constabulary,-1.203629,50.856412,On or near Alan Grove,E01022743,Fareham 004F,Drugs,Offender given a caution,
d706434f0772fa03bc6cf0ddb483278e2861506cf8d6bb45d6c88f1033e48e52,2024-03,Hampshire Constabulary,Hampshire Constabulary,-1.202602,50.857493,On or near Spicewood,E01022743,Fareham 004F,Violence and sexual offences,Investigation complete; no suspect identified,
1a38b8d2fbb25a402afc211df25af63d9f8e42a70448b8224e493a6e5e4dcd40,2024-03,Hampshire Constabulary,Hampshire Constabulary,-1.207108,50.856489,On or near Abbey Road,E01022743,Fareham 004F,Violence and sexual offences,Unable to prosecute suspect,
,2024-03,Hampshire Constabulary,Hampshire Constabulary,-1.203120,50.853765,On or near Julie Avenue,E01022743,Fareham 004F,Anti-social behaviour,,
2aece3e9f2c405a831c9bf2eef6c33297189176b71c9cc6f45c875beb9578d63,2024-03,Hampshire Constabulary,Hampshire Constabulary,-1.194199,50.852912,On or near Craigbank Court,E01022743,Fareham 004F,Drugs,Investigation complete; no suspect identified,
b70ada8634fe9a9889a9aba2d79b4f51a4512379b873eb8b8e7cee48f97743a7,2024-03,Hampshire Constabulary,Hampshire Constabulary,-1.201089,50.856197,On or near Beech Road,E01022743,Fareham 004F,Other theft,Investigation complete; no suspect identified,
834883cee86eb2d80d9376ea8425bc9ceb677b27bec3757929ecf59f009a5bad,2024-03,Hampshire Constabulary,Hampshire Constabulary,-1.203132,50.856381,On or near Margarita Road,E01022743,Fareham 004F,Violence and sexual offences,Unable to prosecute suspect,
20e17038dee774d166a3138eef633ca183a8d2dc3825e7c01fd3a9239c82903a,2024-03,Hampshire Constabulary,Hampshire Constabulary,-1.194199,50.852912,On or near Craigbank Court,E01022743,Fareham 004F,Violence and sexual offences,Status update unavailable,
d436931c8dbd080801bf7a91663cdf909f4d89452cd6e4e91571cbdc2277e538,2024-03,Hampshire Constabulary,Hampshire Constabulary,-1.272096,50.865366,On or near Old Common Gardens,E01022750,Fareham 005A,Violence and sexual offences,Offender given a caution,
d728d7ca1d09340011569756c1d8c34fe3d3f60d38eac0fcc705e19843fa5be4,2024-03,Hampshire Constabulary,Hampshire Constabulary,-1.272096,50.865366,On or near Old Common Gardens,E01022750,Fareham 005A,Criminal damage and arson,Investigation complete; no suspect identified,
e409a56c3ec340455e397210ab5e341e905824cb7ddb489c62df0be6ed808da2,2024-03,Hampshire Constabulary,Hampshire Constabulary,-1.272524,50.859775,On or near Grovebury,E01022751,Fareham 005B,Public order,Local resolution,
4ab0d916f6dad936499817e61fe62456c1381b1798edc5b965755651e3fbdb8b,2024-03,Hampshire Constabulary,Hampshire Constabulary,-1.276410,50.862965,On or near Ilex Crescent,E01022751,Fareham 005B,Public order,Investigation complete; no suspect identified,
6788b2e584f9e0a1230f17e0d0eb987e503b788270d95f1c3b83adb9a1ed0279,2024-03,Hampshire Constabulary,Hampshire Constabulary,-1.276410,50.862965,On or near Ilex Crescent,E01022751,Fareham 005B,Shoplifting,Investigation complete; no suspect identified,
0fd73b2e5f09c2e760ab36df3ca5dbed9036efd51d3b77bd740f5c9b68dc24c1,2024-03,Hampshire Constabulary,Hampshire Constabulary,-1.276410,50.862965,On or near Ilex Crescent,E01022751,Fareham 005B,Shoplifting,Investigation complete; no suspect identified,
898f9203270802847ca54c4451903c731f0c295b3a0d0be4c3080eceae160c3b,2024-03,Hampshire Constabulary,Hampshire Constabulary,-1.276410,50.862965,On or near Ilex Crescent,E01022751,Fareham 005B,Shoplifting,Investigation complete; no suspect identified,
e754ebf2eb0712f36168b75c05f56f6c76e4568408bb61eae7b8c86bd80e3297,2024-03,Hampshire Constabulary,Hampshire Constabulary,-1.276410,50.862965,On or near Ilex Crescent,E01022751,Fareham 005B,Shoplifting,Court result unavailable,
0152f845cb1027269c79421409dbfa69c52aef42e4aff86d095322cecf5d1fd5,2024-03,Hampshire Constabulary,Hampshire Constabulary,-1.273117,50.857297,On or near Monterey Drive,E01022751,Fareham 005B,Violence and sexual offences,Unable to prosecute suspect,
1ed05373999b85ffce3a97dee4a86ea3bfbf9c688b9946b62521c89749a149a7,2024-03,Hampshire Constabulary,Hampshire Constabulary,-1.276410,50.862965,On or near Ilex Crescent,E01022751,Fareham 005B,Violence and sexual offences,Unable to prosecute suspect,
,2024-03,Hampshire Constabulary,Hampshire Constabulary,-1.276410,50.862965,On or near Ilex Crescent,E01022751,Fareham 005B,Anti-social behaviour,,
,2024-03,Hampshire Constabulary,Hampshire Constabulary,-1.276410,50.862965,On or near Ilex Crescent,E01022751,Fareham 005B,Anti-social behaviour,,
,2024-03,Hampshire Constabulary,Hampshire Constabulary,-1.276195,50.855769,On or near Raley Road,E01022751,Fareham 005B,Anti-social behaviour,,
2daa48e075c432db159cb300d959f13bcaf3a517d40dade7e1f9e28021fae59e,2024-03,Hampshire Constabulary,Hampshire Constabulary,-1.276410,50.862965,On or near Ilex Crescent,E01022751,Fareham 005B,Bicycle theft,Investigation complete; no suspect identified,
4b5fb89d9a59d19587a643d574c18b4d51ef74ff74ab1ee769750b9ff4c3769e,2024-03,Hampshire Constabulary,Hampshire Constabulary,-1.276410,50.862965,On or near Ilex Crescent,E01022751,Fareham 005B,Shoplifting,Status update unavailable,
,2024-03,Hampshire Constabulary,Hampshire Constabulary,-1.269404,50.858488,On or near Monarch Close,E01022752,Fareham 005C,Anti-social behaviour,,
e9be818a8efb95eadbba3b558cbdfef9161c309d1d0d70f7380932dad3ffebd2,2024-03,Hampshire Constabulary,Hampshire Constabulary,-1.270913,50.855547,On or near Jesmond Grove,E01022752,Fareham 005C,Violence and sexual offences,Further investigation is not in the public interest,
0b53c7d3d08d46968a5641f030736c97e9cb0824b90fdb2885a351034b5d066d,2024-03,Hampshire Constabulary,Hampshire Constabulary,-1.270913,50.855547,On or near Jesmond Grove,E01022752,Fareham 005C,Violence and sexual offences,Investigation complete; no suspect identified,
dbd2cc616cadb73d14e2c506d9d303bcd3a487dc178a593443d9130998e6d0ab,2024-03,Hampshire Constabulary,Hampshire Constabulary,-1.279523,50.859234,On or near Woodbind Walk,E01022757,Fareham 005D,Violence and sexual offences,Unable to prosecute suspect,
6655db4a7b82a1df222f094ebed2aa5883d1f9d200fd14087e593141f0d1385b,2024-03,Hampshire Constabulary,Hampshire Constabulary,-1.279523,50.859234,On or near Woodbind Walk,E01022757,Fareham 005D,Criminal damage and arson,Investigation complete; no suspect identified,
b8958d3cb61a922365481ee834f6506d49adc064bb8a30d5c7280d609c0e11bb,2024-03,Hampshire Constabulary,Hampshire Constabulary,-1.283649,50.853279,On or near Albacore Avenue,E01022790,Fareham 005E,Public order,Unable to prosecute suspect,
d524840b8e2f7fa87bebc0cf9e8aa6518724ae972a773f85d33273deecf140ba,2024-03,Hampshire Constabulary,Hampshire Constabulary,-1.272149,50.855591,On or near Locks Road,E01022790,Fareham 005E,Shoplifting,Investigation complete; no suspect identified,
046c512e1a7c7f1ddcab4cd59d3eb0fa336658fdf6351be3d73689d63bfa243f,2024-03,Hampshire Constabulary,Hampshire Constabulary,-1.277690,50.863845,On or near Lockswood Road,E01022755,Fareham 006A,Drugs,Local resolution,
fd44d51204f93866ceaeb3f854ef58bc762e222994c92ca4e5924803c3df61b6,2024-03,Hampshire Constabulary,Hampshire Constabulary,-1.281287,50.866448,On or near Brookfield Gardens,E01022755,Fareham 006A,Robbery,Investigation complete; no suspect identified,
be63c572c71b3eadaff99df5e9759b16ad50a447e4dcae8614c07cff7583c00e,2024-03,Hampshire Constabulary,Hampshire Constabulary,-1.287768,50.867306,On or near Sherwood Gardens,E01022755,Fareham 006A,Robbery,Awaiting court outcome,
91f5316fd4db2aa16ed4c60a25a07dbf1e1362a8073df211cb69d4c5dd6ab3ec,2024-03,Hampshire Constabulary,Hampshire Constabulary,-1.279605,50.864972,On or near Twiggs End Close,E01022755,Fareham 006A,Violence and sexual offences,Unable to prosecute suspect,
,2024-03,Hampshire Constabulary,Hampshire Constabulary,-1.279605,50.864972,On or near Twiggs End Close,E01022755,Fareham 006A,Anti-social behaviour,,
,2024-03,Hampshire Constabulary,Hampshire Constabulary,-1.292268,50.865769,On or near Barnes Close,E01022755,Fareham 006A,Anti-social behaviour,,
630f034e50f75cc1b5ed30c5d4b00433db6b22ed0d6176c8906c93479a68311c,2024-03,Hampshire Constabulary,Hampshire Constabulary,-1.285622,50.865494,On or near Dene Close,E01022755,Fareham 006A,Violence and sexual offences,Unable to prosecute suspect,
6803381f3665941b9caadf3ba44406a1f78329cde90bbe243dfe5f9eef4a6feb,2024-03,Hampshire Constabulary,Hampshire Constabulary,-1.285622,50.865494,On or near Dene Close,E01022755,Fareham 006A,Violence and sexual offences,Local resolution,
eabde4a8fd5c0655a6f647b29a4df69bafc85a4390171b849af597cc5e6459df,2024-03,Hampshire Constabulary,Hampshire Constabulary,-1.299197,50.848086,On or near Hewetts Rise,E01022791,Fareham 006C,Criminal damage and arson,Investigation complete; no suspect identified,
686fef60fb0574b15cda00e39569d23d7029622415a9fc1253cd5e664a9d5c5d,2024-03,Hampshire Constabulary,Hampshire Constabulary,-1.297069,50.848873,On or near Meadcroft Close,E01022791,Fareham 006C,Violence and sexual offences,Local resolution,
ddd17fe9c0241030fbd9d2aa3a7fd7a164edb4880ac3a519a58d1ff699a82552,2024-03,Hampshire Constabulary,Hampshire Constabulary,-1.300948,50.845003,On or near Gilchrist Gardens,E01022791,Fareham 006C,Criminal damage and arson,Investigation complete; no suspect identified,
2d12e45ee75caaadd0d3f2f701364ecf3bfdeaadff6148d8af3335147c36d5ca,2024-03,Hampshire Constabulary,Hampshire Constabulary,-1.298057,50.851182,On or near Osborne Road,E01022791,Fareham 006C,Violence and sexual offences,Unable to prosecute suspect,
000337982f350731a4a81a409efe9953b4443809f4a45a9aeb93a9c446b1cad7,2024-03,Hampshire Constabulary,Hampshire Constabulary,-1.294625,50.847033,On or near Howerts Close,E01022792,Fareham 006D,Violence and sexual offences,Unable to prosecute suspect,
31b9906071de79349076247a4eae15082527a8341968e217868a05d45a53868a,2024-03,Hampshire Constabulary,Hampshire Constabulary,-1.284381,50.849983,On or near New Road,E01022792,Fareham 006D,Violence and sexual offences,Local resolution,
66c276c7b99b5cb62e6375a38b86ccff71a1a96ae37767ed1f0c3bd8ee33510c,2024-03,Hampshire Constabulary,Hampshire Constabulary,-1.286794,50.838029,On or near Workman'S Lane,E01022792,Fareham 006D,Public order,Investigation complete; no suspect identified,
2eaa937cc8bc9e4df9eb8a70c8a694205db2aa1fcb596a5530adb576c023bc0e,2024-03,Hampshire Constabulary,Hampshire Constabulary,-1.286563,50.852218,On or near Brigantine Road,E01022792,Fareham 006D,Public order,Investigation complete; no suspect identified,
adcfa369aa190d03cb0f17ea342248a67d758f2a51b251897dd4ff52b2623442,2024-03,Hampshire Constabulary,Hampshire Constabulary,-1.286794,50.838029,On or near Workman'S Lane,E01022792,Fareham 006D,Public order,Investigation complete; no suspect identified,
ed0a4118e6c92f03799e266c03ac511f2703df9866eca40aecffbfb1322cee18,2024-03,Hampshire Constabulary,Hampshire Constabulary,-1.291925,50.848060,On or near Beechwood Close,E01022792,Fareham 006D,Violence and sexual offences,Investigation complete; no suspect identified,
0f93248cb772658ec896be6fc9c561ea52e3a8b151d3a8fb860abe8524277a09,2024-03,Hampshire Constabulary,Hampshire Constabulary,-1.293223,50.847681,On or near Hornby Close,E01022792,Fareham 006D,Violence and sexual offences,Unable to prosecute suspect,
18bd35cee4e9b6da5562bed2d3a4c2295485b14e17a710b99951fd5ffa6f9944,2024-03,Hampshire Constabulary,Hampshire Constabulary,-1.291561,50.857068,On or near Greenaway Lane,E01022793,Fareham 006E,Burglary,Investigation complete; no suspect identified,
ce933f6106f0447328347b98962204db05c5d58ecbcdeb48f454c9589a9c086b,2024-03,Hampshire Constabulary,Hampshire Constabulary,-1.291359,50.853533,On or near Endeavour Close,E01022793,Fareham 006E,Burglary,Investigation complete; no suspect identified,
18c884eb1a6cb8b7444899b6f0100610d57d0a4e8c89d3286b7c3ce7e7520349,2024-03,Hampshire Constabulary,Hampshire Constabulary,-1.289868,50.855359,On or near Saxon Close,E01022793,Fareham 006E,Burglary,Investigation complete; no suspect identified,
ad604c759566f0fafe1b58688e99cd3f75ff55f2c2636034e4bb441d92218c42,2024-03,Hampshire Constabulary,Hampshire Constabulary,-1.298065,50.853475,On or near Whiteway Mews,E01022793,Fareham 006E,Other theft,Investigation complete; no suspect identified,
93affa70d17e921882557f9695b5edbeb631a827c52d9cbc92ebd0c7d8c1a32e,2024-03,Hampshire Constabulary,Hampshire Constabulary,-1.299401,50.853474,On or near Supermarket,E01022793,Fareham 006E,Shoplifting,Court result unavailable,
0846d1ab13013e61e00b6ccc2ffd82a44a1de29622af2b756a23b27bbd2712b7,2024-03,Hampshire Constabulary,Hampshire Constabulary,-1.296215,50.863176,On or near Cawtes Reach,E01022793,Fareham 006E,Violence and sexual offences,Unable to prosecute suspect,
,2024-03,Hampshire Constabulary,Hampshire Constabulary,-1.299401,50.853474,On or near Supermarket,E01022793,Fareham 006E,Anti-social behaviour,,
9c7aafc08d23e7abbf6129fe04ea59d06c13ba26b0d2d4ef34b06506308822a9,2024-03,Hampshire Constabulary,Hampshire Constabulary,-1.299401,50.853474,On or near Supermarket,E01022793,Fareham 006E,Shoplifting,Investigation complete; no suspect identified,
8e708b80f9b629b2d1d7768177226a2c3c092893b1f75730565b5b4f2038c559,2024-03,Hampshire Constabulary,Hampshire Constabulary,-1.299401,50.853474,On or near Supermarket,E01022793,Fareham 006E,Shoplifting,Investigation complete; no suspect identified,
17709826c440c85d24e52e218c51a1103d45f2c693b544ce1b3087303893786b,2024-03,Hampshire Constabulary,Hampshire Constabulary,-1.299401,50.853474,On or near Supermarket,E01022793,Fareham 006E,Shoplifting,Investigation complete; no suspect identified,
0e9b1644ffd7e0a2aa74a0ecdc17032744f57085d425217cb529e8235413e714,2024-03,Hampshire Constabulary,Hampshire Constabulary,-1.299401,50.853474,On or near Supermarket,E01022793,Fareham 006E,Shoplifting,Investigation complete; no suspect identified,
075446794b92035cb32ffdca4e853ba736353bc4ae02a1fbc76a325298ec9c14,2024-03,Hampshire Constabulary,Hampshire Constabulary,-1.299401,50.853474,On or near Supermarket,E01022793,Fareham 006E,Shoplifting,Investigation complete; no suspect identified,
1fa0e4f1ebb954f5871297d4feda6c67fb43611c2c50e6b9318eb423cb526f4e,2024-03,Hampshire Constabulary,Hampshire Constabulary,-1.289223,50.861344,On or near Sable Close,E01022793,Fareham 006E,Vehicle crime,Investigation complete; no suspect identified,
96707fb2d9d49cee648e043e323550d072b70b379c40207188b9293bbe196aa9,2024-03,Hampshire Constabulary,Hampshire Constabulary,-1.296215,50.863176,On or near Cawtes Reach,E01022793,Fareham 006E,Violence and sexual offences,Unable to prosecute suspect,
20d1ea415470b93ccfa533855d2ce8c7b23f2fe182bb7caf48a360c40543321e,2024-03,Hampshire Constabulary,Hampshire Constabulary,-1.299401,50.853474,On or near Supermarket,E01022793,Fareham 006E,Violence and sexual offences,Investigation complete; no suspect identified,
6223561a97716a9882b141a27d84427e557aada6dcb4c053fe30ebc7a97fef31,2024-03,Hampshire Constabulary,Hampshire Constabulary,-1.221777,50.845842,On or near Harcourt Road,E01022781,Fareham 007A,Burglary,Investigation complete; no suspect identified,
adfe01124ad87ff15d078ff12b447bd549e921554f6d3a25f37a7539ab0a5a4d,2024-03,Hampshire Constabulary,Hampshire Constabulary,-1.238211,50.844062,On or near Ransome Close,E01022781,Fareham 007A,Criminal damage and arson,Unable to prosecute suspect,
11bad6a885701c7113b05215c07a3fba2676458dfafd510c93bec3a4b58bd78e,2024-03,Hampshire Constabulary,Hampshire Constabulary,-1.244940,50.834600,On or near Triangle Lane,E01022781,Fareham 007A,Drugs,Local resolution,
e184cc6c31b3916e5569cebd8bd95b6c62be228e84c8f8260b3368b0f7431494,2024-03,Hampshire Constabulary,Hampshire Constabulary,-1.223736,50.837339,On or near Titchfield Road,E01022781,Fareham 007A,Violence and sexual offences,Unable to prosecute suspect,
f7dd260cc90f534a28273cfcbced6782f0732c0739a0e7565de80fcfd2d98a20,2024-03,Hampshire Constabulary,Hampshire Constabulary,-1.240237,50.846161,On or near Posbrook Lane,E01022781,Fareham 007A,Violence and sexual offences,Unable to prosecute suspect,
749393d34fe46420c77dc1038fc8ba36b2e618476b4c5565cd25d8d738439377,2024-03,Hampshire Constabulary,Hampshire Constabulary,-1.236928,50.844395,On or near Hewett Close,E01022781,Fareham 007A,Violence and sexual offences,Unable to prosecute suspect,
e07982cf865b9e12a1b836f306349a442ca54b7b3eff1e15a4ae1ba6d3c1d929,2024-03,Hampshire Constabulary,Hampshire Constabulary,-1.221777,50.845842,On or near Harcourt Road,E01022781,Fareham 007A,Violence and sexual offences,Unable to prosecute suspect,
5c8cec69966f6536ed3e0087ef544576b98dc36bd8f3859e3f82d746b63983a6,2024-03,Hampshire Constabulary,Hampshire Constabulary,-1.221777,50.845842,On or near Harcourt Road,E01022781,Fareham 007A,Violence and sexual offences,Unable to prosecute suspect,
75874e940b8b0a6aad9a956c1e00e21af2bf3389e2b208b85b010578599a6ee8,2024-03,Hampshire Constabulary,Hampshire Constabulary,-1.234553,50.849766,On or near High Street,E01022781,Fareham 007A,Violence and sexual offences,Unable to prosecute suspect,
2c2d74eb7b3f64a8e1ad0845e8ba7a8e86a592254a7ae4ed4a9d58bb3b51d51e,2024-03,Hampshire Constabulary,Hampshire Constabulary,-1.234553,50.849766,On or near High Street,E01022781,Fareham 007A,Violence and sexual offences,Unable to prosecute suspect,
0ff6366abd0e8ecf68cfb6f3677b26a23a5a528436b0717ecd3be1bb6ab39fc0,2024-03,Hampshire Constabulary,Hampshire Constabulary,-1.234553,50.849766,On or near High Street,E01022781,Fareham 007A,Violence and sexual offences,Court result unavailable,
5ead77414ac93bac067981aa8e8ddce0cd2c26c3ef29edd45daa5b3a380a92cb,2024-03,Hampshire Constabulary,Hampshire Constabulary,-1.236928,50.844395,On or near Hewett Close,E01022781,Fareham 007A,Drugs,Local resolution,
4107d8c24b08272f27302c820b785c9153e48a5d64ca22e248a2aa7b37eff8f1,2024-03,Hampshire Constabulary,Hampshire Constabulary,-1.232334,50.849968,On or near Church Path,E01022781,Fareham 007A,Other theft,Investigation complete; no suspect identified,
f3435647552229eddddcef4e77d9ba3620857cba47822ff470f338d1778593f9,2024-03,Hampshire Constabulary,Hampshire Constabulary,-1.236928,50.844395,On or near Hewett Close,E01022781,Fareham 007A,Public order,Investigation complete; no suspect identified,
589e7f1fe308f3fd0e32716cd1cd49d5435287b80f3a00ce7f15581c4ec67c83,2024-03,Hampshire Constabulary,Hampshire Constabulary,-1.232334,50.849968,On or near Church Path,E01022781,Fareham 007A,Robbery,Investigation complete; no suspect identified,
a668633159ae0c0c395c43b98bd0a77d3fca24bf50618ba9fd9294644cff2763,2024-03,Hampshire Constabulary,Hampshire Constabulary,-1.234079,50.849224,On or near Supermarket,E01022781,Fareham 007A,Shoplifting,Investigation complete; no suspect identified,
85ac626255843334af1c34c3edf8b76297621540497b174b8a7aeaf0106698c2,2024-03,Hampshire Constabulary,Hampshire Constabulary,-1.241138,50.842291,On or near Barn Close,E01022781,Fareham 007A,Theft from the person,Investigation complete; no suspect identified,
5d8a394e6c2cefcd7ebdb45b1da41a666a809357c0d4e45112b647444bb3057b,2024-03,Hampshire Constabulary,Hampshire Constabulary,-1.254832,50.837676,On or near Brownwich Lane,E01022781,Fareham 007A,Violence and sexual offences,Status update unavailable,
53fb6ea6d21f5224c336390810ae9967d209c6d170a81e7e89d207cf657a7d07,2024-03,Hampshire Constabulary,Hampshire Constabulary,-1.236928,50.844395,On or near Hewett Close,E01022781,Fareham 007A,Violence and sexual offences,Unable to prosecute suspect,
86f8412f902245d2967584dc14c355d8a0a318656481ea95f85db76d93ddaa97,2024-03,Hampshire Constabulary,Hampshire Constabulary,-1.236928,50.844395,On or near Hewett Close,E01022781,Fareham 007A,Violence and sexual offences,Unable to prosecute suspect,
5c00dc5d8c2314a9a8d999bf20bbd796e1f2c14cd8007604752407e6571fb334,2024-03,Hampshire Constabulary,Hampshire Constabulary,-1.246267,50.848323,On or near Common Lane,E01022782,Fareham 007B,Criminal damage and arson,Unable to prosecute suspect,
,2024-03,Hampshire Constabulary,Hampshire Constabulary,-1.246267,50.848323,On or near Common Lane,E01022782,Fareham 007B,Anti-social behaviour,,
,2024-03,Hampshire Constabulary,Hampshire Constabulary,-1.232810,50.851221,On or near Protea Gardens,E01022782,Fareham 007B,Anti-social behaviour,,
99c5b60be41c252054e3cd4745de1b5cefbe9938b0f685f946a9acf837df8d96,2024-03,Hampshire Constabulary,Hampshire Constabulary,-1.238096,50.849421,On or near West Street,E01022782,Fareham 007B,Possession of weapons,Status update unavailable,
0af03317b9b6069895e055b475aa5a10ef5507de7a8b827b44dc233d383c9dbe,2024-03,Hampshire Constabulary,Hampshire Constabulary,-1.242966,50.851305,On or near St Margarets Lane,E01022782,Fareham 007B,Violence and sexual offences,Unable to prosecute suspect,
381348b2ae8f0a6c4ed1fce59b13b5287e071f642f362588852c85d54f03c1fc,2024-03,Hampshire Constabulary,Hampshire Constabulary,-1.263880,50.854703,On or near Trevose Way,E01022785,Fareham 007C,Violence and sexual offences,Unable to prosecute suspect,
a34e8b7785b3bd0347554247fff49e0685ae6d868d0e49c21b9341ea511392d2,2024-03,Hampshire Constabulary,Hampshire Constabulary,-1.262012,50.855159,On or near Abshot Road,E01022785,Fareham 007C,Violence and sexual offences,Investigation complete; no suspect identified,
9abc48290d1671f9d8d1c75b54566e4411196bbf3b0fa9dad2debdab0fd95755,2024-03,Hampshire Constabulary,Hampshire Constabulary,-1.252491,50.849091,On or near Willow Brook Close,E01022786,Fareham 007D,Violence and sexual offences,Unable to prosecute suspect,
69b8e04c8b51ba162f6f04de57813cf5ba808fa5f01760d297f630755c39b988,2024-03,Hampshire Constabulary,Hampshire Constabulary,-1.252195,50.851598,On or near Maude Avenue,E01022786,Fareham 007D,Other crime,Unable to prosecute suspect,
baa41cc6a5dbf3d87c0007fe683fe04ea98414ce79180993d7be90f1337e5cf5,2024-03,Hampshire Constabulary,Hampshire Constabulary,-1.252195,50.851598,On or near Maude Avenue,E01022786,Fareham 007D,Other crime,Unable to prosecute suspect,
,2024-03,Hampshire Constabulary,Hampshire Constabulary,-1.252336,50.849864,On or near Noble Road,E01022786,Fareham 007D,Anti-social behaviour,,
e25051253ccd4c6f16645cfa09754c53460add3ca736204c3565223dfd99a84c,2024-03,Hampshire Constabulary,Hampshire Constabulary,-1.252336,50.849864,On or near Noble Road,E01022786,Fareham 007D,Violence and sexual offences,Investigation complete; no suspect identified,
9aa5b3162f1f60bea60f35ad9ee41024ff60fcb7ed54033246fc72b3c4f3f537,2024-03,Hampshire Constabulary,Hampshire Constabulary,-1.260582,50.852155,On or near Oaklands Way,E01022786,Fareham 007D,Violence and sexual offences,Unable to prosecute suspect,
d5c3e0ede3383b39e97f05db69e8537b4988e2c4c468302fb866f9d93d9c55c3,2024-03,Hampshire Constabulary,Hampshire Constabulary,-1.256854,50.855180,On or near Wellow Gardens,E01022786,Fareham 007D,Other crime,Status update unavailable,
ced451380808d1147ade98979796d350dbec57e39e1c3a558be2819667e9cb56,2024-03,Hampshire Constabulary,Hampshire Constabulary,-1.258382,50.858301,On or near Abshot Road,E01022789,Fareham 007E,Drugs,Local resolution,
3c3702f91fbf9af511a5b121af1594198f908b0ea03829661a196b37ea677a44,2024-03,Hampshire Constabulary,Hampshire Constabulary,-1.254958,50.859188,On or near Course Park Crescent,E01022789,Fareham 007E,Public order,Unable to prosecute suspect,
,2024-03,Hampshire Constabulary,Hampshire Constabulary,-1.260667,50.857542,On or near Orwell Crescent,E01022789,Fareham 007E,Anti-social behaviour,,
e7cc5196d0f2cc9b04fb7fa96bed06ded756012ce582038e36cd16ee556d061a,2024-03,Hampshire Constabulary,Hampshire Constabulary,-1.258251,50.855791,On or near Magdalene Way,E01022789,Fareham 007E,Criminal damage and arson,Unable to prosecute suspect,
22a8da28b6bf2ec7d572a4eb0671ea598cf26fd53037b254c611c085a936d1a4,2024-03,Hampshire Constabulary,Hampshire Constabulary,-1.258382,50.858301,On or near Abshot Road,E01022789,Fareham 007E,Drugs,Status update unavailable,
25ff7f7ce6f04b468b874b7fbfe64bf48895d407d0cbc481f9dbf83923edf459,2024-03,Hampshire Constabulary,Hampshire Constabulary,-1.257877,50.856994,On or near Kensington Gardens,E01022789,Fareham 007E,Other theft,Investigation complete; no suspect identified,
01dcb4115cc1b59119e17b3cdbe7a62b35ff6fff48b4485dc19014d1fc2d4a00,2024-03,Hampshire Constabulary,Hampshire Constabulary,-1.254958,50.859188,On or near Course Park Crescent,E01022789,Fareham 007E,Public order,Unable to prosecute suspect,
ac6aae82f6e3184214369bcd9bc0b9aa8bd20ac31a049c0e3b0727d10c61656d,2024-03,Hampshire Constabulary,Hampshire Constabulary,-1.260667,50.857542,On or near Orwell Crescent,E01022789,Fareham 007E,Public order,Unable to prosecute suspect,
afb7ec5c3ee6bdb2a1d123e1d22d7eb90f4848e8227c476f75df7da4ded0b8d0,2024-03,Hampshire Constabulary,Hampshire Constabulary,-1.258382,50.858301,On or near Abshot Road,E01022789,Fareham 007E,Violence and sexual offences,Investigation complete; no suspect identified,
bfb50fba13f204570beefba06f9d36a452a8ed890c84c0174e0238db2aa933a3,2024-03,Hampshire Constabulary,Hampshire Constabulary,-1.173676,50.859045,On or near The Gardens,E01022721,Fareham 008A,Other theft,Investigation complete; no suspect identified,
ff5c7b5157955be6f7a726a7dc542a62a8eb9fb71aeb1e31a21f15d08b65233e,2024-03,Hampshire Constabulary,Hampshire Constabulary,-1.171217,50.852670,On or near Bridgefoot Drive,E01022721,Fareham 008A,Violence and sexual offences,Unable to prosecute suspect,
d792db13345c97e353cab6727be2d3305c32db57fa6cbeb5f6ad1e4f99ea6967,2024-03,Hampshire Constabulary,Hampshire Constabulary,-1.168971,50.859947,On or near North Wallington,E01022721,Fareham 008A,Criminal damage and arson,Investigation complete; no suspect identified,
8c5721f307344df6d09c6ca2beee7f6adcd3275c4abc447a4f3c4c36d73a40c3,2024-03,Hampshire Constabulary,Hampshire Constabulary,-1.177672,50.860440,On or near Owen Close,E01022721,Fareham 008A,Other theft,Investigation complete; no suspect identified,
40f994661eefd3f6724fea32a08eb432100daa710993a1914882bd46c1af531f,2024-03,Hampshire Constabulary,Hampshire Constabulary,-1.173676,50.859045,On or near The Gardens,E01022721,Fareham 008A,Shoplifting,Unable to prosecute suspect,
1ba876074b8eb5ef5424165b7e5a36a3e832b6c87ea4334f2e2924a68a905fc5,2024-03,Hampshire Constabulary,Hampshire Constabulary,-1.181219,50.853442,On or near Parking Area,E01022722,Fareham 008B,Criminal damage and arson,Unable to prosecute suspect,
8e395bb5f938c7e4751ef951b3cdcb6dc7ac635f827a1f1cd5cf4c46ed60625b,2024-03,Hampshire Constabulary,Hampshire Constabulary,-1.179727,50.853486,On or near Parking Area,E01022722,Fareham 008B,Criminal damage and arson,Unable to prosecute suspect,
819925b1b6bce421705af47789912580c69c07ff3b03b84c0e59ceda07783bad,2024-03,Hampshire Constabulary,Hampshire Constabulary,-1.181219,50.853442,On or near Parking Area,E01022722,Fareham 008B,Public order,Unable to prosecute suspect,
134c0c912e14cf1c264c10efe294126f6ea8c2f5eedd8dffa2e77af3efcea6dc,2024-03,Hampshire Constabulary,Hampshire Constabulary,-1.181219,50.853442,On or near Parking Area,E01022722,Fareham 008B,Public order,Unable to prosecute suspect,
116194d439a9253bdaf8553985b06b9546980d4490c2f2418e54c9d889a83595,2024-03,Hampshire Constabulary,Hampshire Constabulary,-1.178159,50.854581,On or near Parking Area,E01022722,Fareham 008B,Public order,Unable to prosecute suspect,
e641bbffae6379a2219fcb11f1643a99a297946d16a1ce10d6963de34f812ede,2024-03,Hampshire Constabulary,Hampshire Constabulary,-1.181219,50.853442,On or near Parking Area,E01022722,Fareham 008B,Violence and sexual offences,Investigation complete; no suspect identified,
,2024-03,Hampshire Constabulary,Hampshire Constabulary,-1.181219,50.853442,On or near Parking Area,E01022722,Fareham 008B,Anti-social behaviour,,
,2024-03,Hampshire Constabulary,Hampshire Constabulary,-1.174306,50.856334,On or near Wallington Hill,E01022722,Fareham 008B,Anti-social behaviour,,
,2024-03,Hampshire Constabulary,Hampshire Constabulary,-1.174306,50.856334,On or near Wallington Hill,E01022722,Fareham 008B,Anti-social behaviour,,
,2024-03,Hampshire Constabulary,Hampshire Constabulary,-1.179727,50.853486,On or near Parking Area,E01022722,Fareham 008B,Anti-social behaviour,,
,2024-03,Hampshire Constabulary,Hampshire Constabulary,-1.173620,50.854180,On or near High Street,E01022722,Fareham 008B,Anti-social behaviour,,
3b97190cebf10f16bfe79156e6974281ee4eea9d9545cb88eccaf6894bb25e4b,2024-03,Hampshire Constabulary,Hampshire Constabulary,-1.179727,50.853486,On or near Parking Area,E01022722,Fareham 008B,Public order,Investigation complete; no suspect identified,
69cdd36d4556f74bd6ffb853a586b21e839cffa915508dcf7a9119f318ce5f28,2024-03,Hampshire Constabulary,Hampshire Constabulary,-1.179727,50.853486,On or near Parking Area,E01022722,Fareham 008B,Public order,Status update unavailable,
b2f2b9a84e3130e99385d83843049853250729dc438d492c0266057d070d9c83,2024-03,Hampshire Constabulary,Hampshire Constabulary,-1.174306,50.856334,On or near Wallington Hill,E01022722,Fareham 008B,Vehicle crime,Investigation complete; no suspect identified,
f44d5efe596d903fa4031559329e7eee6d1b012b19fd3c3cd8b24a7bcb510dfb,2024-03,Hampshire Constabulary,Hampshire Constabulary,-1.179727,50.853486,On or near Parking Area,E01022722,Fareham 008B,Violence and sexual offences,Status update unavailable,
b4ee32eb561ace4cb7b5e1b38c79165494b21f97ac8ffd1ebdcbe9b3fbecb6d9,2024-03,Hampshire Constabulary,Hampshire Constabulary,-1.179727,50.853486,On or near Parking Area,E01022722,Fareham 008B,Violence and sexual offences,Unable to prosecute suspect,
2bf80c07af16cce46a77c688f08b57e3a9c994e99cd9ae3a3b2b702d0de77198,2024-03,Hampshire Constabulary,Hampshire Constabulary,-1.181219,50.853442,On or near Parking Area,E01022722,Fareham 008B,Violence and sexual offences,Status update unavailable,
1746bd4ae98b3731e6fa0f1165d06be4f2171e46200f33e8bcea5ee088457094,2024-03,Hampshire Constabulary,Hampshire Constabulary,-1.180554,50.858941,On or near Serpentine Road,E01022722,Fareham 008B,Other crime,Investigation complete; no suspect identified,
a8d23e7337356d61e848e4c51287568de61db353560d4ce4a10d72303cf4954e,2024-03,Hampshire Constabulary,Hampshire Constabulary,-1.178192,50.851065,On or near Portland Street,E01022723,Fareham 008C,Bicycle theft,Unable to prosecute suspect,
cec37589f45b94617e27b4ced03a8bd66ff290c1c411da4320a79f58d728cbe0,2024-03,Hampshire Constabulary,Hampshire Constabulary,-1.182973,50.854668,On or near Parking Area,E01022723,Fareham 008C,Criminal damage and arson,Court result unavailable,
681df981d0d940efefff229a29fd596a10e3a795cc5e5433ea63a880321b8afa,2024-03,Hampshire Constabulary,Hampshire Constabulary,-1.175978,50.853378,On or near Parking Area,E01022723,Fareham 008C,Criminal damage and arson,Local resolution,
82a293fde420b8749fb19293c854c644dcb453c738537e5a9f0b715a8d941a8e,2024-03,Hampshire Constabulary,Hampshire Constabulary,-1.180067,50.847850,On or near Old Gosport Road,E01022723,Fareham 008C,Drugs,Local resolution,
90f49490c5917e26e4076769bc7aeeca00f4446b16ee4b42b12142daa81a68b6,2024-03,Hampshire Constabulary,Hampshire Constabulary,-1.182973,50.854668,On or near Parking Area,E01022723,Fareham 008C,Drugs,Local resolution,
22c5a520c9dc74dedc8a2c0ac4befedbe7824306bee5ff10f60c26913371480d,2024-03,Hampshire Constabulary,Hampshire Constabulary,-1.175524,50.851720,On or near Parking Area,E01022723,Fareham 008C,Public order,Unable to prosecute suspect,
c7ede44afafa79907c98d7ca8bb23c63b2890274470eca81fd7d02cdd7e57edb,2024-03,Hampshire Constabulary,Hampshire Constabulary,-1.175524,50.851720,On or near Parking Area,E01022723,Fareham 008C,Public order,Court result unavailable,
d3e2b018e784fb5ef6c13b000ebac67385bff95f948060ac9a21ea95bc2a9e75,2024-03,Hampshire Constabulary,Hampshire Constabulary,-1.175524,50.851720,On or near Parking Area,E01022723,Fareham 008C,Public order,Court result unavailable,
97001ba9e9b96ef2420d49fec558b94d86646523ff4e6c6ee87f08a3e3d4b3c0,2024-03,Hampshire Constabulary,Hampshire Constabulary,-1.175524,50.851720,On or near Parking Area,E01022723,Fareham 008C,Public order,Unable to prosecute suspect,
ad4b808d36b85f6d8109fecfae76d19840cc412437a41a951022f522a24ade43,2024-03,Hampshire Constabulary,Hampshire Constabulary,-1.180926,50.845859,On or near Earls Road,E01022723,Fareham 008C,Robbery,Unable to prosecute suspect,
eaea42f53c8621acd1f7f5d62a2e2892b2f62121f69fe1136ab991cf6aa50781,2024-03,Hampshire Constabulary,Hampshire Constabulary,-1.175524,50.851720,On or near Parking Area,E01022723,Fareham 008C,Shoplifting,Investigation complete; no suspect identified,
6bb186992c899c1fff95e389c3e97d83d6a987b9f53e4ad22cc9653d9130421b,2024-03,Hampshire Constabulary,Hampshire Constabulary,-1.179604,50.851714,On or near Bus/Coach Station,E01022723,Fareham 008C,Shoplifting,Investigation complete; no suspect identified,
46e8a2c22fc0beffcada749d79965d1a7fc85cb499584399d4608dfe72da6436,2024-03,Hampshire Constabulary,Hampshire Constabulary,-1.182257,50.852568,On or near West Street,E01022723,Fareham 008C,Shoplifting,Investigation complete; no suspect identified,
67070ac805819d0238f2401f427fa28e72866256a0bce6240d68a0af9c22b1f0,2024-03,Hampshire Constabulary,Hampshire Constabulary,-1.175978,50.853378,On or near Parking Area,E01022723,Fareham 008C,Shoplifting,Court result unavailable,
1c81dc2c8a42e60f7583a665777f024b2e84212430d9e8cec4ee65e679042845,2024-03,Hampshire Constabulary,Hampshire Constabulary,-1.175978,50.853378,On or near Parking Area,E01022723,Fareham 008C,Shoplifting,Local resolution,
c3d32b7622771a41fd45a15e4b5d204f597b29b666989ad4b8333886857a7963,2024-03,Hampshire Constabulary,Hampshire Constabulary,-1.175978,50.853378,On or near Parking Area,E01022723,Fareham 008C,Shoplifting,Investigation complete; no suspect identified,
343a43e751b66ddc3ba626af5fdf17e92b1391331e0fdc6c0f7a983e75197f16,2024-03,Hampshire Constabulary,Hampshire Constabulary,-1.178192,50.851065,On or near Portland Street,E01022723,Fareham 008C,Violence and sexual offences,Unable to prosecute suspect,
ab8375aca1107b11f069828508ccda40f3c3c4be70028757ba649a0bcb09d445,2024-03,Hampshire Constabulary,Hampshire Constabulary,-1.180067,50.847850,On or near Old Gosport Road,E01022723,Fareham 008C,Violence and sexual offences,Court result unavailable,
97bbd5f254974e96df9667b79ed510ef63021402176c4849b28bbe63870e5544,2024-03,Hampshire Constabulary,Hampshire Constabulary,-1.182976,50.844759,On or near Petrol Station,E01022723,Fareham 008C,Violence and sexual offences,Unable to prosecute suspect,
0ea01324dc47cfacf4eca58a39071c5256ae07fbf5f73b59a3fc56149077faa9,2024-03,Hampshire Constabulary,Hampshire Constabulary,-1.182976,50.844759,On or near Petrol Station,E01022723,Fareham 008C,Violence and sexual offences,Unable to prosecute suspect,
36bf06287f8950752603f610fe750e5b44cbcd9fc2277e18cc42d1d455782d8a,2024-03,Hampshire Constabulary,Hampshire Constabulary,-1.179535,50.846560,On or near Lower Quay Road,E01022723,Fareham 008C,Violence and sexual offences,Unable to prosecute suspect,
9a993a52eb748b3aa48e5e92dddf2bb630c6963771d101b6ab21a0878baee04f,2024-03,Hampshire Constabulary,Hampshire Constabulary,-1.173593,50.850843,On or near Eastern Way,E01022723,Fareham 008C,Violence and sexual offences,Local resolution,
3c8fdd8d372f438902eda39854d129da8ba8f8d435c345f5c0ef2583b7175657,2024-03,Hampshire Constabulary,Hampshire Constabulary,-1.178192,50.851065,On or near Portland Street,E01022723,Fareham 008C,Violence and sexual offences,Unable to prosecute suspect,
da4239cc7b4ea77e4446618389bb20066849e32fd98435f03f21d019d6e70968,2024-03,Hampshire Constabulary,Hampshire Constabulary,-1.178192,50.851065,On or near Portland Street,E01022723,Fareham 008C,Violence and sexual offences,Court result unavailable,
b6ca5b42159b17a9061216b85f7e56b5b2078dadccf028c3713bfa06b83d4fac,2024-03,Hampshire Constabulary,Hampshire Constabulary,-1.178192,50.851065,On or near Portland Street,E01022723,Fareham 008C,Violence and sexual offences,Court result unavailable,
efa711d2d6a6f791436976e6e6edc7d01dbefff33c69a967d8da5ec59e1a3516,2024-03,Hampshire Constabulary,Hampshire Constabulary,-1.175524,50.851720,On or near Parking Area,E01022723,Fareham 008C,Violence and sexual offences,Unable to prosecute suspect,
1424b0beb27652d7f5a246b4793c5651c2903cca56c382c49eb3a52b9b541bb8,2024-03,Hampshire Constabulary,Hampshire Constabulary,-1.175524,50.851720,On or near Parking Area,E01022723,Fareham 008C,Violence and sexual offences,Court result unavailable,
d11ebb20006d77d8b09fe3427cc8f1138d137cbdde603ce5ce7fe83ae7020492,2024-03,Hampshire Constabulary,Hampshire Constabulary,-1.175524,50.851720,On or near Parking Area,E01022723,Fareham 008C,Violence and sexual offences,Unable to prosecute suspect,
202dbb96e85886576447dde92a8b42c79de49c5be98497e227436a6b1ada5ef5,2024-03,Hampshire Constabulary,Hampshire Constabulary,-1.179604,50.851714,On or near Bus/Coach Station,E01022723,Fareham 008C,Violence and sexual offences,Investigation complete; no suspect identified,
d473ba37b3a6cd82d197c0f10a33e4aeca48388e7e6d2c90a1074eb1a15cd7da,2024-03,Hampshire Constabulary,Hampshire Constabulary,-1.175524,50.851720,On or near Parking Area,E01022723,Fareham 008C,Violence and sexual offences,Court result unavailable,
95ae7bd5fe02acfcc152fb72c5713f8fad5822d49186047988cc985a3f6ea4d7,2024-03,Hampshire Constabulary,Hampshire Constabulary,-1.175524,50.851720,On or near Parking Area,E01022723,Fareham 008C,Violence and sexual offences,Court result unavailable,
458a3b742ad6857e48405e190fd078c22095ccd0f0ac63162a010b728c0acffa,2024-03,Hampshire Constabulary,Hampshire Constabulary,-1.182257,50.852568,On or near West Street,E01022723,Fareham 008C,Violence and sexual offences,Unable to prosecute suspect,
05c355c2eb4fa26ffbac15d88bf787221d4d6bda8b09dbd90f4f434543b89171,2024-03,Hampshire Constabulary,Hampshire Constabulary,-1.180067,50.847850,On or near Old Gosport Road,E01022723,Fareham 008C,Violence and sexual offences,Unable to prosecute suspect,
4614851f4ced48f171971e792098fecf4507c06f4a289fe4ff194e847280fcdc,2024-03,Hampshire Constabulary,Hampshire Constabulary,-1.182338,50.853603,On or near Osborn Road South,E01022723,Fareham 008C,Violence and sexual offences,Awaiting court outcome,
35fb229ea2e92ccc89fbd2b2ad0208ea28763adf10d68b90aa58c6ed89f5cd7f,2024-03,Hampshire Constabulary,Hampshire Constabulary,-1.175978,50.853378,On or near Parking Area,E01022723,Fareham 008C,Violence and sexual offences,Unable to prosecute suspect,
,2024-03,Hampshire Constabulary,Hampshire Constabulary,-1.175524,50.851720,On or near Parking Area,E01022723,Fareham 008C,Anti-social behaviour,,
,2024-03,Hampshire Constabulary,Hampshire Constabulary,-1.175524,50.851720,On or near Parking Area,E01022723,Fareham 008C,Anti-social behaviour,,
,2024-03,Hampshire Constabulary,Hampshire Constabulary,-1.180524,50.850964,On or near Western Road,E01022723,Fareham 008C,Anti-social behaviour,,
,2024-03,Hampshire Constabulary,Hampshire Constabulary,-1.178192,50.851065,On or near Portland Street,E01022723,Fareham 008C,Anti-social behaviour,,
,2024-03,Hampshire Constabulary,Hampshire Constabulary,-1.182257,50.852568,On or near West Street,E01022723,Fareham 008C,Anti-social behaviour,,
,2024-03,Hampshire Constabulary,Hampshire Constabulary,-1.182257,50.852568,On or near West Street,E01022723,Fareham 008C,Anti-social behaviour,,
,2024-03,Hampshire Constabulary,Hampshire Constabulary,-1.175978,50.853378,On or near Parking Area,E01022723,Fareham 008C,Anti-social behaviour,,
,2024-03,Hampshire Constabulary,Hampshire Constabulary,-1.175978,50.853378,On or near Parking Area,E01022723,Fareham 008C,Anti-social behaviour,,
,2024-03,Hampshire Constabulary,Hampshire Constabulary,-1.175978,50.853378,On or near Parking Area,E01022723,Fareham 008C,Anti-social behaviour,,
a919b07350465b751156a6730149c9fbfb4dfd1f0fd2714851efbd20cc2180a6,2024-03,Hampshire Constabulary,Hampshire Constabulary,-1.175978,50.853378,On or near Parking Area,E01022723,Fareham 008C,Bicycle theft,Investigation complete; no suspect identified,
dad39ff35da705bb4873a366e4ef7557e9cca76b3fd048a500914b314b4c3370,2024-03,Hampshire Constabulary,Hampshire Constabulary,-1.178192,50.851065,On or near Portland Street,E01022723,Fareham 008C,Criminal damage and arson,Investigation complete; no suspect identified,
d39aad98ac0df5d814249a92b70bddc011df635978c701ff437f87a2dfb83d14,2024-03,Hampshire Constabulary,Hampshire Constabulary,-1.180969,50.851480,On or near Queen'S Road,E01022723,Fareham 008C,Other theft,Investigation complete; no suspect identified,
01a5d080b438847eedfec1fbe1475c69cfe78dac46a0ad76ac839ebb51d75622,2024-03,Hampshire Constabulary,Hampshire Constabulary,-1.182976,50.844759,On or near Petrol Station,E01022723,Fareham 008C,Other theft,Investigation complete; no suspect identified,
2de57345f68cdfd6358fd02d0de157cf2272436142180569dc49b681e50ba1fd,2024-03,Hampshire Constabulary,Hampshire Constabulary,-1.179604,50.851714,On or near Bus/Coach Station,E01022723,Fareham 008C,Public order,Status update unavailable,
96d20fab2200b192bc90da72865bb793b2bf2a237890e7746ae04c3aa23604ab,2024-03,Hampshire Constabulary,Hampshire Constabulary,-1.178192,50.851065,On or near Portland Street,E01022723,Fareham 008C,Public order,Unable to prosecute suspect,
02deb5df0bc8ef06cba4f24c8d07fbf402cfc6c229eb6cd1a670b6505338bc00,2024-03,Hampshire Constabulary,Hampshire Constabulary,-1.182257,50.852568,On or near West Street,E01022723,Fareham 008C,Public order,Unable to prosecute suspect,
15894b1ef6cb26efc178c99c6878806f7246ccf13aac5928b539ebe8f857690d,2024-03,Hampshire Constabulary,Hampshire Constabulary,-1.175978,50.853378,On or near Parking Area,E01022723,Fareham 008C,Shoplifting,Investigation complete; no suspect identified,
8edb8a6bb614bdc84ec6c9e1601a0ab7bbfb21796157488a89ac3808dce562a9,2024-03,Hampshire Constabulary,Hampshire Constabulary,-1.175524,50.851720,On or near Parking Area,E01022723,Fareham 008C,Shoplifting,Investigation complete; no suspect identified,
df444db8bf6cb61aba75d87dab317f6e5a9e37cb47bc7de8c485ae50d596604b,2024-03,Hampshire Constabulary,Hampshire Constabulary,-1.175978,50.853378,On or near Parking Area,E01022723,Fareham 008C,Shoplifting,Investigation complete; no suspect identified,
ff676a28b26b368fe64be2fef5cb2c2d517ce61de35dc860e78551a61dee7191,2024-03,Hampshire Constabulary,Hampshire Constabulary,-1.175524,50.851720,On or near Parking Area,E01022723,Fareham 008C,Shoplifting,Investigation complete; no suspect identified,
adcac91413ea88012fc72d40cbfc0ba7a6e407c736c6f9eb9a85b16b94dab527,2024-03,Hampshire Constabulary,Hampshire Constabulary,-1.175524,50.851720,On or near Parking Area,E01022723,Fareham 008C,Shoplifting,Investigation complete; no suspect identified,
2ccfe692118a2555fd7df63865858100e326b79e140f2a5c3c8412b8e6062f18,2024-03,Hampshire Constabulary,Hampshire Constabulary,-1.175524,50.851720,On or near Parking Area,E01022723,Fareham 008C,Shoplifting,Investigation complete; no suspect identified,
0a86de67fc89ee3a169b7778194f41e6ca0166f32350a9c9c2de569b856edef9,2024-03,Hampshire Constabulary,Hampshire Constabulary,-1.175978,50.853378,On or near Parking Area,E01022723,Fareham 008C,Shoplifting,Investigation complete; no suspect identified,
62345ef5a2972886ac34c41ba9d2b5cc74dac6dc73b07d8f3b843376293a64e9,2024-03,Hampshire Constabulary,Hampshire Constabulary,-1.175524,50.851720,On or near Parking Area,E01022723,Fareham 008C,Theft from the person,Investigation complete; no suspect identified,
dc0d94850f374de2eff0ed39cf5c81fc7dad149493cd3e14e0c597147ff660ee,2024-03,Hampshire Constabulary,Hampshire Constabulary,-1.175978,50.853378,On or near Parking Area,E01022723,Fareham 008C,Theft from the person,Investigation complete; no suspect identified,
763609e57fff3a7c70aa70e90d60cdf0b35460da768327831022b3f99ed74b89,2024-03,Hampshire Constabulary,Hampshire Constabulary,-1.175524,50.851720,On or near Parking Area,E01022723,Fareham 008C,Vehicle crime,Investigation complete; no suspect identified,
91d877a77f7bec10e02b30610ba6bd83f52d0562376912cfdeeb64cc57792194,2024-03,Hampshire Constabulary,Hampshire Constabulary,-1.175524,50.851720,On or near Parking Area,E01022723,Fareham 008C,Violence and sexual offences,Status update unavailable,
eced9d610ee724074694c59f8f31ef9ed3e691bdb185de0061e66e523ea32d84,2024-03,Hampshire Constabulary,Hampshire Constabulary,-1.182976,50.844759,On or near Petrol Station,E01022723,Fareham 008C,Violence and sexual offences,Unable to prosecute suspect,
27ecb6ca56526d5efc77a951ca99a7b3a4cc4dcbfd6f88ff654f87421ffec128,2024-03,Hampshire Constabulary,Hampshire Constabulary,-1.173877,50.852491,On or near Union Street,E01022723,Fareham 008C,Violence and sexual offences,Status update unavailable,
670b78e9e4133eac888a65daec60caa2400c234d4c9f77702f6459588e43f70f,2024-03,Hampshire Constabulary,Hampshire Constabulary,-1.175524,50.851720,On or near Parking Area,E01022723,Fareham 008C,Violence and sexual offences,Unable to prosecute suspect,
0a694de5e9e6075e70868af4c695bfb05d535905bc47118b9257761e979d2fd1,2024-03,Hampshire Constabulary,Hampshire Constabulary,-1.175524,50.851720,On or near Parking Area,E01022723,Fareham 008C,Violence and sexual offences,Unable to prosecute suspect,
2f4de5ce4784b7aab48c43bae9f6ecdb335a310902c695489b33617b5431fd74,2024-03,Hampshire Constabulary,Hampshire Constabulary,-1.175524,50.851720,On or near Parking Area,E01022723,Fareham 008C,Violence and sexual offences,Unable to prosecute suspect,
3d16caa2054cfa5a70f05e8b10e66c777bf79e6d22802f1ac6f115eeed93bcbd,2024-03,Hampshire Constabulary,Hampshire Constabulary,-1.175978,50.853378,On or near Parking Area,E01022723,Fareham 008C,Violence and sexual offences,Status update unavailable,
1fe451d054a1ee3e231c312c923eee18090450d9384846b6c11d7e809cef4bde,2024-03,Hampshire Constabulary,Hampshire Constabulary,-1.175524,50.851720,On or near Parking Area,E01022723,Fareham 008C,Violence and sexual offences,Investigation complete; no suspect identified,
27fb30ee086c7905528e2a3dac435c7ae435eb20e9e45830d6a15ca2460d3072,2024-03,Hampshire Constabulary,Hampshire Constabulary,-1.175978,50.853378,On or near Parking Area,E01022723,Fareham 008C,Violence and sexual offences,Status update unavailable,
b3bc0a1fdae914fe2ccc88c9145180dfa5967bcfd2ff1aaff7e1c45be49b03de,2024-03,Hampshire Constabulary,Hampshire Constabulary,-1.175524,50.851720,On or near Parking Area,E01022723,Fareham 008C,Violence and sexual offences,Unable to prosecute suspect,
1a2799a0ddb04739591467d0db66e512099f410ec315c2812d895f8c99c3d559,2024-03,Hampshire Constabulary,Hampshire Constabulary,-1.175524,50.851720,On or near Parking Area,E01022723,Fareham 008C,Other crime,Unable to prosecute suspect,
4b7a388e4a6a422f0f65f857a1df606a85199acbc32e52b2adf7be1ee1f0ce4b,2024-03,Hampshire Constabulary,Hampshire Constabulary,-1.175978,50.853378,On or near Parking Area,E01022723,Fareham 008C,Other crime,Investigation complete; no suspect identified,
118dd73a6f2f520f9fa10c9688babb6608502442ce7843d8238972193946d46e,2024-03,Hampshire Constabulary,Hampshire Constabulary,-1.180812,50.840148,On or near Farrier Way,E01022724,Fareham 008D,Vehicle crime,Unable to prosecute suspect,
77ed56c8834a755780c88c811579f9f6a92e00f0408716e00a22487125ed8c2f,2024-03,Hampshire Constabulary,Hampshire Constabulary,-1.182926,50.841134,On or near Geoffrey Crescent,E01022724,Fareham 008D,Violence and sexual offences,Unable to prosecute suspect,
27d62dbfd24c6db104bd578c7287fa35fdc7de9477874ade36200c191c14eb80,2024-03,Hampshire Constabulary,Hampshire Constabulary,-1.182926,50.841134,On or near Geoffrey Crescent,E01022724,Fareham 008D,Violence and sexual offences,Unable to prosecute suspect,
c95b40eba1dee4c5110ee8eaa9f98fd9895001eaa6ca38a73aa9c670c282ea9e,2024-03,Hampshire Constabulary,Hampshire Constabulary,-1.183300,50.843268,On or near Alders Road,E01022724,Fareham 008D,Violence and sexual offences,Court result unavailable,
,2024-03,Hampshire Constabulary,Hampshire Constabulary,-1.179012,50.840765,On or near Bosuns Close,E01022724,Fareham 008D,Anti-social behaviour,,
6b7ebf0d9865ef7fa636c8c711c7e496a6a272d4a01c09e60432afa7bbd73044,2024-03,Hampshire Constabulary,Hampshire Constabulary,-1.178933,50.839640,On or near Paddon Place,E01022724,Fareham 008D,Criminal damage and arson,Investigation complete; no suspect identified,
ef5c7b0b8bd87bf766bf6b04457d5503a8e2c95087e5b8ad1f677a81d03f3676,2024-03,Hampshire Constabulary,Hampshire Constabulary,-1.182926,50.841134,On or near Geoffrey Crescent,E01022724,Fareham 008D,Violence and sexual offences,Status update unavailable,
2aed8410661fc3aa50447951230471beb04de466f2d3e579ec8c118b7367b05f,2024-03,Hampshire Constabulary,Hampshire Constabulary,-1.178933,50.839640,On or near Paddon Place,E01022724,Fareham 008D,Violence and sexual offences,Unable to prosecute suspect,
063e67bfade73af7160717f77bd9f733579b2cf2b4ff192b15bc22abf9460b27,2024-03,Hampshire Constabulary,Hampshire Constabulary,-1.184356,50.847088,On or near Mill Road,E01022737,Fareham 008E,Criminal damage and arson,Local resolution,
f9edb7fed1c9476d2698928d4af7c2b4eb2d4e4b1b746922869deaaad0feffa5,2024-03,Hampshire Constabulary,Hampshire Constabulary,-1.183639,50.846634,On or near Beaconsfield Road,E01022737,Fareham 008E,Drugs,Local resolution,
2514ba953b1bd74332cef51cdbc5ce5dd04ceb44c0e3b4ec67eb538d5fe904d9,2024-03,Hampshire Constabulary,Hampshire Constabulary,-1.183639,50.846634,On or near Beaconsfield Road,E01022737,Fareham 008E,Drugs,Court result unavailable,
de6c46be5cdc8e37a504216e716683f6f6feb02e671ca0aa311b7b7e428b1173,2024-03,Hampshire Constabulary,Hampshire Constabulary,-1.181961,50.848375,On or near Eden Rise,E01022737,Fareham 008E,Public order,Unable to prosecute suspect,
,2024-03,Hampshire Constabulary,Hampshire Constabulary,-1.183639,50.846634,On or near Beaconsfield Road,E01022737,Fareham 008E,Anti-social behaviour,,
94f7c39158d1d735b004e96867d8e00507e71dc2ce972884991bcd87c0937b38,2024-03,Hampshire Constabulary,Hampshire Constabulary,-1.187467,50.847074,On or near Alexander Grove,E01022737,Fareham 008E,Other theft,Investigation complete; no suspect identified,
3398c43ef3eda22636e712c3590e87258e5c318041d0382ad13442d304687f3d,2024-03,Hampshire Constabulary,Hampshire Constabulary,-1.185296,50.846097,On or near Fayre Road,E01022737,Fareham 008E,Violence and sexual offences,Unable to prosecute suspect,
505fce2d18241ae3f1ee6c77fcc61bc08119553e36c24a526b03407b9f0ece02,2024-03,Hampshire Constabulary,Hampshire Constabulary,-1.181961,50.848375,On or near Eden Rise,E01022737,Fareham 008E,Violence and sexual offences,Action to be taken by another organisation,
05f98889b72784d744d2c9d0779e32cab1d3f6a026cfd83967b4f1865ee1a276,2024-03,Hampshire Constabulary,Hampshire Constabulary,-1.158832,50.852555,On or near St Catherines Way,E01022766,Fareham 008F,Other theft,Investigation complete; no suspect identified,
152e5c980502d5e7674fcac1afae49e0a0aa1e1e5cefb6ed6b0a64ab13a57257,2024-03,Hampshire Constabulary,Hampshire Constabulary,-1.148143,50.851299,On or near The Pines,E01022766,Fareham 008F,Violence and sexual offences,Unable to prosecute suspect,
,2024-03,Hampshire Constabulary,Hampshire Constabulary,-1.155417,50.852836,On or near Downend Road,E01022766,Fareham 008F,Anti-social behaviour,,
cc2887983eecc8f5ece4b48c68e4761883b5d003bcb0b7651284f7785c857c4c,2024-03,Hampshire Constabulary,Hampshire Constabulary,-1.163472,50.853649,On or near Crest Close,E01022766,Fareham 008F,Other theft,Investigation complete; no suspect identified,
08d6c5676c6dcbb1f1521f3ed1c0c2bcdbfdbadda876adf0f3f2b7df9e6b4da1,2024-03,Hampshire Constabulary,Hampshire Constabulary,-1.165215,50.853050,On or near Charlemont Drive,E01022766,Fareham 008F,Public order,Unable to prosecute suspect,
8b3dda4592f217fc4029584d31c9a0b1ca6a1da5280501fe2bbfacae9e3579c0,2024-03,Hampshire Constabulary,Hampshire Constabulary,-1.164325,50.852792,On or near The Dell,E01022766,Fareham 008F,Violence and sexual offences,Investigation complete; no suspect identified,
5dcac039a3d630293108cda481914264fe9e21b116c17d11a2804f0527d54a9e,2024-03,Hampshire Constabulary,Hampshire Constabulary,-1.156249,50.850027,On or near Magpie Close,E01022769,Fareham 008G,Bicycle theft,Action to be taken by another organisation,
26486cf7e78704297478d41f1f9036c89090895821fc5b030cef32e580c90059,2024-03,Hampshire Constabulary,Hampshire Constabulary,-1.155317,50.848950,On or near Birdwood Grove,E01022769,Fareham 008G,Public order,Unable to prosecute suspect,
e035b3b31da9313c03f94eaf61f89c3a3421d70aa73d1ddc4dbd4e77e34a9a77,2024-03,Hampshire Constabulary,Hampshire Constabulary,-1.147348,50.848137,On or near Romsey Avenue,E01022769,Fareham 008G,Other theft,Investigation complete; no suspect identified,
682ef5b45bcfa9607640303f9809aa0ca662170113d446fce90a93da8dc33b49,2024-03,Hampshire Constabulary,Hampshire Constabulary,-1.149546,50.849906,On or near Portchester Road,E01022769,Fareham 008G,Public order,Investigation complete; no suspect identified,
3515dbdfc07410fa4e8f1785a51f0b37feab1ec20e7938b4592d208616161208,2024-03,Hampshire Constabulary,Hampshire Constabulary,-1.152691,50.848050,On or near Eagle Close,E01022769,Fareham 008G,Violence and sexual offences,Investigation complete; no suspect identified,
0b833c911730c68654813c6e462b3b12e43d34b58809e1ac6948e31e2fe9af79,2024-03,Hampshire Constabulary,Hampshire Constabulary,-1.203942,50.850497,On or near Silver Birch Avenue,E01022740,Fareham 009A,Other theft,Unable to prosecute suspect,
c005d848f9abfbfedabde81a389c95336f1885e4b9e45ebacf815b1499dfa684,2024-03,Hampshire Constabulary,Hampshire Constabulary,-1.203942,50.850497,On or near Silver Birch Avenue,E01022740,Fareham 009A,Violence and sexual offences,Unable to prosecute suspect,
,2024-03,Hampshire Constabulary,Hampshire Constabulary,-1.203378,50.847768,On or near Malvern Avenue,E01022740,Fareham 009A,Anti-social behaviour,,
ece1bf7f473d3b8fe5e8e2a3a6b51b090b1fb6df7e5d7d9a388aa380bd361e5f,2024-03,Hampshire Constabulary,Hampshire Constabulary,-1.203942,50.850497,On or near Silver Birch Avenue,E01022740,Fareham 009A,Public order,Investigation complete; no suspect identified,
a06c27bb3fb153cb54f9da25d52d9e2b88b52c1fdc5b11f0e75c4528cd17ecc7,2024-03,Hampshire Constabulary,Hampshire Constabulary,-1.208446,50.851328,On or near The Avenue,E01022741,Fareham 009B,Violence and sexual offences,Investigation complete; no suspect identified,
0765c08069a06916d00dc9e1ae81ad7041b5b4a081d628c8265f85871c67eb04,2024-03,Hampshire Constabulary,Hampshire Constabulary,-1.212392,50.850662,On or near Alveston Avenue,E01022741,Fareham 009B,Public order,Investigation complete; no suspect identified,
c8c19d50e74c124902c5e6e1cbe8296189874d5393ace3c530c6e975f00cf004,2024-03,Hampshire Constabulary,Hampshire Constabulary,-1.208446,50.851328,On or near The Avenue,E01022741,Fareham 009B,Violence and sexual offences,Investigation complete; no suspect identified,
113493df10a7619a7cc567e632280e37b87f1576d77ab7f71b6bc196b528b560,2024-03,Hampshire Constabulary,Hampshire Constabulary,-1.206682,50.849760,On or near Cleveland Drive,E01022741,Fareham 009B,Violence and sexual offences,Unable to prosecute suspect,
7baf9f8e4873741cefce17c2b9d665d47f5ad7c39c6956f9e94adac757c91428,2024-03,Hampshire Constabulary,Hampshire Constabulary,-1.213934,50.857014,On or near Petrol Station,E01022742,Fareham 009C,Other theft,Local resolution,
76c356fb331cc0a80e93c41a16ff92891bb0985ec71d9c34c9c41a993562652f,2024-03,Hampshire Constabulary,Hampshire Constabulary,-1.213933,50.857021,On or near Supermarket,E01022742,Fareham 009C,Other theft,Local resolution,
ded97cb205da7f58b30aa39e74d39287dcd4b03482732b135cae9e8ef61c691b,2024-03,Hampshire Constabulary,Hampshire Constabulary,-1.213934,50.857014,On or near Petrol Station,E01022742,Fareham 009C,Public order,Unable to prosecute suspect,
616dbe8057ddfcbedeea8ab1bf183cce948528db3204adbf312f4790e9a82a9b,2024-03,Hampshire Constabulary,Hampshire Constabulary,-1.213934,50.857014,On or near Petrol Station,E01022742,Fareham 009C,Shoplifting,Unable to prosecute suspect,
6eccf796d1c3f3862b40a88aa75a6b1636338337f1472464d4c8cb2cb58c1ca9,2024-03,Hampshire Constabulary,Hampshire Constabulary,-1.213934,50.857014,On or near Petrol Station,E01022742,Fareham 009C,Shoplifting,Court result unavailable,
5848ad01543012b939cc2a61bde5fa6ecc0fa6f12eab83290a8155c09ab3b211,2024-03,Hampshire Constabulary,Hampshire Constabulary,-1.218281,50.854407,On or near Place House Close,E01022742,Fareham 009C,Violence and sexual offences,Investigation complete; no suspect identified,
72e93f8180365434584a5eeb71f93269a2af22a7783b0579ef5cda1800522d0c,2024-03,Hampshire Constabulary,Hampshire Constabulary,-1.213933,50.857021,On or near Supermarket,E01022742,Fareham 009C,Other theft,Investigation complete; no suspect identified,
f2a0492c420f93890b1c059ba4d7d313d86e98b62fe1b1cae8280f203dbee7ca,2024-03,Hampshire Constabulary,Hampshire Constabulary,-1.218527,50.856719,On or near Shenley Close,E01022742,Fareham 009C,Violence and sexual offences,Investigation complete; no suspect identified,
ab25814a58af556c4ec4939c19eb9fe21eb2c62c2c8567df68cef164515672d0,2024-03,Hampshire Constabulary,Hampshire Constabulary,-1.215180,50.847884,On or near Greyshott Avenue,E01022783,Fareham 009D,Violence and sexual offences,Unable to prosecute suspect,
6165bdc5615f0c04dba5fc5eda63ad40edfcb41f96f659450edbec171c546060,2024-03,Hampshire Constabulary,Hampshire Constabulary,-1.212865,50.852931,On or near Appleton Road,E01022783,Fareham 009D,Violence and sexual offences,Investigation complete; no suspect identified,
ca9ab206c527a2661b701808f081669e8f3128f360e2b68bba1f47f9206f1bfa,2024-03,Hampshire Constabulary,Hampshire Constabulary,-1.212865,50.852931,On or near Appleton Road,E01022783,Fareham 009D,Other crime,Investigation complete; no suspect identified,
41c447684ec8a9a1f6e003a71905a5bc70ce2047205ae7178161cc5b0f5ed939,2024-03,Hampshire Constabulary,Hampshire Constabulary,-1.217300,50.847665,On or near Frogmore,E01022783,Fareham 009D,Vehicle crime,Investigation complete; no suspect identified,
6869a56ac717a05439ed5d887f99bf3c9b70b8bbd5aca4203be907fa718c6824,2024-03,Hampshire Constabulary,Hampshire Constabulary,-1.219866,50.853113,On or near Beechcroft Close,E01022783,Fareham 009D,Violence and sexual offences,Unable to prosecute suspect,
8beea1fb7b76056967a7822f9fe78416630b499c2462d4a7a320584c0fedb9e8,2024-03,Hampshire Constabulary,Hampshire Constabulary,-1.215180,50.847884,On or near Greyshott Avenue,E01022783,Fareham 009D,Violence and sexual offences,Status update unavailable,
7e1fa0605b706b784b137ae274930f5d0971241ab2af73f89197eb40dac5c313,2024-03,Hampshire Constabulary,Hampshire Constabulary,-1.137989,50.848068,On or near Petrol Station,E01022759,Fareham 010A,Other theft,Formal action is not in the public interest,
d5cf9871e48bc0dbeec4963a74d46f563132192cbc5089b42bc7fe878515bdf2,2024-03,Hampshire Constabulary,Hampshire Constabulary,-1.137989,50.848068,On or near Petrol Station,E01022759,Fareham 010A,Shoplifting,Investigation complete; no suspect identified,
0c7943602f8d6f847e994cfe339f55af87cb3b8649e960a7560b0d83407d6c25,2024-03,Hampshire Constabulary,Hampshire Constabulary,-1.137989,50.848068,On or near Petrol Station,E01022759,Fareham 010A,Shoplifting,Further investigation is not in the public interest,
0d695c6c6f7fe8394c83a293d5028a3f0dae04eed84a36bc476486e6cfca7000,2024-03,Hampshire Constabulary,Hampshire Constabulary,-1.137989,50.848068,On or near Petrol Station,E01022759,Fareham 010A,Shoplifting,Formal action is not in the public interest,
,2024-03,Hampshire Constabulary,Hampshire Constabulary,-1.148395,50.842911,On or near Parking Area,E01022759,Fareham 010A,Anti-social behaviour,,
,2024-03,Hampshire Constabulary,Hampshire Constabulary,-1.137989,50.848068,On or near Petrol Station,E01022759,Fareham 010A,Anti-social behaviour,,
,2024-03,Hampshire Constabulary,Hampshire Constabulary,-1.144615,50.842254,On or near Heritage Gardens,E01022759,Fareham 010A,Anti-social behaviour,,
,2024-03,Hampshire Constabulary,Hampshire Constabulary,-1.138957,50.842554,On or near Seafield Road,E01022759,Fareham 010A,Anti-social behaviour,,
a234e2ec956b3b44bd5a401cf4f079ec6fd82fb79f88feb4a1681c7763402a4c,2024-03,Hampshire Constabulary,Hampshire Constabulary,-1.137989,50.848068,On or near Petrol Station,E01022759,Fareham 010A,Other theft,Investigation complete; no suspect identified,
74ebf4b6a58451ac8a38faefe2ac939a9bd76110d5e450332fea5b679ed45e93,2024-03,Hampshire Constabulary,Hampshire Constabulary,-1.137989,50.848068,On or near Petrol Station,E01022759,Fareham 010A,Shoplifting,Investigation complete; no suspect identified,
ade15f0e66d2a046bedfccf48dfde93274f24d1cb722fb99d5a6daa90a4e2fda,2024-03,Hampshire Constabulary,Hampshire Constabulary,-1.137989,50.848068,On or near Petrol Station,E01022759,Fareham 010A,Shoplifting,Investigation complete; no suspect identified,
6e979daac1ed6a9a5cc6e9566afdb0b7f6a92d8c927e0cc2d7f4e5a28a531448,2024-03,Hampshire Constabulary,Hampshire Constabulary,-1.137989,50.848068,On or near Petrol Station,E01022759,Fareham 010A,Shoplifting,Investigation complete; no suspect identified,
54c1a4fc6be9de8a0dff535ebec2f78d35f3e07ff733b4fba005e049f10dccb2,2024-03,Hampshire Constabulary,Hampshire Constabulary,-1.137989,50.848068,On or near Petrol Station,E01022759,Fareham 010A,Shoplifting,Investigation complete; no suspect identified,
4de00b50a4decf57dc4495ffe111383374046ca3d167de21eb0200063e25b5c0,2024-03,Hampshire Constabulary,Hampshire Constabulary,-1.137989,50.848068,On or near Petrol Station,E01022759,Fareham 010A,Shoplifting,Investigation complete; no suspect identified,
18384fb4f4166cfb56c65d16dd45cdac5a4cc21615119d484343f6663c7789ff,2024-03,Hampshire Constabulary,Hampshire Constabulary,-1.137989,50.848068,On or near Petrol Station,E01022759,Fareham 010A,Shoplifting,Investigation complete; no suspect identified,
ad4e8897657b3e1774c939688633a340ee55d1a74649f45351d17a7b228d3d56,2024-03,Hampshire Constabulary,Hampshire Constabulary,-1.137989,50.848068,On or near Petrol Station,E01022759,Fareham 010A,Shoplifting,Investigation complete; no suspect identified,
116854bcd552e389b224e952b474b4cee206780776390e6570c1adbe56680808,2024-03,Hampshire Constabulary,Hampshire Constabulary,-1.137858,50.844344,On or near Kenya Road,E01022759,Fareham 010A,Violence and sexual offences,Status update unavailable,
,2024-03,Hampshire Constabulary,Hampshire Constabulary,-1.120498,50.854376,On or near Anson Grove,E01022763,Fareham 010B,Anti-social behaviour,,
,2024-03,Hampshire Constabulary,Hampshire Constabulary,-1.125472,50.854270,On or near Portchester Heights,E01022763,Fareham 010B,Anti-social behaviour,,
,2024-03,Hampshire Constabulary,Hampshire Constabulary,-1.125472,50.854270,On or near Portchester Heights,E01022763,Fareham 010B,Anti-social behaviour,,
4d0ab23085c01b01735a7bfcdafa83043adf3126487a5074a4a2b54ceccf6bf8,2024-03,Hampshire Constabulary,Hampshire Constabulary,-1.118773,50.850883,On or near Mountview Avenue,E01022763,Fareham 010B,Public order,Status update unavailable,
d9d9d09f6cb0e381d9fb3124d479da76c824ea006e8b9da7eb5beaf695804959,2024-03,Hampshire Constabulary,Hampshire Constabulary,-1.123765,50.850597,On or near Conifer Mews,E01022763,Fareham 010B,Violence and sexual offences,Unable to prosecute suspect,
d771d991559de9ded4fb091ef40af40527a8226e3191cf967c623c8d7a308c43,2024-03,Hampshire Constabulary,Hampshire Constabulary,-1.133066,50.844632,On or near Parking Area,E01022765,Fareham 010C,Other theft,Investigation complete; no suspect identified,
f443f7e7fbbb99eb8bb09d7968f052a62c747aa042f615e62867be3ab3f71cdb,2024-03,Hampshire Constabulary,Hampshire Constabulary,-1.133066,50.844632,On or near Parking Area,E01022765,Fareham 010C,Public order,Investigation complete; no suspect identified,
12749fcacf46d8ca7cc56a2877b30f65aa172e7de3dc60bf53834ae1741bb90b,2024-03,Hampshire Constabulary,Hampshire Constabulary,-1.133066,50.844632,On or near Parking Area,E01022765,Fareham 010C,Violence and sexual offences,Local resolution,
84be318546bb942b3e769f92a4239a55868f0e95553b7df0c3fc247427c5a114,2024-03,Hampshire Constabulary,Hampshire Constabulary,-1.132616,50.851320,On or near Robinson Court,E01022768,Fareham 010D,Violence and sexual offences,Unable to prosecute suspect,
df654d393f21abb975131d8a1491ca354d3d62b97e879e00db7ed3e9f0e9d64a,2024-03,Hampshire Constabulary,Hampshire Constabulary,-1.133087,50.851161,On or near Red Barn Avenue,E01022768,Fareham 010D,Violence and sexual offences,Unable to prosecute suspect,
,2024-03,Hampshire Constabulary,Hampshire Constabulary,-1.138018,50.854183,On or near Tudor Close,E01022768,Fareham 010D,Anti-social behaviour,,
,2024-03,Hampshire Constabulary,Hampshire Constabulary,-1.133429,50.851919,On or near Grindle Close,E01022768,Fareham 010D,Anti-social behaviour,,
513a888277f373caf5e8d47a5f736253e52abb192f58fa21a672a5619a9b359f,2024-03,Hampshire Constabulary,Hampshire Constabulary,-1.132717,50.853515,On or near High View,E01022768,Fareham 010D,Violence and sexual offences,Unable to prosecute suspect,
2a85909e1c2d8363411b66086345104d542ee213a777bce61e6ac37599aa572d,2024-03,Hampshire Constabulary,Hampshire Constabulary,-1.136512,50.854163,On or near Saxon Close,E01022768,Fareham 010D,Violence and sexual offences,Status update unavailable,
c57680adaa622c4912420fbaea3cf68d2c8fc63c65f2cfdf8e715241b9f86eda,2024-03,Hampshire Constabulary,Hampshire Constabulary,-1.144582,50.847919,On or near Romsey Avenue,E01022770,Fareham 010E,Public order,Investigation complete; no suspect identified,
f6323c7e1526c18c8af4d4e8ee7fb3fccc57b4407d76ee7e73241a820a10306f,2024-03,Hampshire Constabulary,Hampshire Constabulary,-1.140032,50.845853,On or near Hatherley Crescent,E01022770,Fareham 010E,Violence and sexual offences,Court result unavailable,
671b5dae986606d63ffed36619e97dfa36c804e301d48befb67554f9a017437e,2024-03,Hampshire Constabulary,Hampshire Constabulary,-1.136757,50.850145,On or near Redwood Drive,E01022770,Fareham 010E,Other theft,Investigation complete; no suspect identified,
db16c297835264c626db09245a11a20ee1f69f3d734c938a11d495e8ef64d084,2024-03,Hampshire Constabulary,Hampshire Constabulary,-1.138599,50.851175,On or near Eleanors Wood,E01022770,Fareham 010E,Public order,Investigation complete; no suspect identified,
6904f0de170482d142dd21f5c79502c37d5d911461f52dc5c08a99ac85f6d025,2024-03,Hampshire Constabulary,Hampshire Constabulary,-1.148159,50.849644,On or near Portchester Road,E01022770,Fareham 010E,Public order,Investigation complete; no suspect identified,
3ec9eae8d92b23e6cc47a680ea77fdec70eea9296d9300aca956b1a8fb997472,2024-03,Hampshire Constabulary,Hampshire Constabulary,-1.186060,50.852001,On or near Crescent Road,E01022728,Fareham 011A,Criminal damage and arson,Investigation complete; no suspect identified,
f23aed31804ca566b79fb6c4d443e592efd0c8f98199d430306e43ec29c133bd,2024-03,Hampshire Constabulary,Hampshire Constabulary,-1.187241,50.854365,On or near Gordon Road,E01022728,Fareham 011A,Drugs,Further investigation is not in the public interest,
6639edbd514c804179d6e0f19dce60967a0bb715dac4c65dbc06be946c36222f,2024-03,Hampshire Constabulary,Hampshire Constabulary,-1.187230,50.854968,On or near New Road,E01022728,Fareham 011A,Possession of weapons,Offender given a caution,
70034c3580d408c811790e95ed3d2248e4a20551083b532cd9b300519088b7d6,2024-03,Hampshire Constabulary,Hampshire Constabulary,-1.189167,50.852230,On or near Maytree Road,E01022728,Fareham 011A,Robbery,Unable to prosecute suspect,
6c934f8c6c842f929f0ad5a0985c60b036a1ac399022a5a4abce54ef3bb6642e,2024-03,Hampshire Constabulary,Hampshire Constabulary,-1.184517,50.853348,On or near Russell Place,E01022728,Fareham 011A,Violence and sexual offences,Unable to prosecute suspect,
11c875434c9047cb447fac613a7f873ef1687a9fa52f8ac86b61162841bd6607,2024-03,Hampshire Constabulary,Hampshire Constabulary,-1.183536,50.854151,On or near Trinity Street,E01022728,Fareham 011A,Violence and sexual offences,Unable to prosecute suspect,
,2024-03,Hampshire Constabulary,Hampshire Constabulary,-1.185998,50.851488,On or near A27,E01022728,Fareham 011A,Anti-social behaviour,,
,2024-03,Hampshire Constabulary,Hampshire Constabulary,-1.185105,50.855457,On or near Colenso Road,E01022728,Fareham 011A,Anti-social behaviour,,
,2024-03,Hampshire Constabulary,Hampshire Constabulary,-1.184517,50.853348,On or near Russell Place,E01022728,Fareham 011A,Anti-social behaviour,,
781d25eb5243d54fd4a107f9bcb2efe700dd03b325c827962ef1602740d9e955,2024-03,Hampshire Constabulary,Hampshire Constabulary,-1.185998,50.851488,On or near A27,E01022728,Fareham 011A,Criminal damage and arson,Investigation complete; no suspect identified,
a8ced0029058025237c4c7524127cf5059e9791080a0290923cdf4ff2e2d1118,2024-03,Hampshire Constabulary,Hampshire Constabulary,-1.191563,50.853352,On or near Parking Area,E01022728,Fareham 011A,Public order,Investigation complete; no suspect identified,
2cdc6d92ff17f81a87e3c96ea0e1a43e54ff6e5a8d75156a32efec635ccdb20f,2024-03,Hampshire Constabulary,Hampshire Constabulary,-1.183536,50.854151,On or near Trinity Street,E01022728,Fareham 011A,Public order,Investigation complete; no suspect identified,
419dcc3d376590b74113617881d12eb2f9a77f1bc0bef2b2201fd741732baaaa,2024-03,Hampshire Constabulary,Hampshire Constabulary,-1.187533,50.852422,On or near Supermarket,E01022728,Fareham 011A,Shoplifting,Investigation complete; no suspect identified,
faa0dd5c5134c4525238cc7a560061554deff4d0da7d74c86ff9981fe038d36c,2024-03,Hampshire Constabulary,Hampshire Constabulary,-1.191563,50.853352,On or near Parking Area,E01022728,Fareham 011A,Violence and sexual offences,Status update unavailable,
f3c45b67de00c384e9728841385fcb517730005f60db1d227e97af0aeefc1af9,2024-03,Hampshire Constabulary,Hampshire Constabulary,-1.186197,50.853909,On or near Derlyn Road,E01022728,Fareham 011A,Violence and sexual offences,Investigation complete; no suspect identified,
4d2866d4d3994240713c4ecf28bf3025ef2c246ba4d7d622b3ee0ab95d9d2bcf,2024-03,Hampshire Constabulary,Hampshire Constabulary,-1.187230,50.854968,On or near New Road,E01022728,Fareham 011A,Violence and sexual offences,Investigation complete; no suspect identified,
220a34b0fcb3404c214b3ce295fe55146c29703f78ab275de8711ef8cd161d77,2024-03,Hampshire Constabulary,Hampshire Constabulary,-1.192540,50.846965,On or near Upper St Michael'S Grove,E01022735,Fareham 011B,Possession of weapons,Formal action is not in the public interest,
ae37654f9510ac97736e9c0d0067ffa4e3c9517e15209228e9b3dd7fa1450187,2024-03,Hampshire Constabulary,Hampshire Constabulary,-1.197914,50.849170,On or near Utah Close,E01022735,Fareham 011B,Public order,Unable to prosecute suspect,
5f69a8c2919fda9761444ba5a20a99d22dd338658976ed62d219f13d37b0a7d6,2024-03,Hampshire Constabulary,Hampshire Constabulary,-1.192540,50.846965,On or near Upper St Michael'S Grove,E01022735,Fareham 011B,Violence and sexual offences,Unable to prosecute suspect,
53a5bfe4fa3bca62e7d2f41f5b7f1a482f0fa08bc707bfff3906220f4e8b00da,2024-03,Hampshire Constabulary,Hampshire Constabulary,-1.191023,50.847593,On or near Redlands Lane,E01022735,Fareham 011B,Violence and sexual offences,Unable to prosecute suspect,
f2df285b6c0a330a7672bbe67ea1b35fd58e2669267a344e87ebb5110a65decd,2024-03,Hampshire Constabulary,Hampshire Constabulary,-1.199216,50.851085,On or near Further/Higher Educational Building,E01022735,Fareham 011B,Violence and sexual offences,Local resolution,
bf74506010895cb835d17581d9b53ae49fd3fa36a55a95e9869e35802c74159e,2024-03,Hampshire Constabulary,Hampshire Constabulary,-1.193251,50.847717,On or near Westfield Avenue,E01022735,Fareham 011B,Violence and sexual offences,Unable to prosecute suspect,
35e0b9d4493552d243730473b5bf230cadd3c831c95502f2a84a525b16ef1d89,2024-03,Hampshire Constabulary,Hampshire Constabulary,-1.197914,50.849170,On or near Utah Close,E01022735,Fareham 011B,Violence and sexual offences,Unable to prosecute suspect,
,2024-03,Hampshire Constabulary,Hampshire Constabulary,-1.192540,50.846965,On or near Upper St Michael'S Grove,E01022735,Fareham 011B,Anti-social behaviour,,
,2024-03,Hampshire Constabulary,Hampshire Constabulary,-1.191023,50.847593,On or near Redlands Lane,E01022735,Fareham 011B,Anti-social behaviour,,
acc452e38fd47160ac8ae7d7c7098a8f3fb559f2341a3ec4fc75cc55ec0e14a7,2024-03,Hampshire Constabulary,Hampshire Constabulary,-1.195070,50.848476,On or near Wallisdean Avenue,E01022735,Fareham 011B,Vehicle crime,Investigation complete; no suspect identified,
545f4b2bb926402acf227140c4f8d21f59bb2e15f26585102eca461d124de829,2024-03,Hampshire Constabulary,Hampshire Constabulary,-1.199216,50.851085,On or near Further/Higher Educational Building,E01022735,Fareham 011B,Violence and sexual offences,Investigation complete; no suspect identified,
61c936094eea274a6c8c0595041b38bf4262f8975fcf529edafdfa3aeffe67ab,2024-03,Hampshire Constabulary,Hampshire Constabulary,-1.197954,50.850141,On or near Omaha Close,E01022735,Fareham 011B,Violence and sexual offences,Status update unavailable,
00a2278de9a80aa2613abc6dc41e98ac9ed055b5ea093519073bf941c864aae9,2024-03,Hampshire Constabulary,Hampshire Constabulary,-1.194599,50.846989,On or near Highfield Avenue,E01022736,Fareham 011C,Violence and sexual offences,Action to be taken by another organisation,
f0cffe40c60d0e1b831fd244e07fec9576abf11e46c4cc5c8643adb04e98547b,2024-03,Hampshire Constabulary,Hampshire Constabulary,-1.194599,50.846989,On or near Highfield Avenue,E01022736,Fareham 011C,Violence and sexual offences,Local resolution,
354213131e66b7d6b5345fd30089b7637694e72a1b16753d8afde75a6962b68d,2024-03,Hampshire Constabulary,Hampshire Constabulary,-1.196486,50.841291,On or near Endofield Close,E01022736,Fareham 011C,Violence and sexual offences,Local resolution,
3a08f79398aa012f7958a724f5604c02c20c157a776e0759f809f2c9436668d0,2024-03,Hampshire Constabulary,Hampshire Constabulary,-1.196486,50.841291,On or near Endofield Close,E01022736,Fareham 011C,Violence and sexual offences,Unable to prosecute suspect,
ded7fbccd26b1e96f0ad4d9f12ee11be3d595c057b5e62168b4fd2e59f974822,2024-03,Hampshire Constabulary,Hampshire Constabulary,-1.195915,50.842339,On or near Northfield Avenue,E01022736,Fareham 011C,Violence and sexual offences,Unable to prosecute suspect,
,2024-03,Hampshire Constabulary,Hampshire Constabulary,-1.194599,50.846989,On or near Highfield Avenue,E01022736,Fareham 011C,Anti-social behaviour,,
,2024-03,Hampshire Constabulary,Hampshire Constabulary,-1.196486,50.841291,On or near Endofield Close,E01022736,Fareham 011C,Anti-social behaviour,,
1e51557e412a65eec2e9651e90bfc3ef4efd85d67cd15ac2722bbb7da01fa728,2024-03,Hampshire Constabulary,Hampshire Constabulary,-1.195845,50.843904,On or near Supermarket,E01022736,Fareham 011C,Burglary,Investigation complete; no suspect identified,
b392e087614c2f6fb4ffb3fdb3662920b9262377f47147959665f3cfe58f3f30,2024-03,Hampshire Constabulary,Hampshire Constabulary,-1.198311,50.842563,On or near Longfield Avenue,E01022736,Fareham 011C,Criminal damage and arson,Investigation complete; no suspect identified,
f87cd013f24f2e4aebe003e55394aa6935795874b5c03264f30ef6d77930b415,2024-03,Hampshire Constabulary,Hampshire Constabulary,-1.194599,50.846989,On or near Highfield Avenue,E01022736,Fareham 011C,Violence and sexual offences,Action to be taken by another organisation,
78b665843f2237af29d6ba8a95be43fe8b824b1ec71b0d0b5b18c2ede6b09e4b,2024-03,Hampshire Constabulary,Hampshire Constabulary,-1.186488,50.837193,On or near B3385,E01022738,Fareham 011D,Shoplifting,Further investigation is not in the public interest,
3ee0a3450bb19bce23a63d5c04b3f0b0f0fd17443a507aeff66a76741a000ac3,2024-03,Hampshire Constabulary,Hampshire Constabulary,-1.186488,50.837193,On or near B3385,E01022738,Fareham 011D,Violence and sexual offences,Further investigation is not in the public interest,
,2024-03,Hampshire Constabulary,Hampshire Constabulary,-1.185358,50.842527,On or near Palmerston Drive,E01022738,Fareham 011D,Anti-social behaviour,,
695ee9a4ea1e9bbfcfce92b7365314d17414e6236ec0357c2a09c432ddc1e214,2024-03,Hampshire Constabulary,Hampshire Constabulary,-1.185358,50.842527,On or near Palmerston Drive,E01022738,Fareham 011D,Bicycle theft,Investigation complete; no suspect identified,
26830d413d6558dfbdb1cd5ca8062cb194cc8b5a57b759d78e76d838cdb8d1d1,2024-03,Hampshire Constabulary,Hampshire Constabulary,-1.184626,50.842189,On or near Henry Cort Way,E01022738,Fareham 011D,Bicycle theft,Status update unavailable,
266ea06b67be27e93664330ef63a1295334dc3992dd8a70de59244df511ecdf4,2024-03,Hampshire Constabulary,Hampshire Constabulary,-1.185358,50.842527,On or near Palmerston Drive,E01022738,Fareham 011D,Drugs,Investigation complete; no suspect identified,
5d3807d46e48ba0af290088132c3838748604d791352a92bbfbb1098022c3f1e,2024-03,Hampshire Constabulary,Hampshire Constabulary,-1.185358,50.842527,On or near Palmerston Drive,E01022738,Fareham 011D,Drugs,Unable to prosecute suspect,
18e36f0655014a996171bb4dff439ad3ca0f55bfe81e571b70bf1b50a56eedd8,2024-03,Hampshire Constabulary,Hampshire Constabulary,-1.185358,50.842527,On or near Palmerston Drive,E01022738,Fareham 011D,Possession of weapons,Status update unavailable,
095bc592c1b7ac374617f31070b64302090698196e42710aa2c70cddc4a318d7,2024-03,Hampshire Constabulary,Hampshire Constabulary,-1.185924,50.837063,On or near Shopping Area,E01022738,Fareham 011D,Shoplifting,Investigation complete; no suspect identified,
551228edbacb5e9fc5f35ed7e23775d6804a4ed0c381712de65893f5436a03e7,2024-03,Hampshire Constabulary,Hampshire Constabulary,-1.191975,50.841800,On or near Elizabeth Court,E01022738,Fareham 011D,Violence and sexual offences,Investigation complete; no suspect identified,
bc07f8a58d1e1f66d17f2587a4dc485bd2ec7984d6e963de2eb53d9c6b3c242b,2024-03,Hampshire Constabulary,Hampshire Constabulary,-1.193005,50.840566,On or near Nelson Court,E01022738,Fareham 011D,Violence and sexual offences,Unable to prosecute suspect,
ac2532099f25306920d5c4b6bd61ea8fabef7155e8e42158823948306aa8e3aa,2024-03,Hampshire Constabulary,Hampshire Constabulary,-1.184645,50.838655,On or near Davis Way,E01022738,Fareham 011D,Violence and sexual offences,Local resolution,
4f300f1bb81566e31bfd764aaa1c5f874ca16ab9a82f6e5de8ef4c7b8b22d1b5,2024-03,Hampshire Constabulary,Hampshire Constabulary,-1.201842,50.845366,On or near Parking Area,E01022739,Fareham 011E,Criminal damage and arson,Unable to prosecute suspect,
,2024-03,Hampshire Constabulary,Hampshire Constabulary,-1.196478,50.844286,On or near Fairfield Avenue,E01022739,Fareham 011E,Anti-social behaviour,,
,2024-03,Hampshire Constabulary,Hampshire Constabulary,-1.201842,50.845366,On or near Parking Area,E01022739,Fareham 011E,Anti-social behaviour,,
,2024-03,Hampshire Constabulary,Hampshire Constabulary,-1.201230,50.847951,On or near Butser Walk,E01022739,Fareham 011E,Anti-social behaviour,,
9263306eefa424b293ce4bc630b01686fd08020827f768678abbc0b62181e2bb,2024-03,Hampshire Constabulary,Hampshire Constabulary,-1.201842,50.845366,On or near Parking Area,E01022739,Fareham 011E,Criminal damage and arson,Status update unavailable,
53df28e25ecc2905e41e457440510c9c0fdbbf2dfe0d5fa60e63bd9e945d57aa,2024-03,Hampshire Constabulary,Hampshire Constabulary,-1.200241,50.848484,On or near Barnfield Court,E01022739,Fareham 011E,Criminal damage and arson,Status update unavailable,
9571dcfc3b85b5b6e3529efba766a9ae1fb76ee3ed8e3346a50e58aa3de8410a,2024-03,Hampshire Constabulary,Hampshire Constabulary,-1.200241,50.848484,On or near Barnfield Court,E01022739,Fareham 011E,Possession of weapons,Status update unavailable,
9a8b6096f6f7d63db8b54099ab47dff29dea20bfa7fb6ee9082004406dd94ede,2024-03,Hampshire Constabulary,Hampshire Constabulary,-1.201230,50.847951,On or near Butser Walk,E01022739,Fareham 011E,Violence and sexual offences,Status update unavailable,
ba128fb1a5504968ebb56d37de456dabc63fc73614c020274f9a3c6f8e695500,2024-03,Hampshire Constabulary,Hampshire Constabulary,-1.135454,50.841476,On or near Norgett Way,E01022760,Fareham 012A,Other theft,Unable to prosecute suspect,
1987be262d5dda0a1992bac71554850d682ca58b1596ddc435d3b744619f1cf2,2024-03,Hampshire Constabulary,Hampshire Constabulary,-1.130449,50.841789,On or near White Hart Lane,E01022760,Fareham 012A,Vehicle crime,Local resolution,
6cd13b575dce71f904321bd2a3eaba2da5cf796e8f9bd566ba77326ca63d0dea,2024-03,Hampshire Constabulary,Hampshire Constabulary,-1.136956,50.840111,On or near Pewit View,E01022760,Fareham 012A,Vehicle crime,Investigation complete; no suspect identified,
1580e7b2705dda421da7f429f2039c6bad0a2cece82b43085d216bbf08242dd6,2024-03,Hampshire Constabulary,Hampshire Constabulary,-1.130449,50.841789,On or near White Hart Lane,E01022760,Fareham 012A,Violence and sexual offences,Status update unavailable,
b9af1a8cf30b952919198553e62f9c95c47ceedead444a214a9bbc355e64846e,2024-03,Hampshire Constabulary,Hampshire Constabulary,-1.122146,50.839218,On or near Castle View Road,E01022761,Fareham 012B,Criminal damage and arson,Unable to prosecute suspect,
043745499cdd99b8699f470167bee4396c28c62ed5ee9d604d6e4b850e3ce750,2024-03,Hampshire Constabulary,Hampshire Constabulary,-1.123365,50.837824,On or near Kenwood Road,E01022761,Fareham 012B,Public order,Unable to prosecute suspect,
ee517562139bab189077f4b738e451e6ba05cd12d5cf5506d48fc132399262b8,2024-03,Hampshire Constabulary,Hampshire Constabulary,-1.113962,50.837169,On or near Church Road,E01022761,Fareham 012B,Violence and sexual offences,Unable to prosecute suspect,
,2024-03,Hampshire Constabulary,Hampshire Constabulary,-1.116043,50.837490,On or near Parking Area,E01022761,Fareham 012B,Anti-social behaviour,,
6a55362640f9ff85f56c5ea073d201e8e36948808aab7beca3925b3f70d83944,2024-03,Hampshire Constabulary,Hampshire Constabulary,-1.125837,50.840028,On or near Westbrook Road,E01022761,Fareham 012B,Other theft,Investigation complete; no suspect identified,
2ebc6d8912b8de0c48f08b233d545bec72800105b746fe062c41f8c8651702bb,2024-03,Hampshire Constabulary,Hampshire Constabulary,-1.113962,50.837169,On or near Church Road,E01022761,Fareham 012B,Violence and sexual offences,Unable to prosecute suspect,
9432f4352c0b9cc697209ded48047b2d9339a883292e7903bb9e2a880f9902df,2024-03,Hampshire Constabulary,Hampshire Constabulary,-1.122739,50.840167,On or near Bayly Avenue,E01022761,Fareham 012B,Violence and sexual offences,Investigation complete; no suspect identified,
bcc32c94860ae0ab46cdb8391a11425a086eb79cd7e9065fc1ec24e37423de81,2024-03,Hampshire Constabulary,Hampshire Constabulary,-1.123265,50.840881,On or near Edgar Crescent,E01022762,Fareham 012C,Public order,Investigation complete; no suspect identified,
46a9492fa571af39f3315e5a4d5bec5f1e806a79fac9ed72fd1748270a282c09,2024-03,Hampshire Constabulary,Hampshire Constabulary,-1.123265,50.840881,On or near Edgar Crescent,E01022762,Fareham 012C,Shoplifting,Unable to prosecute suspect,
76e29ad1149504f4f8803080323afebaf8c1a5e381ff23a8c03ab6b04f554712,2024-03,Hampshire Constabulary,Hampshire Constabulary,-1.125627,50.842922,On or near Castle Grove,E01022762,Fareham 012C,Other crime,Further action is not in the public interest,
73d16a5741a606f337c9630f1b4b3fc721b2aace5d292300140bd55d4052e6fd,2024-03,Hampshire Constabulary,Hampshire Constabulary,-1.125483,50.845295,On or near Jubilee Road,E01022762,Fareham 012C,Burglary,Investigation complete; no suspect identified,
ef939f66d94732b3d87df16743427581634e5cc0fd80b0a5c2bb1013197d1175,2024-03,Hampshire Constabulary,Hampshire Constabulary,-1.124394,50.839730,On or near Denville Avenue,E01022762,Fareham 012C,Criminal damage and arson,Investigation complete; no suspect identified,
d3fab2ce9f604f83d864e6f052830863a5e7d275253f8344a3f819a0b029c0c5,2024-03,Hampshire Constabulary,Hampshire Constabulary,-1.122159,50.846098,On or near Postern Close,E01022764,Fareham 012D,Violence and sexual offences,Unable to prosecute suspect,
7f210072a58cd45e236b2624d0d036a0005417eb3fc6144f035edd2a8ade7f19,2024-03,Hampshire Constabulary,Hampshire Constabulary,-1.117695,50.849301,On or near Portsdown Road,E01022764,Fareham 012D,Violence and sexual offences,Unable to prosecute suspect,
,2024-03,Hampshire Constabulary,Hampshire Constabulary,-1.124861,50.845920,On or near Parking Area,E01022764,Fareham 012D,Anti-social behaviour,,
,2024-03,Hampshire Constabulary,Hampshire Constabulary,-1.126011,50.847484,On or near The Leaway,E01022764,Fareham 012D,Anti-social behaviour,,
,2024-03,Hampshire Constabulary,Hampshire Constabulary,-1.122349,50.848059,On or near New Town,E01022764,Fareham 012D,Anti-social behaviour,,
a6430bc358d9c8d170c95d80ec69f478fbd20c4701e129ba934ef02b293a3e25,2024-03,Hampshire Constabulary,Hampshire Constabulary,-1.125687,50.848840,On or near Portchester,E01022764,Fareham 012D,Public order,Unable to prosecute suspect,
9eec9d3ea51f76100cc55bf8f51cc681a8deceacef84858177ac26d8f3ddd501,2024-03,Hampshire Constabulary,Hampshire Constabulary,-1.124861,50.845920,On or near Parking Area,E01022764,Fareham 012D,Shoplifting,Investigation complete; no suspect identified,
56992b85ffacda858c090120dbdd93880fbadc4d5f9a84c527b0188fbf880ac1,2024-03,Hampshire Constabulary,Hampshire Constabulary,-1.120662,50.849396,On or near Kelvin Grove,E01022764,Fareham 012D,Violence and sexual offences,Unable to prosecute suspect,
5c2c56823862921fe520cde0097b1289c56e96801b7bca415ef1e395b640b56e,2024-03,Hampshire Constabulary,Hampshire Constabulary,-1.213655,50.825347,On or near Supermarket,E01022776,Fareham 013B,Public order,Unable to prosecute suspect,
906406a48cfb941c99b40c3853907fe5a67436352fd5d1d4167c70214eb302d8,2024-03,Hampshire Constabulary,Hampshire Constabulary,-1.214676,50.826307,On or near Parking Area,E01022776,Fareham 013B,Public order,Investigation complete; no suspect identified,
e7db2764596bca79efbdebe8d5e97b662054747ce3fc1aaf8c6f66f515a38e68,2024-03,Hampshire Constabulary,Hampshire Constabulary,-1.214676,50.826307,On or near Parking Area,E01022776,Fareham 013B,Shoplifting,Investigation complete; no suspect identified,
c05ef368aa2dcc7d45e72707252d4cb9dc498e3ebe4ba48d14831d9fd3ceba49,2024-03,Hampshire Constabulary,Hampshire Constabulary,-1.215088,50.831355,On or near Foster Close,E01022777,Fareham 013C,Violence and sexual offences,Unable to prosecute suspect,
5bdf604bac8765df95845a4d013bc73224da6a8f5920a5843798e7cd9717d15e,2024-03,Hampshire Constabulary,Hampshire Constabulary,-1.215088,50.831355,On or near Foster Close,E01022777,Fareham 013C,Violence and sexual offences,Unable to prosecute suspect,
abb8898c7111de2f64555be59ecc716bde6d97a24e682479f9725800ac3bf723,2024-03,Hampshire Constabulary,Hampshire Constabulary,-1.215088,50.831355,On or near Foster Close,E01022777,Fareham 013C,Violence and sexual offences,Unable to prosecute suspect,
74150330e1a8c4421a4143e9e9a6ee12ab8e964f820f22727fe0c9cba6c0b5ea,2024-03,Hampshire Constabulary,Hampshire Constabulary,-1.187867,50.826448,On or near Newgate Lane East,E01022778,Fareham 013D,Drugs,Local resolution,
02e291581fb97a30ed73f7936d83b37e45d9579cb0772a32ae24e3bf31f3f379,2024-03,Hampshire Constabulary,Hampshire Constabulary,-1.193036,50.824525,On or near Park/Open Space,E01022778,Fareham 013D,Criminal damage and arson,Status update unavailable,
5b93dddb11ebf4c206ec1006c539fd53e34d82b0fbc7f3ee0a681132666a731d,2024-03,Hampshire Constabulary,Hampshire Constabulary,-1.192218,50.811262,On or near Cherque Lane,E01022778,Fareham 013D,Public order,Investigation complete; no suspect identified,
a0cb56c5228e3ebb2c9b9da747062457f85697f9cfb68c278231673576706fbd,2024-03,Hampshire Constabulary,Hampshire Constabulary,-1.203045,50.822281,On or near Mark'S Road,E01032877,Fareham 013F,Possession of weapons,Investigation complete; no suspect identified,
577c4281fcfcc2f5448d3550b208c9421955c4078ffc466bc88c77d429414875,2024-03,Hampshire Constabulary,Hampshire Constabulary,-1.203045,50.822281,On or near Mark'S Road,E01032877,Fareham 013F,Public order,Unable to prosecute suspect,
170c9030b8bf8e30aaac1755789fa3ec3772d615158e3abaaba5bdf210cc63b4,2024-03,Hampshire Constabulary,Hampshire Constabulary,-1.207733,50.824606,On or near Oakdown Road,E01032877,Fareham 013F,Public order,Investigation complete; no suspect identified,
9982a7cab913f2ba1790791a404ef6111e477f31b682e609ef7e4c3ba1996abd,2024-03,Hampshire Constabulary,Hampshire Constabulary,-1.183978,50.833714,On or near Supermarket,E01032877,Fareham 013F,Shoplifting,Investigation complete; no suspect identified,
00e2e62d0508da03017d22a860d52b8d5e74f5ea0e92b272a5cca59f33b00fb8,2024-03,Hampshire Constabulary,Hampshire Constabulary,-1.183978,50.833714,On or near Supermarket,E01032877,Fareham 013F,Shoplifting,Investigation complete; no suspect identified,
8cd0cd1c4e9596927e8935fdbaad6b3d1d0e6dde8784ac943a3b5135cd03562a,2024-03,Hampshire Constabulary,Hampshire Constabulary,-1.185870,50.834374,On or near Supermarket,E01032877,Fareham 013F,Shoplifting,Unable to prosecute suspect,
a41c8e06eb418b5d4f4d4067f345af8f4efe1defeab4dfb30c02b57b1531167c,2024-03,Hampshire Constabulary,Hampshire Constabulary,-1.202669,50.821882,On or near Spencer Court,E01032877,Fareham 013F,Violence and sexual offences,Investigation complete; no suspect identified,
a388d9119b62263023b182d8f0848631f7c59db6dfe4af113139a56dc276e26e,2024-03,Hampshire Constabulary,Hampshire Constabulary,-1.203045,50.822281,On or near Mark'S Road,E01032877,Fareham 013F,Violence and sexual offences,Unable to prosecute suspect,
ae69a86f43df2003b6639d3ec4985c5456c04a7ccd7032edb28f79a910d248d7,2024-03,Hampshire Constabulary,Hampshire Constabulary,-1.203045,50.822281,On or near Mark'S Road,E01032877,Fareham 013F,Violence and sexual offences,Action to be taken by another organisation,
09656d85172c5b5f73233a3b4a6449c488df780fd67cb19ecf32dcb43658dc87,2024-03,Hampshire Constabulary,Hampshire Constabulary,-1.203045,50.822281,On or near Mark'S Road,E01032877,Fareham 013F,Violence and sexual offences,Action to be taken by another organisation,
,2024-03,Hampshire Constabulary,Hampshire Constabulary,-1.203045,50.822281,On or near Mark'S Road,E01032877,Fareham 013F,Anti-social behaviour,,
,2024-03,Hampshire Constabulary,Hampshire Constabulary,-1.183978,50.833714,On or near Supermarket,E01032877,Fareham 013F,Anti-social behaviour,,
,2024-03,Hampshire Constabulary,Hampshire Constabulary,-1.183978,50.833714,On or near Supermarket,E01032877,Fareham 013F,Anti-social behaviour,,
,2024-03,Hampshire Constabulary,Hampshire Constabulary,-1.183158,50.835147,On or near Petrol Station,E01032877,Fareham 013F,Anti-social behaviour,,
6dd447bef0bed8e41a1495a0459404e30f2696886ceb4f24e0967373877d3665,2024-03,Hampshire Constabulary,Hampshire Constabulary,-1.202669,50.821882,On or near Spencer Court,E01032877,Fareham 013F,Other theft,Investigation complete; no suspect identified,
ec06c20a59f487c049a7f6bcb71463757226d49ddcf6f97acf9ec026e9c4b134,2024-03,Hampshire Constabulary,Hampshire Constabulary,-1.185901,50.833714,On or near Shopping Area,E01032877,Fareham 013F,Public order,Unable to prosecute suspect,
e097be08ca8dd600f34318d17b2c8fb56cc40210db8a62c010e280c36f60272b,2024-03,Hampshire Constabulary,Hampshire Constabulary,-1.183978,50.833714,On or near Supermarket,E01032877,Fareham 013F,Shoplifting,Investigation complete; no suspect identified,
1d9183b0fa4b4c3f354b42f7fab9b5e38b1a5ba25b2f54b40c9e2847fc624669,2024-03,Hampshire Constabulary,Hampshire Constabulary,-1.185901,50.833714,On or near Shopping Area,E01032877,Fareham 013F,Shoplifting,Status update unavailable,
80ecbeb29a35616bbcad372620292eccd8e22500bc5fbb2cecc241cbd7eba6df,2024-03,Hampshire Constabulary,Hampshire Constabulary,-1.183978,50.833714,On or near Supermarket,E01032877,Fareham 013F,Shoplifting,Investigation complete; no suspect identified,
e59b75e720fd24d1caf25b9d1f2a63a645797332d62c7c7e849f3d60156ff352,2024-03,Hampshire Constabulary,Hampshire Constabulary,-1.215103,50.832173,On or near St Mary'S Road,E01032877,Fareham 013F,Theft from the person,Status update unavailable,
246ac7658db1f4f470dc934fd592ffb81437e3659ce6e0dd3ee0b2acdc577d98,2024-03,Hampshire Constabulary,Hampshire Constabulary,-1.203045,50.822281,On or near Mark'S Road,E01032877,Fareham 013F,Violence and sexual offences,Unable to prosecute suspect,
001bd49777c73b57ab719d1faf0e56cf7d2168424b7a3760b60ba39e2dba1442,2024-03,Hampshire Constabulary,Hampshire Constabulary,-1.208348,50.820177,On or near Westways,E01032877,Fareham 013F,Violence and sexual offences,Unable to prosecute suspect,
0080947eac876f27e0ad50d0b8c2c2ec9d9fbfb2b23da21249567fbdfd96946c,2024-03,Hampshire Constabulary,Hampshire Constabulary,-1.203045,50.822281,On or near Mark'S Road,E01032877,Fareham 013F,Violence and sexual offences,Investigation complete; no suspect identified,
72aa6d5a65ac930bc29fd28b5b8464b0c980d45d83021d71fe7d5151fb2e1694,2024-03,Hampshire Constabulary,Hampshire Constabulary,-1.203045,50.822281,On or near Mark'S Road,E01032877,Fareham 013F,Violence and sexual offences,Status update unavailable,
536ccf7f1f9f9795549f7176bf311b4df61b1e5eb1c7d4b218f4a25ca0777819,2024-03,Hampshire Constabulary,Hampshire Constabulary,-1.203045,50.822281,On or near Mark'S Road,E01032877,Fareham 013F,Violence and sexual offences,Status update unavailable,
e476ce99715006b53b250e71d3490fb96b605b513bfc5ad26b6ae0c19807c584,2024-03,Hampshire Constabulary,Hampshire Constabulary,-1.203045,50.822281,On or near Mark'S Road,E01032877,Fareham 013F,Other crime,Further action is not in the public interest,
445275b47ca1694b96b78f7220cc3079aa3abfd54982eee8a8eadb291c9d46a1,2024-03,Hampshire Constabulary,Hampshire Constabulary,-1.208472,50.821212,On or near Northways,E01032877,Fareham 013F,Other crime,Status update unavailable,
10fec8cd502f782719b0b2c21eae7c8f8e4b7eebeeee3fc236e418bddf540da4,2024-03,Hampshire Constabulary,Hampshire Constabulary,-1.216853,50.815827,On or near Springfield Way,E01022744,Fareham 014A,Violence and sexual offences,Investigation complete; no suspect identified,
4333f54f99021849259c8363626c6e563e6a8336b1165da32101e026bd8c83e7,2024-03,Hampshire Constabulary,Hampshire Constabulary,-1.214712,50.819041,On or near Nursery Lane,E01022744,Fareham 014A,Violence and sexual offences,Court result unavailable,
,2024-03,Hampshire Constabulary,Hampshire Constabulary,-1.213956,50.809999,On or near Stubbington Lane,E01022744,Fareham 014A,Anti-social behaviour,,
,2024-03,Hampshire Constabulary,Hampshire Constabulary,-1.213956,50.809999,On or near Stubbington Lane,E01022744,Fareham 014A,Anti-social behaviour,,
881223ff9ec06d04b221bf9a22f24e1212b81a40712018d52783379483080a76,2024-03,Hampshire Constabulary,Hampshire Constabulary,-1.214395,50.815955,On or near Mulberry Avenue,E01022744,Fareham 014A,Other theft,Investigation complete; no suspect identified,
940b3ddebddf1b31511969b0372337c9e7d1f3d1ac971ac77035d05873a14288,2024-03,Hampshire Constabulary,Hampshire Constabulary,-1.216853,50.815827,On or near Springfield Way,E01022744,Fareham 014A,Violence and sexual offences,Unable to prosecute suspect,
ac478cda910184b5bc0f15a073f736d3fe6ded96233d5137227c6fea20cd2463,2024-03,Hampshire Constabulary,Hampshire Constabulary,-1.216853,50.815827,On or near Springfield Way,E01022744,Fareham 014A,Violence and sexual offences,Unable to prosecute suspect,
bd4550b2c0cc0061a2368da56098f1e253e2e9d3f302671b82ce3b553b8a2d4e,2024-03,Hampshire Constabulary,Hampshire Constabulary,-1.225759,50.819781,On or near Berkeley Close,E01022745,Fareham 014B,Violence and sexual offences,Unable to prosecute suspect,
3f69c1807cb8f86e55e06f3031c58a6c35e980ed9d491abaa7b2d277f49b0bf9,2024-03,Hampshire Constabulary,Hampshire Constabulary,-1.221829,50.813649,On or near Salterns Road,E01022746,Fareham 014C,Drugs,Local resolution,
bcdfba2f9dcc6fb717b2d642446834f4916beea2f754aac189af2fc7369ec7f2,2024-03,Hampshire Constabulary,Hampshire Constabulary,-1.224580,50.814683,On or near Monks Way,E01022746,Fareham 014C,Drugs,Local resolution,
aa2febbc083d63f369aedf4bb419affc854b1fed6ac4a11a664262a321f5a3bd,2024-03,Hampshire Constabulary,Hampshire Constabulary,-1.219713,50.820505,On or near Mancroft Avenue,E01022746,Fareham 014C,Violence and sexual offences,Action to be taken by another organisation,
2c63c517f1ca0e96ea728b21b59214a11cac47ddfb8ff7eccf7af3fa13ac72d1,2024-03,Hampshire Constabulary,Hampshire Constabulary,-1.224327,50.817919,On or near Boyd Close,E01022746,Fareham 014C,Public order,Investigation complete; no suspect identified,
d2701401c5505acdc9d146be1416a840794a3e579742fc19b05df76447fb9f4d,2024-03,Hampshire Constabulary,Hampshire Constabulary,-1.227944,50.816405,On or near Ellerslie Close,E01022746,Fareham 014C,Violence and sexual offences,Unable to prosecute suspect,
ad6cc6e8cb7240fea037dc7319ab6cd5794ab56fd3e406a78ca8237c203a89ca,2024-03,Hampshire Constabulary,Hampshire Constabulary,-1.218917,50.826552,On or near Vicarage Lane,E01022747,Fareham 014D,Violence and sexual offences,Local resolution,
a10f3edd06e289641f74986cd59cd1c12ab89f9add4203256e6e8efcb330fcfe,2024-03,Hampshire Constabulary,Hampshire Constabulary,-1.220825,50.828786,On or near Upper Old Street,E01022747,Fareham 014D,Other theft,Investigation complete; no suspect identified,
d6503944871bdc3ae92ddcc882cbc4c60013914490a87e788a09e53471b55eeb,2024-03,Hampshire Constabulary,Hampshire Constabulary,-1.223507,50.823732,On or near Sea Kings,E01022748,Fareham 014E,Other theft,Investigation complete; no suspect identified,
d71b3c7b46dbf300c27bfe6e5301340fa02f27bc593117fd1a7c3f80dd4fb9bd,2024-03,Hampshire Constabulary,Hampshire Constabulary,-1.179798,50.825906,On or near Stoners Close,E01022800,Gosport 001A,Burglary,Awaiting court outcome,
3f7a1c3a738428b9a9192857e02dba0f33ffa4993886d4e2fa1312c9313ff0e3,2024-03,Hampshire Constabulary,Hampshire Constabulary,-1.180452,50.829921,On or near Ferndale Mews,E01022800,Gosport 001A,Drugs,Local resolution,
ac4dd49b86cad9e7f21498f61d1988deacfaea4715cdd6440faec1c83ef9b01e,2024-03,Hampshire Constabulary,Hampshire Constabulary,-1.178846,50.826753,On or near The Mead,E01022800,Gosport 001A,Public order,Court result unavailable,
cc6ab14ca96556bf599069ae8569314aa033a4e097b7941b65910e7cb8916d4c,2024-03,Hampshire Constabulary,Hampshire Constabulary,-1.177235,50.827111,On or near Gregson Close,E01022800,Gosport 001A,Robbery,Unable to prosecute suspect,
371ea6219e8187679a3dee78d15ecdfb70465bc62b3fff5a0737742525c9b348,2024-03,Hampshire Constabulary,Hampshire Constabulary,-1.181540,50.827761,On or near Tukes Avenue,E01022800,Gosport 001A,Shoplifting,Investigation complete; no suspect identified,
1ea6c78dbbf12c9822c0f2266c7bf98d1d84f66f0a1cdb8b3bc66d0494170d12,2024-03,Hampshire Constabulary,Hampshire Constabulary,-1.181540,50.827761,On or near Tukes Avenue,E01022800,Gosport 001A,Shoplifting,Investigation complete; no suspect identified,
6640b9af9b8bcdf9613bdff162cd9a56ae149dc8c65931284e568ff89d2cfc30,2024-03,Hampshire Constabulary,Hampshire Constabulary,-1.180696,50.831361,On or near Lapthorn Close,E01022800,Gosport 001A,Vehicle crime,Investigation complete; no suspect identified,
70e8b72d08f044a6a77f26f217057f1187af32559339f5b6caa3ea5b7d760a6c,2024-03,Hampshire Constabulary,Hampshire Constabulary,-1.180294,50.825154,On or near Supermarket,E01022800,Gosport 001A,Violence and sexual offences,Unable to prosecute suspect,
e740e824a77dda3a3043a6ab2bce45d33c5bad8b1cc623b51a05818f8a0199d9,2024-03,Hampshire Constabulary,Hampshire Constabulary,-1.180294,50.825154,On or near Supermarket,E01022800,Gosport 001A,Violence and sexual offences,Unable to prosecute suspect,
5ab2191ce31f3e45ae303340a2e9c80c95a35cbaf1b820c817094421a41a2f3e,2024-03,Hampshire Constabulary,Hampshire Constabulary,-1.180294,50.825154,On or near Supermarket,E01022800,Gosport 001A,Violence and sexual offences,Unable to prosecute suspect,
feb85a5ef45db8c32d5433da635ab7b9b5a3942425c210f17d56f9eb282966c1,2024-03,Hampshire Constabulary,Hampshire Constabulary,-1.182159,50.825697,On or near Dayshes Close,E01022800,Gosport 001A,Violence and sexual offences,Unable to prosecute suspect,
5752593b653daeb0a3adab8a4b15be055cf4044734de2c8c4bea9a62f8a3f9fb,2024-03,Hampshire Constabulary,Hampshire Constabulary,-1.182159,50.825697,On or near Dayshes Close,E01022800,Gosport 001A,Violence and sexual offences,Local resolution,
906b37c2b6349535afb6691909b9cfe1cf9d638519ade85c85fa6fab2e02835b,2024-03,Hampshire Constabulary,Hampshire Constabulary,-1.181239,50.829576,On or near Kent Road,E01022800,Gosport 001A,Violence and sexual offences,Unable to prosecute suspect,
878db7a7a74b2432bab09f702887a60d2c69d402d1c7de1ed99c2b238e5c23fe,2024-03,Hampshire Constabulary,Hampshire Constabulary,-1.181540,50.827761,On or near Tukes Avenue,E01022800,Gosport 001A,Violence and sexual offences,Unable to prosecute suspect,
,2024-03,Hampshire Constabulary,Hampshire Constabulary,-1.179798,50.825906,On or near Stoners Close,E01022800,Gosport 001A,Anti-social behaviour,,
,2024-03,Hampshire Constabulary,Hampshire Constabulary,-1.178846,50.826753,On or near The Mead,E01022800,Gosport 001A,Anti-social behaviour,,
,2024-03,Hampshire Constabulary,Hampshire Constabulary,-1.178846,50.826753,On or near The Mead,E01022800,Gosport 001A,Anti-social behaviour,,
,2024-03,Hampshire Constabulary,Hampshire Constabulary,-1.177235,50.827111,On or near Gregson Close,E01022800,Gosport 001A,Anti-social behaviour,,
,2024-03,Hampshire Constabulary,Hampshire Constabulary,-1.177235,50.827111,On or near Gregson Close,E01022800,Gosport 001A,Anti-social behaviour,,
,2024-03,Hampshire Constabulary,Hampshire Constabulary,-1.177235,50.827111,On or near Gregson Close,E01022800,Gosport 001A,Anti-social behaviour,,
a5d6f61bf94f44c90bd7fb112cf1eb5baa8bb6bec8d86d76a91ab65d16b671f3,2024-03,Hampshire Constabulary,Hampshire Constabulary,-1.181540,50.827761,On or near Tukes Avenue,E01022800,Gosport 001A,Shoplifting,Investigation complete; no suspect identified,
4c809c2e19ae65ea2c4135877a42f7de40c6f37314d39a706e5cdbbbe386e3d3,2024-03,Hampshire Constabulary,Hampshire Constabulary,-1.180452,50.829921,On or near Ferndale Mews,E01022800,Gosport 001A,Vehicle crime,Investigation complete; no suspect identified,
8c76e02e23dc09834dde6089d1b5a1a5b8e9d9507bee5241d5be442d770e3fbf,2024-03,Hampshire Constabulary,Hampshire Constabulary,-1.180294,50.825154,On or near Supermarket,E01022800,Gosport 001A,Violence and sexual offences,Unable to prosecute suspect,
4e2d8ead9140278d1f3c0b3ffece16cd78ac758ee08ddca26f05146364aaad57,2024-03,Hampshire Constabulary,Hampshire Constabulary,-1.173531,50.829440,On or near Mountbatten Close,E01022801,Gosport 001B,Burglary,Unable to prosecute suspect,
61304cf6ea3314d43f4a296685ca8b6205e0681cf8478c729c116e834e41ccde,2024-03,Hampshire Constabulary,Hampshire Constabulary,-1.172836,50.831036,On or near Prideaux-Brune Avenue,E01022801,Gosport 001B,Burglary,Unable to prosecute suspect,
7674e7844c8ed0c7f2ab6e73df32b7cee48904ce32d6a754e52e633626c292bc,2024-03,Hampshire Constabulary,Hampshire Constabulary,-1.173531,50.829440,On or near Mountbatten Close,E01022801,Gosport 001B,Criminal damage and arson,Investigation complete; no suspect identified,
46706cf58cdf0efe7e0ffcb63942c15e2c8d803099f2f8457d362835cc9eb73e,2024-03,Hampshire Constabulary,Hampshire Constabulary,-1.177509,50.828515,On or near Chatfield Road,E01022801,Gosport 001B,Other crime,Court result unavailable,
,2024-03,Hampshire Constabulary,Hampshire Constabulary,-1.173686,50.828686,On or near Henry Cort Way,E01022801,Gosport 001B,Anti-social behaviour,,
,2024-03,Hampshire Constabulary,Hampshire Constabulary,-1.176421,50.829821,On or near James Road,E01022801,Gosport 001B,Anti-social behaviour,,
0a599a1e4239c4ceb7a251b0adc0767da6196ff6903da12b4329d6e4776a43ec,2024-03,Hampshire Constabulary,Hampshire Constabulary,-1.173531,50.829440,On or near Mountbatten Close,E01022801,Gosport 001B,Burglary,Investigation complete; no suspect identified,
6ae2c5b5e2488c71254c062839cd54d1d1aab2eaa0e7f666fa3470d9c89acf27,2024-03,Hampshire Constabulary,Hampshire Constabulary,-1.173686,50.828686,On or near Henry Cort Way,E01022801,Gosport 001B,Criminal damage and arson,Investigation complete; no suspect identified,
829c09b12c3cf35e94d967d34e20543528bb8cd455124c48efa75805a417b8c5,2024-03,Hampshire Constabulary,Hampshire Constabulary,-1.175079,50.832671,On or near Bridgemary Grove,E01022801,Gosport 001B,Violence and sexual offences,Unable to prosecute suspect,
9cc56d2def3355b858ac57d0beef9b455d3dc9003e10d6344b30dc38a85acfe0,2024-03,Hampshire Constabulary,Hampshire Constabulary,-1.175079,50.832671,On or near Bridgemary Grove,E01022801,Gosport 001B,Violence and sexual offences,Action to be taken by another organisation,
cdcf34dab79bb8a1229a386a097f3462255245f32e0491d410d7fd0d139d24f4,2024-03,Hampshire Constabulary,Hampshire Constabulary,-1.179657,50.834753,On or near Woodside,E01022802,Gosport 001C,Burglary,Court result unavailable,
9a92d8d59353012c1c8485a2d116a8b54cd7ab9c493007d3d7d790d2ecf9a906,2024-03,Hampshire Constabulary,Hampshire Constabulary,-1.171012,50.830601,On or near Maynard Close,E01022802,Gosport 001C,Violence and sexual offences,Unable to prosecute suspect,
5e72c8b1f7d605c5d86a52a34153ece4f47ea84003c6148da417a82a69665e64,2024-03,Hampshire Constabulary,Hampshire Constabulary,-1.174249,50.834039,On or near Shopping Area,E01022802,Gosport 001C,Violence and sexual offences,Unable to prosecute suspect,
,2024-03,Hampshire Constabulary,Hampshire Constabulary,-1.178265,50.833170,On or near Dale Drive,E01022802,Gosport 001C,Anti-social behaviour,,
,2024-03,Hampshire Constabulary,Hampshire Constabulary,-1.179657,50.834753,On or near Woodside,E01022802,Gosport 001C,Anti-social behaviour,,
27a032d096e187c33622a3634bdf7342e6f498be2c7c71e51c87ced02fd8bffa,2024-03,Hampshire Constabulary,Hampshire Constabulary,-1.179657,50.834753,On or near Woodside,E01022802,Gosport 001C,Criminal damage and arson,Investigation complete; no suspect identified,
9a02e81267c5e86a7c62933f970777e9fde8999417c2e1443717981aad55c0d0,2024-03,Hampshire Constabulary,Hampshire Constabulary,-1.179661,50.836957,On or near Gosport Road,E01022802,Gosport 001C,Criminal damage and arson,Investigation complete; no suspect identified,
78160e8aed699fa37c4009a778dba2c98ce884becadc3fc6dc9c5cc441f7ae23,2024-03,Hampshire Constabulary,Hampshire Constabulary,-1.179593,50.833584,On or near Brookside,E01022802,Gosport 001C,Vehicle crime,Unable to prosecute suspect,
d78d4c0f8037a27c3ea32dc8c4e421fd74e8d4aacd0e51c13cc5aeabc6708504,2024-03,Hampshire Constabulary,Hampshire Constabulary,-1.171012,50.830601,On or near Maynard Close,E01022802,Gosport 001C,Violence and sexual offences,Unable to prosecute suspect,
0cfb01343d2ce7c91acee3b9b9d917b086120f66e0acadb6fb7885c17ba16afa,2024-03,Hampshire Constabulary,Hampshire Constabulary,-1.173543,50.826329,On or near Keyes Road,E01022803,Gosport 001D,Criminal damage and arson,Investigation complete; no suspect identified,
182c96424135335387bbc6177070e1d3c8f9b0d83df3653fb7df79bc5f9c1f63,2024-03,Hampshire Constabulary,Hampshire Constabulary,-1.170661,50.827936,On or near Harris Road,E01022803,Gosport 001D,Vehicle crime,Investigation complete; no suspect identified,
8ae09c66017f8d4bfdd39a3d0a16cf70e4c5b2303f79e037cf4b10ebad505b95,2024-03,Hampshire Constabulary,Hampshire Constabulary,-1.173222,50.823611,On or near Fisher Road,E01022803,Gosport 001D,Violence and sexual offences,Local resolution,
d0c65b12c45f9c72ee8fbe13a9872358f6af48d6483fd43b187e0f1f121027de,2024-03,Hampshire Constabulary,Hampshire Constabulary,-1.173222,50.823611,On or near Fisher Road,E01022803,Gosport 001D,Violence and sexual offences,Unable to prosecute suspect,
efc07534410974fa691d64f5e3ce2cda619d8d2df84bc02c6e77e73a7555f1cd,2024-03,Hampshire Constabulary,Hampshire Constabulary,-1.174871,50.827543,On or near Harman Road,E01022803,Gosport 001D,Violence and sexual offences,Unable to prosecute suspect,
a28530a01594afcb727f95dd72ce06fdb861b3d01139bf5302ae8264e8dcdbb3,2024-03,Hampshire Constabulary,Hampshire Constabulary,-1.174871,50.827543,On or near Harman Road,E01022803,Gosport 001D,Violence and sexual offences,Court result unavailable,
ff5c33ff67957a14c62ad76d3a8e58e8de7a9055fa753ba26794f839a1315d1f,2024-03,Hampshire Constabulary,Hampshire Constabulary,-1.171574,50.828482,On or near Horton Road,E01022803,Gosport 001D,Violence and sexual offences,Action to be taken by another organisation,
d2551a7349f04141c5d96d9a266c58705139b0cae8e40f3a4afa1756c1c702ea,2024-03,Hampshire Constabulary,Hampshire Constabulary,-1.173744,50.827832,On or near Keyes Close,E01022803,Gosport 001D,Violence and sexual offences,Unable to prosecute suspect,
,2024-03,Hampshire Constabulary,Hampshire Constabulary,-1.172988,50.825642,On or near Agnew Road,E01022803,Gosport 001D,Anti-social behaviour,,
,2024-03,Hampshire Constabulary,Hampshire Constabulary,-1.176434,50.826345,On or near Sports/Recreation Area,E01022803,Gosport 001D,Anti-social behaviour,,
,2024-03,Hampshire Constabulary,Hampshire Constabulary,-1.174871,50.827543,On or near Harman Road,E01022803,Gosport 001D,Anti-social behaviour,,
,2024-03,Hampshire Constabulary,Hampshire Constabulary,-1.174871,50.827543,On or near Harman Road,E01022803,Gosport 001D,Anti-social behaviour,,
,2024-03,Hampshire Constabulary,Hampshire Constabulary,-1.171574,50.828482,On or near Horton Road,E01022803,Gosport 001D,Anti-social behaviour,,
20997065e8e49722825470a59b0727427cffc49c311495a44b5a58a0abd7db07,2024-03,Hampshire Constabulary,Hampshire Constabulary,-1.168075,50.828071,On or near Cunningham Drive,E01022803,Gosport 001D,Criminal damage and arson,Unable to prosecute suspect,
01764a04460f67c6a2c9d487baee356eeb29ab7abb64686b55279e2ea3983735,2024-03,Hampshire Constabulary,Hampshire Constabulary,-1.174612,50.825329,On or near Portal Road,E01022803,Gosport 001D,Criminal damage and arson,Investigation complete; no suspect identified,
e03cc99d7f873258412f02adb27a4c47c678ed5077f8d13556fc548f23e3e914,2024-03,Hampshire Constabulary,Hampshire Constabulary,-1.174172,50.828537,On or near Gregson Avenue,E01022803,Gosport 001D,Drugs,Investigation complete; no suspect identified,
9b9d033486d69a1e2d96cebd0f08997642960509e3932b4577b9444c149c4206,2024-03,Hampshire Constabulary,Hampshire Constabulary,-1.170111,50.828526,On or near Supermarket,E01022803,Gosport 001D,Other theft,Investigation complete; no suspect identified,
fec04b9ca4f5c236e8887d2c1edb1ce91844f039735d91a0b82712f4cdb8d911,2024-03,Hampshire Constabulary,Hampshire Constabulary,-1.168075,50.828071,On or near Cunningham Drive,E01022803,Gosport 001D,Public order,Status update unavailable,
9a47a69e521f6b42f507f359cb799e99e5ff2b152583f3ff2a54faf96e581d76,2024-03,Hampshire Constabulary,Hampshire Constabulary,-1.168075,50.828071,On or near Cunningham Drive,E01022803,Gosport 001D,Public order,Unable to prosecute suspect,
9f04d69d7be2bed5a45cc2341315490e2bf5412173a5e42e3f211f9541bdc7f0,2024-03,Hampshire Constabulary,Hampshire Constabulary,-1.173222,50.823611,On or near Fisher Road,E01022803,Gosport 001D,Violence and sexual offences,Action to be taken by another organisation,
fedf987bbba937350c45a094daec8d11ddecea816a61835773de3049e81619ca,2024-03,Hampshire Constabulary,Hampshire Constabulary,-1.172492,50.825575,On or near Cameron Close,E01022803,Gosport 001D,Violence and sexual offences,Unable to prosecute suspect,
549778c00b136478065400f902f3993e0eea666c50699e3a8655bb149ff0967e,2024-03,Hampshire Constabulary,Hampshire Constabulary,-1.173222,50.823611,On or near Fisher Road,E01022803,Gosport 001D,Violence and sexual offences,Action to be taken by another organisation,
cb83bac8f07cf023eb832ccf7123c2a1a3c8f6f7910ad47daf0b3c9418f38aa0,2024-03,Hampshire Constabulary,Hampshire Constabulary,-1.185040,50.823271,On or near Kittiwake Close,E01022836,Gosport 001E,Burglary,Unable to prosecute suspect,
b1528df870c38260acfa68dd467348d7494c2405534a11c7a594622f4f8ffbc9,2024-03,Hampshire Constabulary,Hampshire Constabulary,-1.185085,50.820700,On or near Dell Quay Close,E01022836,Gosport 001E,Violence and sexual offences,Unable to prosecute suspect,
,2024-03,Hampshire Constabulary,Hampshire Constabulary,-1.185085,50.820700,On or near Dell Quay Close,E01022836,Gosport 001E,Anti-social behaviour,,
2a1439ecb89f44ff731663b1cfe74198c9f9a967efe172e349ad7462a6608ad4,2024-03,Hampshire Constabulary,Hampshire Constabulary,-1.183098,50.823096,On or near Petrel Walk,E01022836,Gosport 001E,Criminal damage and arson,Investigation complete; no suspect identified,
82a478a2279c33a2d939e257ffc59b600f78f5d85b6adfbe8a199fb26a511932,2024-03,Hampshire Constabulary,Hampshire Constabulary,-1.184481,50.825237,On or near Heron Way,E01022836,Gosport 001E,Vehicle crime,Investigation complete; no suspect identified,
ee095b2e20789340088b65da15a9c3f98a1b5452dfc37a536bbf78511abda0f8,2024-03,Hampshire Constabulary,Hampshire Constabulary,-1.185040,50.823271,On or near Kittiwake Close,E01022836,Gosport 001E,Violence and sexual offences,Status update unavailable,
3929753138968e92760c7598ba2698e4e0b05fc4149bcffa84b40efcc5bff2f8,2024-03,Hampshire Constabulary,Hampshire Constabulary,-1.166590,50.825353,On or near Wavell Road,E01022804,Gosport 002A,Criminal damage and arson,Unable to prosecute suspect,
e6e780d134d6d1184dd86be3d9283b053bd486aaa96ed520ab625b3c56d0d406,2024-03,Hampshire Constabulary,Hampshire Constabulary,-1.168360,50.823199,On or near Balmoral Close,E01022804,Gosport 002A,Public order,Unable to prosecute suspect,
138bbcdef5c3010ffd398a178b1d8bc59eb3ae7dc60f508b7701726eb049ca33,2024-03,Hampshire Constabulary,Hampshire Constabulary,-1.168360,50.823199,On or near Balmoral Close,E01022804,Gosport 002A,Public order,Unable to prosecute suspect,
3eb993a74bb3061a2ba47badcf20e0c3427c25467274ab5fd150c36ab1fc372c,2024-03,Hampshire Constabulary,Hampshire Constabulary,-1.168561,50.821465,On or near Nobes Close,E01022804,Gosport 002A,Violence and sexual offences,Investigation complete; no suspect identified,
22469284d84004cc4b36955f4fc904edbb7ec4f03ce2b999ce5db6d16d2be62e,2024-03,Hampshire Constabulary,Hampshire Constabulary,-1.166091,50.823839,On or near Tarius Close,E01022804,Gosport 002A,Violence and sexual offences,Local resolution,
ca283b5f47ae1824b014d7f487374e47d1e42dd82dc179079aaf0b4ce8397c78,2024-03,Hampshire Constabulary,Hampshire Constabulary,-1.168360,50.823199,On or near Balmoral Close,E01022804,Gosport 002A,Violence and sexual offences,Unable to prosecute suspect,
9e0fd7fd2489acc2b63ea1a3e07121fb7571fd3047c06a8c21b9504e3d340b95,2024-03,Hampshire Constabulary,Hampshire Constabulary,-1.168360,50.823199,On or near Balmoral Close,E01022804,Gosport 002A,Violence and sexual offences,Unable to prosecute suspect,
5487d2035020ad40aa70865f6ec149d9d567934d542ca56650a3ebe297421624,2024-03,Hampshire Constabulary,Hampshire Constabulary,-1.162550,50.825783,On or near Bedenham Lane,E01022804,Gosport 002A,Violence and sexual offences,Investigation complete; no suspect identified,
5f1906c818b6873112b392622d8156d0308f7b64295fa684f23f204484196607,2024-03,Hampshire Constabulary,Hampshire Constabulary,-1.166157,50.822518,On or near Braemar Road,E01022804,Gosport 002A,Criminal damage and arson,Investigation complete; no suspect identified,
c2a30aa489bd351ebb5348b20b3f9532bbd65cb3159a2f38b3df27e249992cbc,2024-03,Hampshire Constabulary,Hampshire Constabulary,-1.168561,50.821465,On or near Nobes Close,E01022804,Gosport 002A,Criminal damage and arson,Unable to prosecute suspect,
ec0238dedb8b1b58e146aea09d9179ae3b2aaba04b400415f6765597cf8c7206,2024-03,Hampshire Constabulary,Hampshire Constabulary,-1.168360,50.823199,On or near Balmoral Close,E01022804,Gosport 002A,Violence and sexual offences,Investigation complete; no suspect identified,
a3e075f555def91bea0b58a152f09ba0fd853951590a12b880f439c282ff1f65,2024-03,Hampshire Constabulary,Hampshire Constabulary,-1.166590,50.825353,On or near Wavell Road,E01022804,Gosport 002A,Violence and sexual offences,Status update unavailable,
ff7f19452cf58fa4153483649918793674933b29ae116497d75a446eb849fb17,2024-03,Hampshire Constabulary,Hampshire Constabulary,-1.168742,50.818489,On or near Walker Place,E01022805,Gosport 002B,Bicycle theft,Unable to prosecute suspect,
a2c17f787bf5d5cd765d6cf9c22a6f360041634e623719f06dc26a5637919580,2024-03,Hampshire Constabulary,Hampshire Constabulary,-1.170935,50.818109,On or near Beauchamp Avenue,E01022805,Gosport 002B,Burglary,Unable to prosecute suspect,
76024df686795ea85846e921039df8a595aed4ef353e6c567a0a0640770ee880,2024-03,Hampshire Constabulary,Hampshire Constabulary,-1.168776,50.816547,On or near The Spinney,E01022805,Gosport 002B,Criminal damage and arson,Unable to prosecute suspect,
da529426684ce4186307795a8a6a66b2c57ed4b9c4a3897808256ac9155c1e33,2024-03,Hampshire Constabulary,Hampshire Constabulary,-1.165866,50.816544,On or near Tichborne Way,E01022805,Gosport 002B,Other crime,Formal action is not in the public interest,
b8edabbf379d54821b7e8621b9459998a644bb68ac15421fea0483125290b30a,2024-03,Hampshire Constabulary,Hampshire Constabulary,-1.170920,50.818927,On or near Rowner Close,E01022805,Gosport 002B,Other theft,Status update unavailable,
0fbb6a8accadfbbd42e12f306782cb724fddbf79050df4a8df74130ad7612bb3,2024-03,Hampshire Constabulary,Hampshire Constabulary,-1.168856,50.819237,On or near Jacomb Place,E01022805,Gosport 002B,Theft from the person,Unable to prosecute suspect,
a83c89bb8bec23203275c6b51e90d9a040ff8e32fd556155261596db3cadbd8b,2024-03,Hampshire Constabulary,Hampshire Constabulary,-1.173657,50.817472,On or near The Fairway,E01022834,Gosport 002C,Violence and sexual offences,Unable to prosecute suspect,
4b90abe1cddd1ac8d8fa5eb414251c7990e9575f6e3ae714d1912a2eabe5b4d8,2024-03,Hampshire Constabulary,Hampshire Constabulary,-1.176244,50.817310,On or near Glebe Drive,E01022834,Gosport 002C,Violence and sexual offences,Unable to prosecute suspect,
9358db8726b5621473fb490bc691a661298e2150f6cbeb021029c7892ae1ad5e,2024-03,Hampshire Constabulary,Hampshire Constabulary,-1.175824,50.815356,On or near Long Drive,E01022834,Gosport 002C,Violence and sexual offences,Status update unavailable,
39b1ca35c5df3fa6099eedf5d9d0e12284eee5f9c03b431ecf66e69a30a0e9c4,2024-03,Hampshire Constabulary,Hampshire Constabulary,-1.173657,50.817472,On or near The Fairway,E01022834,Gosport 002C,Violence and sexual offences,Status update unavailable,
8905de72c61625060ff3ab89fcadbfd0528046970512a93bda433f6228a54f93,2024-03,Hampshire Constabulary,Hampshire Constabulary,-1.178063,50.822827,On or near Heather Close,E01022835,Gosport 002D,Public order,Unable to prosecute suspect,
82a41db990bfe8b5d47c3b4c846f4eb8eb13b2a28c6ac5b924c1f17eb42e10fd,2024-03,Hampshire Constabulary,Hampshire Constabulary,-1.178591,50.821041,On or near Carisbrooke Road,E01022835,Gosport 002D,Robbery,Court result unavailable,
b0f9ac527a7a1db21baa4dec24eebeef0557f9c79b27ec7ca210dcf20e54f270,2024-03,Hampshire Constabulary,Hampshire Constabulary,-1.178591,50.821041,On or near Carisbrooke Road,E01022835,Gosport 002D,Shoplifting,Court result unavailable,
87302cae3e3fd804672f2c6b28881a72fdb37b2ced68da625d94047c35a76f58,2024-03,Hampshire Constabulary,Hampshire Constabulary,-1.178591,50.821041,On or near Carisbrooke Road,E01022835,Gosport 002D,Shoplifting,Investigation complete; no suspect identified,
6af6166d9ba19e45f3e292f93e0263a87ae67a4cb24140849c366350a23e72a0,2024-03,Hampshire Constabulary,Hampshire Constabulary,-1.178591,50.821041,On or near Carisbrooke Road,E01022835,Gosport 002D,Shoplifting,Investigation complete; no suspect identified,
c7894b4c28e5bb3c3c89fb458fde25e632cecb50537170ee7dc9ab8dc5360e86,2024-03,Hampshire Constabulary,Hampshire Constabulary,-1.175528,50.820075,On or near Niton Close,E01022835,Gosport 002D,Vehicle crime,Investigation complete; no suspect identified,
636bb0693887fb311cad1f72d1491a4d5cf62781e6c8217dfd6dcd5c9a6895da,2024-03,Hampshire Constabulary,Hampshire Constabulary,-1.176704,50.821792,On or near Totland Road,E01022835,Gosport 002D,Violence and sexual offences,Awaiting court outcome,
1429de3cde49c632984febafc0bc2fe2d3911c8b4897ded967a27aeebb7455c9,2024-03,Hampshire Constabulary,Hampshire Constabulary,-1.177419,50.822319,On or near Cowslip Close,E01022835,Gosport 002D,Violence and sexual offences,Unable to prosecute suspect,
,2024-03,Hampshire Constabulary,Hampshire Constabulary,-1.178591,50.821041,On or near Carisbrooke Road,E01022835,Gosport 002D,Anti-social behaviour,,
,2024-03,Hampshire Constabulary,Hampshire Constabulary,-1.178591,50.821041,On or near Carisbrooke Road,E01022835,Gosport 002D,Anti-social behaviour,,
462dfcf48c9b27c23797dd81cd004797c0a6ae19bf6a9d84e3739f1c7b3c2455,2024-03,Hampshire Constabulary,Hampshire Constabulary,-1.175919,50.821256,On or near Chale Close,E01022835,Gosport 002D,Criminal damage and arson,Investigation complete; no suspect identified,
0ef7482941d7df8e62057438502ff8bde42f28652c6d228dcfec3dbde232bd3e,2024-03,Hampshire Constabulary,Hampshire Constabulary,-1.175919,50.821256,On or near Chale Close,E01022835,Gosport 002D,Criminal damage and arson,Investigation complete; no suspect identified,
b603506021b269e0fc254da4baa140f213c85cc16082135c83df0285c5e39cbe,2024-03,Hampshire Constabulary,Hampshire Constabulary,-1.178591,50.821041,On or near Carisbrooke Road,E01022835,Gosport 002D,Shoplifting,Investigation complete; no suspect identified,
cfd45bf97a096440d5e388c8d9f4813f43a150d57ab467c3fd52411548153da7,2024-03,Hampshire Constabulary,Hampshire Constabulary,-1.177747,50.820630,On or near Warsash Grove,E01022835,Gosport 002D,Vehicle crime,Investigation complete; no suspect identified,
f902d977264cc5c971b14c17469514421bd74a96d589d0016e36a6b6d67626cc,2024-03,Hampshire Constabulary,Hampshire Constabulary,-1.164119,50.814212,On or near Lawn Close,E01022840,Gosport 002E,Criminal damage and arson,Investigation complete; no suspect identified,
0c1900e30c0e36bba9c397768c1554e8deaafca9b1116f3a1e768f3e31b3873f,2024-03,Hampshire Constabulary,Hampshire Constabulary,-1.162663,50.813869,On or near Turner Avenue,E01022840,Gosport 002E,Criminal damage and arson,Further investigation is not in the public interest,
9f6caa702cd88435531b2310aefcf3a7db61fa3b11f28b44e793c18906f7d33e,2024-03,Hampshire Constabulary,Hampshire Constabulary,-1.164119,50.814212,On or near Lawn Close,E01022840,Gosport 002E,Criminal damage and arson,Unable to prosecute suspect,
e1c1fe6315fbed423876e6c949397f4443b3fe75cc24d7cd242577d377211887,2024-03,Hampshire Constabulary,Hampshire Constabulary,-1.162663,50.813869,On or near Turner Avenue,E01022840,Gosport 002E,Public order,Unable to prosecute suspect,
42595253ed76bfa606a00e44941e47e06e818125039986b7e6b9554121c45121,2024-03,Hampshire Constabulary,Hampshire Constabulary,-1.162663,50.813869,On or near Turner Avenue,E01022840,Gosport 002E,Violence and sexual offences,Unable to prosecute suspect,
3628172a84862aa90e0c48766a80a02b606dcb792ecf4c0eab93ff839bcd67f1,2024-03,Hampshire Constabulary,Hampshire Constabulary,-1.164119,50.814212,On or near Lawn Close,E01022840,Gosport 002E,Violence and sexual offences,Unable to prosecute suspect,
2ece265448737c2651ad5c26633e34b0cf3a9d3d31a6bd9c5d23efe48f0ba16f,2024-03,Hampshire Constabulary,Hampshire Constabulary,-1.162663,50.813869,On or near Turner Avenue,E01022840,Gosport 002E,Violence and sexual offences,Unable to prosecute suspect,
5381a421809c72bd453418662016cc4e73e27d4eb9d5dbb2fe4c9f4d82068217,2024-03,Hampshire Constabulary,Hampshire Constabulary,-1.164651,50.819422,On or near Savernake Close,E01022840,Gosport 002E,Violence and sexual offences,Local resolution,
63792561f434e3a1a9eb88ae68332457ea00d45b1febca4315cd7d5a514ef639,2024-03,Hampshire Constabulary,Hampshire Constabulary,-1.164386,50.819960,On or near Kielder Grove,E01022840,Gosport 002E,Violence and sexual offences,Unable to prosecute suspect,
,2024-03,Hampshire Constabulary,Hampshire Constabulary,-1.161155,50.817239,On or near Vineside,E01022840,Gosport 002E,Anti-social behaviour,,
,2024-03,Hampshire Constabulary,Hampshire Constabulary,-1.161155,50.817239,On or near Vineside,E01022840,Gosport 002E,Anti-social behaviour,,
,2024-03,Hampshire Constabulary,Hampshire Constabulary,-1.161155,50.817239,On or near Vineside,E01022840,Gosport 002E,Anti-social behaviour,,
,2024-03,Hampshire Constabulary,Hampshire Constabulary,-1.163172,50.817964,On or near Forest Way,E01022840,Gosport 002E,Anti-social behaviour,,
,2024-03,Hampshire Constabulary,Hampshire Constabulary,-1.164119,50.814212,On or near Lawn Close,E01022840,Gosport 002E,Anti-social behaviour,,
1d185158fa5f0eab81258eebcd5fc861a3019c5e7ba871bf75bad86350cc631f,2024-03,Hampshire Constabulary,Hampshire Constabulary,-1.162229,50.816707,On or near The Nook,E01022840,Gosport 002E,Bicycle theft,Investigation complete; no suspect identified,
8cec1cf1f6c907f3bc76ebb769a6158b67a98dbf08fbfdaac301053c11f101a3,2024-03,Hampshire Constabulary,Hampshire Constabulary,-1.162229,50.816707,On or near The Nook,E01022840,Gosport 002E,Bicycle theft,Investigation complete; no suspect identified,
aa89976c13d633a8450baee74bd399a970212870afb18bf4b9c4bbf761454b89,2024-03,Hampshire Constabulary,Hampshire Constabulary,-1.162663,50.813869,On or near Turner Avenue,E01022840,Gosport 002E,Burglary,Investigation complete; no suspect identified,
a7c9a284e7bfba5f3779a16345ab33998437490a834e50c139b1c65208474160,2024-03,Hampshire Constabulary,Hampshire Constabulary,-1.164119,50.814212,On or near Lawn Close,E01022840,Gosport 002E,Criminal damage and arson,Status update unavailable,
7e5b27540ba982f0e8e814efcb002ac45331ca6bebc6cfa0e18fd75bc6c6dce4,2024-03,Hampshire Constabulary,Hampshire Constabulary,-1.164119,50.814212,On or near Lawn Close,E01022840,Gosport 002E,Criminal damage and arson,Unable to prosecute suspect,
23443b4075ba9d2baf7e954e2396f4c7bf2ad3780b5f2f9995f4bc8c4be175f9,2024-03,Hampshire Constabulary,Hampshire Constabulary,-1.164119,50.814212,On or near Lawn Close,E01022840,Gosport 002E,Criminal damage and arson,Investigation complete; no suspect identified,
dd4527a92dedf447008d172559fe6e76b521c4caabc683d98bbce64266161474,2024-03,Hampshire Constabulary,Hampshire Constabulary,-1.164119,50.814212,On or near Lawn Close,E01022840,Gosport 002E,Criminal damage and arson,Investigation complete; no suspect identified,
0fce8573acf12dac0e8641c49647ac47bab55c029de9432b5f57ff776c269b4b,2024-03,Hampshire Constabulary,Hampshire Constabulary,-1.164651,50.819422,On or near Savernake Close,E01022840,Gosport 002E,Other theft,Investigation complete; no suspect identified,
5215041430c30baa7f748e2cd9b957bc1bda199317adbcf70a8480fd4eaab5d7,2024-03,Hampshire Constabulary,Hampshire Constabulary,-1.162229,50.816707,On or near The Nook,E01022840,Gosport 002E,Other theft,Investigation complete; no suspect identified,
45f4e2097788039939ce6b6f6a2da3cc2b1479006d9e9c8ea09967e229fe65dc,2024-03,Hampshire Constabulary,Hampshire Constabulary,-1.162909,50.818367,On or near The Hoe,E01022840,Gosport 002E,Possession of weapons,Status update unavailable,
21489707847705086b7cf4bfdc33d5e6508696d800636645326d0c6ed23c8ca3,2024-03,Hampshire Constabulary,Hampshire Constabulary,-1.161155,50.817239,On or near Vineside,E01022840,Gosport 002E,Public order,Investigation complete; no suspect identified,
77c45ddf41dff6697b6065317a986e22632d36d248de6747b771bafb7241250b,2024-03,Hampshire Constabulary,Hampshire Constabulary,-1.162229,50.816707,On or near The Nook,E01022840,Gosport 002E,Public order,Status update unavailable,
bf696437313f7a64861f0a2f68ee9bd4bcbdf6e388d7fd6380acbd48c9a2d695,2024-03,Hampshire Constabulary,Hampshire Constabulary,-1.163588,50.817751,On or near The Chine,E01022840,Gosport 002E,Vehicle crime,Investigation complete; no suspect identified,
d026aaa6dfe6e4fe037f14b7cf1b60619d82c254ca87dbc1378115530a4b1376,2024-03,Hampshire Constabulary,Hampshire Constabulary,-1.163720,50.819101,On or near Yewside,E01022840,Gosport 002E,Violence and sexual offences,Investigation complete; no suspect identified,
22e7e8e64100c9e4ea8f89033fdf579ea3a919aa549b2cb8d50c90ed77201338,2024-03,Hampshire Constabulary,Hampshire Constabulary,-1.163588,50.817751,On or near The Chine,E01022840,Gosport 002E,Other crime,Status update unavailable,
6d4a54707d7b0471d656c91904a4cb19bd67abb39565a6943890b3cd24620e00,2024-03,Hampshire Constabulary,Hampshire Constabulary,-1.147140,50.809673,On or near Sedgeley Grove,E01022813,Gosport 003A,Violence and sexual offences,Unable to prosecute suspect,
36664516b4b1deb0b1dbe78e20bcd2de3cce9b6f9dc15cc694d2cbead19e33b3,2024-03,Hampshire Constabulary,Hampshire Constabulary,-1.149810,50.808830,On or near Chantry Road,E01022813,Gosport 003A,Violence and sexual offences,Further action is not in the public interest,
08cebfcc8ca9227cfc3198f3725b6c07acd4e4d234dfc3608d2402fa8da7d612,2024-03,Hampshire Constabulary,Hampshire Constabulary,-1.150742,50.812209,On or near Worthing Avenue,E01022813,Gosport 003A,Violence and sexual offences,Unable to prosecute suspect,
fdabdfe304eeadd99a1fde8e60650a7a38f5893c5883ccac8990013781aa1a5e,2024-03,Hampshire Constabulary,Hampshire Constabulary,-1.150821,50.810213,On or near Weymouth Avenue,E01022813,Gosport 003A,Other theft,Investigation complete; no suspect identified,
829fa3846e69fceaba8a1e91da0efa2d3e5933d47ef0ed028c977864174aff9a,2024-03,Hampshire Constabulary,Hampshire Constabulary,-1.146479,50.810892,On or near Rydal Road,E01022813,Gosport 003A,Violence and sexual offences,Unable to prosecute suspect,
d689065b86ec1214296962294d79c6bb3b6587006378a2cb59488a5d6afd25ff,2024-03,Hampshire Constabulary,Hampshire Constabulary,-1.149810,50.808830,On or near Chantry Road,E01022813,Gosport 003A,Violence and sexual offences,Investigation complete; no suspect identified,
8ba64f34ce1aa4422ebb10214e7c70142a4f6c6a39031a644e5305b1444d3548,2024-03,Hampshire Constabulary,Hampshire Constabulary,-1.149810,50.808830,On or near Chantry Road,E01022813,Gosport 003A,Violence and sexual offences,Status update unavailable,
66d7273e52b5d90f0606d5889e60337a2a30e0cc567300630093207c3e7f58d1,2024-03,Hampshire Constabulary,Hampshire Constabulary,-1.153016,50.810463,On or near Battery Close,E01022813,Gosport 003A,Violence and sexual offences,Investigation complete; no suspect identified,
5931e5dccd82c32064d843d8a1ba84ac9a8abac6f2a5154450e7c4245c84c3e6,2024-03,Hampshire Constabulary,Hampshire Constabulary,-1.149105,50.816378,On or near Hamlet Way,E01022814,Gosport 003B,Public order,Unable to prosecute suspect,
200e66a43316e199e5945e8d0ab0b0a1c46e9777d4cbc555e7e854fb1f9b9ee2,2024-03,Hampshire Constabulary,Hampshire Constabulary,-1.146431,50.813544,On or near Beaumont Court,E01022814,Gosport 003B,Shoplifting,Court result unavailable,
86688281e3c80dc816931db7fbe93b0f4105ce3d2be04ef79ec9d7b84112d057,2024-03,Hampshire Constabulary,Hampshire Constabulary,-1.146431,50.813544,On or near Beaumont Court,E01022814,Gosport 003B,Shoplifting,Court result unavailable,
0ef91d0f6a3fd7146dc925ea7cbe225da21591c8f0f44b9bdf006d47490f98f6,2024-03,Hampshire Constabulary,Hampshire Constabulary,-1.146431,50.813544,On or near Beaumont Court,E01022814,Gosport 003B,Shoplifting,Court result unavailable,
d1b0b4e621c7a5611474b381c5546e2f51c3eeef9cb5714eb4e8d4227e5b7000,2024-03,Hampshire Constabulary,Hampshire Constabulary,-1.146431,50.813544,On or near Beaumont Court,E01022814,Gosport 003B,Shoplifting,Court result unavailable,
d0e66c4c5c839e0bd28890cd60a4ceac451f0f6f64c6786caddf2f6c2a77c340,2024-03,Hampshire Constabulary,Hampshire Constabulary,-1.142509,50.814559,On or near Chestnut Walk,E01022814,Gosport 003B,Violence and sexual offences,Unable to prosecute suspect,
0f956bc2a20f88bff41dfb3cb4b88085548509d414453eb9eaac8abf27172196,2024-03,Hampshire Constabulary,Hampshire Constabulary,-1.144169,50.815371,On or near Ham Lane,E01022814,Gosport 003B,Violence and sexual offences,Unable to prosecute suspect,
12b13d11bf209850e7a72b888029953c8582344359568fc7715aaae04d21a3ab,2024-03,Hampshire Constabulary,Hampshire Constabulary,-1.147368,50.816635,On or near Blackthorn Drive,E01022814,Gosport 003B,Violence and sexual offences,Unable to prosecute suspect,
20dbd292d3e0af6e80f91567f7e885fffc425ea877f85c2da12f1d78e92ea164,2024-03,Hampshire Constabulary,Hampshire Constabulary,-1.147368,50.816635,On or near Blackthorn Drive,E01022814,Gosport 003B,Violence and sexual offences,Local resolution,
,2024-03,Hampshire Constabulary,Hampshire Constabulary,-1.158074,50.817271,On or near Supermarket,E01022814,Gosport 003B,Anti-social behaviour,,
,2024-03,Hampshire Constabulary,Hampshire Constabulary,-1.149105,50.816378,On or near Hamlet Way,E01022814,Gosport 003B,Anti-social behaviour,,
1ab2700e63a101dea5db3c05a51ab73289cb3eaa6353abd4ef7f614b63d71be9,2024-03,Hampshire Constabulary,Hampshire Constabulary,-1.158112,50.817550,On or near Cotsworth Road,E01022814,Gosport 003B,Public order,Investigation complete; no suspect identified,
c9292e7ffe4c9545b1c2495e43e85b703fd6431cc2c502bc20fa9489d6e4cb3a,2024-03,Hampshire Constabulary,Hampshire Constabulary,-1.146431,50.813544,On or near Beaumont Court,E01022814,Gosport 003B,Shoplifting,Court result unavailable,
b0bac2ff52bddcf9efba67748161a28a1bf28007e089c941679367e72c601439,2024-03,Hampshire Constabulary,Hampshire Constabulary,-1.157821,50.817115,On or near Shopping Area,E01022814,Gosport 003B,Violence and sexual offences,Status update unavailable,
c31e96edaaf8d256e3901f9dc2028577af340862e553aeb776ddf4bce47fd2a9,2024-03,Hampshire Constabulary,Hampshire Constabulary,-1.148661,50.815026,On or near Cedar Close,E01022814,Gosport 003B,Violence and sexual offences,Action to be taken by another organisation,
60812522d911f23386e0fbb19a4abc3517b2397406e984b1bb5510d184bb2378,2024-03,Hampshire Constabulary,Hampshire Constabulary,-1.148474,50.810448,On or near Torquay Avenue,E01022815,Gosport 003C,Drugs,Local resolution,
b7f3fc3762fa50abfef71a42fc2301dfa4af456bfc11bfc69c88a1fdfd2ea812,2024-03,Hampshire Constabulary,Hampshire Constabulary,-1.151377,50.815523,On or near Alphage Road,E01022815,Gosport 003C,Public order,Unable to prosecute suspect,
ea4fd1336e8deada22430ee996dda9db3d998ec2b0881862ac80734504193b99,2024-03,Hampshire Constabulary,Hampshire Constabulary,-1.151126,50.815278,On or near Gunners Way,E01022815,Gosport 003C,Public order,Unable to prosecute suspect,
798b7d8f1ce0e2947269b33df168434c7b2fc4f144053a61bbd63718327728c0,2024-03,Hampshire Constabulary,Hampshire Constabulary,-1.151377,50.815523,On or near Alphage Road,E01022815,Gosport 003C,Shoplifting,Local resolution,
c3d8118feef2e4285690ceac455e586bce8033f2f89179607fb1d364ed2ca09f,2024-03,Hampshire Constabulary,Hampshire Constabulary,-1.154412,50.812514,On or near Tynedale Close,E01022815,Gosport 003C,Violence and sexual offences,Unable to prosecute suspect,
8dec8034950a387faa1ea1ba254ef673cd603a016be946e82081ca981259cb36,2024-03,Hampshire Constabulary,Hampshire Constabulary,-1.149493,50.812200,On or near Selsey Avenue,E01022815,Gosport 003C,Violence and sexual offences,Unable to prosecute suspect,
e46be8bf9ab518fdefaa8c53eaf69b44e948d3dec919461eac1e36a064f4f672,2024-03,Hampshire Constabulary,Hampshire Constabulary,-1.154675,50.812120,On or near Eastbrook Close,E01022815,Gosport 003C,Drugs,Status update unavailable,
39716ecfd267ced12437de159a7bb02a966fb88f1a18b7c1ddf95001fdac0d5e,2024-03,Hampshire Constabulary,Hampshire Constabulary,-1.144930,50.808668,On or near Supermarket,E01022823,Gosport 003D,Burglary,Investigation complete; no suspect identified,
4d7392d31851bf9ca43098479e01030c8f17c0c0f507cd827d9c78cbca549e84,2024-03,Hampshire Constabulary,Hampshire Constabulary,-1.144930,50.808668,On or near Supermarket,E01022823,Gosport 003D,Possession of weapons,Unable to prosecute suspect,
075bb3ee46c9c04281ce79f62949eabd63f827f8c7e0a540e565e34a743ed6ca,2024-03,Hampshire Constabulary,Hampshire Constabulary,-1.144930,50.808668,On or near Supermarket,E01022823,Gosport 003D,Public order,Local resolution,
6f2dfda3b127793d7c3f36671f2a12cce58825d2f999ef3f9461310508f5ef53,2024-03,Hampshire Constabulary,Hampshire Constabulary,-1.144930,50.808668,On or near Supermarket,E01022823,Gosport 003D,Violence and sexual offences,Unable to prosecute suspect,
,2024-03,Hampshire Constabulary,Hampshire Constabulary,-1.141230,50.806869,On or near Dorrien Road,E01022823,Gosport 003D,Anti-social behaviour,,
c094611d2e59f8a8f20242105d5d81d6c292d7da194aced05d29d0096a6c21d5,2024-03,Hampshire Constabulary,Hampshire Constabulary,-1.144930,50.808668,On or near Supermarket,E01022823,Gosport 003D,Possession of weapons,Status update unavailable,
d8accc6201d581dccf080d0e2130a5086d19eb4c74a3102cc51ec1a974094849,2024-03,Hampshire Constabulary,Hampshire Constabulary,-1.144930,50.808668,On or near Supermarket,E01022823,Gosport 003D,Public order,Unable to prosecute suspect,
9dbc979e5755be6f2413a533c0bbde2b8500ad57943b4e5b41128aca62e9c163,2024-03,Hampshire Constabulary,Hampshire Constabulary,-1.141732,50.809715,On or near Fairhome Close,E01022823,Gosport 003D,Violence and sexual offences,Unable to prosecute suspect,
9ef823128955920a1f8cf2eacae68e0860c81b6b3ed2c79368f75ac2074fd0ec,2024-03,Hampshire Constabulary,Hampshire Constabulary,-1.145234,50.809920,On or near Palmyra Road,E01022823,Gosport 003D,Violence and sexual offences,Unable to prosecute suspect,
906db7e09274a894a37ecbf9db01009a99e15cd68aea37eeccd6931f0c580545,2024-03,Hampshire Constabulary,Hampshire Constabulary,-1.141166,50.808047,On or near Coombe Road,E01022823,Gosport 003D,Violence and sexual offences,Unable to prosecute suspect,
ff63d235c9ec1f3f5db2d312d6328e6c9c1d7447b016149033866e3df160f69d,2024-03,Hampshire Constabulary,Hampshire Constabulary,-1.135996,50.813665,On or near Castle View,E01022825,Gosport 003E,Public order,Unable to prosecute suspect,
8edd0e83e2488a88cb4a403da955fc43c6ef7e7d9ce9d70a76250a8a95b07f76,2024-03,Hampshire Constabulary,Hampshire Constabulary,-1.142682,50.810540,On or near Amberley Road,E01022825,Gosport 003E,Violence and sexual offences,Unable to prosecute suspect,
fe320ddc25111bf4b54b910fa69cc8fc86abcb14df5d05fdace2330014273bee,2024-03,Hampshire Constabulary,Hampshire Constabulary,-1.134903,50.810573,On or near Heritage Way,E01022825,Gosport 003E,Violence and sexual offences,Unable to prosecute suspect,
b1eb3f0dfc02b0e9309f06185ed8191bf34b49809ff1d0bb50576f146981fb94,2024-03,Hampshire Constabulary,Hampshire Constabulary,-1.142682,50.810540,On or near Amberley Road,E01022825,Gosport 003E,Violence and sexual offences,Investigation complete; no suspect identified,
c0c1c93614e989cbd60fae6c9423b8745768da8c83a58d112eca3fdf60137a8c,2024-03,Hampshire Constabulary,Hampshire Constabulary,-1.134903,50.810573,On or near Heritage Way,E01022825,Gosport 003E,Violence and sexual offences,Unable to prosecute suspect,
af8de8beed6343f11fa07a75256dec85cf961b48644735b344788f1f2fd75ac1,2024-03,Hampshire Constabulary,Hampshire Constabulary,-1.134378,50.812088,On or near Green Lane,E01022825,Gosport 003E,Other theft,Investigation complete; no suspect identified,
20dc7328b3d6d3e2c5086008813dae923a23c960438eb0a18702754d31fe7f41,2024-03,Hampshire Constabulary,Hampshire Constabulary,-1.139154,50.812510,On or near Blenheim Gardens,E01022825,Gosport 003E,Public order,Investigation complete; no suspect identified,
ee46118988e0b1a37d3e0fbb85e6642e0f474c928ec1bfcb567221b5e199ec8c,2024-03,Hampshire Constabulary,Hampshire Constabulary,-1.139506,50.815013,On or near Quay Lane,E01022825,Gosport 003E,Violence and sexual offences,Unable to prosecute suspect,
4b101f98bf05d6c4540e714066c90e5c31586179596d81e427cb41fa6a3c749b,2024-03,Hampshire Constabulary,Hampshire Constabulary,-1.135776,50.810948,On or near Somerset Court,E01022825,Gosport 003E,Violence and sexual offences,Investigation complete; no suspect identified,
d88d6b01bcd2a8bec40aed3fe64a5060bfe0ec7e084b33ae5c0bc9c6acc79875,2024-03,Hampshire Constabulary,Hampshire Constabulary,-1.166639,50.806595,On or near Wayfarers,E01022819,Gosport 004A,Burglary,Unable to prosecute suspect,
0a76e4b048a35a0078b8677e3853d0466273ae150dedc72643114c0525ae58d7,2024-03,Hampshire Constabulary,Hampshire Constabulary,-1.169718,50.807462,On or near Cornwell Close,E01022819,Gosport 004A,Public order,Local resolution,
3abadf7005d42ce46bd873d7994e5a81048f2cd7bf7f71d26dd00bb8a389bbf8,2024-03,Hampshire Constabulary,Hampshire Constabulary,-1.164008,50.808519,On or near Halyard Close,E01022819,Gosport 004A,Shoplifting,Court result unavailable,
854456cbbaac4ea2bf32e933ddd4ba20187fa078fb51613338c543f859cdaf84,2024-03,Hampshire Constabulary,Hampshire Constabulary,-1.165277,50.808168,On or near Carless Close,E01022819,Gosport 004A,Violence and sexual offences,Unable to prosecute suspect,
9dc18b88220ad4675066a435fe3bdd46d22a658bce8620082a5f0ed2ae1f6546,2024-03,Hampshire Constabulary,Hampshire Constabulary,-1.166639,50.806595,On or near Wayfarers,E01022819,Gosport 004A,Violence and sexual offences,Unable to prosecute suspect,
79d92cb6b721da88c6a9512666b17546e3014c1267f4dfa954f77b277e3855e0,2024-03,Hampshire Constabulary,Hampshire Constabulary,-1.166639,50.806595,On or near Wayfarers,E01022819,Gosport 004A,Violence and sexual offences,Unable to prosecute suspect,
31b1b0b75ec5add85ca3ff9fd54178fdd797b9db23bd71f5ee5184604d9d56d2,2024-03,Hampshire Constabulary,Hampshire Constabulary,-1.170046,50.806565,On or near Williams Close,E01022819,Gosport 004A,Other crime,Action to be taken by another organisation,
55769e518e08db27b3f0c29de99892ecc85fa6e6ef3bc65bd38116e80f99e3f6,2024-03,Hampshire Constabulary,Hampshire Constabulary,-1.170046,50.806565,On or near Williams Close,E01022819,Gosport 004A,Other crime,Action to be taken by another organisation,
e70aa111bb74ffb1c314b73611c375e593e678dd1a97068d3221e011031ae675,2024-03,Hampshire Constabulary,Hampshire Constabulary,-1.170046,50.806565,On or near Williams Close,E01022819,Gosport 004A,Criminal damage and arson,Investigation complete; no suspect identified,
ef10f7370392b5527c9ac939d38eb337e9f438bcd0623111183a49873ad88daa,2024-03,Hampshire Constabulary,Hampshire Constabulary,-1.169718,50.807462,On or near Cornwell Close,E01022819,Gosport 004A,Criminal damage and arson,Status update unavailable,
35439fe65bf284d445acc9d89b5f098edeb27e1726e7346afdf74a859b8578f6,2024-03,Hampshire Constabulary,Hampshire Constabulary,-1.166639,50.806595,On or near Wayfarers,E01022819,Gosport 004A,Criminal damage and arson,Investigation complete; no suspect identified,
c56606feade9c8395df085ab4f9573776654fd281a16153747aecc216ba1e302,2024-03,Hampshire Constabulary,Hampshire Constabulary,-1.169718,50.807462,On or near Cornwell Close,E01022819,Gosport 004A,Other theft,Investigation complete; no suspect identified,
dc82f45283eeed5e1464f26ed6b034822bf6fb8eb4eda6fb661a461a2ee70c8b,2024-03,Hampshire Constabulary,Hampshire Constabulary,-1.169718,50.807462,On or near Cornwell Close,E01022819,Gosport 004A,Other theft,Investigation complete; no suspect identified,
3dcf86d11a77501929665958f4b0430ecf8cf120b1bcc69bc722cd4adfd76303,2024-03,Hampshire Constabulary,Hampshire Constabulary,-1.169718,50.807462,On or near Cornwell Close,E01022819,Gosport 004A,Other theft,Investigation complete; no suspect identified,
a84412a218c76652fcc7822c0c814b0ba9ae016df0013de0673d99dec2d87b74,2024-03,Hampshire Constabulary,Hampshire Constabulary,-1.165826,50.806832,On or near Magennis Close,E01022819,Gosport 004A,Public order,Unable to prosecute suspect,
720ea0ef87cac3fa151605a9e04e2e22dffd21f7db5f47852b5794283e7bf94a,2024-03,Hampshire Constabulary,Hampshire Constabulary,-1.165826,50.806832,On or near Magennis Close,E01022819,Gosport 004A,Public order,Unable to prosecute suspect,
35de594e9233c973dd4ff7df0e8de743f9e0342cebbffd1ff20242d7b5af1d09,2024-03,Hampshire Constabulary,Hampshire Constabulary,-1.165826,50.806832,On or near Magennis Close,E01022819,Gosport 004A,Public order,Unable to prosecute suspect,
1491f8ac65000f20835a03ff6c3ddd07e201ae0224d4cbe5d90a8e2f6ee1fc82,2024-03,Hampshire Constabulary,Hampshire Constabulary,-1.169718,50.807462,On or near Cornwell Close,E01022819,Gosport 004A,Violence and sexual offences,Investigation complete; no suspect identified,
75db4c1b43cdbfa9057adcda557f163ac5da30582e5dd6a86030e1b5349b566f,2024-03,Hampshire Constabulary,Hampshire Constabulary,-1.169860,50.808255,On or near Samson Close,E01022819,Gosport 004A,Violence and sexual offences,Unable to prosecute suspect,
a4bb3ff8c8ced96d6e7df98c63be21c6c7072880a80edb4cbb7fb72c6ec8b638,2024-03,Hampshire Constabulary,Hampshire Constabulary,-1.164008,50.808519,On or near Halyard Close,E01022819,Gosport 004A,Violence and sexual offences,Investigation complete; no suspect identified,
9e9825dfe9b023ed5054d4f66a5a774761806322534b157fab975b6e2effaf4b,2024-03,Hampshire Constabulary,Hampshire Constabulary,-1.166796,50.805796,On or near Keel Close,E01022819,Gosport 004A,Other crime,Status update unavailable,
54f63e04fcb060784b0ee24ff17cdcb50ae4972cf4109ade8e32a6f3f90f42b9,2024-03,Hampshire Constabulary,Hampshire Constabulary,-1.169869,50.806123,On or near Mantle Close,E01022820,Gosport 004B,Burglary,Local resolution,
ce6c268564d14905343046ca80fd907f238daa27edfe6d43703ea871b40bb6df,2024-03,Hampshire Constabulary,Hampshire Constabulary,-1.173192,50.802820,On or near Rambler Drive,E01022820,Gosport 004B,Drugs,Local resolution,
5fac946701ed99df0eb8de8eafe037afe8bebff044e670e15d2465029d53cf21,2024-03,Hampshire Constabulary,Hampshire Constabulary,-1.171166,50.807454,On or near Grange Lane,E01022820,Gosport 004B,Other theft,Unable to prosecute suspect,
d835a286b33e63469d65b1b7d4962b626628c7128be728b99b0fd6b3a42568f4,2024-03,Hampshire Constabulary,Hampshire Constabulary,-1.178799,50.809208,On or near Broomfield Crescent,E01022820,Gosport 004B,Public order,Unable to prosecute suspect,
fab94bf3c7ee9caf3858d24d9b4842bd7b91947c125b0fbc16b10f27ef60d5fd,2024-03,Hampshire Constabulary,Hampshire Constabulary,-1.173046,50.802234,On or near Raven Close,E01022820,Gosport 004B,Public order,Investigation complete; no suspect identified,
44186d2376c76b008048db7587e0ec6c2bbd9d55d71afd3cb641fd7336b7a0fe,2024-03,Hampshire Constabulary,Hampshire Constabulary,-1.175313,50.804067,On or near Oakthorn Close,E01022820,Gosport 004B,Violence and sexual offences,Unable to prosecute suspect,
78d5c953345eb7e68e90b618341961d676696f13262c06174cdd9c0bd72742b3,2024-03,Hampshire Constabulary,Hampshire Constabulary,-1.169869,50.806123,On or near Mantle Close,E01022820,Gosport 004B,Violence and sexual offences,Court result unavailable,
26dc76e12572807afd0b18569c0823ebb29eb1bb12c34f6fa8e0a1048e8b267f,2024-03,Hampshire Constabulary,Hampshire Constabulary,-1.174565,50.807029,On or near Ayling Close,E01022820,Gosport 004B,Violence and sexual offences,Unable to prosecute suspect,
df975d7d664c19e76daf94d07c54d3582a90d8497814100170d9cd8dfd6955b1,2024-03,Hampshire Constabulary,Hampshire Constabulary,-1.169869,50.806123,On or near Mantle Close,E01022820,Gosport 004B,Violence and sexual offences,Unable to prosecute suspect,
0b555029f00f43296e3416f2555c6adeec9d88941e7c364f38eed3ae072d6f56,2024-03,Hampshire Constabulary,Hampshire Constabulary,-1.173046,50.802234,On or near Raven Close,E01022820,Gosport 004B,Violence and sexual offences,Investigation complete; no suspect identified,
,2024-03,Hampshire Constabulary,Hampshire Constabulary,-1.178799,50.809208,On or near Broomfield Crescent,E01022820,Gosport 004B,Anti-social behaviour,,
,2024-03,Hampshire Constabulary,Hampshire Constabulary,-1.172737,50.807690,On or near Paffard Close,E01022820,Gosport 004B,Anti-social behaviour,,
8506adfcf411bfe08b75ac0406f304417640b21af829a4356ac524f1f21b8ebf,2024-03,Hampshire Constabulary,Hampshire Constabulary,-1.175313,50.804067,On or near Oakthorn Close,E01022820,Gosport 004B,Vehicle crime,Investigation complete; no suspect identified,
7f2e0511b9aa52e2ee7c5aa0850955bdd3287e1dea04bf3b372312adcfbeeca1,2024-03,Hampshire Constabulary,Hampshire Constabulary,-1.173046,50.802234,On or near Raven Close,E01022820,Gosport 004B,Violence and sexual offences,Status update unavailable,
fd4960ace39833d970a018b67e6cfc0350952af1555416065999f388313db722,2024-03,Hampshire Constabulary,Hampshire Constabulary,-1.169869,50.806123,On or near Mantle Close,E01022820,Gosport 004B,Violence and sexual offences,Unable to prosecute suspect,
3e8ee3d6e3ad4798b42d1aaa6ed93a84f22203b0bc72b91f269eab3522d5802e,2024-03,Hampshire Constabulary,Hampshire Constabulary,-1.170820,50.805330,On or near Rodney Close,E01022820,Gosport 004B,Violence and sexual offences,Unable to prosecute suspect,
72f79596d62aef8f3e2235761e4321b48e53cc5e1f5bba0d844fa96952eca7ad,2024-03,Hampshire Constabulary,Hampshire Constabulary,-1.173192,50.802820,On or near Rambler Drive,E01022820,Gosport 004B,Other crime,Status update unavailable,
5038ec50982986ea16c4e527f015a9afa1cc214cfd5534881bbfa3087114de01,2024-03,Hampshire Constabulary,Hampshire Constabulary,-1.169869,50.806123,On or near Mantle Close,E01022820,Gosport 004B,Other crime,Unable to prosecute suspect,
ef791c3ddcf69a1ed73681159fd05553da25c28751813da62b3b905eecff7da0,2024-03,Hampshire Constabulary,Hampshire Constabulary,-1.165981,50.814899,On or near Fleet Close,E01022841,Gosport 004E,Drugs,Offender given a caution,
0b4864912694a6f2cc9fc64823d18e7be597e23057a5ba48b71289a07c165557,2024-03,Hampshire Constabulary,Hampshire Constabulary,-1.169159,50.810992,On or near Filmer Close,E01022841,Gosport 004E,Public order,Investigation complete; no suspect identified,
c1ed1bbd049bd1ad6247c9b39cc4b6f8f86aff2bb13818723ecea27b101a630b,2024-03,Hampshire Constabulary,Hampshire Constabulary,-1.163945,50.812070,On or near Gilbert Close,E01022841,Gosport 004E,Violence and sexual offences,Unable to prosecute suspect,
f17e20870ac3dbc2e75a10a13305ac98d0286332f75d099c36ad65b2de6c3b1d,2024-03,Hampshire Constabulary,Hampshire Constabulary,-1.163945,50.812070,On or near Gilbert Close,E01022841,Gosport 004E,Violence and sexual offences,Local resolution,
9b17945d1c252111972c6458171eeca0e1bc7c22ab7ca55044d85d725da0347f,2024-03,Hampshire Constabulary,Hampshire Constabulary,-1.163945,50.812070,On or near Gilbert Close,E01022841,Gosport 004E,Violence and sexual offences,Unable to prosecute suspect,
,2024-03,Hampshire Constabulary,Hampshire Constabulary,-1.163540,50.810862,On or near Madison Close,E01022841,Gosport 004E,Anti-social behaviour,,
5756d98cab56f58909a2c9b457195ad6eeaab17a67d8ef61af87deb93a464936,2024-03,Hampshire Constabulary,Hampshire Constabulary,-1.167720,50.814489,On or near Alliance Close,E01022841,Gosport 004E,Burglary,Investigation complete; no suspect identified,
d20d24450aaab26708f65a6cad3b0996f13045f665a0e2cb6d850645c06eb3f4,2024-03,Hampshire Constabulary,Hampshire Constabulary,-1.167720,50.814489,On or near Alliance Close,E01022841,Gosport 004E,Possession of weapons,Unable to prosecute suspect,
a40a242427d38b38ae540ed7a9cc9c7462774d97c61c8443d968ba218675665b,2024-03,Hampshire Constabulary,Hampshire Constabulary,-1.163945,50.812070,On or near Gilbert Close,E01022841,Gosport 004E,Public order,Investigation complete; no suspect identified,
80f8b87ea717e5c101d4e6a8a1586e087deee22af683cf7593f21adcbe020b09,2024-03,Hampshire Constabulary,Hampshire Constabulary,-1.165981,50.814899,On or near Fleet Close,E01022841,Gosport 004E,Violence and sexual offences,Further investigation is not in the public interest,
9353dd1b0cd5a44b5de99bd1cfcf7b26632ee6d2052928f7ea699b90f607cfad,2024-03,Hampshire Constabulary,Hampshire Constabulary,-1.171103,50.808578,On or near St Nicholas Avenue,E01022842,Gosport 004F,Drugs,Local resolution,
43808040b904a9a8e632adc27cab3c8ee8fa07a66502932902b8bc0f36d3d15d,2024-03,Hampshire Constabulary,Hampshire Constabulary,-1.177317,50.811158,On or near Bucksey Road,E01022842,Gosport 004F,Violence and sexual offences,Further action is not in the public interest,
8a872825cdfa7a744c0bd82c3b8941cf21266c38b5ed28ce99e11a8fb2abc3f9,2024-03,Hampshire Constabulary,Hampshire Constabulary,-1.177517,50.814289,On or near Rowallan Avenue,E01022842,Gosport 004F,Violence and sexual offences,Unable to prosecute suspect,
8d11862f3ffc614eccdbd42b7c3f22c63516936e7d9bd8b067e3c18d93f08873,2024-03,Hampshire Constabulary,Hampshire Constabulary,-1.175136,50.812501,On or near Davis Close,E01022842,Gosport 004F,Violence and sexual offences,Local resolution,
,2024-03,Hampshire Constabulary,Hampshire Constabulary,-1.174973,50.808030,On or near Highwood Road,E01022842,Gosport 004F,Anti-social behaviour,,
,2024-03,Hampshire Constabulary,Hampshire Constabulary,-1.179452,50.810840,On or near Homer Close,E01022842,Gosport 004F,Anti-social behaviour,,
,2024-03,Hampshire Constabulary,Hampshire Constabulary,-1.177317,50.811158,On or near Bucksey Road,E01022842,Gosport 004F,Anti-social behaviour,,
,2024-03,Hampshire Constabulary,Hampshire Constabulary,-1.177317,50.811158,On or near Bucksey Road,E01022842,Gosport 004F,Anti-social behaviour,,
,2024-03,Hampshire Constabulary,Hampshire Constabulary,-1.170507,50.811561,On or near Sports/Recreation Area,E01022842,Gosport 004F,Anti-social behaviour,,
d8aaa703dbd7cabbfb3e3b862c81594bd778ef5dec9c199f0db219a5c2f5d5f7,2024-03,Hampshire Constabulary,Hampshire Constabulary,-1.175650,50.811524,On or near Biddlecombe Close,E01022842,Gosport 004F,Violence and sexual offences,Unable to prosecute suspect,
2aac8d4ff9405caab2a7a79db35baa774c6f7819eb5eb462b6f12a26312dbafa,2024-03,Hampshire Constabulary,Hampshire Constabulary,-1.176039,50.809557,On or near Franklin Road,E01022842,Gosport 004F,Violence and sexual offences,Unable to prosecute suspect,
a12fdcb267e51d40cd9d2a2f9ef89e62075226ef635ed9183a999eb67a244f49,2024-03,Hampshire Constabulary,Hampshire Constabulary,-1.174973,50.808030,On or near Highwood Road,E01022842,Gosport 004F,Violence and sexual offences,Unable to prosecute suspect,
e819fc554512d4515526b0de700bf6e0471f4a6c4ff0a62a4556f69b7aa096c3,2024-03,Hampshire Constabulary,Hampshire Constabulary,-1.175654,50.808044,On or near Connigar Close,E01022842,Gosport 004F,Violence and sexual offences,Status update unavailable,
4f187fc880781a5a91abb840cc27ab7985ac6ac24e6f0b5a9836f30e7c30f5c7,2024-03,Hampshire Constabulary,Hampshire Constabulary,-1.176039,50.809557,On or near Franklin Road,E01022842,Gosport 004F,Violence and sexual offences,Investigation complete; no suspect identified,
ca20224d75cb24eb6915603539f6f148a0b628dddf917f448d6e7bd7d617b2bb,2024-03,Hampshire Constabulary,Hampshire Constabulary,-1.170864,50.800429,On or near Pegasus Close,E01034060,Gosport 004H,Public order,Unable to prosecute suspect,
e4ab68669dd300aae1a215c0b32cdd6be74ced01a4be4bfedd04630ef7b21604,2024-03,Hampshire Constabulary,Hampshire Constabulary,-1.165884,50.802003,On or near Grange Road,E01034060,Gosport 004H,Public order,Unable to prosecute suspect,
1783e0b46ab632074a9734110a3fcdfdcae6892172a66e1f9e7b7d0301fa788a,2024-03,Hampshire Constabulary,Hampshire Constabulary,-1.165884,50.802003,On or near Grange Road,E01034060,Gosport 004H,Public order,Investigation complete; no suspect identified,
8a91e59ad76d96da80b15819f334355bc937dc45d7c06fde5f619c8196d2e42e,2024-03,Hampshire Constabulary,Hampshire Constabulary,-1.166922,50.802412,On or near Supermarket,E01034060,Gosport 004H,Violence and sexual offences,Unable to prosecute suspect,
3622c0700760f7a1d86babe9ff6754988242d59abfde8511eeebaf8409002fce,2024-03,Hampshire Constabulary,Hampshire Constabulary,-1.170864,50.800429,On or near Pegasus Close,E01034060,Gosport 004H,Violence and sexual offences,Unable to prosecute suspect,
b5feb8fcae8aba45815bf066734b86d606a630607af2fb24af93e220bf76eb4c,2024-03,Hampshire Constabulary,Hampshire Constabulary,-1.169459,50.804430,On or near Marlin Close,E01034060,Gosport 004H,Violence and sexual offences,Unable to prosecute suspect,
748404755ec02121cc99a7899b160940f78d08dd7e1f745f0e5cba96e69725ed,2024-03,Hampshire Constabulary,Hampshire Constabulary,-1.165884,50.802003,On or near Grange Road,E01034060,Gosport 004H,Violence and sexual offences,Unable to prosecute suspect,
,2024-03,Hampshire Constabulary,Hampshire Constabulary,-1.170023,50.801484,On or near Cochcrane Close,E01034060,Gosport 004H,Anti-social behaviour,,
,2024-03,Hampshire Constabulary,Hampshire Constabulary,-1.169797,50.803776,On or near Falcon Meadows Way,E01034060,Gosport 004H,Anti-social behaviour,,
,2024-03,Hampshire Constabulary,Hampshire Constabulary,-1.166544,50.799967,On or near Lizard Close,E01034060,Gosport 004H,Anti-social behaviour,,
d922d1051c20f847a39048793584ff3bd616347ed7abc9fa09700a30f074f39f,2024-03,Hampshire Constabulary,Hampshire Constabulary,-1.169797,50.803776,On or near Falcon Meadows Way,E01034060,Gosport 004H,Criminal damage and arson,Investigation complete; no suspect identified,
50cce67b0470235aa67ac0290d7bd9d90c1c32c7effdd8926ef551cd80c74fa9,2024-03,Hampshire Constabulary,Hampshire Constabulary,-1.170023,50.801484,On or near Cochcrane Close,E01034060,Gosport 004H,Other theft,Status update unavailable,
7b08ba2059e00af18f8b96a2472a202b6724daa34bd325383df21a0af05a2475,2024-03,Hampshire Constabulary,Hampshire Constabulary,-1.168505,50.801446,On or near Balfour Close,E01034060,Gosport 004H,Other theft,Investigation complete; no suspect identified,
be79d68489e6a2419fa6996de0683d1e5c4920e1b3b786652f752029bb5c98d3,2024-03,Hampshire Constabulary,Hampshire Constabulary,-1.166922,50.802412,On or near Supermarket,E01034060,Gosport 004H,Vehicle crime,Investigation complete; no suspect identified,
22da3d2cc6c909171d5e1a13bc13ce4e35a43b81d7564080bc0d24aa8e3acf52,2024-03,Hampshire Constabulary,Hampshire Constabulary,-1.169797,50.803776,On or near Falcon Meadows Way,E01034060,Gosport 004H,Vehicle crime,Investigation complete; no suspect identified,
c7e6d301dd7ed816a5a1d2f5f29f1c430ee87bee31fe4f12f0fa4119229baa5b,2024-03,Hampshire Constabulary,Hampshire Constabulary,-1.168505,50.801446,On or near Balfour Close,E01034060,Gosport 004H,Violence and sexual offences,Status update unavailable,
7ec0512db02bcf14ee93c35941f73ca77be5b2c371b6ed0de5819727d5ea757f,2024-03,Hampshire Constabulary,Hampshire Constabulary,-1.168217,50.803279,On or near Ramsey Avenue,E01034060,Gosport 004H,Violence and sexual offences,Investigation complete; no suspect identified,
aafd8d6487071b0a1bc5df3f7b3e8da2756dbef342bde000bedbf90cd8c8f135,2024-03,Hampshire Constabulary,Hampshire Constabulary,-1.168217,50.803279,On or near Ramsey Avenue,E01034060,Gosport 004H,Violence and sexual offences,Investigation complete; no suspect identified,
a681c3e102828a98abb73cb7f5b87cdb3d8c50654e27ae09d849401c0d056c01,2024-03,Hampshire Constabulary,Hampshire Constabulary,-1.170864,50.800429,On or near Pegasus Close,E01034060,Gosport 004H,Violence and sexual offences,Unable to prosecute suspect,
1ff475e96bfec43aeeb89786090747d1d7d3ce8791ea8a630df37112bc0d913e,2024-03,Hampshire Constabulary,Hampshire Constabulary,-1.169797,50.803776,On or near Falcon Meadows Way,E01034060,Gosport 004H,Violence and sexual offences,Unable to prosecute suspect,
431b5e18453e3566ef8fcafbab6cf4a9968343925534acefbb69b78694ea8f6d,2024-03,Hampshire Constabulary,Hampshire Constabulary,-1.167278,50.798632,On or near Fawn Close,E01034061,Gosport 004I,Criminal damage and arson,Investigation complete; no suspect identified,
47849c0bec8da555e04bb1f6c0ae7a95c2ceb73f4c84e435f8acac9d1c19eb96,2024-03,Hampshire Constabulary,Hampshire Constabulary,-1.168559,50.799972,On or near Anson Close,E01034061,Gosport 004I,Violence and sexual offences,Unable to prosecute suspect,
796a60d5cd5b7a641bd851dedb44a9938457ee9cfc58bec55145b4f989f23b4b,2024-03,Hampshire Constabulary,Hampshire Constabulary,-1.172015,50.800329,On or near Barrington Close,E01034061,Gosport 004I,Violence and sexual offences,Unable to prosecute suspect,
637c1467a5398063617f4ee056e371db6f6b6b5ddff29fe760ddf82c1bcb2c81,2024-03,Hampshire Constabulary,Hampshire Constabulary,-1.172650,50.801368,On or near Davenport Close,E01034061,Gosport 004I,Violence and sexual offences,Unable to prosecute suspect,
2ecc578aeba03d546b26f6b543aabdf62c5fa555f18b07c262c6a98c28f33c95,2024-03,Hampshire Constabulary,Hampshire Constabulary,-1.168559,50.799972,On or near Anson Close,E01034061,Gosport 004I,Violence and sexual offences,Offender given a caution,
b2c6092cf1989e1e7afcd79db98e5cbeabc3b01e261096ae691913b816289546,2024-03,Hampshire Constabulary,Hampshire Constabulary,-1.167278,50.798632,On or near Fawn Close,E01034061,Gosport 004I,Vehicle crime,Investigation complete; no suspect identified,
eedc9ced5bf92341cdc9def8f97f5afeaeed76b024b79e040b813eeaa5998d4d,2024-03,Hampshire Constabulary,Hampshire Constabulary,-1.168559,50.799972,On or near Anson Close,E01034061,Gosport 004I,Violence and sexual offences,Unable to prosecute suspect,
9489082a8a8868bb2724d3c7fd76d28960a27c644e22c26fb47f429c8b09db7a,2024-03,Hampshire Constabulary,Hampshire Constabulary,-1.172650,50.801368,On or near Davenport Close,E01034061,Gosport 004I,Violence and sexual offences,Status update unavailable,
633c2e901d93c2d24935a78e826bf778dc71ceba0719d0a694b6ca832ebbcad9,2024-03,Hampshire Constabulary,Hampshire Constabulary,-1.172015,50.800329,On or near Barrington Close,E01034061,Gosport 004I,Other crime,Status update unavailable,
257a4de55ff11e79e0b187f201ee53bd48aa2be4951a45bcaa5d8e21b06e8682,2024-03,Hampshire Constabulary,Hampshire Constabulary,-1.148438,50.803082,On or near Bedford Street,E01022807,Gosport 005A,Burglary,Awaiting court outcome,
f6f6da9c76b216e1f0391a7fd7bc6927a9a6e6a9ef1034311a76be1ffce0b658,2024-03,Hampshire Constabulary,Hampshire Constabulary,-1.148438,50.803082,On or near Bedford Street,E01022807,Gosport 005A,Drugs,Local resolution,
7fb696dc35987f3c087250d2db5f4c61b5d63dbc2d3881480b9c7182d6776720,2024-03,Hampshire Constabulary,Hampshire Constabulary,-1.150675,50.801804,On or near Clyde Court,E01022807,Gosport 005A,Drugs,Local resolution,
19639e8ed9a910fe7717fe7818b5c411175b77ab150e88f5d52e9c32a59837ab,2024-03,Hampshire Constabulary,Hampshire Constabulary,-1.147523,50.802698,On or near Brougham Lane,E01022807,Gosport 005A,Drugs,Local resolution,
018b81ef5376a338aa13ab9696ec545bae19a3b52b5dc3b99b9b73d6875db691,2024-03,Hampshire Constabulary,Hampshire Constabulary,-1.147523,50.802698,On or near Brougham Lane,E01022807,Gosport 005A,Violence and sexual offences,Unable to prosecute suspect,
24c6f0e1b17a117cdf77d714b0f6256c3009941850571e53ec1102b10c6ea3ba,2024-03,Hampshire Constabulary,Hampshire Constabulary,-1.145918,50.801976,On or near Russell Street,E01022807,Gosport 005A,Violence and sexual offences,Unable to prosecute suspect,
5a66848ca1e4ed6f18d6fc78ff22ea387ef322667f15a23106333081b9ebf355,2024-03,Hampshire Constabulary,Hampshire Constabulary,-1.143889,50.801934,On or near Inverness Road,E01022807,Gosport 005A,Violence and sexual offences,Unable to prosecute suspect,
256045f107378d39d93b446fc4d88f7c37a1b8caafc01017925408a15064b97c,2024-03,Hampshire Constabulary,Hampshire Constabulary,-1.144923,50.802049,On or near Camden Street,E01022807,Gosport 005A,Burglary,Investigation complete; no suspect identified,
7fce7f55aca4778c3b5d684d24fc18cff54d07138a565eafe0d14b7eb4ef2daa,2024-03,Hampshire Constabulary,Hampshire Constabulary,-1.148438,50.803082,On or near Bedford Street,E01022807,Gosport 005A,Burglary,Status update unavailable,
3b94a6009d9e9037099b8ef8056785fd3a12b8c9039238761c42841edcd687ad,2024-03,Hampshire Constabulary,Hampshire Constabulary,-1.147523,50.802698,On or near Brougham Lane,E01022807,Gosport 005A,Violence and sexual offences,Unable to prosecute suspect,
68b1132060eedf9d25c2173ebc04549410d068f708e1fd78a1c4f564af5eadfc,2024-03,Hampshire Constabulary,Hampshire Constabulary,-1.147523,50.802698,On or near Brougham Lane,E01022807,Gosport 005A,Violence and sexual offences,Unable to prosecute suspect,
9323c91e0394201cb617af7da0cfcb1527794e2463f3d402be7023343dc50530,2024-03,Hampshire Constabulary,Hampshire Constabulary,-1.147523,50.802698,On or near Brougham Lane,E01022807,Gosport 005A,Violence and sexual offences,Unable to prosecute suspect,
5ce8b1b98807f782b01cf13fd6293356f42782fc0eb58c7dad863ef764a7348c,2024-03,Hampshire Constabulary,Hampshire Constabulary,-1.147756,50.801575,On or near Hambrook Road,E01022807,Gosport 005A,Violence and sexual offences,Status update unavailable,
9bc2264c0b844650cec9d9cb7a9c1004a2674626b54c1e143de19c9aaf8636e3,2024-03,Hampshire Constabulary,Hampshire Constabulary,-1.146196,50.805431,On or near Hewitt Close,E01022816,Gosport 005B,Violence and sexual offences,Unable to prosecute suspect,
4e0336dc80cd83f0e7d6bf90f6b1d523232fe95123bc11df37ba8c8cdcd514ef,2024-03,Hampshire Constabulary,Hampshire Constabulary,-1.142685,50.806484,On or near Melville Road,E01022816,Gosport 005B,Violence and sexual offences,Court result unavailable,
13d650160365712937b5ee9c5ffd12da35a3618f5b702cb81947b8f7f90e53cd,2024-03,Hampshire Constabulary,Hampshire Constabulary,-1.145468,50.804850,On or near Beryton Close,E01022816,Gosport 005B,Violence and sexual offences,Unable to prosecute suspect,
7e753a7082ddd714242d2db799e0dbbf9db011f58e6d925d686f059828a5a8d5,2024-03,Hampshire Constabulary,Hampshire Constabulary,-1.145468,50.804850,On or near Beryton Close,E01022816,Gosport 005B,Violence and sexual offences,Unable to prosecute suspect,
,2024-03,Hampshire Constabulary,Hampshire Constabulary,-1.147442,50.807131,On or near Shalbourne Road,E01022816,Gosport 005B,Anti-social behaviour,,
747ca288a480957c78b37d622c0b926836b9e55729677de7b0dfa2dfb3f42a40,2024-03,Hampshire Constabulary,Hampshire Constabulary,-1.143276,50.805203,On or near Varos Close,E01022816,Gosport 005B,Public order,Unable to prosecute suspect,
419352d1a7036ba371d0421b128efd9b0de68746e47a4eeccf03a1098a5255f0,2024-03,Hampshire Constabulary,Hampshire Constabulary,-1.146678,50.805434,On or near Graham Road,E01022816,Gosport 005B,Violence and sexual offences,Status update unavailable,
a0147df4605bb3d7a785b7df8eb12c1d060fb122c48914f555da9d43ea813a32,2024-03,Hampshire Constabulary,Hampshire Constabulary,-1.143276,50.805203,On or near Varos Close,E01022816,Gosport 005B,Violence and sexual offences,Unable to prosecute suspect,
c8b958671f5f4f5cf73b51efa0a5f747205de9abc5c6b79c8200a21d9157424d,2024-03,Hampshire Constabulary,Hampshire Constabulary,-1.142685,50.806484,On or near Melville Road,E01022816,Gosport 005B,Violence and sexual offences,Unable to prosecute suspect,
27547d7271f359b77bdccebe46c6f491a1556cc9fe2766ff21464067c9601f70,2024-03,Hampshire Constabulary,Hampshire Constabulary,-1.146203,50.803444,On or near Coulmere Road,E01022817,Gosport 005C,Violence and sexual offences,Unable to prosecute suspect,
5c7301f7899d20f0c2d689e00b0f0fb5e657e601f92bf1ad3b847a8050b7c0a6,2024-03,Hampshire Constabulary,Hampshire Constabulary,-1.149599,50.804008,On or near Mill Road,E01022817,Gosport 005C,Violence and sexual offences,Court result unavailable,
5cac2103b595229e6f56a5ecdeaa50a567cc97608fdeafe649439dd7656ed6f9,2024-03,Hampshire Constabulary,Hampshire Constabulary,-1.146958,50.804870,On or near Beryton Road,E01022817,Gosport 005C,Violence and sexual offences,Offender given a caution,
b4565a8bfb7a8869e562b840383958acbf10f556911d90f65070bb50182ed3be,2024-03,Hampshire Constabulary,Hampshire Constabulary,-1.149699,50.805511,On or near Gladstone Road,E01022817,Gosport 005C,Violence and sexual offences,Unable to prosecute suspect,
1e859a837fb049549c70430d5dd5430fbd05fa37d03e2c28665e8a971c8ba670,2024-03,Hampshire Constabulary,Hampshire Constabulary,-1.146203,50.803444,On or near Coulmere Road,E01022817,Gosport 005C,Burglary,Investigation complete; no suspect identified,
34fcbcd4bfac91d927686aba64daf109047953490a7644cc4c9a467828e87df3,2024-03,Hampshire Constabulary,Hampshire Constabulary,-1.149599,50.804008,On or near Mill Road,E01022817,Gosport 005C,Drugs,Investigation complete; no suspect identified,
b9935cf524f9879032d2f5b10decf0210d5de7bc871efda2a87e2cde2614636f,2024-03,Hampshire Constabulary,Hampshire Constabulary,-1.149599,50.804008,On or near Mill Road,E01022817,Gosport 005C,Other theft,Unable to prosecute suspect,
d1ee4c2562f22fe6dc10a45e28299c5480ded8aea9724c2f6948db2dd1cdb2f8,2024-03,Hampshire Constabulary,Hampshire Constabulary,-1.149578,50.805159,On or near Durley Road,E01022817,Gosport 005C,Public order,Investigation complete; no suspect identified,
fbb140d16d82a5be1dc311531c3eed53b0539ba620f52675f3e1331af6ef6010,2024-03,Hampshire Constabulary,Hampshire Constabulary,-1.151583,50.805731,On or near Teignmouth Road,E01022817,Gosport 005C,Vehicle crime,Investigation complete; no suspect identified,
35fc6690d6eb1978dc010e9ee49c7645628c56a36a111592b92ce1c8ada6aae1,2024-03,Hampshire Constabulary,Hampshire Constabulary,-1.137652,50.803875,On or near St Vincent Road,E01022818,Gosport 005D,Criminal damage and arson,Investigation complete; no suspect identified,
923ba44ac4b90172c40ef510ac61030a76bcca1d97cb381209666efc05d14900,2024-03,Hampshire Constabulary,Hampshire Constabulary,-1.140465,50.804481,On or near San Diego Road,E01022818,Gosport 005D,Violence and sexual offences,Unable to prosecute suspect,
daef2209b385e8e905069a973bbef90ab451394bff9302a41ef2ea91d6c252ed,2024-03,Hampshire Constabulary,Hampshire Constabulary,-1.137652,50.803875,On or near St Vincent Road,E01022818,Gosport 005D,Violence and sexual offences,Unable to prosecute suspect,
585349b0498b83531efeabb0ef337091502a8e0905fc05e1ccddc478e5e0a173,2024-03,Hampshire Constabulary,Hampshire Constabulary,-1.137652,50.803875,On or near St Vincent Road,E01022818,Gosport 005D,Violence and sexual offences,Unable to prosecute suspect,
696d786272e13b1b0448d39236d6f036747f3d68eb3029fb25e6d6eb843d4572,2024-03,Hampshire Constabulary,Hampshire Constabulary,-1.137652,50.803875,On or near St Vincent Road,E01022818,Gosport 005D,Violence and sexual offences,Unable to prosecute suspect,
446a45569bf1fda99efc641abecce62579e81f222419b6caf272e42cb1555bdd,2024-03,Hampshire Constabulary,Hampshire Constabulary,-1.141364,50.803435,On or near Keith Close,E01022818,Gosport 005D,Violence and sexual offences,Unable to prosecute suspect,
fd95e580c002f86b310e1173f330d6794567fc14cb36323efc9eaeb5363c0b53,2024-03,Hampshire Constabulary,Hampshire Constabulary,-1.144242,50.804374,On or near Lee Road,E01022818,Gosport 005D,Burglary,Investigation complete; no suspect identified,
b75cd2399812fc1589d589a2a40b11e8bb1a13940d4a0f657694e13bb33b7ac6,2024-03,Hampshire Constabulary,Hampshire Constabulary,-1.137652,50.803875,On or near St Vincent Road,E01022818,Gosport 005D,Violence and sexual offences,Status update unavailable,
f76c98cda27ee522b224238f1201a51320479e1223f5a2c2dd3de7e4f873ad1d,2024-03,Hampshire Constabulary,Hampshire Constabulary,-1.137652,50.803875,On or near St Vincent Road,E01022818,Gosport 005D,Violence and sexual offences,Unable to prosecute suspect,
c1a50db24a4c928e97b456f28f77a4cc540f0b63cce64b3ed9e008a9f0e3cbec,2024-03,Hampshire Constabulary,Hampshire Constabulary,-1.137652,50.803875,On or near St Vincent Road,E01022818,Gosport 005D,Violence and sexual offences,Status update unavailable,
8d1663026beecfe2406f7f139095f925d98632432f8c35f5b392be6b1c296655,2024-03,Hampshire Constabulary,Hampshire Constabulary,-1.137652,50.803875,On or near St Vincent Road,E01022818,Gosport 005D,Violence and sexual offences,Unable to prosecute suspect,
ececfd0dac3a887054479d037b479c611624474459746d515916a4e789b11f99,2024-03,Hampshire Constabulary,Hampshire Constabulary,-1.137652,50.803875,On or near St Vincent Road,E01022818,Gosport 005D,Violence and sexual offences,Unable to prosecute suspect,
a193c1f44bda4140103a9a3921a51d53b44bbae9ea3a1c24e98be955cd12ff31,2024-03,Hampshire Constabulary,Hampshire Constabulary,-1.144242,50.804374,On or near Lee Road,E01022818,Gosport 005D,Violence and sexual offences,Unable to prosecute suspect,
f0a5becc19406325f486e3938a3287251ccfa37844e511ede060f13717aa84f1,2024-03,Hampshire Constabulary,Hampshire Constabulary,-1.137652,50.803875,On or near St Vincent Road,E01022818,Gosport 005D,Violence and sexual offences,Unable to prosecute suspect,
87c65cbbfdb69984304ee2f1b0afa84dbfad0709dccbed413ef4928d5355a1cf,2024-03,Hampshire Constabulary,Hampshire Constabulary,-1.135432,50.810361,On or near Godwit Close,E01034062,Gosport 005F,Violence and sexual offences,Unable to prosecute suspect,
1b43b46623a3a58f8ffff5a63d5b64f78d0084ab2ea20c4054e221486c12c198,2024-03,Hampshire Constabulary,Hampshire Constabulary,-1.131751,50.810666,On or near Hayling Close,E01034062,Gosport 005F,Violence and sexual offences,Unable to prosecute suspect,
4b659d0c808f91b371c038420d3fe9abd652814461a343e4705512591a1c3a06,2024-03,Hampshire Constabulary,Hampshire Constabulary,-1.133124,50.809300,On or near Bolton Drive,E01034062,Gosport 005F,Violence and sexual offences,Unable to prosecute suspect,
8a4f7057381c5eb341653fe0018b85de4a60a2d5cece8c92f11ad4e9407478eb,2024-03,Hampshire Constabulary,Hampshire Constabulary,-1.134270,50.808760,On or near Launceston Close,E01034062,Gosport 005F,Violence and sexual offences,Unable to prosecute suspect,
a091ed489e5577f937ff4caf7efa5469221b0947452fe203cf6bedbb99064346,2024-03,Hampshire Constabulary,Hampshire Constabulary,-1.137476,50.808820,On or near Lapwing Close,E01034062,Gosport 005F,Other crime,Unable to prosecute suspect,
c7d562be2e550a3405d020715847dc6f353ed3028b1584de387adf0b3e2e28a9,2024-03,Hampshire Constabulary,Hampshire Constabulary,-1.132943,50.809911,On or near Montagu Close,E01034062,Gosport 005F,Violence and sexual offences,Unable to prosecute suspect,
7ac2206b3b467e2457228535f91dcec39e0bf11aa021b0ced21d3741dd53d4aa,2024-03,Hampshire Constabulary,Hampshire Constabulary,-1.132671,50.810763,On or near Vanguard Road,E01034062,Gosport 005F,Violence and sexual offences,Unable to prosecute suspect,
39df7c42d256d8b3ced2aa5361f8ef207b7883982b342012dc13231a1a631a57,2024-03,Hampshire Constabulary,Hampshire Constabulary,-1.128502,50.805219,On or near Searle Drive,E01034063,Gosport 005G,Violence and sexual offences,Unable to prosecute suspect,
e2bceaeace01a95e748c67b84720295f22b6880375599001503f292a28c4627b,2024-03,Hampshire Constabulary,Hampshire Constabulary,-1.128502,50.805219,On or near Searle Drive,E01034063,Gosport 005G,Violence and sexual offences,Unable to prosecute suspect,
7fdeb5eb3532b8e4faedcde9f41bf5e6ce0c336b5edbf1511f94a56e42f60aa3,2024-03,Hampshire Constabulary,Hampshire Constabulary,-1.128502,50.805219,On or near Searle Drive,E01034063,Gosport 005G,Other crime,Unable to prosecute suspect,
43fd634249db91c07b4ad99f8b9e4b001d876feddabd89bb4c9c40010fbf55d1,2024-03,Hampshire Constabulary,Hampshire Constabulary,-1.193521,50.801568,On or near Chilcomb Close,E01022826,Gosport 006A,Violence and sexual offences,Unable to prosecute suspect,
301fc693e70f47cc9a309a8d9cea54a5cf627e1860398f4b92501a6868785e96,2024-03,Hampshire Constabulary,Hampshire Constabulary,-1.193451,50.809751,On or near Fieldhouse Drive,E01022826,Gosport 006A,Violence and sexual offences,Investigation complete; no suspect identified,
008e711898bb14384153772e62acb267e37be59d5b17873119981c7875664aac,2024-03,Hampshire Constabulary,Hampshire Constabulary,-1.193219,50.800145,On or near Spencer Drive,E01022826,Gosport 006A,Other theft,Investigation complete; no suspect identified,
e3f2a9909790cc78175a94b2f78824ac8dc1a252a31e6d34a4a22d1f08810f2c,2024-03,Hampshire Constabulary,Hampshire Constabulary,-1.193451,50.809751,On or near Fieldhouse Drive,E01022826,Gosport 006A,Public order,Status update unavailable,
b1c9509a7346c3ca434321685014b352f57ec8716ea8e70e52bdcc6ac6383c95,2024-03,Hampshire Constabulary,Hampshire Constabulary,-1.193219,50.800145,On or near Spencer Drive,E01022826,Gosport 006A,Public order,Investigation complete; no suspect identified,
cff9e9d38a45d8bb7e04fd5b0868feff8537cb4bb0b7173e5c651bc56dfc5655,2024-03,Hampshire Constabulary,Hampshire Constabulary,-1.192727,50.809737,On or near Falklands Close,E01022826,Gosport 006A,Vehicle crime,Investigation complete; no suspect identified,
d6a9029a425ce870920f33fdf5cbc68f5b968a7dc87a41c18779a6cbc645fc42,2024-03,Hampshire Constabulary,Hampshire Constabulary,-1.193451,50.809751,On or near Fieldhouse Drive,E01022826,Gosport 006A,Violence and sexual offences,Status update unavailable,
b5e6edb2c5df22e58505049ed5355fc64317e6429c4eb6bf056aae696b7f3c22,2024-03,Hampshire Constabulary,Hampshire Constabulary,-1.193451,50.809751,On or near Fieldhouse Drive,E01022826,Gosport 006A,Violence and sexual offences,Status update unavailable,
0cec205b7e58bfc0fa0087c1b3cf3ad298aea4709cf7e226c0b0e78ab008b30e,2024-03,Hampshire Constabulary,Hampshire Constabulary,-1.193451,50.809751,On or near Fieldhouse Drive,E01022826,Gosport 006A,Violence and sexual offences,Status update unavailable,
111166fa868c7537d4a076da8828ead17c5cdb5fd91db8ded0820ba390cccc35,2024-03,Hampshire Constabulary,Hampshire Constabulary,-1.199189,50.797875,On or near Marine Parade East,E01022828,Gosport 006C,Criminal damage and arson,Offender given a caution,
cc95c9efa89c7927f6fcc6dcbf4a3e9528aaa67056e785937cf17d89ee02b146,2024-03,Hampshire Constabulary,Hampshire Constabulary,-1.197589,50.798539,On or near Salisbury Terrace,E01022828,Gosport 006C,Drugs,Unable to prosecute suspect,
,2024-03,Hampshire Constabulary,Hampshire Constabulary,-1.202152,50.801385,On or near Supermarket,E01022828,Gosport 006C,Anti-social behaviour,,
,2024-03,Hampshire Constabulary,Hampshire Constabulary,-1.204438,50.802147,On or near Parking Area,E01022828,Gosport 006C,Anti-social behaviour,,
,2024-03,Hampshire Constabulary,Hampshire Constabulary,-1.204438,50.802147,On or near Parking Area,E01022828,Gosport 006C,Anti-social behaviour,,
,2024-03,Hampshire Constabulary,Hampshire Constabulary,-1.204438,50.802147,On or near Parking Area,E01022828,Gosport 006C,Anti-social behaviour,,
,2024-03,Hampshire Constabulary,Hampshire Constabulary,-1.204438,50.802147,On or near Parking Area,E01022828,Gosport 006C,Anti-social behaviour,,
,2024-03,Hampshire Constabulary,Hampshire Constabulary,-1.204438,50.802147,On or near Parking Area,E01022828,Gosport 006C,Anti-social behaviour,,
,2024-03,Hampshire Constabulary,Hampshire Constabulary,-1.204438,50.802147,On or near Parking Area,E01022828,Gosport 006C,Anti-social behaviour,,
,2024-03,Hampshire Constabulary,Hampshire Constabulary,-1.204438,50.802147,On or near Parking Area,E01022828,Gosport 006C,Anti-social behaviour,,
,2024-03,Hampshire Constabulary,Hampshire Constabulary,-1.204438,50.802147,On or near Parking Area,E01022828,Gosport 006C,Anti-social behaviour,,
,2024-03,Hampshire Constabulary,Hampshire Constabulary,-1.204438,50.802147,On or near Parking Area,E01022828,Gosport 006C,Anti-social behaviour,,
,2024-03,Hampshire Constabulary,Hampshire Constabulary,-1.204438,50.802147,On or near Parking Area,E01022828,Gosport 006C,Anti-social behaviour,,
,2024-03,Hampshire Constabulary,Hampshire Constabulary,-1.202133,50.799973,On or near Parking Area,E01022828,Gosport 006C,Anti-social behaviour,,
,2024-03,Hampshire Constabulary,Hampshire Constabulary,-1.204438,50.802147,On or near Parking Area,E01022828,Gosport 006C,Anti-social behaviour,,
,2024-03,Hampshire Constabulary,Hampshire Constabulary,-1.204438,50.802147,On or near Parking Area,E01022828,Gosport 006C,Anti-social behaviour,,
,2024-03,Hampshire Constabulary,Hampshire Constabulary,-1.204438,50.802147,On or near Parking Area,E01022828,Gosport 006C,Anti-social behaviour,,
,2024-03,Hampshire Constabulary,Hampshire Constabulary,-1.204438,50.802147,On or near Parking Area,E01022828,Gosport 006C,Anti-social behaviour,,
,2024-03,Hampshire Constabulary,Hampshire Constabulary,-1.204438,50.802147,On or near Parking Area,E01022828,Gosport 006C,Anti-social behaviour,,
,2024-03,Hampshire Constabulary,Hampshire Constabulary,-1.204438,50.802147,On or near Parking Area,E01022828,Gosport 006C,Anti-social behaviour,,
563293b3ad8bc4471d7e5defb6f8be4fef60b33a0d2ed68fe36868dff2895dd8,2024-03,Hampshire Constabulary,Hampshire Constabulary,-1.203557,50.801349,On or near Parking Area,E01022828,Gosport 006C,Other theft,Investigation complete; no suspect identified,
2823f634556a7db32bd7e61986efbb83d0422d4c974fa814a4ae6c4abb59bc69,2024-03,Hampshire Constabulary,Hampshire Constabulary,-1.200827,50.800009,On or near Beach Road,E01022828,Gosport 006C,Other theft,Investigation complete; no suspect identified,
46e0af18e171213343a3832ccff17636e182c72b88c775e0a056d63ade5deef9,2024-03,Hampshire Constabulary,Hampshire Constabulary,-1.205623,50.804223,On or near Osborne Road,E01022828,Gosport 006C,Other theft,Investigation complete; no suspect identified,
b3416b6b3979f2f7aab3ab5fc1711e8b08d8c6010409093f49f132b6fa6fdcfe,2024-03,Hampshire Constabulary,Hampshire Constabulary,-1.203356,50.806510,On or near Nottingham Place,E01022829,Gosport 006D,Violence and sexual offences,Unable to prosecute suspect,
03b3aeb10f920b633b10c94f24998cdcda0670dcdca0cf88d7c16e26527f5d53,2024-03,Hampshire Constabulary,Hampshire Constabulary,-1.203356,50.806510,On or near Nottingham Place,E01022829,Gosport 006D,Violence and sexual offences,Unable to prosecute suspect,
32bb054d0985f7874a834deee676b0cf9bde8aaaee24f489bfd44fbd9174cf4d,2024-03,Hampshire Constabulary,Hampshire Constabulary,-1.211958,50.809796,On or near Ocean Road,E01022829,Gosport 006D,Violence and sexual offences,Unable to prosecute suspect,
29428403cbd5c0ae482ae30d4755d879b288128d56d710e55b238a324dd5d710,2024-03,Hampshire Constabulary,Hampshire Constabulary,-1.197862,50.809907,On or near Carnegie Close,E01022829,Gosport 006D,Violence and sexual offences,Unable to prosecute suspect,
457c60cb63939a005adf4d902a57dad847ddc5c20dfc1bf4a5b68dad334e7009,2024-03,Hampshire Constabulary,Hampshire Constabulary,-1.200021,50.809814,On or near Prowse Close,E01022829,Gosport 006D,Violence and sexual offences,Unable to prosecute suspect,
31da28811dffc81a32c6f1b6b98a173546532d86ac920c775fa1d80def8ea8ef,2024-03,Hampshire Constabulary,Hampshire Constabulary,-1.197862,50.809907,On or near Carnegie Close,E01022829,Gosport 006D,Violence and sexual offences,Awaiting court outcome,
2cb001519136b32b7bd2eee339843483fb3372de9db94eefa001f4b5df80c748,2024-03,Hampshire Constabulary,Hampshire Constabulary,-1.197862,50.809907,On or near Carnegie Close,E01022829,Gosport 006D,Other theft,Investigation complete; no suspect identified,
3146d171dbebef4188d833d389897c4d71b8d7dd070041e1e6b2cc472e40303a,2024-03,Hampshire Constabulary,Hampshire Constabulary,-1.202913,50.809159,On or near Catalina Close,E01022829,Gosport 006D,Violence and sexual offences,Unable to prosecute suspect,
e757d15ee0f19c3991b97d17479f791340ec0ae40369546e905e1ea3181182f0,2024-03,Hampshire Constabulary,Hampshire Constabulary,-1.202913,50.809159,On or near Catalina Close,E01022829,Gosport 006D,Violence and sexual offences,Unable to prosecute suspect,
4c825878f7e1e754ff7d928e6237790bfbe1dd88923e0fbab603d15e7b586fb7,2024-03,Hampshire Constabulary,Hampshire Constabulary,-1.202913,50.809159,On or near Catalina Close,E01022829,Gosport 006D,Violence and sexual offences,Unable to prosecute suspect,
ecc747093f587f5c2d92aee9de356ec3083b326ed0e8ef7d1105f886fba9d289,2024-03,Hampshire Constabulary,Hampshire Constabulary,-1.188262,50.794643,On or near Wootton Road,E01022830,Gosport 006E,Violence and sexual offences,Court result unavailable,
164aa6a0b770f8640ab0a2c5443405ae861bfdbfbe95acf9a5555df701c038ff,2024-03,Hampshire Constabulary,Hampshire Constabulary,-1.189155,50.798831,On or near Albacore Close,E01032881,Gosport 006G,Vehicle crime,Investigation complete; no suspect identified,
959c079e45f858125c3ce8e4794cf5648fc31a450900e681e682aa7cb34e6c3d,2024-03,Hampshire Constabulary,Hampshire Constabulary,-1.193081,50.798256,On or near Rowan Close,E01032883,Gosport 006H,Drugs,Unable to prosecute suspect,
ce8fa2cca9a8dddd27901d06e12971cc4e17624202608fe0becf7b2e9c915dcb,2024-03,Hampshire Constabulary,Hampshire Constabulary,-1.191566,50.797238,On or near Elmore Avenue,E01032883,Gosport 006H,Other theft,Investigation complete; no suspect identified,
731002400bd0f15f386ff19512e3ddbc87e358bc213800675a67f06922aae7d9,2024-03,Hampshire Constabulary,Hampshire Constabulary,-1.193081,50.798256,On or near Rowan Close,E01032883,Gosport 006H,Violence and sexual offences,Unable to prosecute suspect,
daafa63c98a6c580e67e0e01ecf398a6a8c050cd8622b9a6669896f09a9d5b28,2024-03,Hampshire Constabulary,Hampshire Constabulary,-1.195417,50.804360,On or near Smeeton Road,E01032883,Gosport 006H,Violence and sexual offences,Investigation complete; no suspect identified,
49adac31c40fd9aa8a4ed101a0928377de35c40700483ffc65c305d9d37183b5,2024-03,Hampshire Constabulary,Hampshire Constabulary,-1.197417,50.801073,On or near Avon Close,E01032883,Gosport 006H,Violence and sexual offences,Local resolution,
,2024-03,Hampshire Constabulary,Hampshire Constabulary,-1.197417,50.801073,On or near Avon Close,E01032883,Gosport 006H,Anti-social behaviour,,
9c6021e9584df1efc51f8ec4b01fd8a2d7669504719afdcb30a8c8091d3f58ac,2024-03,Hampshire Constabulary,Hampshire Constabulary,-1.193656,50.797828,On or near Elmore Road,E01032883,Gosport 006H,Violence and sexual offences,Court result unavailable,
86e2ce264de9ecb85b46cdf04c7ed13bee7732f919fd761478cce6628667c4ed,2024-03,Hampshire Constabulary,Hampshire Constabulary,-1.196887,50.802239,On or near Waveney Close,E01032883,Gosport 006H,Violence and sexual offences,Investigation complete; no suspect identified,
419a6c9d28f0f66652b406422844bf6162019371906ae7be50b968d8ba62c9cc,2024-03,Hampshire Constabulary,Hampshire Constabulary,-1.152739,50.803788,On or near Ford Road,E01022806,Gosport 007A,Criminal damage and arson,Court result unavailable,
a2edd1fcdc640dea6dfede6aabdf9cf0eb2a7d025b681a923a6ff7f504acb3be,2024-03,Hampshire Constabulary,Hampshire Constabulary,-1.152739,50.803788,On or near Ford Road,E01022806,Gosport 007A,Criminal damage and arson,Investigation complete; no suspect identified,
dff11c0b7714e5c5ffdc797eb216b56613e99b9e8d22087121b8cbc690afdf7f,2024-03,Hampshire Constabulary,Hampshire Constabulary,-1.152652,50.804714,On or near Mortimore Road,E01022806,Gosport 007A,Shoplifting,Court result unavailable,
500b81bb81e578669bd58385da1a6b93e4194f9cae3bb4e07a4d1695eef7eb15,2024-03,Hampshire Constabulary,Hampshire Constabulary,-1.149909,50.803354,On or near Burnett Road,E01022806,Gosport 007A,Vehicle crime,Unable to prosecute suspect,
47528beec3ade597b023a908a38e0a25ca4c9b127e64bda44c57a417b8c8a1c0,2024-03,Hampshire Constabulary,Hampshire Constabulary,-1.151047,50.803182,On or near Hartington Road,E01022806,Gosport 007A,Violence and sexual offences,Investigation complete; no suspect identified,
5aaa6679cdada4c4679dff3164a4aaf37b22e1bac14dbe3a8343441a80e29939,2024-03,Hampshire Constabulary,Hampshire Constabulary,-1.154042,50.803923,On or near Linnet Court,E01022806,Gosport 007A,Violence and sexual offences,Unable to prosecute suspect,
f5a03b0d60d7e5325bdbe28239602d3976c819ddc1fbfd3daf56f27bbd2d28ac,2024-03,Hampshire Constabulary,Hampshire Constabulary,-1.149920,50.802724,On or near Clifton Street,E01022806,Gosport 007A,Other theft,Investigation complete; no suspect identified,
16c7a0f9054ff0e6a931186afeb1624f706a1934c366a6de857f468365f5cae2,2024-03,Hampshire Constabulary,Hampshire Constabulary,-1.151047,50.803182,On or near Hartington Road,E01022806,Gosport 007A,Public order,Unable to prosecute suspect,
2de488c78ae1692a8efd78a383047475e150749c9437cb3cabea75ccf345c800,2024-03,Hampshire Constabulary,Hampshire Constabulary,-1.152652,50.804714,On or near Mortimore Road,E01022806,Gosport 007A,Vehicle crime,Investigation complete; no suspect identified,
4b4078b37fdcdd132d1cfd66416a5d2ee4fc20d3ce68b6bcfaca5e2de52ffc84,2024-03,Hampshire Constabulary,Hampshire Constabulary,-1.149909,50.803354,On or near Burnett Road,E01022806,Gosport 007A,Violence and sexual offences,Unable to prosecute suspect,
df84101325fb6cbeda7e7e04bf131e547e0a241d7b8975dd81902a7f3a5b8a31,2024-03,Hampshire Constabulary,Hampshire Constabulary,-1.153438,50.805169,On or near Harding Road,E01022806,Gosport 007A,Violence and sexual offences,Status update unavailable,
e8c2f90ce4cff2cbd9278fc093f23dc2b3ddfd44f9f9da4dfafe6fe8cc81341e,2024-03,Hampshire Constabulary,Hampshire Constabulary,-1.146914,50.798683,On or near St Faith'S Close,E01022832,Gosport 007D,Drugs,Local resolution,
90b254c740b6aeb25e767b917f3fc1b07f395adf4bf130c305607a1a7d9c0fcc,2024-03,Hampshire Constabulary,Hampshire Constabulary,-1.146914,50.798683,On or near St Faith'S Close,E01022832,Gosport 007D,Public order,Investigation complete; no suspect identified,
a79aefa97bccd3ddc19a2692c3cd75c8107e37e7bd5d2128b41629787bdbd7d9,2024-03,Hampshire Constabulary,Hampshire Constabulary,-1.145900,50.799053,On or near Leesland Road,E01022832,Gosport 007D,Vehicle crime,Investigation complete; no suspect identified,
a3ea1e4a4f329207f96d2f167a4472dd40f6784f1a91cecdfcfbe21635721040,2024-03,Hampshire Constabulary,Hampshire Constabulary,-1.149524,50.796409,On or near Westfield Road,E01022839,Gosport 007E,Criminal damage and arson,Unable to prosecute suspect,
ce28da07ec6cbafcd0dfcee4ddc3ef3ab980103f1fe2a9c4cfd1136573a1c78d,2024-03,Hampshire Constabulary,Hampshire Constabulary,-1.156418,50.797304,On or near Wilmott Close,E01022839,Gosport 007E,Drugs,Awaiting court outcome,
ad44be87ba9bd17f97504f17fd9a8898a057763146bc21cfff324cef97c7a62e,2024-03,Hampshire Constabulary,Hampshire Constabulary,-1.151620,50.795857,On or near Salerno Drive,E01022839,Gosport 007E,Public order,Unable to prosecute suspect,
41ec786a09e7f34da3d18db618a804e900ba710b368dbe954bf67afc03d6c926,2024-03,Hampshire Constabulary,Hampshire Constabulary,-1.151620,50.795857,On or near Salerno Drive,E01022839,Gosport 007E,Public order,Unable to prosecute suspect,
5148f07d6e02bdc3ede1b56c54fcd82737830a04e961b0182cd2e9b6bb397315,2024-03,Hampshire Constabulary,Hampshire Constabulary,-1.151620,50.795857,On or near Salerno Drive,E01022839,Gosport 007E,Public order,Unable to prosecute suspect,
300d6b5a9c2274415222a9f24a9e997a3e074fed7f1328db5643b3013c5eea5b,2024-03,Hampshire Constabulary,Hampshire Constabulary,-1.150905,50.796167,On or near Dieppe Gardens,E01022839,Gosport 007E,Violence and sexual offences,Unable to prosecute suspect,
1f4c47e7863f120c1360c69896871e32637a97d163429c02141f731da7f92e57,2024-03,Hampshire Constabulary,Hampshire Constabulary,-1.149524,50.796409,On or near Westfield Road,E01022839,Gosport 007E,Violence and sexual offences,Unable to prosecute suspect,
ff24e58d4b762bc9ed5b66c3d83f003bda8e374d3f44a26e6a223bd253f922dd,2024-03,Hampshire Constabulary,Hampshire Constabulary,-1.156418,50.797304,On or near Wilmott Close,E01022839,Gosport 007E,Violence and sexual offences,Unable to prosecute suspect,
98f78320ecb9f600eb6a7f27c9b438d82af02317e7649e6c1a7349f3f65344a1,2024-03,Hampshire Constabulary,Hampshire Constabulary,-1.156418,50.797304,On or near Wilmott Close,E01022839,Gosport 007E,Violence and sexual offences,Offender given a caution,
d87a1dfba001fdc8a7195f1e4865af6f55fb711e70fcc891d006d6f9d4874604,2024-03,Hampshire Constabulary,Hampshire Constabulary,-1.150905,50.796167,On or near Dieppe Gardens,E01022839,Gosport 007E,Violence and sexual offences,Unable to prosecute suspect,
28b3f86c6a289f84b16369139803b498cfdf9c5d1f87cbb9e49d4a365f19fa36,2024-03,Hampshire Constabulary,Hampshire Constabulary,-1.151620,50.795857,On or near Salerno Drive,E01022839,Gosport 007E,Other theft,Investigation complete; no suspect identified,
365380372b69aea3f6e11ce791006f787b666ce09e6d0fc23f3b04d8081f1349,2024-03,Hampshire Constabulary,Hampshire Constabulary,-1.156418,50.797304,On or near Wilmott Close,E01022839,Gosport 007E,Violence and sexual offences,Unable to prosecute suspect,
74d2d12c2179319b9013eaec917ce8a2edcf82db041eaecd4eb1d3e67f6e87a0,2024-03,Hampshire Constabulary,Hampshire Constabulary,-1.150531,50.794869,On or near Cheriton Road,E01022839,Gosport 007E,Violence and sexual offences,Unable to prosecute suspect,
c17511295fe69cada945cef4105706a805738b857bdfadce8e7a2f203aa3c13c,2024-03,Hampshire Constabulary,Hampshire Constabulary,-1.151620,50.795857,On or near Salerno Drive,E01022839,Gosport 007E,Violence and sexual offences,Unable to prosecute suspect,
21dfcf512a6d277d856483a8f065d046ed4d03b9073edc90faa3262299afbcb3,2024-03,Hampshire Constabulary,Hampshire Constabulary,-1.149929,50.795215,On or near Selborne Gardens,E01022839,Gosport 007E,Other crime,Status update unavailable,
1b0071368d55c40c56f6cf368451178628215e5a0dbd33e34f10f230872e2804,2024-03,Hampshire Constabulary,Hampshire Constabulary,-1.152484,50.797500,On or near Wilmott Lane,E01032884,Gosport 007F,Other theft,Investigation complete; no suspect identified,
4506fe4e9d316ca23812759c2d8f2e9c0393c0bb531a03f3baacf1ec2568f3b3,2024-03,Hampshire Constabulary,Hampshire Constabulary,-1.154817,50.811321,On or near Petrol Station,E01032884,Gosport 007F,Possession of weapons,Unable to prosecute suspect,
45b97033fefff8006c19c0f4ec6d91b5576e2ba33dfdd4ccefa0762545f4c298,2024-03,Hampshire Constabulary,Hampshire Constabulary,-1.154817,50.811321,On or near Petrol Station,E01032884,Gosport 007F,Possession of weapons,Further action is not in the public interest,
4a2b24278ebdd112f40f5398680105414ca30373e14601a25a75c969104ccb17,2024-03,Hampshire Constabulary,Hampshire Constabulary,-1.152484,50.797500,On or near Wilmott Lane,E01032884,Gosport 007F,Violence and sexual offences,Unable to prosecute suspect,
5aa4212393187e052d8fbe5cde1368fa436499259576485b3d24bafd24c47048,2024-03,Hampshire Constabulary,Hampshire Constabulary,-1.156611,50.803942,On or near Allenby Road,E01032884,Gosport 007F,Violence and sexual offences,Investigation complete; no suspect identified,
4997621b9e7e3872de8eedbee5846da841adfcf1c398e0e101c2a2fff8e038f2,2024-03,Hampshire Constabulary,Hampshire Constabulary,-1.155593,50.804519,On or near Roberts Road,E01032884,Gosport 007F,Violence and sexual offences,Unable to prosecute suspect,
dafe0b61711e7d91577af1e8e917746e03acd049eac49d241a2cef7264e2d1ff,2024-03,Hampshire Constabulary,Hampshire Constabulary,-1.154817,50.811321,On or near Petrol Station,E01032884,Gosport 007F,Violence and sexual offences,Investigation complete; no suspect identified,
3faf3fd135dde795219e4dc301ef2329049518aead0ce0b78a8a26633fe4d000,2024-03,Hampshire Constabulary,Hampshire Constabulary,-1.154817,50.811321,On or near Petrol Station,E01032884,Gosport 007F,Violence and sexual offences,Action to be taken by another organisation,
20b94b60003b9aee40d4cc7e6f1e2016c50122e16a37bae25b11d9008e6b621c,2024-03,Hampshire Constabulary,Hampshire Constabulary,-1.154817,50.811321,On or near Petrol Station,E01032884,Gosport 007F,Violence and sexual offences,Unable to prosecute suspect,
c624253081f0e2c12cacc2d8ad5c46fceda030165902beb4ea2662e4efce47dd,2024-03,Hampshire Constabulary,Hampshire Constabulary,-1.154817,50.811321,On or near Petrol Station,E01032884,Gosport 007F,Violence and sexual offences,Action to be taken by another organisation,
0e24b7377e3feef2ba0ff8da4bf538e7626ef095d1229223cdb49809f9631710,2024-03,Hampshire Constabulary,Hampshire Constabulary,-1.153961,50.806845,On or near Thamesmead Close,E01032884,Gosport 007F,Violence and sexual offences,Unable to prosecute suspect,
f538bafa2a81833617dcfe5988008edca94600fbdb761fa8969bbc1f4e9b684f,2024-03,Hampshire Constabulary,Hampshire Constabulary,-1.154817,50.811321,On or near Petrol Station,E01032884,Gosport 007F,Violence and sexual offences,Unable to prosecute suspect,
2915e4e85f26376d363dacf2a7f182a5b1f46737757bdceb9dc75f359c45a36f,2024-03,Hampshire Constabulary,Hampshire Constabulary,-1.159178,50.803232,On or near Military Road,E01032884,Gosport 007F,Other crime,Unable to prosecute suspect,
,2024-03,Hampshire Constabulary,Hampshire Constabulary,-1.154965,50.799182,On or near Newport Road,E01032884,Gosport 007F,Anti-social behaviour,,
40733760949f596684f55b14c9cbc30a47de6dcb93871691be2cec15ee5ec7ef,2024-03,Hampshire Constabulary,Hampshire Constabulary,-1.154817,50.811321,On or near Petrol Station,E01032884,Gosport 007F,Bicycle theft,Investigation complete; no suspect identified,
529fe76262d0de0ffe70dc093bb7a4390c168889ffbeeaec3f915f566eaf404c,2024-03,Hampshire Constabulary,Hampshire Constabulary,-1.154817,50.811321,On or near Petrol Station,E01032884,Gosport 007F,Burglary,Investigation complete; no suspect identified,
505fbc1b9a1cb0cb930468e963709fa91c9052ccb64e6904fccba2ade3f2f4c9,2024-03,Hampshire Constabulary,Hampshire Constabulary,-1.153961,50.806845,On or near Thamesmead Close,E01032884,Gosport 007F,Criminal damage and arson,Investigation complete; no suspect identified,
9aeb991c33fa217d28277f6574653787c633f149791aea4ee2c667e7448a344c,2024-03,Hampshire Constabulary,Hampshire Constabulary,-1.152026,50.801625,On or near Northcroft Road,E01032884,Gosport 007F,Other theft,Investigation complete; no suspect identified,
12a4196539ecbab6d93f31663ca325f483edbe2be56de2a88b6d4408359ef643,2024-03,Hampshire Constabulary,Hampshire Constabulary,-1.154817,50.811321,On or near Petrol Station,E01032884,Gosport 007F,Robbery,Investigation complete; no suspect identified,
35c449bc3e95327ad6862114e9df19935e1830cf7e6435b54199f1787992959c,2024-03,Hampshire Constabulary,Hampshire Constabulary,-1.152484,50.797500,On or near Wilmott Lane,E01032884,Gosport 007F,Violence and sexual offences,Unable to prosecute suspect,
0e7e94e206a87323fe646e7b9d3a1fa389ca57064b33ea7f4e2ce3ce81be0170,2024-03,Hampshire Constabulary,Hampshire Constabulary,-1.153961,50.806845,On or near Thamesmead Close,E01032884,Gosport 007F,Violence and sexual offences,Investigation complete; no suspect identified,
769ef98d3eeaa76c7542428abf1d079a800e654f4921944f8d7960ba354e09ec,2024-03,Hampshire Constabulary,Hampshire Constabulary,-1.129672,50.794976,On or near Prince Of Wales Road,E01022810,Gosport 008A,Drugs,Local resolution,
2ea3fd6460d41cd4e8cb93bb62e3d0154ad7ffb01278c1c820ed00c93f247db9,2024-03,Hampshire Constabulary,Hampshire Constabulary,-1.130297,50.796447,On or near Carlton Way,E01022810,Gosport 008A,Other theft,Investigation complete; no suspect identified,
c586e1246421f34e579c60331598288b472a09ed29674ec975f3849df430ba0e,2024-03,Hampshire Constabulary,Hampshire Constabulary,-1.130633,50.794390,On or near Joseph Street,E01022810,Gosport 008A,Public order,Unable to prosecute suspect,
62f95d8cb0a7b065b410a23c7097773af44c0ba1650a7c4582becebe9392ede2,2024-03,Hampshire Constabulary,Hampshire Constabulary,-1.131957,50.795686,On or near Peel Road,E01022810,Gosport 008A,Violence and sexual offences,Formal action is not in the public interest,
beec91db48b1c57ed32a769e7a8fdcfe1b69a8f25b00247718e50a82d9502550,2024-03,Hampshire Constabulary,Hampshire Constabulary,-1.129856,50.794213,On or near Henry Street,E01022810,Gosport 008A,Violence and sexual offences,Unable to prosecute suspect,
541d8015f289bdf5adb39ba77e2d42278cdd0ff2c43b1b915309d86df8b80108,2024-03,Hampshire Constabulary,Hampshire Constabulary,-1.132578,50.796644,On or near Fey Road,E01022810,Gosport 008A,Criminal damage and arson,Investigation complete; no suspect identified,
8e4333171c62570802beaa580b89fb6cf413c19120bc2407604e82f41687adb1,2024-03,Hampshire Constabulary,Hampshire Constabulary,-1.131876,50.793914,On or near Parking Area,E01022810,Gosport 008A,Criminal damage and arson,Investigation complete; no suspect identified,
5945a23c186be291e0a475f2572da98301bf644351aa0cea59dc928f3e9de66f,2024-03,Hampshire Constabulary,Hampshire Constabulary,-1.131876,50.793914,On or near Parking Area,E01022810,Gosport 008A,Criminal damage and arson,Unable to prosecute suspect,
bd15e08fd0f9e05f85ef38463a1fbcbab1322377c55423136913ea288b9c1a91,2024-03,Hampshire Constabulary,Hampshire Constabulary,-1.129856,50.794213,On or near Henry Street,E01022810,Gosport 008A,Other theft,Investigation complete; no suspect identified,
f0a31190c5cd8d0b43412dbe08fae5146018ec0185eef5b6715bf1cdfcd1e157,2024-03,Hampshire Constabulary,Hampshire Constabulary,-1.131860,50.796332,On or near Carlton Road,E01022810,Gosport 008A,Vehicle crime,Investigation complete; no suspect identified,
3bc3689d703e7203dc440279a78be75f40cfe875b1ae6b6517fc62809ce58991,2024-03,Hampshire Constabulary,Hampshire Constabulary,-1.131876,50.793914,On or near Parking Area,E01022810,Gosport 008A,Violence and sexual offences,Investigation complete; no suspect identified,
ee7c0ed9a65404bfa6fb2ddd73fab8e01c2da306e046a62e9c34646808a6854f,2024-03,Hampshire Constabulary,Hampshire Constabulary,-1.135230,50.794406,On or near Elmhurst Road,E01022810,Gosport 008A,Violence and sexual offences,Unable to prosecute suspect,
101a1ef3e1091c7aca94177ab2ed0da0f9cc1a7e41e8d3008a1bfe21175d1f9c,2024-03,Hampshire Constabulary,Hampshire Constabulary,-1.137190,50.791966,On or near Victoria Place,E01022810,Gosport 008A,Violence and sexual offences,Investigation complete; no suspect identified,
84f36043b442b857d8c48867f68f71fda98c8b64e59cdf086a54d61a2ab02375,2024-03,Hampshire Constabulary,Hampshire Constabulary,-1.130297,50.796447,On or near Carlton Way,E01022810,Gosport 008A,Other crime,Further action is not in the public interest,
639339f7169183320e8385f3eb0a9992c9c3b78d3195bf9e8632c3172b3ead00,2024-03,Hampshire Constabulary,Hampshire Constabulary,-1.141372,50.797617,On or near Cottage Grove,E01022833,Gosport 008C,Burglary,Further action is not in the public interest,
3a3a9ac4a661a01d2603aac041d7807ea14cb36e915256e80869968eb865c9ff,2024-03,Hampshire Constabulary,Hampshire Constabulary,-1.138674,50.802318,On or near Mill Pond Road,E01022833,Gosport 008C,Public order,Unable to prosecute suspect,
755a8aac0a405100760d19f499f0ac60ff78db6b562fc66fdd2a04ccf787165d,2024-03,Hampshire Constabulary,Hampshire Constabulary,-1.139114,50.800028,On or near Forton Road,E01022833,Gosport 008C,Public order,Investigation complete; no suspect identified,
ce436db3ea7c7aea63806f3ddac67b685422420da3df3b168b1cd59e43b55d31,2024-03,Hampshire Constabulary,Hampshire Constabulary,-1.142082,50.800671,On or near Parking Area,E01022833,Gosport 008C,Shoplifting,Investigation complete; no suspect identified,
33aab25621c1a1abfb3be079ea293e547fb385769e07dbecf3918051c3fd9556,2024-03,Hampshire Constabulary,Hampshire Constabulary,-1.142937,50.796612,On or near Lavinia Road,E01022833,Gosport 008C,Violence and sexual offences,Unable to prosecute suspect,
f1003d07e7babea810a25bcd213d317349932f9e705f7c324b08cebcf92e195a,2024-03,Hampshire Constabulary,Hampshire Constabulary,-1.138129,50.800327,On or near Willow Place,E01022833,Gosport 008C,Violence and sexual offences,Awaiting court outcome,
e638f247a025b5e4f584b8879280160be269f25291b20d03fa448c5c0b050060,2024-03,Hampshire Constabulary,Hampshire Constabulary,-1.140730,50.799339,On or near St John'S Close,E01022833,Gosport 008C,Violence and sexual offences,Unable to prosecute suspect,
345abccb4f2a8f73b10d6e5c95c700dec1f4434a9929fe23bd5f8d48d414d495,2024-03,Hampshire Constabulary,Hampshire Constabulary,-1.140730,50.799339,On or near St John'S Close,E01022833,Gosport 008C,Violence and sexual offences,Unable to prosecute suspect,
f559dffd56b0c8a55fe0a98ab8790833d2d5dd027a9683635f52303f21c55272,2024-03,Hampshire Constabulary,Hampshire Constabulary,-1.140730,50.799339,On or near St John'S Close,E01022833,Gosport 008C,Violence and sexual offences,Unable to prosecute suspect,
fa8dca5aa85502c3e78cee6aa706340740a36ce8139ffa4b080ded3eaffad67c,2024-03,Hampshire Constabulary,Hampshire Constabulary,-1.138129,50.800327,On or near Willow Place,E01022833,Gosport 008C,Other crime,Unable to prosecute suspect,
f1982b364eb703ebdada092fb73e11384adbccae9b6e5bf9e5c23b1a5c4c7e13,2024-03,Hampshire Constabulary,Hampshire Constabulary,-1.138129,50.800327,On or near Willow Place,E01022833,Gosport 008C,Other crime,Unable to prosecute suspect,
6f8aeb3af4344022f02eb072dcb09aeeb8e2c4e05ef52f91e48a7ddde584e43f,2024-03,Hampshire Constabulary,Hampshire Constabulary,-1.139114,50.800028,On or near Forton Road,E01022833,Gosport 008C,Burglary,Investigation complete; no suspect identified,
33396f99ab7c57f5d6c7729bd017ae0c717691ed07985c47c923a303689aa8be,2024-03,Hampshire Constabulary,Hampshire Constabulary,-1.142640,50.798112,On or near Pelham Road,E01022833,Gosport 008C,Criminal damage and arson,Investigation complete; no suspect identified,
ddd6876de5f4cab86fb35b272881e8a04e2c68124a89d08a9cb771c37832b90c,2024-03,Hampshire Constabulary,Hampshire Constabulary,-1.142640,50.798112,On or near Pelham Road,E01022833,Gosport 008C,Criminal damage and arson,Investigation complete; no suspect identified,
4f1cdccc2b94209d0e9ae911f0f52f48949d4a16c0ce61438428bf5a00cb48ce,2024-03,Hampshire Constabulary,Hampshire Constabulary,-1.140730,50.799339,On or near St John'S Close,E01022833,Gosport 008C,Public order,Investigation complete; no suspect identified,
3764caef93249bc6790316e9742f3567f9a8c7575eb39da90dcd7805a9016b20,2024-03,Hampshire Constabulary,Hampshire Constabulary,-1.141252,50.800278,On or near Trafalgar Square,E01022833,Gosport 008C,Public order,Investigation complete; no suspect identified,
68dc8690af520214798fc9c68fc09db6715df6a7d0ad3fb71da1154959f1098a,2024-03,Hampshire Constabulary,Hampshire Constabulary,-1.143717,50.799729,On or near Chilworth Grove,E01022833,Gosport 008C,Violence and sexual offences,Status update unavailable,
1721dab1f6de3934f18f01d6ab719c3365ffd9ad9ddf7b49affa5d52505f5415,2024-03,Hampshire Constabulary,Hampshire Constabulary,-1.142937,50.796612,On or near Lavinia Road,E01022833,Gosport 008C,Violence and sexual offences,Unable to prosecute suspect,
78adf32ac7810299e1de9085edaddbb3e4b4c6cef8c065a50e4d67782d657e63,2024-03,Hampshire Constabulary,Hampshire Constabulary,-1.131197,50.790024,On or near Old Road,E01022843,Gosport 008D,Criminal damage and arson,Local resolution,
4c5e65eef8b84531cdbebad9fda425b033b051e574878495bf9682b989c4325e,2024-03,Hampshire Constabulary,Hampshire Constabulary,-1.130491,50.792887,On or near The Anchorage,E01022843,Gosport 008D,Drugs,Local resolution,
f62e6904f81e3ec71fa86a0f34b89c80616c81b99617ab5f7255feed94677b34,2024-03,Hampshire Constabulary,Hampshire Constabulary,-1.127799,50.792660,On or near Nyria Way,E01022843,Gosport 008D,Drugs,Unable to prosecute suspect,
635032b68ca33c6444a1604bf6190e4df3b3b1646ecd57dbc262b9d56f47263f,2024-03,Hampshire Constabulary,Hampshire Constabulary,-1.127799,50.792660,On or near Nyria Way,E01022843,Gosport 008D,Drugs,Local resolution,
05de0040cf8493454c5277bc4ce05d40d2211aa5c10b44b5ca41c34b998a1e7a,2024-03,Hampshire Constabulary,Hampshire Constabulary,-1.127582,50.789880,On or near Mariners Way,E01022843,Gosport 008D,Possession of weapons,Court result unavailable,
ff64db5a63b96afabf9c6014464bb8fe129db2c869befb34507e0bba6902f8be,2024-03,Hampshire Constabulary,Hampshire Constabulary,-1.128866,50.790240,On or near Dolman Road,E01022843,Gosport 008D,Public order,Unable to prosecute suspect,
cf3cbd3fcb157437d8e836f209c0b43cc05f7d43bf7267656f50d853937c0a29,2024-03,Hampshire Constabulary,Hampshire Constabulary,-1.127961,50.793147,On or near Shamrock Close,E01022843,Gosport 008D,Theft from the person,Unable to prosecute suspect,
09ef59b305dbd401aa4451408e7d5d86e895d8656c1dd998a1fd65a04cbcbab5,2024-03,Hampshire Constabulary,Hampshire Constabulary,-1.127582,50.789880,On or near Mariners Way,E01022843,Gosport 008D,Violence and sexual offences,Unable to prosecute suspect,
427869fe9df417df8185401b4885a92720bd96f3009cf4cb30aba6815db4a537,2024-03,Hampshire Constabulary,Hampshire Constabulary,-1.127582,50.789880,On or near Mariners Way,E01022843,Gosport 008D,Violence and sexual offences,Court result unavailable,
cfa911bd9cddcefc362a5dcd3f896945707053ecf3a0d34c8549ff291720dd6d,2024-03,Hampshire Constabulary,Hampshire Constabulary,-1.130491,50.792887,On or near The Anchorage,E01022843,Gosport 008D,Violence and sexual offences,Unable to prosecute suspect,
af67645d7e75c5f357f9512e0da2557e85cf1264f55a5add1f71ac2c2cfe6b66,2024-03,Hampshire Constabulary,Hampshire Constabulary,-1.127961,50.793147,On or near Shamrock Close,E01022843,Gosport 008D,Violence and sexual offences,Unable to prosecute suspect,
d7874aab0af5c29cd60fdaeb030c0e551366745616a8df440793967419e2a671,2024-03,Hampshire Constabulary,Hampshire Constabulary,-1.129355,50.793679,On or near South Street,E01022843,Gosport 008D,Violence and sexual offences,Unable to prosecute suspect,
5f95e46c5e25f2a994df1979fc491b75c42d7a9efad1711dea22210d8205dda4,2024-03,Hampshire Constabulary,Hampshire Constabulary,-1.130491,50.792887,On or near The Anchorage,E01022843,Gosport 008D,Violence and sexual offences,Investigation complete; no suspect identified,
33ccf5545c392fa8d59e38d7b478b0cf65e265358d2e252598782c60d9b1cfae,2024-03,Hampshire Constabulary,Hampshire Constabulary,-1.130491,50.792887,On or near The Anchorage,E01022843,Gosport 008D,Violence and sexual offences,Local resolution,
47314f101a578b240b5be7133f0c7bfe0da463d2aa3afc6a2a0c5856027a5be7,2024-03,Hampshire Constabulary,Hampshire Constabulary,-1.130491,50.792887,On or near The Anchorage,E01022843,Gosport 008D,Violence and sexual offences,Investigation complete; no suspect identified,
430aba47eb3cd9406e552498206fe0fa3e8d566c35356b2c5b4fc334caed0c64,2024-03,Hampshire Constabulary,Hampshire Constabulary,-1.128866,50.790240,On or near Dolman Road,E01022843,Gosport 008D,Other crime,Action to be taken by another organisation,
,2024-03,Hampshire Constabulary,Hampshire Constabulary,-1.126604,50.794360,On or near Creek Road,E01022843,Gosport 008D,Anti-social behaviour,,
f0d3fad1d7f9818dc867a400a2d59daf1d2cfac47f16932276542af82fdbade7,2024-03,Hampshire Constabulary,Hampshire Constabulary,-1.128866,50.790240,On or near Dolman Road,E01022843,Gosport 008D,Criminal damage and arson,Investigation complete; no suspect identified,
3066f22a7157bbfb8388eb5765205e53b1a83bab24d484725fd569b50f866186,2024-03,Hampshire Constabulary,Hampshire Constabulary,-1.129355,50.793679,On or near South Street,E01022843,Gosport 008D,Criminal damage and arson,Investigation complete; no suspect identified,
d8e6f02c34683701051a9d8c892cc17107da403e576899d00910bfaca643c6c8,2024-03,Hampshire Constabulary,Hampshire Constabulary,-1.130491,50.792887,On or near The Anchorage,E01022843,Gosport 008D,Criminal damage and arson,Investigation complete; no suspect identified,
fadc93092cf8b2508ca0aa6034b209408e3b1693d07c93f3d897dac3c7e55eb1,2024-03,Hampshire Constabulary,Hampshire Constabulary,-1.128866,50.790240,On or near Dolman Road,E01022843,Gosport 008D,Other theft,Investigation complete; no suspect identified,
0eb1d4bd65976db0ab53ff4bbe832a7029825b2a5f403070e4dbe6378aa579b7,2024-03,Hampshire Constabulary,Hampshire Constabulary,-1.127799,50.792660,On or near Nyria Way,E01022843,Gosport 008D,Other theft,Investigation complete; no suspect identified,
819f910229b15ddca0aac3e06466137315d3c52d018c0406066b634d0e4e193d,2024-03,Hampshire Constabulary,Hampshire Constabulary,-1.131197,50.790024,On or near Old Road,E01022843,Gosport 008D,Public order,Investigation complete; no suspect identified,
3db35ba89193a43c6fddee44946890d64c2397987717970e22f125059ece62f1,2024-03,Hampshire Constabulary,Hampshire Constabulary,-1.135006,50.792732,On or near Supermarket,E01022843,Gosport 008D,Shoplifting,Investigation complete; no suspect identified,
55ccb77aa9cad6e2b4fb52e643cfdf1f25541aaea188e6e647ed878390ab6547,2024-03,Hampshire Constabulary,Hampshire Constabulary,-1.128866,50.790240,On or near Dolman Road,E01022843,Gosport 008D,Vehicle crime,Investigation complete; no suspect identified,
ab0a7eb2ab07eef129652f6ef0ea398171cff63875a22d556e893b60ac1441be,2024-03,Hampshire Constabulary,Hampshire Constabulary,-1.135006,50.792732,On or near Supermarket,E01022843,Gosport 008D,Violence and sexual offences,Status update unavailable,
3a20ac44f2b134b599f0e2bc0ecbd091066e5e574823448d25defbf89e62db82,2024-03,Hampshire Constabulary,Hampshire Constabulary,-1.127582,50.789880,On or near Mariners Way,E01022843,Gosport 008D,Violence and sexual offences,Status update unavailable,
e07cb94e049c3b8cea935663b77d86c9755cc81a508b387a92f350b80977df38,2024-03,Hampshire Constabulary,Hampshire Constabulary,-1.124118,50.793784,On or near Parking Area,E01032878,Gosport 008F,Bicycle theft,Unable to prosecute suspect,
a1ca53fd1b1269efffb89da449fc4c5552d79c72ee8036215819232dfd1edbac,2024-03,Hampshire Constabulary,Hampshire Constabulary,-1.121464,50.795328,On or near High Street,E01032878,Gosport 008F,Drugs,Formal action is not in the public interest,
865a3243202b090526a65b67f8c49dbddde973606194f800da876a49b518318f,2024-03,Hampshire Constabulary,Hampshire Constabulary,-1.120564,50.795663,On or near Minnitt Road,E01032878,Gosport 008F,Possession of weapons,Unable to prosecute suspect,
434e6cd5efedb2acefbc08cffbf44cb8972bf91f45a727917f8c82dc940e2f71,2024-03,Hampshire Constabulary,Hampshire Constabulary,-1.123445,50.794840,On or near Thorngate Way,E01032878,Gosport 008F,Public order,Local resolution,
4b06dad65acb787a34cd3f4863d49685f0a5684761174b32294cf403b8c6d3f4,2024-03,Hampshire Constabulary,Hampshire Constabulary,-1.123445,50.794840,On or near Thorngate Way,E01032878,Gosport 008F,Public order,Local resolution,
afa398cc21d5fa1a5c35424d6a46ee2ab7e10b5eeaa1703e43311b6514f3046e,2024-03,Hampshire Constabulary,Hampshire Constabulary,-1.120564,50.795663,On or near Minnitt Road,E01032878,Gosport 008F,Public order,Formal action is not in the public interest,
980a84fbc6b5479d078fcdb5d36280249a873f9c73e83a3c646e5fa367ade528,2024-03,Hampshire Constabulary,Hampshire Constabulary,-1.120564,50.795663,On or near Minnitt Road,E01032878,Gosport 008F,Shoplifting,Court result unavailable,
7e7b127e900d8b61dd8e0f63cd2cc7871b2d643278635c1a6fa8c002082ba687,2024-03,Hampshire Constabulary,Hampshire Constabulary,-1.123445,50.794840,On or near Thorngate Way,E01032878,Gosport 008F,Shoplifting,Investigation complete; no suspect identified,
5db9fce1fcc9afd1c0163dc2f53e7e75e801e9a1cbacd73ea30454f8cbe62065,2024-03,Hampshire Constabulary,Hampshire Constabulary,-1.120564,50.795663,On or near Minnitt Road,E01032878,Gosport 008F,Shoplifting,Investigation complete; no suspect identified,
f67feae568611bbdf9b23af07e499714572a2ac07fbdb7ca26b7507f31d6385d,2024-03,Hampshire Constabulary,Hampshire Constabulary,-1.120076,50.794464,On or near Parking Area,E01032878,Gosport 008F,Shoplifting,Unable to prosecute suspect,
c02f721d61975888bb044a4d882552dee4d611285dc554c2982ec9713c383546,2024-03,Hampshire Constabulary,Hampshire Constabulary,-1.126559,50.795286,On or near Supermarket,E01032878,Gosport 008F,Shoplifting,Investigation complete; no suspect identified,
d6b22435196dfd3e3b68c698bcb6688615582514f42c10f556657f136a9a146f,2024-03,Hampshire Constabulary,Hampshire Constabulary,-1.123445,50.794840,On or near Thorngate Way,E01032878,Gosport 008F,Theft from the person,Unable to prosecute suspect,
8992d2992655df31fd77cfcd27872b86e509c1729274f1f9a0ed57ad61087a0f,2024-03,Hampshire Constabulary,Hampshire Constabulary,-1.121899,50.794828,On or near Coates Road,E01032878,Gosport 008F,Vehicle crime,Unable to prosecute suspect,
d13cfc9f9b84f81c200667c405e0fe1b25f33dd4e8e3e17705e7390ddcbd2817,2024-03,Hampshire Constabulary,Hampshire Constabulary,-1.125351,50.796913,On or near St Georges Walk,E01032878,Gosport 008F,Violence and sexual offences,Unable to prosecute suspect,
52f1073fc589298c1c5404a63e75a34a7dae27fc70b45b7d9017e5d7e9dab6ed,2024-03,Hampshire Constabulary,Hampshire Constabulary,-1.125621,50.795369,On or near Ordnance Road,E01032878,Gosport 008F,Violence and sexual offences,Unable to prosecute suspect,
facdf952b3e655a355ebe61c6984b3fa529fe802c634a21437a866bb71e4a106,2024-03,Hampshire Constabulary,Hampshire Constabulary,-1.125621,50.795369,On or near Ordnance Road,E01032878,Gosport 008F,Violence and sexual offences,Unable to prosecute suspect,
d1dce27a926db8f01b446038b48728e169a3a314e96ff67817f99957b3ba5343,2024-03,Hampshire Constabulary,Hampshire Constabulary,-1.120564,50.795663,On or near Minnitt Road,E01032878,Gosport 008F,Violence and sexual offences,Court result unavailable,
90c8ee0cc78f21fd83ba30150c02cbdda41c22dfa1e7ca54a7c9db5302d6d8c7,2024-03,Hampshire Constabulary,Hampshire Constabulary,-1.123058,50.795817,On or near Parking Area,E01032878,Gosport 008F,Violence and sexual offences,Unable to prosecute suspect,
b7d872d01c8a346235409816c8a460e33964be9c35509c6d7fc8691264bf60f6,2024-03,Hampshire Constabulary,Hampshire Constabulary,-1.125621,50.795369,On or near Ordnance Road,E01032878,Gosport 008F,Violence and sexual offences,Unable to prosecute suspect,
d1fde2152a9cfd28d7247a8c9e8be8bc0ed31eae74038329ca27ab8651826106,2024-03,Hampshire Constabulary,Hampshire Constabulary,-1.120076,50.794464,On or near Parking Area,E01032878,Gosport 008F,Violence and sexual offences,Court result unavailable,
de0f77b2380126970fb689c41798cf4f5748ef0311fcba83912ce498dfafc187,2024-03,Hampshire Constabulary,Hampshire Constabulary,-1.122183,50.794057,On or near Church Path,E01032878,Gosport 008F,Violence and sexual offences,Unable to prosecute suspect,
b0bc88b0cbb530638ee464bbe2a35b8a0732df05e1afaf9fd32387925f1a787d,2024-03,Hampshire Constabulary,Hampshire Constabulary,-1.120564,50.795663,On or near Minnitt Road,E01032878,Gosport 008F,Violence and sexual offences,Formal action is not in the public interest,
41c0fd4706c688f90ff6430dd7a886b5f2d514de9ef3778e96adf9d4e352807c,2024-03,Hampshire Constabulary,Hampshire Constabulary,-1.125621,50.795369,On or near Ordnance Road,E01032878,Gosport 008F,Violence and sexual offences,Court result unavailable,
171469c2857afb7134b90a61c5a362a16bc61c271798cb4a2175b1dd7ff3f66a,2024-03,Hampshire Constabulary,Hampshire Constabulary,-1.124118,50.793784,On or near Parking Area,E01032878,Gosport 008F,Violence and sexual offences,Unable to prosecute suspect,
,2024-03,Hampshire Constabulary,Hampshire Constabulary,-1.126043,50.797062,On or near Pavilion Way,E01032878,Gosport 008F,Anti-social behaviour,,
,2024-03,Hampshire Constabulary,Hampshire Constabulary,-1.123445,50.794840,On or near Thorngate Way,E01032878,Gosport 008F,Anti-social behaviour,,
,2024-03,Hampshire Constabulary,Hampshire Constabulary,-1.123445,50.794840,On or near Thorngate Way,E01032878,Gosport 008F,Anti-social behaviour,,
,2024-03,Hampshire Constabulary,Hampshire Constabulary,-1.125621,50.795369,On or near Ordnance Road,E01032878,Gosport 008F,Anti-social behaviour,,
,2024-03,Hampshire Constabulary,Hampshire Constabulary,-1.120564,50.795663,On or near Minnitt Road,E01032878,Gosport 008F,Anti-social behaviour,,
,2024-03,Hampshire Constabulary,Hampshire Constabulary,-1.127010,50.794678,On or near Walpole Road,E01032878,Gosport 008F,Anti-social behaviour,,
e55c9cb1d6d175496c85f85a0892ce03fdff85e63e2dc78c539f58eeb2b1deef,2024-03,Hampshire Constabulary,Hampshire Constabulary,-1.120564,50.795663,On or near Minnitt Road,E01032878,Gosport 008F,Criminal damage and arson,Investigation complete; no suspect identified,
2b6d0e0071d6be7971d99f10ead6b2411ea599affa6772970b79824e03f0e8db,2024-03,Hampshire Constabulary,Hampshire Constabulary,-1.125351,50.796913,On or near St Georges Walk,E01032878,Gosport 008F,Drugs,Status update unavailable,
d147a364608caeefec99e637ba72b6c53aa751ef590a26e059c81cef3cffa486,2024-03,Hampshire Constabulary,Hampshire Constabulary,-1.125621,50.795369,On or near Ordnance Road,E01032878,Gosport 008F,Other theft,Unable to prosecute suspect,
4c99f19be4567dc824e1d39b7086be3c128b315b7c249f3d0bcf7e10a86e48fd,2024-03,Hampshire Constabulary,Hampshire Constabulary,-1.123445,50.794840,On or near Thorngate Way,E01032878,Gosport 008F,Shoplifting,Investigation complete; no suspect identified,
a1b908794e8027867c1f4d6947e60df78463e792ca2eadd5dace509235888dfd,2024-03,Hampshire Constabulary,Hampshire Constabulary,-1.126559,50.795286,On or near Supermarket,E01032878,Gosport 008F,Shoplifting,Investigation complete; no suspect identified,
982e217873b703f23d423c872551a03b9af860fdc79e65a4550613e536ce569d,2024-03,Hampshire Constabulary,Hampshire Constabulary,-1.126559,50.795286,On or near Supermarket,E01032878,Gosport 008F,Shoplifting,Investigation complete; no suspect identified,
2110f27a9ef13dda2218c4fc05f65fd9eb83f7eb9a21426e352fc9256e00723c,2024-03,Hampshire Constabulary,Hampshire Constabulary,-1.121464,50.795328,On or near High Street,E01032878,Gosport 008F,Violence and sexual offences,Unable to prosecute suspect,
1b5ddf817b80cd2c3ae548b80a02a6c96e1eec9cbfc200ef09e9bdf74c1dd24c,2024-03,Hampshire Constabulary,Hampshire Constabulary,-1.120564,50.795663,On or near Minnitt Road,E01032878,Gosport 008F,Violence and sexual offences,Unable to prosecute suspect,
6241f0662fbac0e75df8b12e2b93e7d8017ead3d135d7e91c5e4bcb02cfae775,2024-03,Hampshire Constabulary,Hampshire Constabulary,-1.121464,50.795328,On or near High Street,E01032878,Gosport 008F,Violence and sexual offences,Status update unavailable,
d6793244e8b805cad6ce5e664644e76bd8c940c6fcba8e1790e63a3d991a2636,2024-03,Hampshire Constabulary,Hampshire Constabulary,-1.126559,50.795286,On or near Supermarket,E01032878,Gosport 008F,Violence and sexual offences,Unable to prosecute suspect,
76ea0d62935139f42f84bbc18412c5fd92afbcc2aecee9ea1f07cd142b3c414d,2024-03,Hampshire Constabulary,Hampshire Constabulary,-1.117955,50.794834,On or near Ferry Terminal,E01032879,Gosport 008G,Bicycle theft,Investigation complete; no suspect identified,
08853d0522d72d44d0db1a72004ddb3720d11ee74d03d7037b6333522aba0339,2024-03,Hampshire Constabulary,Hampshire Constabulary,-1.124177,50.797462,On or near King Street,E01032879,Gosport 008G,Criminal damage and arson,Court result unavailable,
3d65078602678981333245d62a74c0493cd5e6bb4b2cc2100d87c4364f30992a,2024-03,Hampshire Constabulary,Hampshire Constabulary,-1.121325,50.796466,On or near Supermarket,E01032879,Gosport 008G,Public order,Investigation complete; no suspect identified,
f71f911af70729c169e3d84db77118d8ffb780f8ceaa75cd034a89ac02c1f9db,2024-03,Hampshire Constabulary,Hampshire Constabulary,-1.124400,50.798426,On or near Rope Quays,E01032879,Gosport 008G,Violence and sexual offences,Unable to prosecute suspect,
9bccbdc7315efbe89c56736ca552cbd3e6414c6c6da5f56535a594bb375a91a1,2024-03,Hampshire Constabulary,Hampshire Constabulary,-1.124400,50.798426,On or near Rope Quays,E01032879,Gosport 008G,Violence and sexual offences,Unable to prosecute suspect,
fb3728e755a2a2cdcf0b36bf62cb354d53056eec8a1630a7087c1eb04554fcbe,2024-03,Hampshire Constabulary,Hampshire Constabulary,-1.117955,50.794834,On or near Ferry Terminal,E01032879,Gosport 008G,Violence and sexual offences,Unable to prosecute suspect,
947861c8fd5fa6fa1450809e06d066e68d76163854f0570ab1a1ed9fa15fa792,2024-03,Hampshire Constabulary,Hampshire Constabulary,-1.121325,50.796466,On or near Supermarket,E01032879,Gosport 008G,Violence and sexual offences,Court result unavailable,
b33332c17b61883ac8c4c450bc893a0ccad425a227d8b200bd8951b8f2e0e666,2024-03,Hampshire Constabulary,Hampshire Constabulary,-1.117920,50.794402,On or near Gosport Bus Station,E01032879,Gosport 008G,Violence and sexual offences,Unable to prosecute suspect,
5766fbde5373fa610e0f751218351cc9ebc742e5850ed138a62491f8999d1ee0,2024-03,Hampshire Constabulary,Hampshire Constabulary,-1.117920,50.794402,On or near Gosport Bus Station,E01032879,Gosport 008G,Violence and sexual offences,Court result unavailable,
54f2557d6a5a0f09cedab3ca92e1d5d34e62b23e54ff8485febd7dff0a354c3d,2024-03,Hampshire Constabulary,Hampshire Constabulary,-1.117955,50.794834,On or near Ferry Terminal,E01032879,Gosport 008G,Violence and sexual offences,Court result unavailable,
,2024-03,Hampshire Constabulary,Hampshire Constabulary,-1.121499,50.791210,On or near Parking Area,E01032879,Gosport 008G,Anti-social behaviour,,
,2024-03,Hampshire Constabulary,Hampshire Constabulary,-1.122643,50.796803,On or near Mumby Road,E01032879,Gosport 008G,Anti-social behaviour,,
,2024-03,Hampshire Constabulary,Hampshire Constabulary,-1.117920,50.794402,On or near Gosport Bus Station,E01032879,Gosport 008G,Anti-social behaviour,,
,2024-03,Hampshire Constabulary,Hampshire Constabulary,-1.118222,50.794216,On or near Parking Area,E01032879,Gosport 008G,Anti-social behaviour,,
,2024-03,Hampshire Constabulary,Hampshire Constabulary,-1.117920,50.794402,On or near Gosport Bus Station,E01032879,Gosport 008G,Anti-social behaviour,,
7984746e98b8b841dd8f74fc53cf99e18e8f3791760c9fafb9138977be776ce3,2024-03,Hampshire Constabulary,Hampshire Constabulary,-1.117955,50.794834,On or near Ferry Terminal,E01032879,Gosport 008G,Bicycle theft,Investigation complete; no suspect identified,
96b618154b5e3234e4f3b6a646551b251e1270b71d0b0f71863718c23bd57057,2024-03,Hampshire Constabulary,Hampshire Constabulary,-1.117920,50.794402,On or near Gosport Bus Station,E01032879,Gosport 008G,Bicycle theft,Status update unavailable,
2f05cbe7a3b81d4f2b7bb6c388f4e315b79c7754cf2b308f7e4e0217e609f23c,2024-03,Hampshire Constabulary,Hampshire Constabulary,-1.117920,50.794402,On or near Gosport Bus Station,E01032879,Gosport 008G,Bicycle theft,Investigation complete; no suspect identified,
0d47dacdc1ac54cef32f5a24d6dc10ccab4cc33a5a40cfd5073a1e7c8aecb360,2024-03,Hampshire Constabulary,Hampshire Constabulary,-1.117955,50.794834,On or near Ferry Terminal,E01032879,Gosport 008G,Drugs,Local resolution,
2e52837b8e66ecca5cd68c10bd692fe396565b56af6259b48a8df1137a025a23,2024-03,Hampshire Constabulary,Hampshire Constabulary,-1.118207,50.794261,On or near Parking Area,E01032879,Gosport 008G,Other theft,Investigation complete; no suspect identified,
b106c37e89e863d6e3d54d282a0439c64b2cc1acd28cfad8a0df05073821113d,2024-03,Hampshire Constabulary,Hampshire Constabulary,-1.117955,50.794834,On or near Ferry Terminal,E01032879,Gosport 008G,Other theft,Investigation complete; no suspect identified,
d65ff56d87312d6bc431707adbcaa80515d3eb47b946401013e07ea77c35b686,2024-03,Hampshire Constabulary,Hampshire Constabulary,-1.120068,50.793366,On or near Trinity Green,E01032879,Gosport 008G,Public order,Status update unavailable,
4c4c01f69ef3e89d59b4f48d38de4064d30bfe7158b6017e8d3c0a2ffb192483,2024-03,Hampshire Constabulary,Hampshire Constabulary,-1.117920,50.794402,On or near Gosport Bus Station,E01032879,Gosport 008G,Public order,Investigation complete; no suspect identified,
c677fe755c6c092653ca5a502cc7cc17dce279dd475be396e6d2e443da312201,2024-03,Hampshire Constabulary,Hampshire Constabulary,-1.117955,50.794834,On or near Ferry Terminal,E01032879,Gosport 008G,Public order,Investigation complete; no suspect identified,
e594a9b17c58c42dfcb33566c73c7d93dbee2f448e4e6763280e9120637eb7db,2024-03,Hampshire Constabulary,Hampshire Constabulary,-1.122643,50.796803,On or near Mumby Road,E01032879,Gosport 008G,Shoplifting,Status update unavailable,
37764f3e19f0ded5a621dd1a392a1d2d30b07cc922bfcb7a35260ec15874a170,2024-03,Hampshire Constabulary,Hampshire Constabulary,-1.117920,50.794402,On or near Gosport Bus Station,E01032879,Gosport 008G,Violence and sexual offences,Investigation complete; no suspect identified,
cbaa272000e2e8b328e1972596ab13dd4e5ff0517a12ba15027500ec61286fc0,2024-03,Hampshire Constabulary,Hampshire Constabulary,-1.118222,50.794216,On or near Parking Area,E01032879,Gosport 008G,Violence and sexual offences,Unable to prosecute suspect,
7690869dc6ce249c8d639d671e40d63ec0ff07fba8bd8bf96947cd2b4c34c3e6,2024-03,Hampshire Constabulary,Hampshire Constabulary,-1.124177,50.797462,On or near King Street,E01032879,Gosport 008G,Violence and sexual offences,Investigation complete; no suspect identified,
c1379d9f2f675b5629c96eb107e2ba4d1f9deee46c121dc08c2dc757236a3eff,2024-03,Hampshire Constabulary,Hampshire Constabulary,-1.117955,50.794834,On or near Ferry Terminal,E01032879,Gosport 008G,Violence and sexual offences,Local resolution,
7e15ac98b1f11b4829a05404e87acfe77f37e34fd5504583784d94b755736dcd,2024-03,Hampshire Constabulary,Hampshire Constabulary,-1.117920,50.794402,On or near Gosport Bus Station,E01032879,Gosport 008G,Violence and sexual offences,Investigation complete; no suspect identified,
e83524e6080ce444404a04b48b3561fae6aea15d2c2c64fb638de6c5ca4e17fb,2024-03,Hampshire Constabulary,Hampshire Constabulary,-1.117955,50.794834,On or near Ferry Terminal,E01032879,Gosport 008G,Violence and sexual offences,Investigation complete; no suspect identified,
e29fc3c8c891a39a5780b516aec934313d96c68658338d658b00d081f0be7ebb,2024-03,Hampshire Constabulary,Hampshire Constabulary,-1.120068,50.793366,On or near Trinity Green,E01032879,Gosport 008G,Violence and sexual offences,Unable to prosecute suspect,
713e1a9ef8ef70cdb21fedb9f2ce9378009cce5be7d6ac4bc0138ba9acd84f74,2024-03,Hampshire Constabulary,Hampshire Constabulary,-1.117955,50.794834,On or near Ferry Terminal,E01032879,Gosport 008G,Violence and sexual offences,Investigation complete; no suspect identified,
760b68aa03b35c137ded3c3bce01e175188829963e48002c9a7b859a6d77683c,2024-03,Hampshire Constabulary,Hampshire Constabulary,-1.125952,50.803447,On or near Regents Place,E01034064,Gosport 008H,Robbery,Unable to prosecute suspect,
400ce65b42873e045273eac1495367327298ce2e49c780d6d37dbc91d9b91ecf,2024-03,Hampshire Constabulary,Hampshire Constabulary,-1.133784,50.798199,On or near Albert Street,E01034064,Gosport 008H,Violence and sexual offences,Investigation complete; no suspect identified,
,2024-03,Hampshire Constabulary,Hampshire Constabulary,-1.127758,50.800969,On or near Thomas Grant Avenue,E01034064,Gosport 008H,Anti-social behaviour,,
7f5fc57e25f7e174ee9c2ffa6f5d982732836862e0c2f8eadb208e2365036d2f,2024-03,Hampshire Constabulary,Hampshire Constabulary,-1.127758,50.800969,On or near Thomas Grant Avenue,E01034064,Gosport 008H,Other theft,Unable to prosecute suspect,
d0a7f164aec76fe68e58c09d5263e124d21a8141c9b86c9952830b35eaa4de00,2024-03,Hampshire Constabulary,Hampshire Constabulary,-1.133784,50.798199,On or near Albert Street,E01034064,Gosport 008H,Other theft,Investigation complete; no suspect identified,
4cc33dcd3a6c613c4592e580bbe3a7751a9b20e8e9ebeee2c5fd3a9b416aedd7,2024-03,Hampshire Constabulary,Hampshire Constabulary,-1.133347,50.796487,On or near Battenburg Road,E01034064,Gosport 008H,Other theft,Investigation complete; no suspect identified,
47fdaec291595e84541a7cb2f936b225237d365560c3798990e68821bdd0b848,2024-03,Hampshire Constabulary,Hampshire Constabulary,-1.127758,50.800969,On or near Thomas Grant Avenue,E01034064,Gosport 008H,Other theft,Unable to prosecute suspect,
96c522042075222920b78d314199d506f8b6864e39369510d585e09e6a99c1e2,2024-03,Hampshire Constabulary,Hampshire Constabulary,-1.133784,50.798199,On or near Albert Street,E01034064,Gosport 008H,Public order,Status update unavailable,
1e722d0ddd285969cc9d2921186926682e0d1ee36852083a1ca21acdcd8aae6d,2024-03,Hampshire Constabulary,Hampshire Constabulary,-1.133784,50.798199,On or near Albert Street,E01034064,Gosport 008H,Public order,Investigation complete; no suspect identified,
6887a48c4390545580adf70790733b5782e328c042b64f50d509eba7610853ee,2024-03,Hampshire Constabulary,Hampshire Constabulary,-1.127758,50.800969,On or near Thomas Grant Avenue,E01034064,Gosport 008H,Public order,Investigation complete; no suspect identified,
f507b85e7adeabd0e23ef13c852e0f62683470bc8af66c316c8b52024ec31d8d,2024-03,Hampshire Constabulary,Hampshire Constabulary,-1.133784,50.798199,On or near Albert Street,E01034064,Gosport 008H,Violence and sexual offences,Unable to prosecute suspect,
b78f52c777b1e68a216eb26f8de5043053ee89ddbc8fe77f1ff2b45541b99c3c,2024-03,Hampshire Constabulary,Hampshire Constabulary,-1.133784,50.798199,On or near Albert Street,E01034064,Gosport 008H,Violence and sexual offences,Unable to prosecute suspect,
f43ae46141e118e7f721df12272f50db48da1763abeffd0bbbb13cd0f094a06e,2024-03,Hampshire Constabulary,Hampshire Constabulary,-1.134053,50.799748,On or near Armstrong Close,E01034064,Gosport 008H,Violence and sexual offences,Investigation complete; no suspect identified,
6ee82c8e421d926513466e6923700d327ddbb6a736cf68acdc26df91ad85b378,2024-03,Hampshire Constabulary,Hampshire Constabulary,-1.125447,50.801653,On or near Salt Meat Lane,E01034065,Gosport 008I,Violence and sexual offences,Unable to prosecute suspect,
5dfe2ad7b4181b51e6ba2eb52f01ded7f48c70084c5062abb19a626eaccc09d7,2024-03,Hampshire Constabulary,Hampshire Constabulary,-1.130800,50.798411,On or near Pearce Court,E01034065,Gosport 008I,Criminal damage and arson,Unable to prosecute suspect,
c168f582e66b78f5080f0100f0fc3866a43fe91fbbc6ccb794e417298c9caf4f,2024-03,Hampshire Constabulary,Hampshire Constabulary,-1.131192,50.797146,On or near Grove Avenue,E01034065,Gosport 008I,Other theft,Unable to prosecute suspect,
e520a9954115f432b60ca45368375e936afffff606c6a3426054eb77b0d6ecb2,2024-03,Hampshire Constabulary,Hampshire Constabulary,-1.126087,50.800795,On or near Flag Staff Green,E01034065,Gosport 008I,Violence and sexual offences,Unable to prosecute suspect,
e59e6ff2694b7492169a49595427cca5866151ab9587758668938f306e9f427f,2024-03,Hampshire Constabulary,Hampshire Constabulary,-1.125447,50.801653,On or near Salt Meat Lane,E01034065,Gosport 008I,Violence and sexual offences,Unable to prosecute suspect,
364486e483bdfc74f2d7b923c56800d59e4480735f8585ed32dd4dec63a85c21,2024-03,Hampshire Constabulary,Hampshire Constabulary,-1.156743,50.784734,On or near Palmerston Way,E01022794,Gosport 009A,Violence and sexual offences,Unable to prosecute suspect,
,2024-03,Hampshire Constabulary,Hampshire Constabulary,-1.149598,50.786877,On or near Avenue Court,E01022794,Gosport 009A,Anti-social behaviour,,
a6a00c9b092592b34637eeac91d4df7118bdd556c5fb38cdcbd75bd6972da79e,2024-03,Hampshire Constabulary,Hampshire Constabulary,-1.149139,50.785569,On or near Little Lane,E01022794,Gosport 009A,Criminal damage and arson,Unable to prosecute suspect,
c90320ede5f797577eea170767e3afe934d35f1e9a219fd8882f70a084adc9f1,2024-03,Hampshire Constabulary,Hampshire Constabulary,-1.164269,50.793089,On or near Sandford Avenue,E01022795,Gosport 009B,Other theft,Offender given a caution,
82be64db00d7561afe07979a4ccbca4bb02ee0ed9978691c2e5e5ca6d602e3b8,2024-03,Hampshire Constabulary,Hampshire Constabulary,-1.165351,50.788915,On or near Tower Close,E01022795,Gosport 009B,Violence and sexual offences,Action to be taken by another organisation,
f74a37bd3a79631650546fa80b0bb8aa2ef21fd3b3fb2db5a70cc204fc0388aa,2024-03,Hampshire Constabulary,Hampshire Constabulary,-1.165351,50.788915,On or near Tower Close,E01022795,Gosport 009B,Violence and sexual offences,Unable to prosecute suspect,
7f6d6082dcde97f9e1ab99a1d3fcd8d72e90bc84741ff562222fea4a9c0a0823,2024-03,Hampshire Constabulary,Hampshire Constabulary,-1.164269,50.793089,On or near Sandford Avenue,E01022795,Gosport 009B,Other theft,Unable to prosecute suspect,
d8f73cd58f9bd580bb67704c8c22640e1c8f414a36978f6cd8a946b28064c75b,2024-03,Hampshire Constabulary,Hampshire Constabulary,-1.151576,50.791981,On or near Kingsmill Close,E01022796,Gosport 009C,Violence and sexual offences,Unable to prosecute suspect,
ea7419351fd3c8cb3521763b1f532b307ae5dd7a4dd9a70192783e7985466433,2024-03,Hampshire Constabulary,Hampshire Constabulary,-1.150594,50.792809,On or near Petrol Station,E01022796,Gosport 009C,Other theft,Investigation complete; no suspect identified,
89959f35da58f1a8725da29b233367cf455387f5dcf8929baea76804ad1ce8b0,2024-03,Hampshire Constabulary,Hampshire Constabulary,-1.147490,50.791978,On or near Lodge Gardens,E01022796,Gosport 009C,Robbery,Unable to prosecute suspect,
cfffb3b73099b24437fb1149e8edea4d05914f3bcff15d39c2f1df59ceedd76d,2024-03,Hampshire Constabulary,Hampshire Constabulary,-1.153344,50.791526,On or near Admirals Walk,E01022837,Gosport 009D,Violence and sexual offences,Unable to prosecute suspect,
f964ed5cddd531fd22eceecf21327f4f26a2c865662b4cee157142a309d90ef1,2024-03,Hampshire Constabulary,Hampshire Constabulary,-1.160835,50.793091,On or near Repton Close,E01022837,Gosport 009D,Violence and sexual offences,Unable to prosecute suspect,
2d617d11bd7726163d5dadefe5e2643cfc9180338c8908fe7c59893de8142968,2024-03,Hampshire Constabulary,Hampshire Constabulary,-1.153077,50.792163,On or near North Close,E01022837,Gosport 009D,Other theft,Investigation complete; no suspect identified,
5a4522a8cc670891538010f10365475b4bd861059b1e97ce320e60c66648d18d,2024-03,Hampshire Constabulary,Hampshire Constabulary,-1.153344,50.791526,On or near Admirals Walk,E01022837,Gosport 009D,Violence and sexual offences,Status update unavailable,
7f5ede1726307f33b6c4601c9043304a3cf11af322b747577eade79ae14f078a,2024-03,Hampshire Constabulary,Hampshire Constabulary,-1.153344,50.791526,On or near Admirals Walk,E01022837,Gosport 009D,Violence and sexual offences,Unable to prosecute suspect,
fbc1dca2342399194842f72a6357d96bc47c2900a92b4bd6de343e932ac0b086,2024-03,Hampshire Constabulary,Hampshire Constabulary,-1.153344,50.791526,On or near Admirals Walk,E01022837,Gosport 009D,Violence and sexual offences,Unable to prosecute suspect,
c930acfe15be0e8efc5f428a9fafd5aabab71135d6d9b928d2a3a13d9499639e,2024-03,Hampshire Constabulary,Hampshire Constabulary,-1.160044,50.791305,On or near Penn Way,E01022838,Gosport 009E,Criminal damage and arson,Investigation complete; no suspect identified,
70167496d546102c3ef1c754b288d5463869e99438fb0df7524749e888793006,2024-03,Hampshire Constabulary,Hampshire Constabulary,-1.160562,50.791740,On or near St Helens Road,E01022838,Gosport 009E,Public order,Investigation complete; no suspect identified,
8c599fd4ae58ca1e02296682cd1d9bc97adaa756610126709d4bbe51f82c9a3f,2024-03,Hampshire Constabulary,Hampshire Constabulary,-1.141494,50.790918,On or near Linden Grove,E01022797,Gosport 010A,Violence and sexual offences,Offender given a caution,
795d8a8149f1bfe5f09ff7eb4aec2ba6676b3d92ecc773a45c67b8ab6a98fc83,2024-03,Hampshire Constabulary,Hampshire Constabulary,-1.145182,50.786287,On or near Rectory Close,E01022797,Gosport 010A,Violence and sexual offences,Unable to prosecute suspect,
82126eb96fb9695d2b4c75dbe28aec934ab676d8bdb24dbae4096ec67618a46d,2024-03,Hampshire Constabulary,Hampshire Constabulary,-1.142634,50.792186,On or near Ash Close,E01022797,Gosport 010A,Violence and sexual offences,Unable to prosecute suspect,
1737b430f734d4157c098ae4f74544534afca5463402a5e0b7b68f1740edf2e7,2024-03,Hampshire Constabulary,Hampshire Constabulary,-1.141494,50.790918,On or near Linden Grove,E01022797,Gosport 010A,Violence and sexual offences,Status update unavailable,
44fc7faaf0046580ec1e8d6be1bebe2b3c393f8631dfa5ca255e6a23c3d150e7,2024-03,Hampshire Constabulary,Hampshire Constabulary,-1.142634,50.792186,On or near Ash Close,E01022797,Gosport 010A,Violence and sexual offences,Unable to prosecute suspect,
6528891a753aa62424a7a7389d89482e182bc7dda4d06b90cf925e3cb48f9140,2024-03,Hampshire Constabulary,Hampshire Constabulary,-1.139203,50.791288,On or near Cleveland Road,E01022797,Gosport 010A,Violence and sexual offences,Investigation complete; no suspect identified,
440692aa19bc70de6bef0baa7a8dec935718bf841f126ee9ee1d4f55e7052038,2024-03,Hampshire Constabulary,Hampshire Constabulary,-1.131707,50.782366,On or near Waterloo Road,E01022798,Gosport 010B,Other theft,Unable to prosecute suspect,
51c9dcf1346be42abc8199d6f69d17f55f0016fd5ff7a3eed15d169acc51d910,2024-03,Hampshire Constabulary,Hampshire Constabulary,-1.132823,50.783399,On or near Mabey Close,E01022798,Gosport 010B,Violence and sexual offences,Unable to prosecute suspect,
0462bcd610ec712d311f2abc6c32eeabbce6feb410430a9ecbb0ebc6ce2bf718,2024-03,Hampshire Constabulary,Hampshire Constabulary,-1.131707,50.782366,On or near Waterloo Road,E01022798,Gosport 010B,Violence and sexual offences,Unable to prosecute suspect,
8a21f7f4e7a83c05bf00482447a1c60e81f73c80ab201ea5d32a324e6614a00b,2024-03,Hampshire Constabulary,Hampshire Constabulary,-1.127837,50.782265,On or near Dolphin Way,E01022798,Gosport 010B,Vehicle crime,Investigation complete; no suspect identified,
7a85714dbf3a52f5e335fb82e2094ecf62f410e530d5619f8b38c4bd0eb97faf,2024-03,Hampshire Constabulary,Hampshire Constabulary,-1.135832,50.780966,On or near Lennox Close,E01022798,Gosport 010B,Violence and sexual offences,Investigation complete; no suspect identified,
c0580d152e88f56f5c37cdc3fbf36adea67c3d3bdf3be7be6c52d8cb5dfe7b74,2024-03,Hampshire Constabulary,Hampshire Constabulary,-1.131707,50.782366,On or near Waterloo Road,E01022798,Gosport 010B,Other crime,Unable to prosecute suspect,
382c0f37fdd188996f6f14bc0f8a7954dd5e1f80a1269ee0df7606efd0d0dd63,2024-03,Hampshire Constabulary,Hampshire Constabulary,-1.138581,50.781149,On or near Monckton Road,E01022799,Gosport 010C,Violence and sexual offences,Unable to prosecute suspect,
c1a3a6dd528d97ceb15abb9a58e760d9dc6f70aed6fcc0c1f97738d3efc14442,2024-03,Hampshire Constabulary,Hampshire Constabulary,-1.141602,50.782700,On or near Kennet Close,E01022799,Gosport 010C,Violence and sexual offences,Unable to prosecute suspect,
db25d552ac2a03f7cbb896bc7d7c27f40830f73535d97125af6aaca854ca2871,2024-03,Hampshire Constabulary,Hampshire Constabulary,-1.141086,50.782237,On or near Boldens Road,E01022799,Gosport 010C,Criminal damage and arson,Investigation complete; no suspect identified,
15316b093dc6eec39674afc1a8dd9d8c2e2319d1107fe6b15ca6b60eca9db7a2,2024-03,Hampshire Constabulary,Hampshire Constabulary,-1.140294,50.782087,On or near Arminers Close,E01022799,Gosport 010C,Violence and sexual offences,Unable to prosecute suspect,
f125902c0ea0da9383d12b4887de1a40719b436f65af81c433cc7814490056c1,2024-03,Hampshire Constabulary,Hampshire Constabulary,-1.141602,50.782700,On or near Kennet Close,E01022799,Gosport 010C,Violence and sexual offences,Unable to prosecute suspect,
46ddae74259c10df51e9bbd6d4492350df9b2aff71290120437d4964645d65a9,2024-03,Hampshire Constabulary,Hampshire Constabulary,-1.135052,50.796356,On or near Blake Road,E01022812,Gosport 010D,Burglary,Court result unavailable,
9d8dfbdb44314373e5cd5a2ee23e1fa4134eb1900d6d8b5f8f49176aca0b30b9,2024-03,Hampshire Constabulary,Hampshire Constabulary,-1.133899,50.795772,On or near Queen'S Road,E01022812,Gosport 010D,Public order,Unable to prosecute suspect,
1ba0fe1f29fb6518e20b5424b1f9159d2535ac4f55b705b0e59850e86dc3544b,2024-03,Hampshire Constabulary,Hampshire Constabulary,-1.137631,50.792697,On or near Nelson Road,E01022812,Gosport 010D,Criminal damage and arson,Investigation complete; no suspect identified,
a82c64a51d8f72e50fc09557fd82608b6b04320547ed06c0adef17b7628a085f,2024-03,Hampshire Constabulary,Hampshire Constabulary,-1.137631,50.792697,On or near Nelson Road,E01022812,Gosport 010D,Criminal damage and arson,Investigation complete; no suspect identified,
856055b8d7b54bc810dbe35f7c2f04cab612373f136f9e0de3b0d600aab43e11,2024-03,Hampshire Constabulary,Hampshire Constabulary,-1.135052,50.796356,On or near Blake Road,E01022812,Gosport 010D,Other theft,Investigation complete; no suspect identified,
ab62566f62a234d89c68a8c1a2463bfcaf7ba9612271b0f8d97e9d5bc4d4e833,2024-03,Hampshire Constabulary,Hampshire Constabulary,-1.138550,50.795195,On or near Daisy Lane,E01022812,Gosport 010D,Other theft,Investigation complete; no suspect identified,
0229fbadbacb53c3e082ad7b9a1979efaf1e68830d22fb12049950f53c5c2960,2024-03,Hampshire Constabulary,Hampshire Constabulary,-1.133899,50.795772,On or near Queen'S Road,E01022812,Gosport 010D,Violence and sexual offences,Status update unavailable,
651a937bb6bfb8953f6c9f65c9f6103981dd8417ef7fee81f2405ee668a82d70,2024-03,Hampshire Constabulary,Hampshire Constabulary,-1.136875,50.793681,On or near St Edward'S Road,E01022812,Gosport 010D,Violence and sexual offences,Investigation complete; no suspect identified,
573a375897072abbe8da3b7ea62a3b4ae8bc6d1b76cb44e918e161cc187264ae,2024-03,Hampshire Constabulary,Hampshire Constabulary,-1.142766,50.797393,On or near Zetland Road,E01022831,Gosport 010E,Shoplifting,Investigation complete; no suspect identified,
8ff951d325091b22b1124b6628d13ba1962437ad638e60502b893b5b6c020d77,2024-03,Hampshire Constabulary,Hampshire Constabulary,-1.148081,50.793062,On or near Hospital,E01022831,Gosport 010E,Theft from the person,Unable to prosecute suspect,
e4da9d45b11abc4e7c537a77fc4401dcfc521220f4ea75cddf2bfd388ad1e9a7,2024-03,Hampshire Constabulary,Hampshire Constabulary,-1.140693,50.792846,On or near Mulberry Close,E01022831,Gosport 010E,Violence and sexual offences,Investigation complete; no suspect identified,
2d3f39519ae9ffece536f41389457eafcb1b4367b0ec1729fad88cc6747320f1,2024-03,Hampshire Constabulary,Hampshire Constabulary,-1.144765,50.794377,On or near Tintern Road,E01022831,Gosport 010E,Criminal damage and arson,Investigation complete; no suspect identified,
cce211c9ef3322eaa20dc7121780dfd427a013538d33c7a0f6bd9151e7a2a90b,2024-03,Hampshire Constabulary,Hampshire Constabulary,-1.146731,50.793169,On or near Parking Area,E01022831,Gosport 010E,Public order,Unable to prosecute suspect,
f7bb55f6d629b730cdb34d1596fa194129f8fc1ae2889959c02ab738e2512017,2024-03,Hampshire Constabulary,Hampshire Constabulary,-1.144434,50.792334,On or near Bury Road,E01022831,Gosport 010E,Violence and sexual offences,Unable to prosecute suspect,
b79e2a7a717337e347979b29a0e75651c6857db4ce77c4ca9130b06fb85716ea,2024-03,Hampshire Constabulary,Hampshire Constabulary,-1.136516,50.790845,On or near Alver Road,E01022845,Gosport 010F,Criminal damage and arson,Unable to prosecute suspect,
dd57640b33ad7b5f90f2985cacb4cfff2c88ae500525ca28ddebe9f9f88cbdc2,2024-03,Hampshire Constabulary,Hampshire Constabulary,-1.134208,50.790586,On or near Mayfield Road,E01022845,Gosport 010F,Criminal damage and arson,Local resolution,
79110a9ec97dce3e74804ad4eb2afbf35208085eb3d33c568ef5e4c422e5b9c3,2024-03,Hampshire Constabulary,Hampshire Constabulary,-1.135348,50.788777,On or near Crossland Close,E01022845,Gosport 010F,Violence and sexual offences,Further action is not in the public interest,
72282dda18e06551a11a9e9cbb43e42a804a7e8095962d755122f70cc64cdd54,2024-03,Hampshire Constabulary,Hampshire Constabulary,-1.134208,50.790586,On or near Mayfield Road,E01022845,Gosport 010F,Criminal damage and arson,Investigation complete; no suspect identified,
fb779defe2d04fed2f8e68103531bc7795e56260a2d0b82923ddf9121918aa89,2024-03,Hampshire Constabulary,Hampshire Constabulary,-1.135348,50.788777,On or near Crossland Close,E01022845,Gosport 010F,Vehicle crime,Investigation complete; no suspect identified,
70e62b49df9134c572903d5f7f112461766d851ca2854bc49402eb0626865ad8,2024-03,Hampshire Constabulary,Hampshire Constabulary,-1.134706,50.791291,On or near Kensington Road,E01022845,Gosport 010F,Vehicle crime,Investigation complete; no suspect identified,
060b7a8b4d0fcc02888fee11d741e417aecd7e4716b7336edf775ee70252e4e8,2024-03,Hampshire Constabulary,Hampshire Constabulary,-1.136516,50.790845,On or near Alver Road,E01022845,Gosport 010F,Vehicle crime,Investigation complete; no suspect identified,
44f9987c92c0db3ffb07336f0f20f1986d71343448b46aa0d10a1ba8659851ab,2024-03,Hampshire Constabulary,Hampshire Constabulary,-1.136407,50.789037,On or near Leyland Close,E01022845,Gosport 010F,Violence and sexual offences,Unable to prosecute suspect,
c664630b77e613ba5e19b43ff88c232860d53a1be3b402264cc98f955be13c10,2024-03,Hampshire Constabulary,Hampshire Constabulary,-0.819725,51.341328,On or near Petrol Station,E01022890,Hart 001A,Shoplifting,Investigation complete; no suspect identified,
a1b1fd0e60c6814bcfc7f3e4149e42c77434c1277a474e2ba10f18d329d6f691,2024-03,Hampshire Constabulary,Hampshire Constabulary,-0.819178,51.340819,On or near Parking Area,E01022890,Hart 001A,Violence and sexual offences,Court result unavailable,
,2024-03,Hampshire Constabulary,Hampshire Constabulary,-0.827808,51.338513,On or near Cranford Park Drive,E01022890,Hart 001A,Anti-social behaviour,,
853731b4c0166714226955739539f50414f11eef93f524940a89853299b64dae,2024-03,Hampshire Constabulary,Hampshire Constabulary,-0.822574,51.341078,On or near Stilwell Close,E01022890,Hart 001A,Criminal damage and arson,Investigation complete; no suspect identified,
993bec4c17d5d1a476c6c4b458d1c4980419af07ad6322cab7e95be2123f95b6,2024-03,Hampshire Constabulary,Hampshire Constabulary,-0.819334,51.339220,On or near Police Station,E01022890,Hart 001A,Criminal damage and arson,Investigation complete; no suspect identified,
735c6cdf619de9a32c1275bfb0dee63476cfa9039c86d3549498a5e0e359517f,2024-03,Hampshire Constabulary,Hampshire Constabulary,-0.824670,51.337142,On or near Manor Park Drive,E01022890,Hart 001A,Criminal damage and arson,Investigation complete; no suspect identified,
3da69076776478e6753aede9232565b64d3098cb1a1ff4919d397b69152744f6,2024-03,Hampshire Constabulary,Hampshire Constabulary,-0.822574,51.341078,On or near Stilwell Close,E01022890,Hart 001A,Criminal damage and arson,Status update unavailable,
53c60720f6d0fe4296d5105f9ac1ed1f90849140f330ace22c8a0abf80e9176b,2024-03,Hampshire Constabulary,Hampshire Constabulary,-0.827941,51.337247,On or near Winton Crescent,E01022890,Hart 001A,Criminal damage and arson,Status update unavailable,
9a937870806618e4625c5d874cc84e99f409ac602e269cb5f28a41e24f2674b4,2024-03,Hampshire Constabulary,Hampshire Constabulary,-0.819334,51.339220,On or near Police Station,E01022890,Hart 001A,Drugs,Unable to prosecute suspect,
aa75f4db7d4597541fc9290023648dd4f26e9da9c935e054bed248de7e347ed7,2024-03,Hampshire Constabulary,Hampshire Constabulary,-0.819334,51.339220,On or near Police Station,E01022890,Hart 001A,Public order,Unable to prosecute suspect,
4c17befb319b78ce06fe4fbd078345c13be9aa6a8c0bf9bde49a532d3b77d979,2024-03,Hampshire Constabulary,Hampshire Constabulary,-0.816909,51.337496,On or near Gordon Walk,E01022890,Hart 001A,Vehicle crime,Investigation complete; no suspect identified,
797ee6c5a622b6eb4eac77a260e34856fbe83b6de039833a818f21c8f2650247,2024-03,Hampshire Constabulary,Hampshire Constabulary,-0.811776,51.337246,On or near Ashfield Green,E01022891,Hart 001B,Violence and sexual offences,Action to be taken by another organisation,
3764273409fe61e298111eb63a9a7ce1d7f061fc975d5910f3bbc914febd40b5,2024-03,Hampshire Constabulary,Hampshire Constabulary,-0.811195,51.335855,On or near Jesse Close,E01022891,Hart 001B,Other crime,Further investigation is not in the public interest,
462658bb87dfc4288993163154a90008fe058b5da72d4c8c0b53be525a44533e,2024-03,Hampshire Constabulary,Hampshire Constabulary,-0.811195,51.335855,On or near Jesse Close,E01022891,Hart 001B,Other crime,Further investigation is not in the public interest,
,2024-03,Hampshire Constabulary,Hampshire Constabulary,-0.816143,51.339367,On or near Lodge Grove,E01022891,Hart 001B,Anti-social behaviour,,
,2024-03,Hampshire Constabulary,Hampshire Constabulary,-0.816143,51.339367,On or near Lodge Grove,E01022891,Hart 001B,Anti-social behaviour,,
94798d00936002e297b28d74c6e9263b06493ea51a38d6bd17f59b7615bc7c49,2024-03,Hampshire Constabulary,Hampshire Constabulary,-0.811466,51.333133,On or near Cobbett'S Lane,E01022891,Hart 001B,Other theft,Investigation complete; no suspect identified,
2a8a4a16721ff5bc62b535126a6d3fce1aa06cb72e5dbdd9912c5a1ad0a0c9d1,2024-03,Hampshire Constabulary,Hampshire Constabulary,-0.814073,51.336145,On or near Round Close,E01022891,Hart 001B,Other theft,Investigation complete; no suspect identified,
0b54f471df5b097c8038fa501d4d1fa7f8fb71115105b45acf1265621e9386d2,2024-03,Hampshire Constabulary,Hampshire Constabulary,-0.822816,51.331629,On or near Cricket Hill Lane,E01022891,Hart 001B,Public order,Status update unavailable,
e3c138515e49f92dc3c87ec9bf0ac16695189860da533f8a1933461c9b778c37,2024-03,Hampshire Constabulary,Hampshire Constabulary,-0.806863,51.335721,On or near Prior'S Lane,E01022891,Hart 001B,Public order,Status update unavailable,
e22059a85c53d3198484a52e66a67b9f218a0c94ea75d8c1961e021af50994b6,2024-03,Hampshire Constabulary,Hampshire Constabulary,-0.822816,51.331629,On or near Cricket Hill Lane,E01022891,Hart 001B,Violence and sexual offences,Investigation complete; no suspect identified,
279aa0a20f90e22c854f2661f3d29ed2376a00339c342b2651691e13534756b3,2024-03,Hampshire Constabulary,Hampshire Constabulary,-0.825127,51.342317,On or near Reading Road,E01022892,Hart 001C,Violence and sexual offences,Unable to prosecute suspect,
,2024-03,Hampshire Constabulary,Hampshire Constabulary,-0.829933,51.341889,On or near Tindal Close,E01022892,Hart 001C,Anti-social behaviour,,
2c88d0b2080fb9e4adfad987085262f2625bc2fe69e3276b6e032c02fbb9eb19,2024-03,Hampshire Constabulary,Hampshire Constabulary,-0.824208,51.338936,On or near Hearmon Close,E01022892,Hart 001C,Vehicle crime,Investigation complete; no suspect identified,
2539186ab36bd7fbda72700f7f85f5987dabd7a7d55feebe38090bef0a70e7aa,2024-03,Hampshire Constabulary,Hampshire Constabulary,-0.825127,51.342317,On or near Reading Road,E01022892,Hart 001C,Violence and sexual offences,Status update unavailable,
c40ad83b947973a77c72f9c35787423b686ced4c07371241ef133021c370b6c4,2024-03,Hampshire Constabulary,Hampshire Constabulary,-0.825127,51.342317,On or near Reading Road,E01022892,Hart 001C,Violence and sexual offences,Status update unavailable,
,2024-03,Hampshire Constabulary,Hampshire Constabulary,-0.836411,51.344030,On or near Vicarage Road,E01022893,Hart 001D,Anti-social behaviour,,
,2024-03,Hampshire Constabulary,Hampshire Constabulary,-0.840348,51.346758,On or near Coombe Road,E01022893,Hart 001D,Anti-social behaviour,,
ac66b17e13f21e9bbe050f1e5d05d0ff864d6854907f9b2c2e14acc29e5fd406,2024-03,Hampshire Constabulary,Hampshire Constabulary,-0.833044,51.340373,On or near Florence Close,E01022893,Hart 001D,Criminal damage and arson,Investigation complete; no suspect identified,
68fd955911f980a137175b9cf12a8a791a6492d0f8fdbb57823e31d0295fb795,2024-03,Hampshire Constabulary,Hampshire Constabulary,-0.829508,51.346731,On or near Shires Way,E01022893,Hart 001D,Public order,Local resolution,
f22ddb0cb34964d827da584a86a77f4e45d7b8dd5dc2877c1a9a427d8371c598,2024-03,Hampshire Constabulary,Hampshire Constabulary,-0.836411,51.344030,On or near Vicarage Road,E01022893,Hart 001D,Public order,Status update unavailable,
ff7f33a08227b3da73120b9abe125719c0ff267345e4b3b46852bf24f43a9e4c,2024-03,Hampshire Constabulary,Hampshire Constabulary,-0.830159,51.343141,On or near Harpdon Parade,E01022893,Hart 001D,Shoplifting,Investigation complete; no suspect identified,
219ac74b53a0a0b123baf6cb3c1560d0d5f4c20aebbf13936c47d7109bbf4260,2024-03,Hampshire Constabulary,Hampshire Constabulary,-0.830159,51.343141,On or near Harpdon Parade,E01022893,Hart 001D,Shoplifting,Investigation complete; no suspect identified,
3c9902b8a570be771ed43eb1622bad09c19764e57f118d739ef1702b6d53b5e9,2024-03,Hampshire Constabulary,Hampshire Constabulary,-0.833044,51.340373,On or near Florence Close,E01022893,Hart 001D,Vehicle crime,Investigation complete; no suspect identified,
6f86a1b86c74f31afca08699595533a25bacb7f196f83bcdebc7e45f67c96e26,2024-03,Hampshire Constabulary,Hampshire Constabulary,-0.843941,51.346641,On or near Copse Lane,E01022894,Hart 001E,Violence and sexual offences,Court result unavailable,
d27adbd2dccc21b83ce4b58625b3bd3309a08407747768cd9e84b7dd8cb343d9,2024-03,Hampshire Constabulary,Hampshire Constabulary,-0.846046,51.346841,On or near Canberra Close,E01022894,Hart 001E,Violence and sexual offences,Unable to prosecute suspect,
30126093b36161a61da9944fb2cf108f181c8e6fcad9b6d93f3be73764a39713,2024-03,Hampshire Constabulary,Hampshire Constabulary,-0.846046,51.346841,On or near Canberra Close,E01022894,Hart 001E,Violence and sexual offences,Unable to prosecute suspect,
c484edbe96146e12bf3cde4bbd41dc53244f827af9238fcdb06d31f21f6478d6,2024-03,Hampshire Constabulary,Hampshire Constabulary,-0.846046,51.346841,On or near Canberra Close,E01022894,Hart 001E,Violence and sexual offences,Local resolution,
83c41f6eb89c4327be14ffa77761119e4616d509c42b43d2e2e99f96c71ccd42,2024-03,Hampshire Constabulary,Hampshire Constabulary,-0.865427,51.334208,On or near Cooper'S Hill,E01022859,Hart 002A,Criminal damage and arson,Investigation complete; no suspect identified,
028581387e5360badd8f328a3057e9359616c0e9a5f62e861217ff221e0385a6,2024-03,Hampshire Constabulary,Hampshire Constabulary,-0.850239,51.348564,On or near Hall'S Way,E01022859,Hart 002A,Public order,Unable to prosecute suspect,
1c45e8049077d82afaed305a1612ea61e8a045f9ff744f75e74dba04b14e3bbe,2024-03,Hampshire Constabulary,Hampshire Constabulary,-0.898950,51.349598,On or near St Neot'S Road,E01022859,Hart 002A,Criminal damage and arson,Investigation complete; no suspect identified,
824fc900e52f3d04f6d8fcd3bf17d9347e4672e2fab9d9917bc69f1d8068d65e,2024-03,Hampshire Constabulary,Hampshire Constabulary,-0.865427,51.334208,On or near Cooper'S Hill,E01022859,Hart 002A,Shoplifting,Investigation complete; no suspect identified,
10917e9a225566245c055c71d42d8c9751edb2e7a9ded0a68e977e3a2bda206e,2024-03,Hampshire Constabulary,Hampshire Constabulary,-0.898950,51.349598,On or near St Neot'S Road,E01022859,Hart 002A,Vehicle crime,Investigation complete; no suspect identified,
0368166ad623d7a971a724d2ec503641a93b0e7553f8a78b8eaf27a4cf7282d1,2024-03,Hampshire Constabulary,Hampshire Constabulary,-0.859398,51.348672,On or near Reading Road,E01022859,Hart 002A,Violence and sexual offences,Unable to prosecute suspect,
94d8b16fdbda5f1af37a6bd91b8fa0110cf831ea5e83896c96df1a63ac2dc47a,2024-03,Hampshire Constabulary,Hampshire Constabulary,-0.859398,51.348672,On or near Reading Road,E01022859,Hart 002A,Violence and sexual offences,Unable to prosecute suspect,
3f3d55837dd9ea1cf987ab4b8f072f23bf5b356857e7e6436c8c659d20def999,2024-03,Hampshire Constabulary,Hampshire Constabulary,-0.844577,51.338482,On or near Turnstone End,E01022895,Hart 002B,Burglary,Investigation complete; no suspect identified,
f55d82d5b3bfc3575130b28edd9662a0115fa385121a5a623fdcf181a09ee39e,2024-03,Hampshire Constabulary,Hampshire Constabulary,-0.846755,51.340904,On or near Borderside,E01022895,Hart 002B,Drugs,Local resolution,
801465ec86d878b83018ac40ff613846b09d40870aa859bffb68831d7447d05a,2024-03,Hampshire Constabulary,Hampshire Constabulary,-0.839651,51.337993,On or near School Lane,E01022895,Hart 002B,Violence and sexual offences,Unable to prosecute suspect,
39938f1a60d5b2c979e1a9e50d3a11249011f9f69cf8492ad3a6834a56ed7673,2024-03,Hampshire Constabulary,Hampshire Constabulary,-0.849189,51.336585,On or near Oldcorne Hollow,E01022895,Hart 002B,Other crime,Further investigation is not in the public interest,
d1778c7cbfa944c594a658147ab100048a392b9c23e0fab15ac56a0e832a1d60,2024-03,Hampshire Constabulary,Hampshire Constabulary,-0.841897,51.338276,On or near Raven Close,E01022895,Hart 002B,Other theft,Investigation complete; no suspect identified,
04bcb76c9473b71e4c64260ae5c5ee3304fe3cc18e2c8847e78e5c8dbdc608af,2024-03,Hampshire Constabulary,Hampshire Constabulary,-0.848407,51.338574,On or near Rokes Place,E01022895,Hart 002B,Vehicle crime,Status update unavailable,
529463c510319a9c1c340cf8abb222ec996b637cf1f74dfba52d604809840233,2024-03,Hampshire Constabulary,Hampshire Constabulary,-0.838576,51.339043,On or near Connaught Close,E01022895,Hart 002B,Other crime,Investigation complete; no suspect identified,
,2024-03,Hampshire Constabulary,Hampshire Constabulary,-0.828655,51.328927,On or near Woodlands,E01022896,Hart 002C,Anti-social behaviour,,
2fd161717a535d2645b7eb1ec702dcbeabe47c15922a9d855212a6164ce9b0a2,2024-03,Hampshire Constabulary,Hampshire Constabulary,-0.827555,51.333790,On or near Handford Lane,E01022896,Hart 002C,Criminal damage and arson,Unable to prosecute suspect,
fa4746a6bb25a6199f1528ad976a5fe61168863e972adea74f5dbaedf6bd5d53,2024-03,Hampshire Constabulary,Hampshire Constabulary,-0.827507,51.330058,On or near Tudor Drive,E01022896,Hart 002C,Public order,Status update unavailable,
280e1c63580dfa6c568511b6360be784003868165f61782eda0ccf3b95930c38,2024-03,Hampshire Constabulary,Hampshire Constabulary,-0.832435,51.334954,On or near Hangerfield Close,E01022896,Hart 002C,Violence and sexual offences,Status update unavailable,
036a161529aebc85aeb2423ff042d6ce878e1875a92f0a22dc538534ec82fbad,2024-03,Hampshire Constabulary,Hampshire Constabulary,-0.842799,51.333825,On or near The Sett,E01022897,Hart 002D,Violence and sexual offences,Unable to prosecute suspect,
,2024-03,Hampshire Constabulary,Hampshire Constabulary,-0.844730,51.336388,On or near Monteagle Gardens,E01022897,Hart 002D,Anti-social behaviour,,
5b190f0050dd3a64379898d34a26486e08ae04408adc2591c95ba2444d3115be,2024-03,Hampshire Constabulary,Hampshire Constabulary,-0.842799,51.333825,On or near The Sett,E01022897,Hart 002D,Other theft,Investigation complete; no suspect identified,
aa55c057f9eb5c1cbd4d70bd4ae96dbfde4ba74aa0cb53a91bc08ade28670cad,2024-03,Hampshire Constabulary,Hampshire Constabulary,-0.839729,51.334298,On or near Hawkins Close,E01022897,Hart 002D,Public order,Unable to prosecute suspect,
defd5e9093b2c8ef7f494a64af8c8c99b825ca9d8f8323462663e5eca0b0cab6,2024-03,Hampshire Constabulary,Hampshire Constabulary,-0.839729,51.334298,On or near Hawkins Close,E01022897,Hart 002D,Violence and sexual offences,Unable to prosecute suspect,
2026f96d0b4b0829948791a9ce5bb52172395e5ed082f82ef71fda97016bcb66,2024-03,Hampshire Constabulary,Hampshire Constabulary,-0.842799,51.333825,On or near The Sett,E01022897,Hart 002D,Violence and sexual offences,Unable to prosecute suspect,
80819b917a405c8294e82217676713a12b6a8a9305ed5003e4bc1e16156fd168,2024-03,Hampshire Constabulary,Hampshire Constabulary,-0.839835,51.332941,On or near Gibbs Way,E01022897,Hart 002D,Violence and sexual offences,Unable to prosecute suspect,
07bd05f3c566a5e096fbb986948bd62cb351c31024ccb66444eb13966875eb5a,2024-03,Hampshire Constabulary,Hampshire Constabulary,-0.834197,51.332256,On or near Christie Walk,E01022898,Hart 002E,Criminal damage and arson,Unable to prosecute suspect,
20b99fbc4d9618d6dd1feff2106cc04f4109f0cc2c3a37e4aa39080fe60282d7,2024-03,Hampshire Constabulary,Hampshire Constabulary,-0.834197,51.332256,On or near Christie Walk,E01022898,Hart 002E,Violence and sexual offences,Unable to prosecute suspect,
a78ccad5df3e128fe21fe78fdb80d1dda0655dcff71250b8a318c1b909ee4778,2024-03,Hampshire Constabulary,Hampshire Constabulary,-0.834197,51.332256,On or near Christie Walk,E01022898,Hart 002E,Violence and sexual offences,Unable to prosecute suspect,
,2024-03,Hampshire Constabulary,Hampshire Constabulary,-0.840234,51.330229,On or near Little Vigo,E01022898,Hart 002E,Anti-social behaviour,,
,2024-03,Hampshire Constabulary,Hampshire Constabulary,-0.840234,51.330229,On or near Little Vigo,E01022898,Hart 002E,Anti-social behaviour,,
6cb24b4778b2aa95e5ca64ffaead8b54a248c4d5317aec701c497d7378d62d4c,2024-03,Hampshire Constabulary,Hampshire Constabulary,-0.834197,51.332256,On or near Christie Walk,E01022898,Hart 002E,Public order,Investigation complete; no suspect identified,
0db0cb300cae65bba6416d199036ff3183ccca109fa5d7cab4a3b17925936da6,2024-03,Hampshire Constabulary,Hampshire Constabulary,-0.836524,51.335615,On or near Lymington Avenue,E01022898,Hart 002E,Vehicle crime,Investigation complete; no suspect identified,
3872458b90b4cafacf86823c2ab15991bf8bfa201c0999ac763eb3105121865a,2024-03,Hampshire Constabulary,Hampshire Constabulary,-0.833321,51.337354,On or near Wistaria Lane,E01022898,Hart 002E,Violence and sexual offences,Status update unavailable,
91d9e36c68b757b50ba6036405d15da107ea5969866469080e242384371930d6,2024-03,Hampshire Constabulary,Hampshire Constabulary,-0.833321,51.337354,On or near Wistaria Lane,E01022898,Hart 002E,Violence and sexual offences,Status update unavailable,
864e7c2e5dbba147fdbc0f406bbfcdc8d94261ca0e112f1c22702439bea81610,2024-03,Hampshire Constabulary,Hampshire Constabulary,-0.820324,51.317424,On or near Minley Road,E01022846,Hart 003A,Other theft,Investigation complete; no suspect identified,
7bdd14ce56103290b9d42d205831f680fca0b9425d7407e10d1ad1020fc6f16b,2024-03,Hampshire Constabulary,Hampshire Constabulary,-0.793139,51.304009,On or near Skylark Mews,E01022846,Hart 003A,Violence and sexual offences,Court result unavailable,
b5cf8dd763949e9b766b7161e720796678e1df71fd693ac442c2b872674aff6b,2024-03,Hampshire Constabulary,Hampshire Constabulary,-0.779982,51.328430,On or near Chippendale Close,E01022847,Hart 003B,Public order,Investigation complete; no suspect identified,
67b50ca795a12b442cc2850156cc271e183c3d8f2979343ad23321dbadf9855a,2024-03,Hampshire Constabulary,Hampshire Constabulary,-0.780331,51.330909,On or near Supermarket,E01022847,Hart 003B,Violence and sexual offences,Unable to prosecute suspect,
,2024-03,Hampshire Constabulary,Hampshire Constabulary,-0.778614,51.328605,On or near The Glebe,E01022847,Hart 003B,Anti-social behaviour,,
,2024-03,Hampshire Constabulary,Hampshire Constabulary,-0.778614,51.328605,On or near The Glebe,E01022847,Hart 003B,Anti-social behaviour,,
,2024-03,Hampshire Constabulary,Hampshire Constabulary,-0.776810,51.330600,On or near Toad Lane,E01022847,Hart 003B,Anti-social behaviour,,
0fb1f234ca0d1defa9bfb5fdd1ca1efc51836e0fbc392d8d47121228fd3d8f0c,2024-03,Hampshire Constabulary,Hampshire Constabulary,-0.777152,51.331791,On or near Blackwater,E01022847,Hart 003B,Criminal damage and arson,Investigation complete; no suspect identified,
4d7718853cfab897c74edc2c02bc425d6cd82d4d5cb79e18773378110047fc23,2024-03,Hampshire Constabulary,Hampshire Constabulary,-0.779619,51.330783,On or near Rosemary Lane,E01022847,Hart 003B,Public order,Unable to prosecute suspect,
31b56ad567743f57582f1d020e8bed020f1d7d6a0a605e77f7d4deedba79f3f3,2024-03,Hampshire Constabulary,Hampshire Constabulary,-0.781362,51.330522,On or near London Road,E01022847,Hart 003B,Violence and sexual offences,Unable to prosecute suspect,
b6f239a89e2a202d9a0ee7ec0302ec5b746a0ce3fd4cfff2053940f6020e431a,2024-03,Hampshire Constabulary,Hampshire Constabulary,-0.781362,51.330522,On or near London Road,E01022847,Hart 003B,Violence and sexual offences,Unable to prosecute suspect,
63c9ae925f6ffdaea2f10e7fd18766a7dadbe6053e330b7ff749b620ad491297,2024-03,Hampshire Constabulary,Hampshire Constabulary,-0.782529,51.330363,On or near London Road,E01022848,Hart 003C,Drugs,Court result unavailable,
24ce84a5055328b5e333c0fd5e2267f64c64ed82c1433e485722331a788b3981,2024-03,Hampshire Constabulary,Hampshire Constabulary,-0.783722,51.333559,On or near Russell Court,E01022848,Hart 003C,Violence and sexual offences,Unable to prosecute suspect,
,2024-03,Hampshire Constabulary,Hampshire Constabulary,-0.778759,51.331790,On or near Ryecroft Gardens,E01022848,Hart 003C,Anti-social behaviour,,
cba367aa31b66cecd953134d06213622dbcaa21efc44066db0ae3737123875f2,2024-03,Hampshire Constabulary,Hampshire Constabulary,-0.778759,51.331790,On or near Ryecroft Gardens,E01022848,Hart 003C,Violence and sexual offences,Unable to prosecute suspect,
a18c4a1ac3a57f6174c05c8be88e74029b488a7a9fc9d09fce607fb073e617a3,2024-03,Hampshire Constabulary,Hampshire Constabulary,-0.780528,51.332743,On or near Chestnut Close,E01022848,Hart 003C,Violence and sexual offences,Unable to prosecute suspect,
964c8f5a796366a370560ef8fee8023c1ed16184e75d7965535522c60797b47d,2024-03,Hampshire Constabulary,Hampshire Constabulary,-0.783895,51.335152,On or near Tichborne Close,E01022848,Hart 003C,Violence and sexual offences,Investigation complete; no suspect identified,
6416777db6ef2986a6e8b1b6a8b31c4169656e8221f08dbed4fa1b53869dcb80,2024-03,Hampshire Constabulary,Hampshire Constabulary,-0.806495,51.338298,On or near Moorhen Close,E01022876,Hart 003F,Violence and sexual offences,Unable to prosecute suspect,
,2024-03,Hampshire Constabulary,Hampshire Constabulary,-0.803684,51.337092,On or near Sydney Loader Place,E01022876,Hart 003F,Anti-social behaviour,,
ecfdda991c16c3eecdb70e8e11c1ef737cb4f4a2a10543589f033cd30be10b15,2024-03,Hampshire Constabulary,Hampshire Constabulary,-0.801627,51.337772,On or near Darby Green Lane,E01022876,Hart 003F,Criminal damage and arson,Investigation complete; no suspect identified,
917b4e161536870e8c2e2b2d7f6638ef06ee55f7456c751701c1bd87e419f2bc,2024-03,Hampshire Constabulary,Hampshire Constabulary,-0.795641,51.330085,On or near Baileys Close,E01022877,Hart 003G,Violence and sexual offences,Unable to prosecute suspect,
b47ebade6c76150998f62da1396c27b66c15162d5a9ed131fa0bff3466638791,2024-03,Hampshire Constabulary,Hampshire Constabulary,-0.795641,51.330085,On or near Baileys Close,E01022877,Hart 003G,Violence and sexual offences,Court result unavailable,
,2024-03,Hampshire Constabulary,Hampshire Constabulary,-0.792512,51.331726,On or near Trotsford Meadow,E01022877,Hart 003G,Anti-social behaviour,,
c6052825c11505e84e7a6ac4b2728ead7d2652ea01522de88530bffd22b48b3d,2024-03,Hampshire Constabulary,Hampshire Constabulary,-0.800288,51.332974,On or near Larches Way,E01022877,Hart 003G,Other theft,Investigation complete; no suspect identified,
a16b98acb3aa9417b0446979431d413e8e41ae55ca37ca919e323d45e3d76c44,2024-03,Hampshire Constabulary,Hampshire Constabulary,-0.795641,51.330085,On or near Baileys Close,E01022877,Hart 003G,Possession of weapons,Status update unavailable,
,2024-03,Hampshire Constabulary,Hampshire Constabulary,-0.925466,51.345519,On or near Bramshill Road,E01022858,Hart 004A,Anti-social behaviour,,
,2024-03,Hampshire Constabulary,Hampshire Constabulary,-0.933686,51.357590,On or near Ford Lane,E01022858,Hart 004A,Anti-social behaviour,,
,2024-03,Hampshire Constabulary,Hampshire Constabulary,-0.924414,51.361641,On or near Park/Open Space,E01022858,Hart 004A,Anti-social behaviour,,
35e332e7b489183756ff11312554d4a4962c5c84f60922428c4a70a9af46d853,2024-03,Hampshire Constabulary,Hampshire Constabulary,-0.948510,51.360017,On or near Park/Open Space,E01022858,Hart 004A,Other theft,Investigation complete; no suspect identified,
3c59f634612a5ea964e33d3d5d0e6f63ce5ffc9eaf25ae83e2a055d8aaeb65ac,2024-03,Hampshire Constabulary,Hampshire Constabulary,-0.978886,51.360043,On or near Welsh Lane,E01022858,Hart 004A,Other theft,Investigation complete; no suspect identified,
8365bac83559c36e48defaf3ac84ca7a4cb2c5dfce5361261f588e85027bafb7,2024-03,Hampshire Constabulary,Hampshire Constabulary,-0.946044,51.317264,On or near Red Hill,E01022858,Hart 004A,Vehicle crime,Investigation complete; no suspect identified,
d85f31ccec1b98ad73ee0ec3082adf65f4f832e5787f0eba3b9b50abb7d1c2da,2024-03,Hampshire Constabulary,Hampshire Constabulary,-0.962388,51.340772,On or near Church Lane,E01022858,Hart 004A,Vehicle crime,Investigation complete; no suspect identified,
1789020ba08358b53636915b19fdd34c8e672e0bf5007daf4ff20fefa1b7acfd,2024-03,Hampshire Constabulary,Hampshire Constabulary,-0.955065,51.326301,On or near Hudsons Meadow,E01022858,Hart 004A,Violence and sexual offences,Unable to prosecute suspect,
66e5118ea956ddd35e468b21eb0686d956b2a103d331abb0c0e2b536bc54bcf3,2024-03,Hampshire Constabulary,Hampshire Constabulary,-0.928788,51.302792,On or near Park/Open Space,E01022878,Hart 004B,Violence and sexual offences,Unable to prosecute suspect,
dd628851d61b85662ab2fc7184549cfd5699fb731afb27b9864474c1d7f0263b,2024-03,Hampshire Constabulary,Hampshire Constabulary,-0.903885,51.305817,On or near Hartford Court,E01022879,Hart 004C,Public order,Unable to prosecute suspect,
d117edd7cf81148c72ebd5d7337644e5c13bf542792e980fdf08d70910aa5a9d,2024-03,Hampshire Constabulary,Hampshire Constabulary,-0.903885,51.305817,On or near Hartford Court,E01022879,Hart 004C,Public order,Unable to prosecute suspect,
25b05a18f47de0c0e92624b12a5306d1ef834a0242348d92d71da940b4eb3b4a,2024-03,Hampshire Constabulary,Hampshire Constabulary,-0.899722,51.307136,On or near Monachus Row,E01022879,Hart 004C,Public order,Unable to prosecute suspect,
a68fab233d21c0fa1438a34536cf89722d0eb71149ccb2a28840b201aac0f38c,2024-03,Hampshire Constabulary,Hampshire Constabulary,-0.856486,51.296588,On or near Motorway Service Area,E01022879,Hart 004C,Vehicle crime,Investigation complete; no suspect identified,
69fc195f496f0d9979a39e65c3acf64c77cfe9be9798ece1bfdf8581cd0a1f4c,2024-03,Hampshire Constabulary,Hampshire Constabulary,-0.891967,51.313429,On or near Hares Lane,E01022879,Hart 004C,Violence and sexual offences,Unable to prosecute suspect,
3abe745e364b0cea4098f71aa73e3773e5248263ff5d50a61dd2972511f17a5d,2024-03,Hampshire Constabulary,Hampshire Constabulary,-0.903673,51.302083,On or near Green Lane,E01022879,Hart 004C,Violence and sexual offences,Unable to prosecute suspect,
,2024-03,Hampshire Constabulary,Hampshire Constabulary,-0.903885,51.305817,On or near Hartford Court,E01022879,Hart 004C,Anti-social behaviour,,
,2024-03,Hampshire Constabulary,Hampshire Constabulary,-0.856486,51.296588,On or near Motorway Service Area,E01022879,Hart 004C,Anti-social behaviour,,
,2024-03,Hampshire Constabulary,Hampshire Constabulary,-0.876168,51.319137,On or near Parking Area,E01022879,Hart 004C,Anti-social behaviour,,
,2024-03,Hampshire Constabulary,Hampshire Constabulary,-0.876168,51.319137,On or near Parking Area,E01022879,Hart 004C,Anti-social behaviour,,
c85fcd243132f96b071a39a7d16d2b28b79967d89f2ade951a16728ea8af7420,2024-03,Hampshire Constabulary,Hampshire Constabulary,-0.899604,51.300688,On or near Cottage Green,E01022879,Hart 004C,Bicycle theft,Investigation complete; no suspect identified,
49ac7c2457cc9bfd40d218528eb7dd3d287b702ab765dfa5fad332cc60803f42,2024-03,Hampshire Constabulary,Hampshire Constabulary,-0.891967,51.313429,On or near Hares Lane,E01022879,Hart 004C,Burglary,Status update unavailable,
d13f8737fe20bb29652bebf517f578056614c78b25c173c8ddc0c1e6af167bb8,2024-03,Hampshire Constabulary,Hampshire Constabulary,-0.902160,51.300541,On or near Sandy Lane,E01022880,Hart 004D,Criminal damage and arson,Unable to prosecute suspect,
e3977732012fe876912fe912a5c12e8e6a0d5cc361d01506cbe67d6fb50c8b31,2024-03,Hampshire Constabulary,Hampshire Constabulary,-0.917146,51.293406,On or near London Road,E01022880,Hart 004D,Violence and sexual offences,Unable to prosecute suspect,
85fb56bcda4478720de806822e1d9b43ea10d0b14efa378316df048531b70102,2024-03,Hampshire Constabulary,Hampshire Constabulary,-0.906740,51.296141,On or near Dilly Lane,E01022880,Hart 004D,Violence and sexual offences,Court result unavailable,
9959747fe1b0f3467184a4be3ea59e88dab7e3771d6ebf5b07758f95c060a5be,2024-03,Hampshire Constabulary,Hampshire Constabulary,-0.902160,51.300541,On or near Sandy Lane,E01022880,Hart 004D,Violence and sexual offences,Unable to prosecute suspect,
89215cee25a92e68e889daa26c9ddaf1a04f3d7d6c421697b5150ab3b93e5a19,2024-03,Hampshire Constabulary,Hampshire Constabulary,-0.912991,51.296272,On or near Petrol Station,E01022880,Hart 004D,Violence and sexual offences,Status update unavailable,
1fe7ecb6b3fcc684e55711ea3591112488e406b3f9514d9fc3a24b7a496da9d5,2024-03,Hampshire Constabulary,Hampshire Constabulary,-0.834729,51.288604,On or near Cranbrook Court,E01022860,Hart 005A,Possession of weapons,Formal action is not in the public interest,
050036ef36f423fba2d2db27e9649d0f35ea739fb9bf4113881f96284023a63e,2024-03,Hampshire Constabulary,Hampshire Constabulary,-0.841239,51.282356,On or near Supermarket,E01022860,Hart 005A,Other theft,Investigation complete; no suspect identified,
aa45cb2989a9ca36cacc1183e38ca15bfd788f003d5329c80ec2f1f6b985cb0b,2024-03,Hampshire Constabulary,Hampshire Constabulary,-0.841239,51.282356,On or near Supermarket,E01022860,Hart 005A,Other theft,Investigation complete; no suspect identified,
b6d2ad4b2c504ad231bc04b621d49a35e69fa5a23077180515c6d5027b60ca83,2024-03,Hampshire Constabulary,Hampshire Constabulary,-0.841239,51.282356,On or near Supermarket,E01022860,Hart 005A,Possession of weapons,Investigation complete; no suspect identified,
c31631f29aeac58d0459d60d269cc83de9d9e5692e043935171e072c82bda568,2024-03,Hampshire Constabulary,Hampshire Constabulary,-0.841048,51.280835,On or near Shopping Area,E01022862,Hart 005B,Drugs,Unable to prosecute suspect,
418acfabf9622072c9e9662ff665ccd007e1cb41aa7037bb0887ca303fa6bd22,2024-03,Hampshire Constabulary,Hampshire Constabulary,-0.836467,51.281688,On or near Bearwood Gardens,E01022862,Hart 005B,Drugs,Offender given a caution,
ec295e9031b1ea16e0e94e03898799ec869b5a53bbaf2dfe8ec0198ba7fd2444,2024-03,Hampshire Constabulary,Hampshire Constabulary,-0.844912,51.279398,On or near Parking Area,E01022862,Hart 005B,Public order,Investigation complete; no suspect identified,
74d125c5d45f7b81024d8bd7062f143af5e8376498465bf289e7fc92c955fec6,2024-03,Hampshire Constabulary,Hampshire Constabulary,-0.842460,51.279985,On or near Nightclub,E01022862,Hart 005B,Shoplifting,Unable to prosecute suspect,
85d752e8874aca5d01fd96f5e6dc6dc8457928b506e476f71249e6291600b7e1,2024-03,Hampshire Constabulary,Hampshire Constabulary,-0.842845,51.281769,On or near Parking Area,E01022862,Hart 005B,Shoplifting,Local resolution,
5355ecf5540a099c47a3ba93bee15cea53faa32fabc8a455320b46fce9805517,2024-03,Hampshire Constabulary,Hampshire Constabulary,-0.844912,51.279398,On or near Parking Area,E01022862,Hart 005B,Violence and sexual offences,Unable to prosecute suspect,
d8796877fd88fcd3f599822d21d385e1c7385fdddebff137c3ff4f77a377ce53,2024-03,Hampshire Constabulary,Hampshire Constabulary,-0.846018,51.278761,On or near Parking Area,E01022862,Hart 005B,Violence and sexual offences,Unable to prosecute suspect,
33cb3c1e7e1022ed4c5094810826d7215b65007e68d580fba9f3683c5e61a00d,2024-03,Hampshire Constabulary,Hampshire Constabulary,-0.842460,51.279985,On or near Nightclub,E01022862,Hart 005B,Violence and sexual offences,Unable to prosecute suspect,
cb16b97d408381e73b0573b1417f39a7dad6a59d7a0456a49806327e59749b72,2024-03,Hampshire Constabulary,Hampshire Constabulary,-0.842460,51.279985,On or near Nightclub,E01022862,Hart 005B,Violence and sexual offences,Investigation complete; no suspect identified,
5a8c4fd8190caeca63c3165f0851ad31bb7c070ad1ad6b1c8ef9da3a55611b6d,2024-03,Hampshire Constabulary,Hampshire Constabulary,-0.844547,51.280249,On or near Parking Area,E01022862,Hart 005B,Violence and sexual offences,Investigation complete; no suspect identified,
,2024-03,Hampshire Constabulary,Hampshire Constabulary,-0.846018,51.278761,On or near Parking Area,E01022862,Hart 005B,Anti-social behaviour,,
,2024-03,Hampshire Constabulary,Hampshire Constabulary,-0.841048,51.280835,On or near Shopping Area,E01022862,Hart 005B,Anti-social behaviour,,
,2024-03,Hampshire Constabulary,Hampshire Constabulary,-0.841048,51.280835,On or near Shopping Area,E01022862,Hart 005B,Anti-social behaviour,,
,2024-03,Hampshire Constabulary,Hampshire Constabulary,-0.841048,51.280835,On or near Shopping Area,E01022862,Hart 005B,Anti-social behaviour,,
fb56f20336b587383552016dc365a9e4bbc04a177d32ab4a6169e1fa428ba1e7,2024-03,Hampshire Constabulary,Hampshire Constabulary,-0.846018,51.278761,On or near Parking Area,E01022862,Hart 005B,Criminal damage and arson,Investigation complete; no suspect identified,
2e4181d85f1e6e93ad85b340dda353114d16cae848c20aa64c16523144331166,2024-03,Hampshire Constabulary,Hampshire Constabulary,-0.839312,51.282580,On or near Old Dairy Close,E01022862,Hart 005B,Criminal damage and arson,Unable to prosecute suspect,
0c28e6e82c9528210acd80c8962b81e85a26e74aca357e61bbf38cd359cf3e80,2024-03,Hampshire Constabulary,Hampshire Constabulary,-0.841574,51.280426,On or near Parking Area,E01022862,Hart 005B,Other theft,Investigation complete; no suspect identified,
8866a122dc4720096924ac24ebbb86161683cd5b1eded61cf06e77605c68424b,2024-03,Hampshire Constabulary,Hampshire Constabulary,-0.844911,51.281178,On or near Victoria Road,E01022862,Hart 005B,Other theft,Investigation complete; no suspect identified,
a0012ae10bfd08623ce1a31134122c9c8eab1d6c0f3bf49e96f4278780a5de3f,2024-03,Hampshire Constabulary,Hampshire Constabulary,-0.841574,51.280426,On or near Parking Area,E01022862,Hart 005B,Public order,Status update unavailable,
b86fb4d00a8c245cc6966a6c71a76e310cf38892ef3638f86700298c51e43634,2024-03,Hampshire Constabulary,Hampshire Constabulary,-0.835208,51.283673,On or near Supermarket,E01022862,Hart 005B,Public order,Unable to prosecute suspect,
d4620e34d125adfd3f3053d91515878db64a72ca913a7e7f8b0597693e8d70df,2024-03,Hampshire Constabulary,Hampshire Constabulary,-0.842845,51.281769,On or near Parking Area,E01022862,Hart 005B,Shoplifting,Court result unavailable,
832bcb94fa82d92b8f3c4c36825daac55c44133ada2e2365e67e3bba66162036,2024-03,Hampshire Constabulary,Hampshire Constabulary,-0.842460,51.279985,On or near Nightclub,E01022862,Hart 005B,Shoplifting,Status update unavailable,
c095cabb0d74be6fb443a3d1813f07f0c8b236b4e602003431b5b56844bf3149,2024-03,Hampshire Constabulary,Hampshire Constabulary,-0.841338,51.280702,On or near Nightclub,E01022862,Hart 005B,Shoplifting,Investigation complete; no suspect identified,
d78d6d3ebc1e8a49eaf35107c5b1b18aa37d0d9bb1b63cb448eacefd76d7e0e6,2024-03,Hampshire Constabulary,Hampshire Constabulary,-0.841338,51.280702,On or near Nightclub,E01022862,Hart 005B,Shoplifting,Investigation complete; no suspect identified,
36e015a40227e2c266fd224b5140e26c3e2a37a891932a288655fa6bd312a573,2024-03,Hampshire Constabulary,Hampshire Constabulary,-0.807384,51.280757,On or near Red Cedar Avenue,E01022867,Hart 005D,Burglary,Investigation complete; no suspect identified,
826afc7e46123fe386f71dd168b33ff2f0f92c65d7a3d13d786813967de29cf9,2024-03,Hampshire Constabulary,Hampshire Constabulary,-0.807384,51.280757,On or near Red Cedar Avenue,E01022867,Hart 005D,Burglary,Investigation complete; no suspect identified,
e628fd350cc1daa5d840d560520749fe53c298859a1c351e144f2210417cd636,2024-03,Hampshire Constabulary,Hampshire Constabulary,-0.820705,51.292492,On or near Woodgate,E01022867,Hart 005D,Drugs,Local resolution,
dfad4a8bc1e77da01a180f710ad13f51cce8f8e127689dbfa0535711e32c25bf,2024-03,Hampshire Constabulary,Hampshire Constabulary,-0.820705,51.292492,On or near Woodgate,E01022867,Hart 005D,Drugs,Local resolution,
ca7771cebb0c4f6be55c8db22de7302456b8afe106cee9b35ccc7a90bb0f32fb,2024-03,Hampshire Constabulary,Hampshire Constabulary,-0.827008,51.295586,On or near Swaledale Gardens,E01022867,Hart 005D,Violence and sexual offences,Unable to prosecute suspect,
6f7caf3409db9a0c098f1cd69282dfe2cc452710c7440cedcf0399b6ba4c4182,2024-03,Hampshire Constabulary,Hampshire Constabulary,-0.827008,51.295586,On or near Swaledale Gardens,E01022867,Hart 005D,Violence and sexual offences,Unable to prosecute suspect,
f76c1b624407e5a75bf02c19d3331822fae4ee7ed5d6f9c46653cb0f8e66f106,2024-03,Hampshire Constabulary,Hampshire Constabulary,-0.807384,51.280757,On or near Red Cedar Avenue,E01022867,Hart 005D,Criminal damage and arson,Investigation complete; no suspect identified,
07b76ecbde045a402c87f0e39ad4692b49b97f25a1a8f5b5565894c37f002157,2024-03,Hampshire Constabulary,Hampshire Constabulary,-0.829511,51.298677,On or near Barley Way,E01022867,Hart 005D,Other theft,Investigation complete; no suspect identified,
0ba905cd4b8019c8b93b3789a89a6c32cffffeb0b2ca86153ff58557529091cd,2024-03,Hampshire Constabulary,Hampshire Constabulary,-0.828430,51.296643,On or near Saddleback Way,E01022867,Hart 005D,Other theft,Status update unavailable,
70e76fab016b0009dea4b16129929353b86f1410584302ded6990029c9104634,2024-03,Hampshire Constabulary,Hampshire Constabulary,-0.823301,51.294739,On or near Falkners Close,E01022867,Hart 005D,Violence and sexual offences,Status update unavailable,
a7b5c6f12e60ce3aa8284ac1cb677186334bb1997489eb9c1e7d41ef62058628,2024-03,Hampshire Constabulary,Hampshire Constabulary,-0.854918,51.295646,On or near Fleet Services,E01032852,Hart 005E,Criminal damage and arson,Investigation complete; no suspect identified,
a62ee70cbc2714a1286e8106259e77e3b26fa95fe4e6308b5f5c161bf73b94f1,2024-03,Hampshire Constabulary,Hampshire Constabulary,-0.854459,51.293915,On or near Tadley Close,E01032852,Hart 005E,Other theft,Investigation complete; no suspect identified,
c43b28827fb29d11f1bc6b00b6a7f909d850cc309c6969704802e82fa797a167,2024-03,Hampshire Constabulary,Hampshire Constabulary,-0.853624,51.292864,On or near Winchfield Close,E01032852,Hart 005E,Other theft,Investigation complete; no suspect identified,
f95dea87d0f0e98c12887bcda5ce728a55ee2be45bd0c7089c30dd7985b2da40,2024-03,Hampshire Constabulary,Hampshire Constabulary,-0.852669,51.294959,On or near Tunworth Close,E01032852,Hart 005E,Vehicle crime,Investigation complete; no suspect identified,
09263b761d78bc2b2282dc2c2d4ce934186a97e99dfe7724dae94d3e89e7f43d,2024-03,Hampshire Constabulary,Hampshire Constabulary,-0.864166,51.293407,On or near Lasham Road,E01032852,Hart 005E,Violence and sexual offences,Formal action is not in the public interest,
f114c4249d665012465265131a570c351e372d533e0a62bad9a6b0d74d3ed6c1,2024-03,Hampshire Constabulary,Hampshire Constabulary,-0.862241,51.291248,On or near Mounts Way,E01032853,Hart 005F,Burglary,Investigation complete; no suspect identified,
350152807434afe77dde029e3069bfe04ba93cf3a42cbcecb50b07071cde1618,2024-03,Hampshire Constabulary,Hampshire Constabulary,-0.862241,51.291248,On or near Mounts Way,E01032853,Hart 005F,Burglary,Investigation complete; no suspect identified,
,2024-03,Hampshire Constabulary,Hampshire Constabulary,-0.855200,51.290622,On or near Petrol Station,E01032853,Hart 005F,Anti-social behaviour,,
,2024-03,Hampshire Constabulary,Hampshire Constabulary,-0.859673,51.291250,On or near Elvetham Crescent,E01032853,Hart 005F,Anti-social behaviour,,
,2024-03,Hampshire Constabulary,Hampshire Constabulary,-0.839606,51.297105,On or near Waleron Road,E01032854,Hart 005G,Anti-social behaviour,,
d4b9d161f8fe47255a3da93511501fe2777147ee83e239066914ddffc63281bb,2024-03,Hampshire Constabulary,Hampshire Constabulary,-0.831725,51.291119,On or near Fleet,E01032857,Hart 005H,Criminal damage and arson,Investigation complete; no suspect identified,
637d97e90307b8de45cb77a8f975cff9aacdd7e6d89603ca36597ffceb9b6318,2024-03,Hampshire Constabulary,Hampshire Constabulary,-0.831725,51.291119,On or near Fleet,E01032857,Hart 005H,Other theft,Investigation complete; no suspect identified,
2d2b69706cb7a14d188b50e7db0ca89652d3fd4b4a7b32345b7693f4bd9ef498,2024-03,Hampshire Constabulary,Hampshire Constabulary,-0.936361,51.289796,On or near London Road,E01022881,Hart 006A,Burglary,Investigation complete; no suspect identified,
c28b6fc46a1261aa9240747fb683184750cb570f37c04e1b892271a7752ecfd7,2024-03,Hampshire Constabulary,Hampshire Constabulary,-0.959604,51.282361,On or near St Johns Close,E01022881,Hart 006A,Burglary,Unable to prosecute suspect,
cd5642a9884e5db929aae26e9e6554064659e42ba1adddf76e61f78d9cc80906,2024-03,Hampshire Constabulary,Hampshire Constabulary,-0.977915,51.274556,On or near Oaklands,E01022881,Hart 006A,Drugs,Local resolution,
9d62ae51203b27e1fb4a3af19fe0eceabbc7a4df57ede03e43e12c468595011d,2024-03,Hampshire Constabulary,Hampshire Constabulary,-0.977915,51.274556,On or near Oaklands,E01022881,Hart 006A,Vehicle crime,Investigation complete; no suspect identified,
1badee10819c7bf8c769f8b6d9fe80a5615d180e3f9b3976a4b642a05a8c5347,2024-03,Hampshire Constabulary,Hampshire Constabulary,-0.945432,51.282594,On or near Felders Mede,E01022881,Hart 006A,Vehicle crime,Unable to prosecute suspect,
38ae9afac98b071c07d78806a7c78ab8191485fce972d7dc5863c151e38ba0ba,2024-03,Hampshire Constabulary,Hampshire Constabulary,-0.976205,51.274438,On or near Park/Open Space,E01022881,Hart 006A,Violence and sexual offences,Further investigation is not in the public interest,
f132d8ea06501ff56da5328696d771412363a8b3b402728358a62473cabcd29a,2024-03,Hampshire Constabulary,Hampshire Constabulary,-0.961353,51.277260,On or near Hook Road,E01022881,Hart 006A,Violence and sexual offences,Unable to prosecute suspect,
a933d5a04d11c4f7cb6e1de8db488702f5c75efa453517931df54c5638758a8b,2024-03,Hampshire Constabulary,Hampshire Constabulary,-0.964856,51.278964,On or near Rectory Road,E01022881,Hart 006A,Violence and sexual offences,Unable to prosecute suspect,
31f70f6ddd259b092dcd3d79aadb6130e9c8fb80fb85c12d0d56d35a3ebf000d,2024-03,Hampshire Constabulary,Hampshire Constabulary,-0.963830,51.279315,On or near Chantry Close,E01022881,Hart 006A,Violence and sexual offences,Unable to prosecute suspect,
b7275a4ccd0b5eedf555e2e2bb24a612551308828e925bad9e486c494b6baaf5,2024-03,Hampshire Constabulary,Hampshire Constabulary,-0.949573,51.284619,On or near Pantile Drive,E01022881,Hart 006A,Violence and sexual offences,Unable to prosecute suspect,
9a027218691994bce04c6fd1eb902905caa8d59a111008140ac380982d94a1f4,2024-03,Hampshire Constabulary,Hampshire Constabulary,-0.952294,51.279068,On or near Bartley Way,E01022881,Hart 006A,Other crime,Unable to prosecute suspect,
d9b03f034721196d524c42111878c6bee0ca7ab72518e6dc7b0008dffde51747,2024-03,Hampshire Constabulary,Hampshire Constabulary,-0.944851,51.282283,On or near Watlington,E01022881,Hart 006A,Other crime,Investigation complete; no suspect identified,
,2024-03,Hampshire Constabulary,Hampshire Constabulary,-0.961353,51.277260,On or near Hook Road,E01022881,Hart 006A,Anti-social behaviour,,
,2024-03,Hampshire Constabulary,Hampshire Constabulary,-0.946278,51.285093,On or near Doctors Acre,E01022881,Hart 006A,Anti-social behaviour,,
c8c1c169c6ea3c5c3baf617629e7fa082e8555c1e56d847f1473059eb065fc09,2024-03,Hampshire Constabulary,Hampshire Constabulary,-0.977915,51.274556,On or near Oaklands,E01022881,Hart 006A,Criminal damage and arson,Investigation complete; no suspect identified,
6e162ec409f90061fc4984a6c827d50c4f28fa12a24e15e197c1d4b11573b24a,2024-03,Hampshire Constabulary,Hampshire Constabulary,-0.960154,51.279561,On or near Supermarket,E01022881,Hart 006A,Other theft,Investigation complete; no suspect identified,
b842636663e4f96f14f6cf00c86aa36a04e2a46cb7b7499de5bdae5611e1ee15,2024-03,Hampshire Constabulary,Hampshire Constabulary,-0.946278,51.285093,On or near Doctors Acre,E01022881,Hart 006A,Public order,Unable to prosecute suspect,
61774f44381bed46e9053a9e8eff6768e9fd05c9f599c5f6f6683bce526abdec,2024-03,Hampshire Constabulary,Hampshire Constabulary,-0.977915,51.274556,On or near Oaklands,E01022881,Hart 006A,Vehicle crime,Investigation complete; no suspect identified,
b91b709e5dc5fd6cb4512484983bb6477ba4b29a7eb199b1df780307c560764a,2024-03,Hampshire Constabulary,Hampshire Constabulary,-0.963830,51.279315,On or near Chantry Close,E01022881,Hart 006A,Vehicle crime,Status update unavailable,
88638708fc4436b09d2c3037d21fa0c4115aad04be3247e7eadda01053f690c4,2024-03,Hampshire Constabulary,Hampshire Constabulary,-0.961353,51.277260,On or near Hook Road,E01022881,Hart 006A,Violence and sexual offences,Investigation complete; no suspect identified,
adc3cdae0b579b491e42f8d34b1bf0120fef40b644a18fc2c845ab0bbeb0c47f,2024-03,Hampshire Constabulary,Hampshire Constabulary,-0.959980,51.280944,On or near Compton Close,E01022881,Hart 006A,Violence and sexual offences,Unable to prosecute suspect,
b1aa77636ad12ac125291add984f37953334e7c4d1e09b34af7a18be415dff96,2024-03,Hampshire Constabulary,Hampshire Constabulary,-0.960963,51.278039,On or near Carter Court,E01022881,Hart 006A,Violence and sexual offences,Status update unavailable,
ace7d30edd0baff9a2cb629fcb022facb2e9b5a2784b62cd657d46179ee0ec98,2024-03,Hampshire Constabulary,Hampshire Constabulary,-0.958654,51.291372,On or near Parking Area,E01022882,Hart 006B,Criminal damage and arson,Unable to prosecute suspect,
45de424ffba3b7515394d12f484e1860134f82e1d6a4cb982f1b04eadb12998f,2024-03,Hampshire Constabulary,Hampshire Constabulary,-0.959909,51.291051,On or near Fitchett Walk,E01022882,Hart 006B,Vehicle crime,Investigation complete; no suspect identified,
31bc45325625c3f881bbfe876f80c35482e9f7c431c1a9c0c4f174ccad94de4c,2024-03,Hampshire Constabulary,Hampshire Constabulary,-0.952022,51.286637,On or near Scots Court,E01022882,Hart 006B,Violence and sexual offences,Investigation complete; no suspect identified,
42c92a443ead69f60b90b4e83d60a81e0ab7aca6b7d79b4bb97a4d6c5ec295a5,2024-03,Hampshire Constabulary,Hampshire Constabulary,-0.955340,51.288285,On or near Waterman Road,E01022882,Hart 006B,Violence and sexual offences,Local resolution,
f8e43d63a61aa9f7549ed220cbfa832343856668ace7e70cf4b0e40532e443e9,2024-03,Hampshire Constabulary,Hampshire Constabulary,-0.953561,51.289555,On or near Titchener Way,E01022882,Hart 006B,Violence and sexual offences,Unable to prosecute suspect,
e91204cf456c8aff2bdc70f44a8fa6ad4e5a2eb1822c7c77a07a2d12d3ee49dc,2024-03,Hampshire Constabulary,Hampshire Constabulary,-0.953561,51.289555,On or near Titchener Way,E01022882,Hart 006B,Violence and sexual offences,Unable to prosecute suspect,
f7f693fbae390232482f619668413556bb2f4c7855d86a416f26e644545e4f38,2024-03,Hampshire Constabulary,Hampshire Constabulary,-0.956250,51.287376,On or near Aspen Gardens,E01022882,Hart 006B,Violence and sexual offences,Unable to prosecute suspect,
b5413bd295afdbc19757ce89c0cbc80078ed4194a078b3e27068fdd7192e760e,2024-03,Hampshire Constabulary,Hampshire Constabulary,-0.955111,51.304694,On or near Reading Road,E01022882,Hart 006B,Burglary,Investigation complete; no suspect identified,
91f130406dd54247855a89813147081d722181200f476995ced235e1154233f7,2024-03,Hampshire Constabulary,Hampshire Constabulary,-0.983084,51.306019,On or near Frog Lane,E01022882,Hart 006B,Other theft,Investigation complete; no suspect identified,
85790c58cd9fc928712cc3bc22c22dc9341326a6b419371d3c8ec5c4549e70bd,2024-03,Hampshire Constabulary,Hampshire Constabulary,-0.955111,51.304694,On or near Reading Road,E01022882,Hart 006B,Other theft,Investigation complete; no suspect identified,
93250f1235c0a43bf74c54d69817cffe3e95ff4eea265c778ca7ebc9562c0ecd,2024-03,Hampshire Constabulary,Hampshire Constabulary,-0.950325,51.289355,On or near Upper Wheatfield,E01022882,Hart 006B,Public order,Unable to prosecute suspect,
66c462399c7bd8f27a208c8533c255b6e739275e965061b66dae5a16f2cbef41,2024-03,Hampshire Constabulary,Hampshire Constabulary,-0.967480,51.284068,On or near Middle Mead,E01022883,Hart 006C,Burglary,Investigation complete; no suspect identified,
30d5f9371f39dfa1e2c455d6146e0d2275bd02c92625b9ca4b68dcca4d9bb164,2024-03,Hampshire Constabulary,Hampshire Constabulary,-0.969699,51.284231,On or near Garden Close,E01022883,Hart 006C,Burglary,Unable to prosecute suspect,
2d57becf39c26d7feb68b0c63f61e781a242ab67db8bc4c09bbc7c447b7b9499,2024-03,Hampshire Constabulary,Hampshire Constabulary,-0.967480,51.284068,On or near Middle Mead,E01022883,Hart 006C,Burglary,Investigation complete; no suspect identified,
520c780b8f33e6da1c2db3084723cf03b84f4e423d9dee04b1da9134dccd9fa0,2024-03,Hampshire Constabulary,Hampshire Constabulary,-0.964560,51.282594,On or near Foundry Close,E01022884,Hart 006D,Criminal damage and arson,Awaiting court outcome,
1c6c1fcb3480b12112e0c642d99a820bce411afdd9613472d41730e4768ce18e,2024-03,Hampshire Constabulary,Hampshire Constabulary,-0.964560,51.282594,On or near Foundry Close,E01022884,Hart 006D,Other theft,Formal action is not in the public interest,
07e719c37eb0c4b36134e115296848ee915fdd74de3728a24e2231b8bbe73ab0,2024-03,Hampshire Constabulary,Hampshire Constabulary,-0.963559,51.281183,On or near Raven Road,E01022884,Hart 006D,Violence and sexual offences,Unable to prosecute suspect,
7538075382ce63e0decaa6ee759f338f2cd2d2b3dc2133c4a8ce9030193884d9,2024-03,Hampshire Constabulary,Hampshire Constabulary,-0.964560,51.282594,On or near Foundry Close,E01022884,Hart 006D,Violence and sexual offences,Unable to prosecute suspect,
c22b2a1482f9ec7454af7b9b0931bab1d6036319d8036bedc041156a2f50c89a,2024-03,Hampshire Constabulary,Hampshire Constabulary,-0.964560,51.282594,On or near Foundry Close,E01022884,Hart 006D,Violence and sexual offences,Unable to prosecute suspect,
68e1d540479652d8fb2a8f91f7444f435844b0a067084b540edfb154c72c0582,2024-03,Hampshire Constabulary,Hampshire Constabulary,-0.963559,51.281183,On or near Raven Road,E01022884,Hart 006D,Vehicle crime,Investigation complete; no suspect identified,
54709bab1d299e3086bbe05eaf8b40dfb272c52bf490456db01867bbd50685f2,2024-03,Hampshire Constabulary,Hampshire Constabulary,-0.962322,51.280102,On or near Station Road,E01022884,Hart 006D,Violence and sexual offences,Unable to prosecute suspect,
eba40964b33bc4bb2ea6b710d310bad065a3940d4f0035a5b40bfc3f242773a9,2024-03,Hampshire Constabulary,Hampshire Constabulary,-0.962123,51.282564,On or near Parking Area,E01022884,Hart 006D,Violence and sexual offences,Status update unavailable,
6bf492062080a69dd5fae354d23868be3d65cd6f62cdf8fa8fd449abd6fe083d,2024-03,Hampshire Constabulary,Hampshire Constabulary,-0.949631,51.283315,On or near Smallfield Drive,E01022885,Hart 006E,Burglary,Unable to prosecute suspect,
5ad29b3cc0a129bca50cf479c8598e9c841c27b4b4af433ce2865da943fa8a5a,2024-03,Hampshire Constabulary,Hampshire Constabulary,-0.951519,51.283512,On or near Bow Field,E01022885,Hart 006E,Burglary,Unable to prosecute suspect,
,2024-03,Hampshire Constabulary,Hampshire Constabulary,-0.954967,51.281987,On or near Quince Tree Way,E01022885,Hart 006E,Anti-social behaviour,,
,2024-03,Hampshire Constabulary,Hampshire Constabulary,-0.958697,51.284431,On or near Rookswood Close,E01022885,Hart 006E,Anti-social behaviour,,
1e6b5bd9fc6c017f72aafce19e0f9ff411c071e86c9646976190d25b459093cc,2024-03,Hampshire Constabulary,Hampshire Constabulary,-0.947573,51.281777,On or near Pexalls Close,E01022885,Hart 006E,Violence and sexual offences,Status update unavailable,
,2024-03,Hampshire Constabulary,Hampshire Constabulary,-0.838234,51.278693,On or near Streamside,E01022861,Hart 007A,Anti-social behaviour,,
f93ab48b36f57f493bf8a74cb9614b3c61cdb56b0dbdfc41bee48f83ab8f4f5f,2024-03,Hampshire Constabulary,Hampshire Constabulary,-0.844652,51.271482,On or near Spring Woods,E01022863,Hart 007B,Violence and sexual offences,Unable to prosecute suspect,
3580b3ba5eb11c7671203a51b64a8e85112fedf122cdf5709cb910e99492aced,2024-03,Hampshire Constabulary,Hampshire Constabulary,-0.838284,51.267634,On or near The Bourne,E01022863,Hart 007B,Other crime,Court result unavailable,
ddf384bce5a42a2648c159ea05d4c2e6dd5b74d3fb52eb7a0307f9b90078f215,2024-03,Hampshire Constabulary,Hampshire Constabulary,-0.839582,51.269022,On or near Linkway,E01022863,Hart 007B,Public order,Investigation complete; no suspect identified,
bc388f8a33a6cdff8f1578d969622151295706a094228cb9dbd5fbdbb3d78e62,2024-03,Hampshire Constabulary,Hampshire Constabulary,-0.840353,51.267987,On or near Fairmile,E01022863,Hart 007B,Vehicle crime,Investigation complete; no suspect identified,
5457b7a5f53eba13ba98ce90623c0a09a3402d4d4647280a9e0af4802e52157b,2024-03,Hampshire Constabulary,Hampshire Constabulary,-0.844652,51.271482,On or near Spring Woods,E01022863,Hart 007B,Violence and sexual offences,Unable to prosecute suspect,
f9abb057b50b69fb4139e0ac73108e97b53907acd865ef6297a07e01299dd90b,2024-03,Hampshire Constabulary,Hampshire Constabulary,-0.844652,51.271482,On or near Spring Woods,E01022863,Hart 007B,Violence and sexual offences,Unable to prosecute suspect,
239200e12ecef3cd2a1e4e054f3070c40d45310f31d9f91b1225875342ae7afa,2024-03,Hampshire Constabulary,Hampshire Constabulary,-0.841209,51.273876,On or near Lyndford Terrace,E01022863,Hart 007B,Violence and sexual offences,Action to be taken by another organisation,
227287940f63664b8e63dd21a6eeb2068201c8d9b01e7a54f74cb57b3d7b3189,2024-03,Hampshire Constabulary,Hampshire Constabulary,-0.844652,51.271482,On or near Spring Woods,E01022863,Hart 007B,Violence and sexual offences,Unable to prosecute suspect,
617d8bd96b42e9b90dc18f917149117e54757a4c0b51c192086e0ea1e01d6510,2024-03,Hampshire Constabulary,Hampshire Constabulary,-0.835672,51.267751,On or near Basingbourne Close,E01022865,Hart 007C,Drugs,Court result unavailable,
d7fb7e38a05ab2968adbcd54c075c412e71927b14bdad6a1bf8ba2bdad3f3dd2,2024-03,Hampshire Constabulary,Hampshire Constabulary,-0.835672,51.267751,On or near Basingbourne Close,E01022865,Hart 007C,Violence and sexual offences,Unable to prosecute suspect,
7d440da966fca6da570205295f15b0258d6c3a6849fac9d0c34905fd2f47ffa9,2024-03,Hampshire Constabulary,Hampshire Constabulary,-0.835672,51.267751,On or near Basingbourne Close,E01022865,Hart 007C,Violence and sexual offences,Unable to prosecute suspect,
f1b9ed3cf5b310708ec7818f7cd6f715225a39b0800470cc14053c2741a5f0c9,2024-03,Hampshire Constabulary,Hampshire Constabulary,-0.829436,51.274550,On or near Velmead Road,E01022865,Hart 007C,Violence and sexual offences,Investigation complete; no suspect identified,
fd45784eddb5e8933f432d934a25014294c7d63b66ae207c5ed3d2220a98c873,2024-03,Hampshire Constabulary,Hampshire Constabulary,-0.820128,51.282532,On or near Williams Way,E01022868,Hart 007D,Other theft,Investigation complete; no suspect identified,
f1a09ecdb617557529d29aa43b95756d1b5d2e8ab327560c988b6c9e5274c81b,2024-03,Hampshire Constabulary,Hampshire Constabulary,-0.832990,51.289333,On or near A3013,E01022870,Hart 007E,Criminal damage and arson,Investigation complete; no suspect identified,
08f25b21a9043b118ec6fdf57f946bce805390b28ab2e1c525a65a22a790dec5,2024-03,Hampshire Constabulary,Hampshire Constabulary,-0.832775,51.284223,On or near Dunmow Hill,E01022870,Hart 007E,Other theft,Investigation complete; no suspect identified,
dfaffd5fa11528087f2f859d83f6aa6158b4dfae7c62da79e0b67eefc8e94f91,2024-03,Hampshire Constabulary,Hampshire Constabulary,-0.832990,51.289333,On or near A3013,E01022870,Hart 007E,Vehicle crime,Investigation complete; no suspect identified,
7ad2b4e58ba9105f151d0fa6237b27fc5f084289102d06e963ad00aac4b99f91,2024-03,Hampshire Constabulary,Hampshire Constabulary,-0.825581,51.285194,On or near Pondview Close,E01022870,Hart 007E,Other crime,Status update unavailable,
ff80eca3ea373c942904dc0ac89c17bfc0b39bd092a6b45166c001e4cdc67981,2024-03,Hampshire Constabulary,Hampshire Constabulary,-0.847182,51.272343,On or near Dinorben Close,E01022864,Hart 008A,Violence and sexual offences,Local resolution,
7f5a84b3ee1f045f1cb66c49ae79e35fbe7646268096a6137b476c1f4a936c85,2024-03,Hampshire Constabulary,Hampshire Constabulary,-0.847908,51.267405,On or near Wickham Place,E01022864,Hart 008A,Violence and sexual offences,Unable to prosecute suspect,
eea9b9a3972f05fa08486865d96fb0379f00cb66509585c70f09fec94517c46a,2024-03,Hampshire Constabulary,Hampshire Constabulary,-0.856219,51.273286,On or near Larmer Close,E01022871,Hart 008B,Burglary,Investigation complete; no suspect identified,
017746afbb59844bc7ab0dde29281dcdaa6b8fd745417f51b19c139f8e66f46c,2024-03,Hampshire Constabulary,Hampshire Constabulary,-0.856219,51.273286,On or near Larmer Close,E01022871,Hart 008B,Violence and sexual offences,Unable to prosecute suspect,
e2c84d60ef0a6edd47a6107329f2760668996f9291498ca3859fc4f42c964f50,2024-03,Hampshire Constabulary,Hampshire Constabulary,-0.856219,51.273286,On or near Larmer Close,E01022871,Hart 008B,Violence and sexual offences,Unable to prosecute suspect,
74018cdc63490b10398ef6c4d30ff4951a1a8c64402c7288e80b6508ce513b8f,2024-03,Hampshire Constabulary,Hampshire Constabulary,-0.855873,51.274497,On or near New Barn Close,E01022871,Hart 008B,Violence and sexual offences,Unable to prosecute suspect,
6f157272e68d1a19d16ba5eb58c86e1711aa90571213413b0bd9ac205fef4fe7,2024-03,Hampshire Constabulary,Hampshire Constabulary,-0.855873,51.274497,On or near New Barn Close,E01022871,Hart 008B,Criminal damage and arson,Investigation complete; no suspect identified,
5bd998128af48120945c00c2ba8aba384977df6b117c1e61ecfc5fe9dfc016fd,2024-03,Hampshire Constabulary,Hampshire Constabulary,-0.856219,51.273286,On or near Larmer Close,E01022871,Hart 008B,Criminal damage and arson,Investigation complete; no suspect identified,
782725fd3decf56cea39395c3fc8d6410205a66d551e5ab8f6d8f3c3125cf3de,2024-03,Hampshire Constabulary,Hampshire Constabulary,-0.856219,51.273286,On or near Larmer Close,E01022871,Hart 008B,Public order,Investigation complete; no suspect identified,
9e1f02110f1fd981065274e47199dcd5f714d6f35c1309bfe0fce82ffc5a4ce5,2024-03,Hampshire Constabulary,Hampshire Constabulary,-0.854832,51.276006,On or near Merivale,E01022871,Hart 008B,Violence and sexual offences,Unable to prosecute suspect,
8a2d9a96d79eca0b31649848c097267522a5a3b7249451f78947bed58e60c495,2024-03,Hampshire Constabulary,Hampshire Constabulary,-0.859640,51.278706,On or near Shaldon Way,E01022871,Hart 008B,Violence and sexual offences,Status update unavailable,
5c63caab6bd40352d6beaa281ee9f0b22d9c9e3b5e81b2ff48f2d7f46b13824a,2024-03,Hampshire Constabulary,Hampshire Constabulary,-0.842090,51.276466,On or near B3013,E01022872,Hart 008C,Drugs,Local resolution,
6765ec5db279a7d546fc4f670849fbb0b92dde688ef6a254a6d100a3daa4401e,2024-03,Hampshire Constabulary,Hampshire Constabulary,-0.842751,51.276409,On or near Parking Area,E01022872,Hart 008C,Drugs,Local resolution,
c4ed14fbc0ea7c5abd350ae22a46daf7043a3894dfbc168b7bfc89b0d2b62d1d,2024-03,Hampshire Constabulary,Hampshire Constabulary,-0.843401,51.277342,On or near Petrol Station,E01022872,Hart 008C,Drugs,Local resolution,
f42eaa03be0c2e93a6bcbe79b56c9158c37b86436568d539c22e2ab74862cfd1,2024-03,Hampshire Constabulary,Hampshire Constabulary,-0.953682,51.267831,On or near Derby Fields,E01022887,Hart 008E,Burglary,Investigation complete; no suspect identified,
d0bd3a29610a5d25672b4d74484517624330c043c26f604d544c56bca0485661,2024-03,Hampshire Constabulary,Hampshire Constabulary,-0.891564,51.246736,On or near Park/Open Space,E01022887,Hart 008E,Criminal damage and arson,Investigation complete; no suspect identified,
d8ad017a9a7295a6b3580d8c5c990133ffc4b0cf839f4dc0948a049a0485ef24,2024-03,Hampshire Constabulary,Hampshire Constabulary,-0.955086,51.266594,On or near Parking Area,E01022887,Hart 008E,Other theft,Formal action is not in the public interest,
495401864dbe92d2a9aa931e86ecaa98d594784dc4057d86748e8d676504aeeb,2024-03,Hampshire Constabulary,Hampshire Constabulary,-0.955086,51.266594,On or near Parking Area,E01022887,Hart 008E,Violence and sexual offences,Unable to prosecute suspect,
db85593becc5908f6b9e0b488fd296264624af173c202aed2b519f84c8be29cd,2024-03,Hampshire Constabulary,Hampshire Constabulary,-0.909773,51.284956,On or near Odiham Road,E01022887,Hart 008E,Violence and sexual offences,Unable to prosecute suspect,
5004278e57abe4e47408ab6fa8be0307acc0b8da32247571b2abb8a77d606fe3,2024-03,Hampshire Constabulary,Hampshire Constabulary,-0.909773,51.284956,On or near Odiham Road,E01022887,Hart 008E,Violence and sexual offences,Unable to prosecute suspect,
4b510ec1d6e25e84e8548bd8a427916438a80e270e4621aef1edf6f42cc392a9,2024-03,Hampshire Constabulary,Hampshire Constabulary,-0.877754,51.268441,On or near Church Lane,E01022887,Hart 008E,Burglary,Investigation complete; no suspect identified,
a6e1fb30719348c6df1b4e305199f7e8c2b6f22754b8dfdacd4a67bcf4e50172,2024-03,Hampshire Constabulary,Hampshire Constabulary,-0.909773,51.284956,On or near Odiham Road,E01022887,Hart 008E,Criminal damage and arson,Investigation complete; no suspect identified,
4dd0a08923958eb5b38a6f957521ac5100c128cbfbaa6acba85fd6ba2f15d93a,2024-03,Hampshire Constabulary,Hampshire Constabulary,-0.926594,51.278152,On or near Potbridge Road,E01022887,Hart 008E,Other theft,Status update unavailable,
ab65f817c36a408253102a81ff77f6e6f55443357722920f4c646b97b7ac56dd,2024-03,Hampshire Constabulary,Hampshire Constabulary,-0.926594,51.278152,On or near Potbridge Road,E01022887,Hart 008E,Other theft,Status update unavailable,
62812c01a5c8195acacf1751de8a7ff5c3f1515897b6ac3954ff825b23306986,2024-03,Hampshire Constabulary,Hampshire Constabulary,-0.926594,51.278152,On or near Potbridge Road,E01022887,Hart 008E,Other theft,Status update unavailable,
f86f3a58ddb05f109ac71c7d2aea2ef3c4dbaa253b9f1d08b1195a05be146299,2024-03,Hampshire Constabulary,Hampshire Constabulary,-0.926594,51.278152,On or near Potbridge Road,E01022887,Hart 008E,Other theft,Status update unavailable,
290c723481e1bb30714c49af1df5f0e4178ef2af591d824408760aee454116eb,2024-03,Hampshire Constabulary,Hampshire Constabulary,-0.926594,51.278152,On or near Potbridge Road,E01022887,Hart 008E,Other theft,Status update unavailable,
e84fdf14fbd0a43c18f69988a004bc9551e6d317eadccc71ff41ad1fdbc4bde5,2024-03,Hampshire Constabulary,Hampshire Constabulary,-0.926594,51.278152,On or near Potbridge Road,E01022887,Hart 008E,Other theft,Status update unavailable,
336d443308d6e7d2243480945722285be7177d0247337a7fa3cd3093b6fe432a,2024-03,Hampshire Constabulary,Hampshire Constabulary,-0.926594,51.278152,On or near Potbridge Road,E01022887,Hart 008E,Other theft,Status update unavailable,
33c4d61a1742aba7fe5b4538efb80149cf184038e3f6807b78717f86d8b9fd2c,2024-03,Hampshire Constabulary,Hampshire Constabulary,-0.926594,51.278152,On or near Potbridge Road,E01022887,Hart 008E,Other theft,Status update unavailable,
089267cd89ab90c8f773887a51575671f38938ba890273f619e66caf66af40d5,2024-03,Hampshire Constabulary,Hampshire Constabulary,-0.926594,51.278152,On or near Potbridge Road,E01022887,Hart 008E,Other theft,Status update unavailable,
a64380829f8d2ce31c387a8bba81cad66d78d7bca457a17ced7139439054e128,2024-03,Hampshire Constabulary,Hampshire Constabulary,-0.926594,51.278152,On or near Potbridge Road,E01022887,Hart 008E,Other theft,Status update unavailable,
592433b645baecbd410c374e0e4a286680c23291b766d1e00028778e5ac3c5fe,2024-03,Hampshire Constabulary,Hampshire Constabulary,-0.926594,51.278152,On or near Potbridge Road,E01022887,Hart 008E,Other theft,Status update unavailable,
360fc3470528e73eb97cfb1e281ebfe597b924b754d0a4049f9a18244659f5a1,2024-03,Hampshire Constabulary,Hampshire Constabulary,-0.926594,51.278152,On or near Potbridge Road,E01022887,Hart 008E,Other theft,Status update unavailable,
9317c200e55b220e2ef4674524c4e42ab1b7cd1b1312c28c5b9735cdd1dfdef4,2024-03,Hampshire Constabulary,Hampshire Constabulary,-0.926594,51.278152,On or near Potbridge Road,E01022887,Hart 008E,Other theft,Status update unavailable,
d040c3907546c08667d88f903646f3f9b8dea20bcf5b1640215a79eae825729b,2024-03,Hampshire Constabulary,Hampshire Constabulary,-0.926594,51.278152,On or near Potbridge Road,E01022887,Hart 008E,Other theft,Status update unavailable,
ff2a63c86c37336547a2f2e7097ea824b3aea403c9cdd667e78f92cb8973d346,2024-03,Hampshire Constabulary,Hampshire Constabulary,-0.926594,51.278152,On or near Potbridge Road,E01022887,Hart 008E,Other theft,Status update unavailable,
bb759f6d9671aa217caf160e39ca965bca1811121ccad8aeef5a5d694b6cd35e,2024-03,Hampshire Constabulary,Hampshire Constabulary,-0.926594,51.278152,On or near Potbridge Road,E01022887,Hart 008E,Other theft,Status update unavailable,
818fa16a991c4a57379a3d9bbdfe13e3eaa44a8b44d520a0039af71a72213c1e,2024-03,Hampshire Constabulary,Hampshire Constabulary,-0.926594,51.278152,On or near Potbridge Road,E01022887,Hart 008E,Other theft,Status update unavailable,
76ab838b0aec5ced08ca51e3420eca17c02cfa3ac8b83e3703070478086584ea,2024-03,Hampshire Constabulary,Hampshire Constabulary,-0.926594,51.278152,On or near Potbridge Road,E01022887,Hart 008E,Other theft,Status update unavailable,
389b577f3a2eb7f9deb8de7bb7a70ace8cad7d061ae343215a11fcd4526672b9,2024-03,Hampshire Constabulary,Hampshire Constabulary,-0.926594,51.278152,On or near Potbridge Road,E01022887,Hart 008E,Other theft,Status update unavailable,
b6760dce0631c05707f91285fd8c4a3401cbdfce2dbbe449c1342078c818b0d7,2024-03,Hampshire Constabulary,Hampshire Constabulary,-0.926594,51.278152,On or near Potbridge Road,E01022887,Hart 008E,Other theft,Status update unavailable,
464332cdc48878ca0afdc0b3e831e99afc22a1949f1693105b3176f7362d3402,2024-03,Hampshire Constabulary,Hampshire Constabulary,-0.926594,51.278152,On or near Potbridge Road,E01022887,Hart 008E,Other theft,Status update unavailable,
38aa9c3b1b4daf42d974cc5598d9687d71612ea11111e443e59c7a68e736644f,2024-03,Hampshire Constabulary,Hampshire Constabulary,-0.926594,51.278152,On or near Potbridge Road,E01022887,Hart 008E,Other theft,Status update unavailable,
3add033dac9d1c1fcc603c96322039d4a06fdee0c77bb65c273a30a2e0309f2e,2024-03,Hampshire Constabulary,Hampshire Constabulary,-0.926594,51.278152,On or near Potbridge Road,E01022887,Hart 008E,Other theft,Status update unavailable,
8f0a70bbb413380e02a406249989e3caf434aa99e43524efa8dc7530123b27f1,2024-03,Hampshire Constabulary,Hampshire Constabulary,-0.855215,51.277908,On or near Chantreys,E01034723,Hart 008F,Drugs,Local resolution,
8124a00fa1b54c78d94fd02389bb11e59800b3cc8049290425392bcbb6402e7d,2024-03,Hampshire Constabulary,Hampshire Constabulary,-0.848948,51.288897,On or near Elvetham Place,E01034723,Hart 008F,Violence and sexual offences,Investigation complete; no suspect identified,
3cc804d34a5f436c4df786a6fb28348004d0f2771debc0d6179a857c6753f272,2024-03,Hampshire Constabulary,Hampshire Constabulary,-0.860774,51.282701,On or near Perry Drive,E01034723,Hart 008F,Violence and sexual offences,Local resolution,
1a916b917a30e7feeeb0c6b1ae0c5168a7f104615222a164ae6ad0f314e52e26,2024-03,Hampshire Constabulary,Hampshire Constabulary,-0.849555,51.284084,On or near Victoria Hill Road,E01034723,Hart 008F,Violence and sexual offences,Unable to prosecute suspect,
b3d1116655acca11e183e12d43d9086dc85fc8671de38e210bcb8092190a81b4,2024-03,Hampshire Constabulary,Hampshire Constabulary,-0.848297,51.279926,On or near Campbell Close,E01034723,Hart 008F,Criminal damage and arson,Investigation complete; no suspect identified,
317e54057a8c529f7758baebccda5002bdfe862cc444048b424dfe813b7d815d,2024-03,Hampshire Constabulary,Hampshire Constabulary,-0.848948,51.288897,On or near Elvetham Place,E01034723,Hart 008F,Public order,Unable to prosecute suspect,
930ac0a2a5a914fa3cdc6c5279a590ca734cad3ec40acdbd2741672b6b19e9fb,2024-03,Hampshire Constabulary,Hampshire Constabulary,-0.861402,51.286304,On or near Glendale Park,E01034724,Hart 008G,Drugs,Local resolution,
cdd983f964f0204620e723d426e729828546f963b4f18c529fa094b315903e6f,2024-03,Hampshire Constabulary,Hampshire Constabulary,-0.863756,51.285050,On or near Sorrels,E01034724,Hart 008G,Drugs,Investigation complete; no suspect identified,
142a5adffc9c5410507f9c3cc0edcd1163886557fdb9917d587c79bdcb120207,2024-03,Hampshire Constabulary,Hampshire Constabulary,-0.864591,51.285480,On or near Aspens,E01034724,Hart 008G,Public order,Unable to prosecute suspect,
1e9e9694194d9c7099f10df6d151bbbbc81bfcc6076569935bffbf95ac8132fc,2024-03,Hampshire Constabulary,Hampshire Constabulary,-0.866819,51.281186,On or near Emerald Avenue,E01034724,Hart 008G,Violence and sexual offences,Unable to prosecute suspect,
c323b0e34e0181faaecfb55821365f253c5f1548169560535088f9072bda4a2e,2024-03,Hampshire Constabulary,Hampshire Constabulary,-0.861351,51.280809,On or near The Oaks,E01034724,Hart 008G,Violence and sexual offences,Unable to prosecute suspect,
e0e174995879041e1b0e6ef9acaf60b2aafe73f9b52265691ac1008eff502a80,2024-03,Hampshire Constabulary,Hampshire Constabulary,-0.861351,51.280809,On or near The Oaks,E01034724,Hart 008G,Violence and sexual offences,Unable to prosecute suspect,
,2024-03,Hampshire Constabulary,Hampshire Constabulary,-0.866819,51.281186,On or near Emerald Avenue,E01034724,Hart 008G,Anti-social behaviour,,
8f2165cedabeec229463a86045fcb4d7339a228956d4de99b03d9fc25289f9c8,2024-03,Hampshire Constabulary,Hampshire Constabulary,-0.864318,51.280865,On or near Starling Way,E01034724,Hart 008G,Violence and sexual offences,Unable to prosecute suspect,
d7a39ae1fe01eee4f07fa28b712236269b52b5998dedd64a5e69c35c117e17bc,2024-03,Hampshire Constabulary,Hampshire Constabulary,-0.864318,51.280865,On or near Starling Way,E01034724,Hart 008G,Violence and sexual offences,Status update unavailable,
09551a15f81f7d073e0ef581c593597752cc98418c3e9df7a7611e503ae77ed8,2024-03,Hampshire Constabulary,Hampshire Constabulary,-0.835638,51.266249,On or near Andrews Close,E01022849,Hart 009A,Vehicle crime,Investigation complete; no suspect identified,
421ca6a1c7694dd29a4bd291e1395b3f18d153db4f9b40728245fb65912d1d00,2024-03,Hampshire Constabulary,Hampshire Constabulary,-0.837100,51.263980,On or near Champion Way,E01022849,Hart 009A,Violence and sexual offences,Action to be taken by another organisation,
dc414c4ab315bc12db23586515f806e06f1a6c681e4b00370e9949508f065b7e,2024-03,Hampshire Constabulary,Hampshire Constabulary,-0.833288,51.263969,On or near Curzon Drive,E01022849,Hart 009A,Burglary,Investigation complete; no suspect identified,
ed59a86f04ee97390dd75970dd390eb5439027f887abab02ac42110eb9e9b37e,2024-03,Hampshire Constabulary,Hampshire Constabulary,-0.833310,51.263088,On or near Fox Croft,E01022849,Hart 009A,Criminal damage and arson,Investigation complete; no suspect identified,
101b500a585ec1aed990a845c4998f83392d71c63159186e40bd16ab0d1e74d2,2024-03,Hampshire Constabulary,Hampshire Constabulary,-0.830222,51.267301,On or near Silver Park Close,E01022849,Hart 009A,Vehicle crime,Investigation complete; no suspect identified,
834ba703c251017e052ece1bdc48c7c9fabda43b76048b2bde6d3d67a8731f5f,2024-03,Hampshire Constabulary,Hampshire Constabulary,-0.830192,51.266249,On or near Annes Way,E01022850,Hart 009B,Violence and sexual offences,Unable to prosecute suspect,
b76ebeb5bd17907d7039315277418851159e76b188acf58df695413819448ae8,2024-03,Hampshire Constabulary,Hampshire Constabulary,-0.832478,51.262567,On or near Lingmala Grove,E01022850,Hart 009B,Burglary,Investigation complete; no suspect identified,
cc334ccf03d555024f22f2b1788d886150cc8053d10b5669c0123b30438c56fd,2024-03,Hampshire Constabulary,Hampshire Constabulary,-0.828268,51.259018,On or near Earlsbourne,E01022850,Hart 009B,Burglary,Status update unavailable,
f83907c33b9a59ca311504124cca73d1c831e80c5c92086d066efb5717e5988b,2024-03,Hampshire Constabulary,Hampshire Constabulary,-0.827900,51.258295,On or near Hawkwell,E01022850,Hart 009B,Shoplifting,Investigation complete; no suspect identified,
910d7afb20ea5d55565817b4187d4ee77fabae980c7edc0e8f5481e249ed913a,2024-03,Hampshire Constabulary,Hampshire Constabulary,-0.829975,51.263504,On or near Compton Road,E01022850,Hart 009B,Vehicle crime,Investigation complete; no suspect identified,
938a41bbb594052436f47c51d24bac7c9ccaa53210b02d348ffc3c9613883527,2024-03,Hampshire Constabulary,Hampshire Constabulary,-0.829088,51.265672,On or near Sian Close,E01022850,Hart 009B,Violence and sexual offences,Unable to prosecute suspect,
eaac8251e4e81a7d92dc17f5ac3aef1e48d95ed8eb0794cae3efcb88c8516b3a,2024-03,Hampshire Constabulary,Hampshire Constabulary,-0.833676,51.259396,On or near Oakwood,E01022850,Hart 009B,Violence and sexual offences,Action to be taken by another organisation,
e024ce0a0ed2a6c14988d960076160a6888f563f548be1be845ee5c97761c472,2024-03,Hampshire Constabulary,Hampshire Constabulary,-0.827306,51.263893,On or near Petrol Station,E01022851,Hart 009C,Shoplifting,Investigation complete; no suspect identified,
a23496b10aab2c0ee298d44f3e12fb0eb9df566d7f26494cebf44363f1a4e5a5,2024-03,Hampshire Constabulary,Hampshire Constabulary,-0.836322,51.258478,On or near Nepal Gardens,E01022853,Hart 009D,Criminal damage and arson,Investigation complete; no suspect identified,
9e36b9ac24684ebe3eb6b0d31a040837880e7f09749ce0483e683eae6c4d1842,2024-03,Hampshire Constabulary,Hampshire Constabulary,-0.840879,51.260789,On or near Portland Drive,E01022853,Hart 009D,Violence and sexual offences,Unable to prosecute suspect,
6d59631c7d4cab36375f03b47c0f605f3af20080f01d001ae8168dcf0e8bd7d7,2024-03,Hampshire Constabulary,Hampshire Constabulary,-0.840879,51.260789,On or near Portland Drive,E01022853,Hart 009D,Violence and sexual offences,Unable to prosecute suspect,
86f3b4d4dd2e6ada3bae5d404eb72fbbb39ebd729cfb9ff47086b0d91286e9b8,2024-03,Hampshire Constabulary,Hampshire Constabulary,-0.840879,51.260789,On or near Portland Drive,E01022853,Hart 009D,Violence and sexual offences,Further action is not in the public interest,
cdcc1dd4025660ce6d62d06120a1c42da30be4dca5faa28f541b6217edac23f5,2024-03,Hampshire Constabulary,Hampshire Constabulary,-0.820856,51.276514,On or near Norris Hill Road,E01022869,Hart 009E,Shoplifting,Investigation complete; no suspect identified,
5bb95546c112ae5bd3ef7885399dce2c4464bedde46fdd7f822a464d2fac343d,2024-03,Hampshire Constabulary,Hampshire Constabulary,-0.820856,51.276514,On or near Norris Hill Road,E01022869,Hart 009E,Shoplifting,Investigation complete; no suspect identified,
2010fe0abcb0ece125460892ce1f870d8ffd40bc1c501f61b2e8a61bbd7cae26,2024-03,Hampshire Constabulary,Hampshire Constabulary,-0.849195,51.256609,On or near Water Rede,E01022852,Hart 010A,Violence and sexual offences,Unable to prosecute suspect,
856c170f26be300a4b2f417cb8eeb4ae31a9b1c5576fcf67ab0df574112bbcda,2024-03,Hampshire Constabulary,Hampshire Constabulary,-0.849907,51.258522,On or near Twisell Thorne,E01022852,Hart 010A,Criminal damage and arson,Unable to prosecute suspect,
51753d330513d14c2c62ca368833d5f7f45b292b933a4321736b524aed41bee2,2024-03,Hampshire Constabulary,Hampshire Constabulary,-0.852841,51.259252,On or near Londlandes,E01022854,Hart 010B,Burglary,Suspect charged as part of another case,
61b3a9663535652cfb0db63d7ed4c169ee35d03cabecfff09c9ad877d9f2104b,2024-03,Hampshire Constabulary,Hampshire Constabulary,-0.853935,51.263651,On or near Knox Close,E01022854,Hart 010B,Other theft,Unable to prosecute suspect,
57d8c4413023d826b014fdcc02ed2201f6df465d950991c052cca9ad1b670f46,2024-03,Hampshire Constabulary,Hampshire Constabulary,-0.859560,51.236766,On or near Pankridge Street,E01022855,Hart 010C,Burglary,Unable to prosecute suspect,
00f7124c527a9dcfc1b21995d6d60fd37111274dc999adb362e56c87f4b707d0,2024-03,Hampshire Constabulary,Hampshire Constabulary,-0.859560,51.236766,On or near Pankridge Street,E01022855,Hart 010C,Burglary,Investigation complete; no suspect identified,
d4e206f88f2cdab076ee36ec3be2bc445242ee870dfd06d6806610127bb06fa2,2024-03,Hampshire Constabulary,Hampshire Constabulary,-0.865030,51.233321,On or near Hannam'S Farm Close,E01022855,Hart 010C,Criminal damage and arson,Unable to prosecute suspect,
5c0bbed385737da3162c30bf90c5b7d625468a9a3320e21299f8fd57ed786d86,2024-03,Hampshire Constabulary,Hampshire Constabulary,-0.862826,51.233254,On or near The Borough,E01022855,Hart 010C,Drugs,Unable to prosecute suspect,
4e7a4de22a14e0d8516ebffa23def0ca18b39f6a9708c55efffad2a8cb625a37,2024-03,Hampshire Constabulary,Hampshire Constabulary,-0.863858,51.230324,On or near Croft Lane,E01022855,Hart 010C,Public order,Unable to prosecute suspect,
fa9fe5b71061ce5302a8fd472f42048def95654166c7d12a6f6bdd5e29279185,2024-03,Hampshire Constabulary,Hampshire Constabulary,-0.863858,51.230324,On or near Croft Lane,E01022855,Hart 010C,Public order,Unable to prosecute suspect,
258f6795811b6faef7e3292a317fe5515172fb19b774f77d7c354ebc4f050aee,2024-03,Hampshire Constabulary,Hampshire Constabulary,-0.857982,51.237416,On or near Redlands Lane,E01022855,Hart 010C,Public order,Investigation complete; no suspect identified,
5935b81cda79e2ab20ee6ea93e4c3cf5de260cebfb3179f8849f7c53e8a6a20b,2024-03,Hampshire Constabulary,Hampshire Constabulary,-0.859290,51.237248,On or near Pankridge Street,E01022855,Hart 010C,Public order,Unable to prosecute suspect,
41e62e99affc994df0b9b975108efff6451e0ee3ec512caefc723f0c717ecd1b,2024-03,Hampshire Constabulary,Hampshire Constabulary,-0.865030,51.233321,On or near Hannam'S Farm Close,E01022855,Hart 010C,Violence and sexual offences,Unable to prosecute suspect,
658e043f25927adea787c61cb604232b1868876d9387b2e73fb148062695527c,2024-03,Hampshire Constabulary,Hampshire Constabulary,-0.862826,51.233254,On or near The Borough,E01022855,Hart 010C,Violence and sexual offences,Investigation complete; no suspect identified,
6c8b45d2d8e8a758d55c0f89feafbca9d806efedd3e0e60b47f69276dbc8791c,2024-03,Hampshire Constabulary,Hampshire Constabulary,-0.862826,51.233254,On or near The Borough,E01022855,Hart 010C,Violence and sexual offences,Investigation complete; no suspect identified,
,2024-03,Hampshire Constabulary,Hampshire Constabulary,-0.863858,51.230324,On or near Croft Lane,E01022855,Hart 010C,Anti-social behaviour,,
,2024-03,Hampshire Constabulary,Hampshire Constabulary,-0.860899,51.229504,On or near Ravelin Close,E01022855,Hart 010C,Anti-social behaviour,,
,2024-03,Hampshire Constabulary,Hampshire Constabulary,-0.859236,51.230729,On or near Glebe Road,E01022855,Hart 010C,Anti-social behaviour,,
,2024-03,Hampshire Constabulary,Hampshire Constabulary,-0.862826,51.233254,On or near The Borough,E01022855,Hart 010C,Anti-social behaviour,,
,2024-03,Hampshire Constabulary,Hampshire Constabulary,-0.859560,51.236766,On or near Pankridge Street,E01022855,Hart 010C,Anti-social behaviour,,
,2024-03,Hampshire Constabulary,Hampshire Constabulary,-0.857982,51.237416,On or near Redlands Lane,E01022855,Hart 010C,Anti-social behaviour,,
,2024-03,Hampshire Constabulary,Hampshire Constabulary,-0.861411,51.237224,On or near Ashley Close,E01022855,Hart 010C,Anti-social behaviour,,
,2024-03,Hampshire Constabulary,Hampshire Constabulary,-0.859560,51.236766,On or near Pankridge Street,E01022855,Hart 010C,Anti-social behaviour,,
,2024-03,Hampshire Constabulary,Hampshire Constabulary,-0.859560,51.236766,On or near Pankridge Street,E01022855,Hart 010C,Anti-social behaviour,,
,2024-03,Hampshire Constabulary,Hampshire Constabulary,-0.857982,51.237416,On or near Redlands Lane,E01022855,Hart 010C,Anti-social behaviour,,
,2024-03,Hampshire Constabulary,Hampshire Constabulary,-0.857982,51.237416,On or near Redlands Lane,E01022855,Hart 010C,Anti-social behaviour,,
,2024-03,Hampshire Constabulary,Hampshire Constabulary,-0.859290,51.237248,On or near Pankridge Street,E01022855,Hart 010C,Anti-social behaviour,,
,2024-03,Hampshire Constabulary,Hampshire Constabulary,-0.859560,51.236766,On or near Pankridge Street,E01022855,Hart 010C,Anti-social behaviour,,
,2024-03,Hampshire Constabulary,Hampshire Constabulary,-0.859560,51.236766,On or near Pankridge Street,E01022855,Hart 010C,Anti-social behaviour,,
af62552abb433a6944a1acd4a47be77045a59a444fc661c7d58d84782f2057bd,2024-03,Hampshire Constabulary,Hampshire Constabulary,-0.863858,51.230324,On or near Croft Lane,E01022855,Hart 010C,Criminal damage and arson,Investigation complete; no suspect identified,
1baa722417a576da8b78a6f7b95b6b3415b6ebe55ba96d6293364667ae91efbb,2024-03,Hampshire Constabulary,Hampshire Constabulary,-0.863858,51.230324,On or near Croft Lane,E01022855,Hart 010C,Criminal damage and arson,Investigation complete; no suspect identified,
6080340c0f270795708336fc3a9a0728897d17a2257fdd76a0487fa5becc3a79,2024-03,Hampshire Constabulary,Hampshire Constabulary,-0.862826,51.233254,On or near The Borough,E01022855,Hart 010C,Criminal damage and arson,Investigation complete; no suspect identified,
d22a49418313fee30d35ed90e7dafc50fb044b0da315931e53ca33582f835f8e,2024-03,Hampshire Constabulary,Hampshire Constabulary,-0.859560,51.236766,On or near Pankridge Street,E01022855,Hart 010C,Criminal damage and arson,Investigation complete; no suspect identified,
fd4c7b6b8cc7d03cf648daa992ea0b7260b378d5d857233b8491838c962976e8,2024-03,Hampshire Constabulary,Hampshire Constabulary,-0.859560,51.236766,On or near Pankridge Street,E01022855,Hart 010C,Criminal damage and arson,Investigation complete; no suspect identified,
63cea0099c45de60b8c0a8bc722335d1c4398387d99528ade865abd253e3de4d,2024-03,Hampshire Constabulary,Hampshire Constabulary,-0.859560,51.236766,On or near Pankridge Street,E01022855,Hart 010C,Criminal damage and arson,Investigation complete; no suspect identified,
f3e8a197c99eab905650083b58a3796665f80a1345a0c8e380c318d2e254fc19,2024-03,Hampshire Constabulary,Hampshire Constabulary,-0.860345,51.239201,On or near Handcroft Close,E01022855,Hart 010C,Criminal damage and arson,Investigation complete; no suspect identified,
791a0cd52f09f1ea3448fed7dface431cd5c158ab605dc927ad8aabfd7305633,2024-03,Hampshire Constabulary,Hampshire Constabulary,-0.857982,51.237416,On or near Redlands Lane,E01022855,Hart 010C,Criminal damage and arson,Status update unavailable,
e0daf6e23cbedb594d5987ff29eaaefd510b9703b11538f1f26fadd1cb65206f,2024-03,Hampshire Constabulary,Hampshire Constabulary,-0.863858,51.230324,On or near Croft Lane,E01022855,Hart 010C,Other theft,Investigation complete; no suspect identified,
aaadadb7f9d679fb3e8eba86e76f4c513a43689fb713fc819b96d7efdb2e55ab,2024-03,Hampshire Constabulary,Hampshire Constabulary,-0.863858,51.230324,On or near Croft Lane,E01022855,Hart 010C,Other theft,Investigation complete; no suspect identified,
1364bfb0c30a86eda8d6b50753afdcb15cb7a8bdf6b805a2c2510c9169796215,2024-03,Hampshire Constabulary,Hampshire Constabulary,-0.863858,51.230324,On or near Croft Lane,E01022855,Hart 010C,Other theft,Status update unavailable,
d858a4e898fa2f5ba954c1168600125fa81d4f84d78f9f5f5ecee67238b8e0f0,2024-03,Hampshire Constabulary,Hampshire Constabulary,-0.856892,51.230526,On or near Heath Lane,E01022855,Hart 010C,Possession of weapons,Status update unavailable,
a1af88778547c45af45ac936e36a505ed8cb6ddfa860a22d330f17b75e72dbff,2024-03,Hampshire Constabulary,Hampshire Constabulary,-0.859560,51.236766,On or near Pankridge Street,E01022855,Hart 010C,Public order,Investigation complete; no suspect identified,
d81185455d9398ad18e4898c78ae184d91e129877cb1c818422e759afb84dddb,2024-03,Hampshire Constabulary,Hampshire Constabulary,-0.864589,51.228560,On or near Farm Lane,E01022855,Hart 010C,Public order,Investigation complete; no suspect identified,
aa7d5fc97fd6f6671bc4db64f166c49d195f70ba3e52e7ac025c08a8b8eb0f7f,2024-03,Hampshire Constabulary,Hampshire Constabulary,-0.863858,51.230324,On or near Croft Lane,E01022855,Hart 010C,Public order,Unable to prosecute suspect,
259d354728a9d3bd330487992ca454b32af103a405522475c5ce10d4e50bb7e9,2024-03,Hampshire Constabulary,Hampshire Constabulary,-0.857982,51.237416,On or near Redlands Lane,E01022855,Hart 010C,Public order,Unable to prosecute suspect,
6fc243bf1a3220d1537340625e85a801c37ffeeb859c3cadecfc7cc933baee94,2024-03,Hampshire Constabulary,Hampshire Constabulary,-0.857982,51.237416,On or near Redlands Lane,E01022855,Hart 010C,Violence and sexual offences,Investigation complete; no suspect identified,
15638cef61ec0594e1b379b3deb885a03c6e12e312dfbdba50f750856c20b7b6,2024-03,Hampshire Constabulary,Hampshire Constabulary,-0.859560,51.236766,On or near Pankridge Street,E01022855,Hart 010C,Violence and sexual offences,Investigation complete; no suspect identified,
e2153883a1f5d63aa77b1710bcd99a25c92a58507a7efae6e30957aa090f3874,2024-03,Hampshire Constabulary,Hampshire Constabulary,-0.861411,51.237224,On or near Ashley Close,E01022855,Hart 010C,Violence and sexual offences,Investigation complete; no suspect identified,
f601ac85e896fae0232cb0fe88e77f5996e874867c6db02fdbdbf0f33dc5350a,2024-03,Hampshire Constabulary,Hampshire Constabulary,-0.859560,51.236766,On or near Pankridge Street,E01022855,Hart 010C,Violence and sexual offences,Investigation complete; no suspect identified,
d136b0ff7f284afc075b0b76244e7a447ac6d8babf14cc2154fa5f2f5e2c59e1,2024-03,Hampshire Constabulary,Hampshire Constabulary,-0.867708,51.266618,On or near Tudgey Gardens,E01022856,Hart 010D,Burglary,Investigation complete; no suspect identified,
7603fe79f6abf7111c44a8c82e199949c303bbd7024567fc66270039197e12e9,2024-03,Hampshire Constabulary,Hampshire Constabulary,-0.868384,51.234999,On or near Itchel Lane,E01022856,Hart 010D,Criminal damage and arson,Investigation complete; no suspect identified,
2253f396b4ed833ae2118a40e9490b75e0956be89b9e8c48d2b9f431869dbfb7,2024-03,Hampshire Constabulary,Hampshire Constabulary,-0.848513,51.235731,On or near Redlands Lane,E01022856,Hart 010D,Criminal damage and arson,Court result unavailable,
218e51cf1348d0e880ab793d1c13c1de706b9c0b3d2a238c9b5cfba25602da35,2024-03,Hampshire Constabulary,Hampshire Constabulary,-0.832361,51.242864,On or near School Lane,E01022856,Hart 010D,Violence and sexual offences,Unable to prosecute suspect,
4601c380d4cf25709e4491f0b7b9295b63e7c3d1cbe5df7d538e990718619384,2024-03,Hampshire Constabulary,Hampshire Constabulary,-0.859424,51.265431,On or near The Street,E01022856,Hart 010D,Violence and sexual offences,Unable to prosecute suspect,
,2024-03,Hampshire Constabulary,Hampshire Constabulary,-0.857023,51.258266,On or near Sports/Recreation Area,E01022856,Hart 010D,Anti-social behaviour,,
,2024-03,Hampshire Constabulary,Hampshire Constabulary,-0.857023,51.258266,On or near Sports/Recreation Area,E01022856,Hart 010D,Anti-social behaviour,,
e2af5e2c08e1debd0b56a03a750ae45104415dfa2f0ec4cfbc0c121cbe8825b1,2024-03,Hampshire Constabulary,Hampshire Constabulary,-0.832361,51.242864,On or near School Lane,E01022856,Hart 010D,Burglary,Status update unavailable,
3e780b38cbad4301397023c8f97c9d11c22bf26b2e6ea216d3b8ef0b3266d3d0,2024-03,Hampshire Constabulary,Hampshire Constabulary,-0.848513,51.235731,On or near Redlands Lane,E01022856,Hart 010D,Criminal damage and arson,Status update unavailable,
986270d67d98cd5865262afa2ab91e216c2cfb0402fbe3a634619dae614329b6,2024-03,Hampshire Constabulary,Hampshire Constabulary,-0.863972,51.242581,On or near Hyde Lane,E01022856,Hart 010D,Public order,Investigation complete; no suspect identified,
84e5257e9d2ae0674b8af8a06c9d6e239e5c7dfb7f24c16a56c5d8a9291ae872,2024-03,Hampshire Constabulary,Hampshire Constabulary,-0.850410,51.253285,On or near Farriers Close,E01022856,Hart 010D,Violence and sexual offences,Status update unavailable,
42b163415c1a57a2f9f0a035fd696e804aabd4fac189fb565fb20700127a76d1,2024-03,Hampshire Constabulary,Hampshire Constabulary,-0.859424,51.265431,On or near The Street,E01022856,Hart 010D,Violence and sexual offences,Status update unavailable,
0b67e6824b1b18a88734c746a7eec2212548728ea47069cd589a743c47e13244,2024-03,Hampshire Constabulary,Hampshire Constabulary,-0.837923,51.257523,On or near Everest Walk,E01034725,Hart 010F,Violence and sexual offences,Unable to prosecute suspect,
e720aedfb273de0f90408c2a73a21014de93a5c79d7c9950013b1c82fe56fb75,2024-03,Hampshire Constabulary,Hampshire Constabulary,-0.843890,51.256143,On or near Humphrey Park,E01034725,Hart 010F,Violence and sexual offences,Unable to prosecute suspect,
34ff711b35d26da710832dcc61c77323bd08f4f99d12343125ced21d6bcb2407,2024-03,Hampshire Constabulary,Hampshire Constabulary,-0.839221,51.257167,On or near Cook Avenue,E01034725,Hart 010F,Violence and sexual offences,Unable to prosecute suspect,
609a85bb02c22186fcec029e49178139814889bd3e58d613bfdb2d80c452a40f,2024-03,Hampshire Constabulary,Hampshire Constabulary,-0.835298,51.251912,On or near Channer Gardens,E01034726,Hart 010G,Drugs,Offender given a caution,
3c66f0a94ee6dccbff22bf57647d7e488a47949896b39eddd8092999b6df2b5e,2024-03,Hampshire Constabulary,Hampshire Constabulary,-0.833372,51.253278,On or near Dragons Way,E01034726,Hart 010G,Other theft,Unable to prosecute suspect,
20f84f55dcaf85d90b041fd8fe90fc93c053e55e27667c9e228eb47b77b027e9,2024-03,Hampshire Constabulary,Hampshire Constabulary,-0.830389,51.251144,On or near Leipzig Barracks,E01034726,Hart 010G,Violence and sexual offences,Unable to prosecute suspect,
5d075c558f879c6fada6b3e0027948720c20a4559e99a4013280b2ee2272bf62,2024-03,Hampshire Constabulary,Hampshire Constabulary,-0.830389,51.251144,On or near Leipzig Barracks,E01034726,Hart 010G,Violence and sexual offences,Unable to prosecute suspect,
d4e1a7efb585d554b095c27654369d438529e3d59a151cbeedfb43f7045a37b5,2024-03,Hampshire Constabulary,Hampshire Constabulary,-0.830389,51.251144,On or near Leipzig Barracks,E01034726,Hart 010G,Violence and sexual offences,Unable to prosecute suspect,
e24f807e8aa873d116b51eea1ffac54b0a52ff11b973e09201b0cffc7e433e01,2024-03,Hampshire Constabulary,Hampshire Constabulary,-0.833372,51.253278,On or near Dragons Way,E01034726,Hart 010G,Violence and sexual offences,Unable to prosecute suspect,
f02d3d5a3478d271f3e0a6c7a2c45a52a89a040710240fd2a640292cac2974ee,2024-03,Hampshire Constabulary,Hampshire Constabulary,-0.817136,51.259083,On or near Race Track,E01034726,Hart 010G,Violence and sexual offences,Investigation complete; no suspect identified,
8f28fbcee0ff0d4fce82e2d395f82abc28d783e3b8573b917db29928a63e00e7,2024-03,Hampshire Constabulary,Hampshire Constabulary,-0.837506,51.253580,On or near Boyce Road,E01034726,Hart 010G,Violence and sexual offences,Unable to prosecute suspect,
,2024-03,Hampshire Constabulary,Hampshire Constabulary,-0.831440,51.245274,On or near Tadpole Lane,E01034726,Hart 010G,Anti-social behaviour,,
,2024-03,Hampshire Constabulary,Hampshire Constabulary,-0.833372,51.253278,On or near Dragons Way,E01034726,Hart 010G,Anti-social behaviour,,
ceeafb8b1a0a00fd3a9b96bedf4cceb9746b680a82b8befde61a21bcc3d79630,2024-03,Hampshire Constabulary,Hampshire Constabulary,-0.835054,51.253637,On or near Gurung Way,E01034726,Hart 010G,Other theft,Unable to prosecute suspect,
ba0c99f4f36ab70dd32d6285a17226dd97dba10919d87af89951a8ed4d0b506d,2024-03,Hampshire Constabulary,Hampshire Constabulary,-0.830389,51.251144,On or near Leipzig Barracks,E01034726,Hart 010G,Other theft,Investigation complete; no suspect identified,
51ff3cd8f60ffa113a69fab2204fe59096925485b23353003a10145f49734bc1,2024-03,Hampshire Constabulary,Hampshire Constabulary,-0.835054,51.253637,On or near Gurung Way,E01034726,Hart 010G,Violence and sexual offences,Unable to prosecute suspect,
0cfcc8f5ba37329ef95309903a093cfd8f1d06e1a894cc1559ce9bebfa1425f8,2024-03,Hampshire Constabulary,Hampshire Constabulary,-0.833372,51.253278,On or near Dragons Way,E01034726,Hart 010G,Violence and sexual offences,Status update unavailable,
,2024-03,Hampshire Constabulary,Hampshire Constabulary,-0.935723,51.249422,On or near Sports/Recreation Area,E01022888,Hart 011B,Anti-social behaviour,,
6c2b9cbe723051d00704cc21e2d2ee87ead0133ca5256312270946abe944403e,2024-03,Hampshire Constabulary,Hampshire Constabulary,-0.931214,51.255138,On or near Farnham Road,E01022888,Hart 011B,Criminal damage and arson,Investigation complete; no suspect identified,
a628103e4709c3854c0169509ba3c32b1ee0c87d96190d2c8daf2ec3743f9393,2024-03,Hampshire Constabulary,Hampshire Constabulary,-0.931214,51.255138,On or near Farnham Road,E01022888,Hart 011B,Drugs,Local resolution,
ab42bd8c754549f0ae4e7c4126102d355f48b10ff2cc4698ae5c9b5fb0cbe1c7,2024-03,Hampshire Constabulary,Hampshire Constabulary,-0.951611,51.256186,On or near Bufton Field,E01022888,Hart 011B,Public order,Action to be taken by another organisation,
9c2aa219490a4711555ada9429683e31c274813ab217570be40cc702c2fad76e,2024-03,Hampshire Constabulary,Hampshire Constabulary,-0.931011,51.254012,On or near Oak Tree Close,E01022888,Hart 011B,Violence and sexual offences,Unable to prosecute suspect,
b23517e9a84113b2e1888ed797ad63c41138a7a65b5820d1278e903b293f976b,2024-03,Hampshire Constabulary,Hampshire Constabulary,-0.931011,51.254012,On or near Oak Tree Close,E01022888,Hart 011B,Violence and sexual offences,Investigation complete; no suspect identified,
1a594b5a9b9a724c69a604cf0b2c1ee398c811ab73b885bb4487eb0f053d19f1,2024-03,Hampshire Constabulary,Hampshire Constabulary,-0.949875,51.258778,On or near Castle Rise,E01022889,Hart 011C,Public order,Unable to prosecute suspect,
544920d4874e09822bed456f63806f42710cb3a101510853c1a0e3082008f327,2024-03,Hampshire Constabulary,Hampshire Constabulary,-0.949947,51.259390,On or near Clevedge Way,E01022889,Hart 011C,Public order,Unable to prosecute suspect,
95cff876c437d2978b110c764e0e22bf0d28bc9adce615186f5583f8d112850d,2024-03,Hampshire Constabulary,Hampshire Constabulary,-0.951465,51.252516,On or near West Street,E01022889,Hart 011C,Violence and sexual offences,Unable to prosecute suspect,
65197a6fc1aeb6488a8401cfe3a7e6717207cfa5ad7c65d12580cbd0ff2e2f92,2024-03,Hampshire Constabulary,Hampshire Constabulary,-0.951465,51.252516,On or near West Street,E01022889,Hart 011C,Violence and sexual offences,Action to be taken by another organisation,
27d03b79abd33ff4008a18e7ada00e0f836e8cadba4b3b04da0392410298271d,2024-03,Hampshire Constabulary,Hampshire Constabulary,-0.949118,51.258025,On or near Chapel Pond Drive,E01022889,Hart 011C,Violence and sexual offences,Unable to prosecute suspect,
736bca20c671de7ec6a991eb0a3184f948017ac80528dd43cf4303884d7aa0d6,2024-03,Hampshire Constabulary,Hampshire Constabulary,-0.947977,51.252134,On or near Recreation Road,E01022889,Hart 011C,Violence and sexual offences,Status update unavailable,
e97e092722d00f33860e76a5619836f60a92ae27929dbf98301129e4b8aec4bf,2024-03,Hampshire Constabulary,Hampshire Constabulary,-0.951160,51.258349,On or near Whitewater Road,E01022889,Hart 011C,Violence and sexual offences,Unable to prosecute suspect,
26f7de92a484bc9f90016fbf600d47558440203196d3d00a2d6a16dc505f72a5,2024-03,Hampshire Constabulary,Hampshire Constabulary,-0.938777,51.202837,On or near Park/Open Space,E01032855,Hart 011D,Criminal damage and arson,Investigation complete; no suspect identified,
df2143879985ed2266768b55d4e593a56f52a239209e8b108dc10508d3d54a0a,2024-03,Hampshire Constabulary,Hampshire Constabulary,-0.980030,51.232122,On or near Little Dean Lane,E01032855,Hart 011D,Other theft,Investigation complete; no suspect identified,
6ee82ae97bb4301ff8a6596760b49299e662b14abd043612b49ab725f885ed65,2024-03,Hampshire Constabulary,Hampshire Constabulary,-1.032453,50.893077,On or near Milton Parade,E01022930,Havant 003A,Shoplifting,Unable to prosecute suspect,
06afad4c5bd19c244edf5fe7ee26fec936ed3700fff623ae7b87683e31266e0e,2024-03,Hampshire Constabulary,Hampshire Constabulary,-1.046977,50.891371,On or near Southdown View,E01022930,Havant 003A,Violence and sexual offences,Unable to prosecute suspect,
ac41d76fd9c373f6b4c8e08068116bda755edf0dfb489e69889571d53d35bf18,2024-03,Hampshire Constabulary,Hampshire Constabulary,-1.047544,50.890755,On or near Foxtail Road,E01022930,Havant 003A,Violence and sexual offences,Investigation complete; no suspect identified,
ca11f61e5bb15c6f93edbfa1920e903445736a734ae6ed886e0f119788e71cf8,2024-03,Hampshire Constabulary,Hampshire Constabulary,-1.032453,50.893077,On or near Milton Parade,E01022930,Havant 003A,Other theft,Investigation complete; no suspect identified,
9142b3595b5fc4ea86f1533298feaf0af68f8aab4a9ebaa42576f6d6633fa7bb,2024-03,Hampshire Constabulary,Hampshire Constabulary,-1.032453,50.893077,On or near Milton Parade,E01022930,Havant 003A,Public order,Unable to prosecute suspect,
82f3878a591da2c79ddcd994bbce0950f59118899ebc1e9a6a240317e3852452,2024-03,Hampshire Constabulary,Hampshire Constabulary,-1.032453,50.893077,On or near Milton Parade,E01022930,Havant 003A,Public order,Unable to prosecute suspect,
7fde1dcbe2bf8881853465d6f8f87df52e6928cb3abd3cab2a8d5516022089a7,2024-03,Hampshire Constabulary,Hampshire Constabulary,-1.046977,50.891371,On or near Southdown View,E01022930,Havant 003A,Shoplifting,Investigation complete; no suspect identified,
421c64a8d117f3b6143c76782481a989ba4c9c2fddad65e6200b79ccd77203c6,2024-03,Hampshire Constabulary,Hampshire Constabulary,-1.032453,50.893077,On or near Milton Parade,E01022930,Havant 003A,Shoplifting,Unable to prosecute suspect,
fcef47bee0ec392b43aea8717b1e2ad62e7c32fbdcd511522d2c9401648f2fa0,2024-03,Hampshire Constabulary,Hampshire Constabulary,-1.035943,50.893447,On or near Buckland Close,E01022930,Havant 003A,Violence and sexual offences,Unable to prosecute suspect,
3b82689ae443ff22b88d694798e19f6fbfaca514f6c1df84c305442e0e29c646,2024-03,Hampshire Constabulary,Hampshire Constabulary,-1.025485,50.891094,On or near Firs Avenue,E01022931,Havant 003B,Other theft,Unable to prosecute suspect,
999e951ce4aee45bf82cae2927eed6e053ff363be6b3f07091b668439f48f4a1,2024-03,Hampshire Constabulary,Hampshire Constabulary,-1.025485,50.891094,On or near Firs Avenue,E01022931,Havant 003B,Violence and sexual offences,Action to be taken by another organisation,
edb5a952e9c1fd5fe9a197a0bcbe3267fb5eb6df0991aef024c637b8d82558be,2024-03,Hampshire Constabulary,Hampshire Constabulary,-1.025485,50.891094,On or near Firs Avenue,E01022931,Havant 003B,Violence and sexual offences,Action to be taken by another organisation,
1a088f10ffc148c98ef7a4c6684186d614311252907443d1836e762f6c1dad86,2024-03,Hampshire Constabulary,Hampshire Constabulary,-1.025485,50.891094,On or near Firs Avenue,E01022931,Havant 003B,Violence and sexual offences,Action to be taken by another organisation,
6796c2c5dacbc6c23ed1dfa25de6c5c2decfa2ed172d9b1d9fc2133de732489e,2024-03,Hampshire Constabulary,Hampshire Constabulary,-1.019830,50.893210,On or near Supermarket,E01022931,Havant 003B,Violence and sexual offences,Unable to prosecute suspect,
,2024-03,Hampshire Constabulary,Hampshire Constabulary,-1.019830,50.893210,On or near Supermarket,E01022931,Havant 003B,Anti-social behaviour,,
12dce7e70b356260a30844641a2a287f8093a601cc60ef33af05dd7ba80bbe2c,2024-03,Hampshire Constabulary,Hampshire Constabulary,-1.019830,50.893210,On or near Supermarket,E01022931,Havant 003B,Public order,Investigation complete; no suspect identified,
2e2dd17808e1d18258cca3372c2fcec8f3872204a4e64d939dfbd59dc40fcba2,2024-03,Hampshire Constabulary,Hampshire Constabulary,-1.025485,50.891094,On or near Firs Avenue,E01022931,Havant 003B,Violence and sexual offences,Status update unavailable,
f12a6997c4098065093b754dca1e68ecbca4ba56bece135b1c8dc2b123b240b8,2024-03,Hampshire Constabulary,Hampshire Constabulary,-1.029699,50.892874,On or near Fairbourne Close,E01022931,Havant 003B,Violence and sexual offences,Unable to prosecute suspect,
fd3c3a8f78ad29b6d0137a240ab4e44fe15acfd95dd0cd6ff31ca1538f0f917d,2024-03,Hampshire Constabulary,Hampshire Constabulary,-1.038290,50.897567,On or near Chaplains Avenue,E01022935,Havant 003C,Other theft,Investigation complete; no suspect identified,
02976a7802c6c238fc986ee14918b36e97af23a37e451aaa6bdfafa9ac58540e,2024-03,Hampshire Constabulary,Hampshire Constabulary,-1.036869,50.898203,On or near Chaplains Close,E01022935,Havant 003C,Shoplifting,Unable to prosecute suspect,
efbefac5a6222b8b739017ddf8181a8d0a4f2ebdde0ca38d37950639244dee43,2024-03,Hampshire Constabulary,Hampshire Constabulary,-1.036869,50.898203,On or near Chaplains Close,E01022935,Havant 003C,Shoplifting,Court result unavailable,
96758b4ca331eaca353583827d402a761549e91f6c94c137924360879b9de890,2024-03,Hampshire Constabulary,Hampshire Constabulary,-1.036869,50.898203,On or near Chaplains Close,E01022935,Havant 003C,Shoplifting,Unable to prosecute suspect,
66a9e2c86a713ba7067c68d93a01914fcaf67ffd104ee1e6823cea4ad28a3e33,2024-03,Hampshire Constabulary,Hampshire Constabulary,-1.036869,50.898203,On or near Chaplains Close,E01022935,Havant 003C,Shoplifting,Court result unavailable,
63ca265ab252ea7377b8a10a1d3463be556736c9a8727d939ded597f08391121,2024-03,Hampshire Constabulary,Hampshire Constabulary,-1.036869,50.898203,On or near Chaplains Close,E01022935,Havant 003C,Shoplifting,Court result unavailable,
06835eef4cb8fa0bc2f9923827fa3aa00a3510e67a935529032131843633a48b,2024-03,Hampshire Constabulary,Hampshire Constabulary,-1.036869,50.898203,On or near Chaplains Close,E01022935,Havant 003C,Shoplifting,Court result unavailable,
0c38fb82e706a03fe3c77669b820a76e18e0a882c0f7fd3652db81793f1b0a3b,2024-03,Hampshire Constabulary,Hampshire Constabulary,-1.036869,50.898203,On or near Chaplains Close,E01022935,Havant 003C,Shoplifting,Court result unavailable,
dceb100203880d42fff7b4b10ad93b372fcd56f1ff183073c761242b262b9772,2024-03,Hampshire Constabulary,Hampshire Constabulary,-1.036869,50.898203,On or near Chaplains Close,E01022935,Havant 003C,Shoplifting,Unable to prosecute suspect,
97e217ec53556536e4e6a74bfcd9439d171648e4a97ee51ee4d0946351a8b011,2024-03,Hampshire Constabulary,Hampshire Constabulary,-1.036869,50.898203,On or near Chaplains Close,E01022935,Havant 003C,Shoplifting,Unable to prosecute suspect,
0f8adf5e7dbfa82decbfb8e6dc55db62ac34c2c825cc054d2d365221b47f244b,2024-03,Hampshire Constabulary,Hampshire Constabulary,-1.039174,50.898123,On or near Sutton Close,E01022935,Havant 003C,Violence and sexual offences,Court result unavailable,
62822e64fd5e9ebdb4c72e26516b31800a5e27bb696669bbd8f58e4a300cb87a,2024-03,Hampshire Constabulary,Hampshire Constabulary,-1.036869,50.898203,On or near Chaplains Close,E01022935,Havant 003C,Shoplifting,Status update unavailable,
1c2df6dd0743610bb3b2601c6327aeac6899a91aaa53403143eef00dd39c8e80,2024-03,Hampshire Constabulary,Hampshire Constabulary,-1.043689,50.888772,On or near Jersey Crescent,E01022975,Havant 003D,Criminal damage and arson,Unable to prosecute suspect,
572ad99a683ef1d6205c3bd75df4d7bd6629a0bf38fc3bd9f4312f07c4be829f,2024-03,Hampshire Constabulary,Hampshire Constabulary,-1.039426,50.885895,On or near Hambledon Road,E01022975,Havant 003D,Possession of weapons,Unable to prosecute suspect,
127d60e992f11675183c36b114f441564dd91bd87e0a9efda582f8979ea840dd,2024-03,Hampshire Constabulary,Hampshire Constabulary,-1.039426,50.885895,On or near Hambledon Road,E01022975,Havant 003D,Public order,Investigation complete; no suspect identified,
03b399cff288dbf236c49740dd113d8f12292fea58bbe2052de265b3c99ecfe9,2024-03,Hampshire Constabulary,Hampshire Constabulary,-1.040481,50.885068,On or near Supermarket,E01022975,Havant 003D,Shoplifting,Court result unavailable,
9080a2316bf411f5399e0b9afe92f8c8f4c4a06964f2a0023c9994d24c314b0c,2024-03,Hampshire Constabulary,Hampshire Constabulary,-1.037663,50.885881,On or near Fennell Close,E01022975,Havant 003D,Shoplifting,Awaiting court outcome,
999544b4054b055288823757dceaecdd2c50f43a2d26571db387ddc273467cb0,2024-03,Hampshire Constabulary,Hampshire Constabulary,-1.043689,50.888772,On or near Jersey Crescent,E01022975,Havant 003D,Violence and sexual offences,Unable to prosecute suspect,
643e9946c7ed915b77faddec1479c7c5644ab76289b360778a3f076b8630a20f,2024-03,Hampshire Constabulary,Hampshire Constabulary,-1.039906,50.883273,On or near Relay Road,E01022975,Havant 003D,Violence and sexual offences,Unable to prosecute suspect,
,2024-03,Hampshire Constabulary,Hampshire Constabulary,-1.039426,50.885895,On or near Hambledon Road,E01022975,Havant 003D,Anti-social behaviour,,
,2024-03,Hampshire Constabulary,Hampshire Constabulary,-1.039426,50.885895,On or near Hambledon Road,E01022975,Havant 003D,Anti-social behaviour,,
,2024-03,Hampshire Constabulary,Hampshire Constabulary,-1.040777,50.886545,On or near Petrol Station,E01022975,Havant 003D,Anti-social behaviour,,
,2024-03,Hampshire Constabulary,Hampshire Constabulary,-1.039646,50.883496,On or near Silverthorne Way,E01022975,Havant 003D,Anti-social behaviour,,
,2024-03,Hampshire Constabulary,Hampshire Constabulary,-1.039646,50.883496,On or near Silverthorne Way,E01022975,Havant 003D,Anti-social behaviour,,
,2024-03,Hampshire Constabulary,Hampshire Constabulary,-1.036297,50.883181,On or near Petrol Station,E01022975,Havant 003D,Anti-social behaviour,,
,2024-03,Hampshire Constabulary,Hampshire Constabulary,-1.041131,50.885226,On or near Elettra Avenue,E01022975,Havant 003D,Anti-social behaviour,,
304ae4924af5b1e36796071f8f503f26eed7089bf6d3f61ea2a04fa8efde64ed,2024-03,Hampshire Constabulary,Hampshire Constabulary,-1.040777,50.886545,On or near Petrol Station,E01022975,Havant 003D,Public order,Status update unavailable,
2673c2e0123ccb634663db198b6f7c84b3d8e317c20f4157523d8bc95dd53581,2024-03,Hampshire Constabulary,Hampshire Constabulary,-1.039426,50.885895,On or near Hambledon Road,E01022975,Havant 003D,Shoplifting,Investigation complete; no suspect identified,
47e6cc2a9254f585713b64abd732238cb7446f832e5eb4e68a15964369036134,2024-03,Hampshire Constabulary,Hampshire Constabulary,-1.031818,50.890113,On or near Chaucer Close,E01022976,Havant 003E,Criminal damage and arson,Investigation complete; no suspect identified,
0bced6a3752defbdf2be8e3e368f875bf52ebbf09db1eb83427d49924fed1ddc,2024-03,Hampshire Constabulary,Hampshire Constabulary,-1.034368,50.889199,On or near Milton Road,E01022976,Havant 003E,Criminal damage and arson,Unable to prosecute suspect,
1088a682d29b17bafd947e43e151a8bfef2b88cf55cfecb6646cc12311b52fc6,2024-03,Hampshire Constabulary,Hampshire Constabulary,-1.035423,50.884900,On or near Aston Road,E01022976,Havant 003E,Other theft,Unable to prosecute suspect,
b41afbf6ddf5df9167cc99509dd322ec1547cf99bed7ad18f8c4a3a1f8d70899,2024-03,Hampshire Constabulary,Hampshire Constabulary,-1.034934,50.889995,On or near Tennyson Crescent,E01022976,Havant 003E,Violence and sexual offences,Investigation complete; no suspect identified,
fcbbaa4fb69df2faa5639e1f3eadaf9d16c23cc99a35dabbd91e01e85c6809ff,2024-03,Hampshire Constabulary,Hampshire Constabulary,-1.031818,50.890113,On or near Chaucer Close,E01022976,Havant 003E,Violence and sexual offences,Unable to prosecute suspect,
3daa89084c7fa94e10999ab29fa2ad88ddb3a75004d7d0cf7cbf0cdc22512f55,2024-03,Hampshire Constabulary,Hampshire Constabulary,-1.033694,50.891531,On or near Dryden Close,E01022976,Havant 003E,Violence and sexual offences,Unable to prosecute suspect,
7e06ccc926b666a4cc8090814704e9602a5ef4703d25e9a42041cba37c433c40,2024-03,Hampshire Constabulary,Hampshire Constabulary,-1.033694,50.891531,On or near Dryden Close,E01022976,Havant 003E,Violence and sexual offences,Unable to prosecute suspect,
e82b6180d5d303910d4e62070ae52e4b763f9b77bd4cdbf2c1300d8ebb95cb79,2024-03,Hampshire Constabulary,Hampshire Constabulary,-1.031818,50.890113,On or near Chaucer Close,E01022976,Havant 003E,Violence and sexual offences,Unable to prosecute suspect,
aeb91a12fd6d7befb723633582386d0c546f67a183193f8e837fb7008afebac7,2024-03,Hampshire Constabulary,Hampshire Constabulary,-1.032941,50.885986,On or near Park View,E01022976,Havant 003E,Violence and sexual offences,Unable to prosecute suspect,
9bfe495a0412a1f9ede40e35a48688161fb02c816f1e3d9d3e95deacbf1f5344,2024-03,Hampshire Constabulary,Hampshire Constabulary,-1.031818,50.890113,On or near Chaucer Close,E01022976,Havant 003E,Criminal damage and arson,Unable to prosecute suspect,
a46f79e133cdc08c96deb4eb8b05e80cedef7594921c64173686447af89f97fc,2024-03,Hampshire Constabulary,Hampshire Constabulary,-1.033694,50.891531,On or near Dryden Close,E01022976,Havant 003E,Violence and sexual offences,Investigation complete; no suspect identified,
bfb3b5bfda8c67e33795a31a78b4f9ebe611d88a57084c106ca16f74fb9d6d00,2024-03,Hampshire Constabulary,Hampshire Constabulary,-1.034368,50.889199,On or near Milton Road,E01022976,Havant 003E,Violence and sexual offences,Unable to prosecute suspect,
25f9dc3e0dbfdf19d870fbba3afde8986a8857abebea50f890c3ef2471e369f4,2024-03,Hampshire Constabulary,Hampshire Constabulary,-1.033694,50.891531,On or near Dryden Close,E01022976,Havant 003E,Violence and sexual offences,Unable to prosecute suspect,
e1f203769f63e0bde1055c764410e05289e001c9cf7e175f050af1b1371314e4,2024-03,Hampshire Constabulary,Hampshire Constabulary,-1.008280,50.887128,On or near Grassmere Way,E01022922,Havant 004A,Shoplifting,Court result unavailable,
a227205a8e53ce605073cdad3bb6e7a851c6a75c3d45596c41be47b2a30d40dc,2024-03,Hampshire Constabulary,Hampshire Constabulary,-1.008280,50.887128,On or near Grassmere Way,E01022922,Havant 004A,Shoplifting,Court result unavailable,
43fa00e52dd1e71064e71f71edc70d7a18df02c12096491e451bef483c003958,2024-03,Hampshire Constabulary,Hampshire Constabulary,-1.008280,50.887128,On or near Grassmere Way,E01022922,Havant 004A,Shoplifting,Court result unavailable,
7b227512a0f15f60cdfc8ebbdd37d9cf7251701bd61d0b77930e657de3020abc,2024-03,Hampshire Constabulary,Hampshire Constabulary,-1.008280,50.887128,On or near Grassmere Way,E01022922,Havant 004A,Shoplifting,Court result unavailable,
42e744b8622ebdce87aab7b24b381769139a215dc938dfb380a9bb9d03332eda,2024-03,Hampshire Constabulary,Hampshire Constabulary,-1.008280,50.887128,On or near Grassmere Way,E01022922,Havant 004A,Shoplifting,Court result unavailable,
686b388af238b19629865543c3605e4328ac17706ddc34e7f2fcbe9ac4763303,2024-03,Hampshire Constabulary,Hampshire Constabulary,-1.007134,50.886857,On or near Bracken Heath,E01022922,Havant 004A,Violence and sexual offences,Investigation complete; no suspect identified,
bce129eee803d69d62e3530ded973ec3124e478fa3e984456a6d12ad57cbb616,2024-03,Hampshire Constabulary,Hampshire Constabulary,-1.007134,50.886857,On or near Bracken Heath,E01022922,Havant 004A,Violence and sexual offences,Investigation complete; no suspect identified,
,2024-03,Hampshire Constabulary,Hampshire Constabulary,-1.007774,50.884839,On or near Starina Gardens,E01022922,Havant 004A,Anti-social behaviour,,
b0cc5cd950f866e2097abeb83dda3bc9cc1c565b8ce1d433e13612864d99d0ec,2024-03,Hampshire Constabulary,Hampshire Constabulary,-1.008280,50.887128,On or near Grassmere Way,E01022922,Havant 004A,Public order,Status update unavailable,
03a60c0d014ec3fd9a360d49dcadfc3b82969139f7c1385ef37c9ebf63fd64ca,2024-03,Hampshire Constabulary,Hampshire Constabulary,-1.008280,50.887128,On or near Grassmere Way,E01022922,Havant 004A,Public order,Status update unavailable,
ebcd2d0e083f04cc29e84bb4911ed956b6c971e04077cafdcc747551236120b2,2024-03,Hampshire Constabulary,Hampshire Constabulary,-1.008280,50.887128,On or near Grassmere Way,E01022922,Havant 004A,Shoplifting,Investigation complete; no suspect identified,
ad66e04059ba17ea99604a7bd1d53f2076e17ad423a2e5e8585718ecd080c4e3,2024-03,Hampshire Constabulary,Hampshire Constabulary,-1.008280,50.887128,On or near Grassmere Way,E01022922,Havant 004A,Shoplifting,Investigation complete; no suspect identified,
319ff0520adfe3673a487b884ceab85666ffb822fc3e35133d7f689712160df7,2024-03,Hampshire Constabulary,Hampshire Constabulary,-1.009683,50.883983,On or near Rosina Close,E01022922,Havant 004A,Violence and sexual offences,Unable to prosecute suspect,
55c403f47e48a891bba6e6b0a6323bd502056c9804db3b7bd8c85d1b910486f9,2024-03,Hampshire Constabulary,Hampshire Constabulary,-1.011899,50.883390,On or near Amethyst Grove,E01022971,Havant 004B,Violence and sexual offences,Local resolution,
c2e2576a524cfe0ca897e25ab5b30c87db1eea919a9d3de2e35751003c9fc4b0,2024-03,Hampshire Constabulary,Hampshire Constabulary,-1.015644,50.883755,On or near Lysander Way,E01022971,Havant 004B,Vehicle crime,Investigation complete; no suspect identified,
8f0599daf3149d2a3f28d2c77b50083f288e07e56a141a484e644b6043a497e3,2024-03,Hampshire Constabulary,Hampshire Constabulary,-1.012358,50.884563,On or near Celia Close,E01022971,Havant 004B,Violence and sexual offences,Unable to prosecute suspect,
12a610acca0c9dda6a37c55e6895c95fc9a4f04ee6af96a91b42d08f7c0f560c,2024-03,Hampshire Constabulary,Hampshire Constabulary,-1.027469,50.884573,On or near London Road,E01022972,Havant 004C,Shoplifting,Court result unavailable,
961babe6b22b802b1d95d43a3efea7107491561945247206a7fe66b9b2bcc0ee,2024-03,Hampshire Constabulary,Hampshire Constabulary,-1.027469,50.884573,On or near London Road,E01022972,Havant 004C,Shoplifting,Court result unavailable,
60469750e302db643387445101b008f35eab9e945cccfaed7f99d6ba026e2ae9,2024-03,Hampshire Constabulary,Hampshire Constabulary,-1.027469,50.884573,On or near London Road,E01022972,Havant 004C,Shoplifting,Court result unavailable,
87abefbf9cb07761954a1f0f921a5eed8aee3e81ec2e3a93570c8f90281c2e04,2024-03,Hampshire Constabulary,Hampshire Constabulary,-1.027469,50.884573,On or near London Road,E01022972,Havant 004C,Shoplifting,Court result unavailable,
dfd0ea39bbaeb56c64c9f9fbd2a4f0d5febb58be566b3ebd0ca7335c94b6f84c,2024-03,Hampshire Constabulary,Hampshire Constabulary,-1.027469,50.884573,On or near London Road,E01022972,Havant 004C,Shoplifting,Court result unavailable,
ce96ad570b40387e30a633b2e400f798364cf9b1a88235169cf6e5333cc2ae48,2024-03,Hampshire Constabulary,Hampshire Constabulary,-1.027469,50.884573,On or near London Road,E01022972,Havant 004C,Shoplifting,Court result unavailable,
,2024-03,Hampshire Constabulary,Hampshire Constabulary,-1.025387,50.881498,On or near Gardener Close,E01022972,Havant 004C,Anti-social behaviour,,
,2024-03,Hampshire Constabulary,Hampshire Constabulary,-1.025387,50.881498,On or near Gardener Close,E01022972,Havant 004C,Anti-social behaviour,,
1a29a13282310dd5bd9cd961a9a5cdba2658d8dcc682047e31a69407c7f6b10c,2024-03,Hampshire Constabulary,Hampshire Constabulary,-1.025567,50.885115,On or near High Trees,E01022972,Havant 004C,Other theft,Investigation complete; no suspect identified,
026843e8608578a4bbabd923741e0efa1e512a72cdabd21b3f6b5e76f04c195c,2024-03,Hampshire Constabulary,Hampshire Constabulary,-1.027469,50.884573,On or near London Road,E01022972,Havant 004C,Shoplifting,Investigation complete; no suspect identified,
f45cb2bd1dfc11d572e2cf55a115a843733036135bdf4d118b3b3a7a44da0265,2024-03,Hampshire Constabulary,Hampshire Constabulary,-1.027469,50.884573,On or near London Road,E01022972,Havant 004C,Shoplifting,Investigation complete; no suspect identified,
a4c04c575a2ada128c2b0eb3af9309749fe551704deb2c291364ccf0a276ac06,2024-03,Hampshire Constabulary,Hampshire Constabulary,-1.026881,50.881412,On or near Brookdale Close,E01022972,Havant 004C,Vehicle crime,Investigation complete; no suspect identified,
5368aa6d91f4ee9be18cc90b8a8c1d767b6812f61daff2010499e9645fd2e7e9,2024-03,Hampshire Constabulary,Hampshire Constabulary,-1.029061,50.885935,On or near Rowlands Avenue,E01022972,Havant 004C,Violence and sexual offences,Unable to prosecute suspect,
fe6f96322c9fad7004b3fcfaaebc2d5615b7cd9fd901eeecacd64fac3357b0cb,2024-03,Hampshire Constabulary,Hampshire Constabulary,-1.031390,50.886773,On or near Parking Area,E01022972,Havant 004C,Violence and sexual offences,Unable to prosecute suspect,
4e495b86304e7d3f0e773f8585c4f953a88756045076931b20b75753ff585994,2024-03,Hampshire Constabulary,Hampshire Constabulary,-1.010313,50.882415,On or near Topaz Grove,E01022974,Havant 004D,Violence and sexual offences,Unable to prosecute suspect,
e40dace2aaca7104b4a0743ad253eefd8cea48b2e26a9d6f2aaf65e7f970b287,2024-03,Hampshire Constabulary,Hampshire Constabulary,-1.016752,50.881786,On or near Oberon Close,E01022974,Havant 004D,Violence and sexual offences,Unable to prosecute suspect,
a2ae500494d308245e3319e2f7358f765972dac12abcd95b04cde31506283f2c,2024-03,Hampshire Constabulary,Hampshire Constabulary,-1.021117,50.881732,On or near Cavendish Drive,E01022974,Havant 004D,Violence and sexual offences,Local resolution,
80477847da1577d1b50bec370106e23582fcf505bc8309ca420b5e835b884d8f,2024-03,Hampshire Constabulary,Hampshire Constabulary,-1.036150,50.873099,On or near Charles Close,E01022959,Havant 005A,Public order,Unable to prosecute suspect,
33789c0f1da66f7ed181bdb3e5a8b58b8defb1fea63d63f8d0f4e3924c8ff901,2024-03,Hampshire Constabulary,Hampshire Constabulary,-1.036150,50.873099,On or near Charles Close,E01022959,Havant 005A,Violence and sexual offences,Unable to prosecute suspect,
533bcb3f155c6eed8d1cfa3b5418c9dd895a3420acbbc711854eb27736e36716,2024-03,Hampshire Constabulary,Hampshire Constabulary,-1.030716,50.871975,On or near Novello Gardens,E01022959,Havant 005A,Violence and sexual offences,Local resolution,
c1ff828be1c581f981bab4a6c62362a78fddf6b5cc893946f41821ff80fa5a32,2024-03,Hampshire Constabulary,Hampshire Constabulary,-1.036150,50.873099,On or near Charles Close,E01022959,Havant 005A,Violence and sexual offences,Unable to prosecute suspect,
e3ec410c63cc7460c09bc14478a321bbc72698053967bc9806d1ca011d2fe768,2024-03,Hampshire Constabulary,Hampshire Constabulary,-1.036275,50.871850,On or near Cunningham Road,E01022959,Havant 005A,Violence and sexual offences,Investigation complete; no suspect identified,
ea825f6f01160511afb51d228fc9590aa202862f8494e44a1c7308268e603d40,2024-03,Hampshire Constabulary,Hampshire Constabulary,-1.034456,50.871844,On or near Vian Road,E01022959,Havant 005A,Violence and sexual offences,Unable to prosecute suspect,
5d43df9502aed5535d45352168d6181713d20b9807ee0ee1aeba1e0311cf80c3,2024-03,Hampshire Constabulary,Hampshire Constabulary,-1.033903,50.873152,On or near Mill Road,E01022959,Havant 005A,Violence and sexual offences,Unable to prosecute suspect,
58985f86f094f84a84ddbb34309f55c0f93c156d322842f69bc77c6ec63489f2,2024-03,Hampshire Constabulary,Hampshire Constabulary,-1.045982,50.871848,On or near Newlands Avenue,E01022962,Havant 005B,Violence and sexual offences,Unable to prosecute suspect,
9a024876c0f394249e1cb0bb2662b71f08672e781e3bd30d97b68a17503a6480,2024-03,Hampshire Constabulary,Hampshire Constabulary,-1.039499,50.870563,On or near Marlborough Close,E01022962,Havant 005B,Violence and sexual offences,Unable to prosecute suspect,
46dc160bcc403146abc66db90c224b6d064bc761ccb92516a62afcfd6804c85e,2024-03,Hampshire Constabulary,Hampshire Constabulary,-1.034883,50.875966,On or near Laburnum Road,E01022965,Havant 005C,Drugs,Local resolution,
7b07fafc45bba7565fa37a6963b03593f838920d7db893b734d09c66cde462a5,2024-03,Hampshire Constabulary,Hampshire Constabulary,-1.034883,50.875966,On or near Laburnum Road,E01022965,Havant 005C,Possession of weapons,Court result unavailable,
d3d7d39e53981ace5914be438ffc49b5f40c582e883a4eeddb321a4b6b632878,2024-03,Hampshire Constabulary,Hampshire Constabulary,-1.034883,50.875966,On or near Laburnum Road,E01022965,Havant 005C,Public order,Unable to prosecute suspect,
53dd342eaf6944cb0bf7d81665047cb493450ba0dc30b7e7a3ad85cc0f862abb,2024-03,Hampshire Constabulary,Hampshire Constabulary,-1.035848,50.875335,On or near Laburnum Road,E01022965,Havant 005C,Violence and sexual offences,Local resolution,
6a2f576a09410c2e07274a13edd43b4aa89aca286a267cc099375a0efaefebd6,2024-03,Hampshire Constabulary,Hampshire Constabulary,-1.032427,50.875118,On or near Cedar Close,E01022965,Havant 005C,Violence and sexual offences,Unable to prosecute suspect,
0fe36c236ad98445bc103c01c8290fd58974f1cfde1dc685119326d891d928dd,2024-03,Hampshire Constabulary,Hampshire Constabulary,-1.035848,50.875335,On or near Laburnum Road,E01022965,Havant 005C,Violence and sexual offences,Local resolution,
4d3033afbd23ea4d14d0663f3849f66a84f82efb2babe108de6604afd5c94e1a,2024-03,Hampshire Constabulary,Hampshire Constabulary,-1.034883,50.875966,On or near Laburnum Road,E01022965,Havant 005C,Violence and sexual offences,Unable to prosecute suspect,
364e0d4c0d5ed1c2f7818d496995ae48e0fb769222085dd8d1da43a1a073ed8e,2024-03,Hampshire Constabulary,Hampshire Constabulary,-1.034883,50.875966,On or near Laburnum Road,E01022965,Havant 005C,Violence and sexual offences,Unable to prosecute suspect,
2fa6bda48d495aab9fd2c96cf53307fc1b2527cb376acc332dd4200a824d1238,2024-03,Hampshire Constabulary,Hampshire Constabulary,-1.034883,50.875966,On or near Laburnum Road,E01022965,Havant 005C,Violence and sexual offences,Unable to prosecute suspect,
,2024-03,Hampshire Constabulary,Hampshire Constabulary,-1.034883,50.875966,On or near Laburnum Road,E01022965,Havant 005C,Anti-social behaviour,,
e4cabaca06191a8f0264723bc88bc0dd152a2b7843bda76fc0c0eff146d40852,2024-03,Hampshire Constabulary,Hampshire Constabulary,-1.034883,50.875966,On or near Laburnum Road,E01022965,Havant 005C,Public order,Investigation complete; no suspect identified,
5155772da2cc3da3433ceb6fcad892cda2293bead138c6154515c06ada8ccc5b,2024-03,Hampshire Constabulary,Hampshire Constabulary,-1.034883,50.875966,On or near Laburnum Road,E01022965,Havant 005C,Public order,Status update unavailable,
2669940daf5c80f18d9391be14d1aa0f3149da97e0a190bff6884e6762fbdb97,2024-03,Hampshire Constabulary,Hampshire Constabulary,-1.031082,50.874208,On or near Boxwood Close,E01022965,Havant 005C,Violence and sexual offences,Status update unavailable,
d720c8f758d410c5399c12219859c3809a325c1bc1a6e39cc356bb76f19de52b,2024-03,Hampshire Constabulary,Hampshire Constabulary,-1.032427,50.875118,On or near Cedar Close,E01022965,Havant 005C,Violence and sexual offences,Status update unavailable,
d27d620f99002110f0c90046c870ec62da40d0d426c4fdb85d3afe61b62ba916,2024-03,Hampshire Constabulary,Hampshire Constabulary,-1.033535,50.878581,On or near Chapel Lane,E01022973,Havant 005D,Criminal damage and arson,Investigation complete; no suspect identified,
8f8dd75cb2bd733e708841c2bf43e1eb84bc1b61ca356edba20c1782730983a5,2024-03,Hampshire Constabulary,Hampshire Constabulary,-1.033500,50.878904,On or near Swiss Road,E01022973,Havant 005D,Criminal damage and arson,Investigation complete; no suspect identified,
212242b7e8743906263430b953ce9238f04dc4bc4c09f8b9a417441e8ecda28b,2024-03,Hampshire Constabulary,Hampshire Constabulary,-1.035179,50.883048,On or near Supermarket,E01022973,Havant 005D,Drugs,Local resolution,
68e1d546a686149b7c2250134a14702852e130fd6ae22a5048d97d54da6764d9,2024-03,Hampshire Constabulary,Hampshire Constabulary,-1.031028,50.878866,On or near Supermarket,E01022973,Havant 005D,Drugs,Local resolution,
5a0fba6f62e4035dfd49ccfc8439a6563e2cc982f6c0d3b705c214dd61e5e736,2024-03,Hampshire Constabulary,Hampshire Constabulary,-1.033894,50.879780,On or near Portland Road,E01022973,Havant 005D,Drugs,Local resolution,
9c9b54161c110fb0ee04c1622cc212551910ea6891fedd7695aeae732f6a08d5,2024-03,Hampshire Constabulary,Hampshire Constabulary,-1.031028,50.878866,On or near Supermarket,E01022973,Havant 005D,Other theft,Local resolution,
4bc0871997e6f919fa702dad016eb4b3265a4f059ac9ff603d8f45114644ee38,2024-03,Hampshire Constabulary,Hampshire Constabulary,-1.034892,50.879727,On or near Supermarket,E01022973,Havant 005D,Other theft,Investigation complete; no suspect identified,
7976ae3b99c7ba2cb4d7a4cff542110d6d6cc16738e6386d146118e010ac0ff8,2024-03,Hampshire Constabulary,Hampshire Constabulary,-1.033500,50.878904,On or near Swiss Road,E01022973,Havant 005D,Public order,Investigation complete; no suspect identified,
8a44b68e41d79d1a80b26ebfe27742faa37bcc258287fca61462ac1f3e5c7322,2024-03,Hampshire Constabulary,Hampshire Constabulary,-1.033535,50.878581,On or near Chapel Lane,E01022973,Havant 005D,Public order,Investigation complete; no suspect identified,
84fe70aff48a5bdcc3d04918da75577ec03a4db5e7030c8f2ca7afc25eb0285b,2024-03,Hampshire Constabulary,Hampshire Constabulary,-1.030288,50.880280,On or near Parking Area,E01022973,Havant 005D,Public order,Investigation complete; no suspect identified,
457de06bacf662281e0d306909bcad482e8052d1208d6960fcf1d7c32b2463c9,2024-03,Hampshire Constabulary,Hampshire Constabulary,-1.033691,50.880695,On or near Maurepas Way,E01022973,Havant 005D,Public order,Unable to prosecute suspect,
1bc63c5978e9997a3b6e907a9d1437c8095944230dc1043af1e3e39e2049278e,2024-03,Hampshire Constabulary,Hampshire Constabulary,-1.030288,50.880280,On or near Parking Area,E01022973,Havant 005D,Public order,Investigation complete; no suspect identified,
6245d9ebf055d8ca74bac365b743e8a4274551905eb0f5b41de7181bdc8d6e78,2024-03,Hampshire Constabulary,Hampshire Constabulary,-1.033422,50.882680,On or near Aysgarth Road,E01022973,Havant 005D,Shoplifting,Court result unavailable,
f963afa6e7814296b5195b3eea023747fa7f7f42254e92595cfcd55a89276b2e,2024-03,Hampshire Constabulary,Hampshire Constabulary,-1.030288,50.880280,On or near Parking Area,E01022973,Havant 005D,Shoplifting,Unable to prosecute suspect,
4e7844b2de7868990756d55bbdd5fbc4eaf60e772c89c749c0463fe33a33cbdd,2024-03,Hampshire Constabulary,Hampshire Constabulary,-1.033422,50.882680,On or near Aysgarth Road,E01022973,Havant 005D,Shoplifting,Investigation complete; no suspect identified,
f2dd4c460fb6d7e52c1bd23a8eaba0a5dbc2d7a0bb1f4d62ffb307de4e810854,2024-03,Hampshire Constabulary,Hampshire Constabulary,-1.034656,50.881230,On or near Shopping Area,E01022973,Havant 005D,Shoplifting,Unable to prosecute suspect,
a6e1eb851a6a064663133a27ab91f776770d88683b9013f33fab21f5f64c3b4a,2024-03,Hampshire Constabulary,Hampshire Constabulary,-1.036941,50.878177,On or near Forest End,E01022973,Havant 005D,Violence and sexual offences,Court result unavailable,
cc07a30cfc1297e79761ec55aa1711df294217ce7506da7089be0a675b00ac82,2024-03,Hampshire Constabulary,Hampshire Constabulary,-1.036941,50.878177,On or near Forest End,E01022973,Havant 005D,Violence and sexual offences,Unable to prosecute suspect,
a7d2fa5698032aa6da29205c7db863ce7d09796a5d755eed9955e2b3ea034cd7,2024-03,Hampshire Constabulary,Hampshire Constabulary,-1.033894,50.879780,On or near Portland Road,E01022973,Havant 005D,Violence and sexual offences,Local resolution,
b1a243f1a13f0961d4c7e27f9b317876d70ea12a7e6a3d3f6742363f460a4a85,2024-03,Hampshire Constabulary,Hampshire Constabulary,-1.030092,50.882859,On or near Freshfield Gardens,E01022973,Havant 005D,Violence and sexual offences,Unable to prosecute suspect,
d000eb72ef8818ffdc4fe1921d1d46e1e94c2fed19783c0b2670bb0c4ad57828,2024-03,Hampshire Constabulary,Hampshire Constabulary,-1.033691,50.880695,On or near Maurepas Way,E01022973,Havant 005D,Violence and sexual offences,Unable to prosecute suspect,
6ee78c0d0c992abb43cc8bf88c98b9c49a3b0504df8d5f003dee080f5a60c534,2024-03,Hampshire Constabulary,Hampshire Constabulary,-1.036941,50.878177,On or near Forest End,E01022973,Havant 005D,Violence and sexual offences,Unable to prosecute suspect,
3615d00c9e51e7613b10ce6c693a97acf7ea43ead89f07da4940c4e3492ddf50,2024-03,Hampshire Constabulary,Hampshire Constabulary,-1.031512,50.876765,On or near Broadlands Avenue,E01022973,Havant 005D,Violence and sexual offences,Unable to prosecute suspect,
,2024-03,Hampshire Constabulary,Hampshire Constabulary,-1.029691,50.879601,On or near Shopping Area,E01022973,Havant 005D,Anti-social behaviour,,
,2024-03,Hampshire Constabulary,Hampshire Constabulary,-1.030288,50.880280,On or near Parking Area,E01022973,Havant 005D,Anti-social behaviour,,
,2024-03,Hampshire Constabulary,Hampshire Constabulary,-1.034656,50.881230,On or near Shopping Area,E01022973,Havant 005D,Anti-social behaviour,,
3899ef155909d2a99fedcf49a2686b6ff901c1c17189219e40bcc58e5eed679e,2024-03,Hampshire Constabulary,Hampshire Constabulary,-1.031028,50.878866,On or near Supermarket,E01022973,Havant 005D,Criminal damage and arson,Unable to prosecute suspect,
1cc65dca90ab8349ff506275acbda8a0b3a5a32520468b44f804474c6f811dc1,2024-03,Hampshire Constabulary,Hampshire Constabulary,-1.030288,50.880280,On or near Parking Area,E01022973,Havant 005D,Criminal damage and arson,Unable to prosecute suspect,
030dc1da0a5d8d9f692fef0936c2a36b8ba50ad6507fc08a5f3808a4f744ebed,2024-03,Hampshire Constabulary,Hampshire Constabulary,-1.033500,50.878904,On or near Swiss Road,E01022973,Havant 005D,Criminal damage and arson,Investigation complete; no suspect identified,
9e59ef53067824e44932a3351b37ef37f8196d466dcbcc7312f62f1bd723e843,2024-03,Hampshire Constabulary,Hampshire Constabulary,-1.034033,50.876498,On or near Hunters Ride,E01022973,Havant 005D,Other theft,Investigation complete; no suspect identified,
033d963c1b6231961b060adafca94a11e672fdce00c9f934547f412bb3498752,2024-03,Hampshire Constabulary,Hampshire Constabulary,-1.035179,50.883048,On or near Supermarket,E01022973,Havant 005D,Other theft,Investigation complete; no suspect identified,
91399921c061d8087f31112cc8922b61d3abae3d6fe5f590271a873b7170e9bb,2024-03,Hampshire Constabulary,Hampshire Constabulary,-1.034033,50.876498,On or near Hunters Ride,E01022973,Havant 005D,Other theft,Investigation complete; no suspect identified,
559398a5005809e032dc746330d595a0248599e0481564ce8f96ac5c87f61fb5,2024-03,Hampshire Constabulary,Hampshire Constabulary,-1.034892,50.879727,On or near Supermarket,E01022973,Havant 005D,Other theft,Investigation complete; no suspect identified,
d6382fd77b9d3d7eb7057f1ba666630e659d8ee3ab9ca270cc61c1f7f0417f88,2024-03,Hampshire Constabulary,Hampshire Constabulary,-1.034033,50.876498,On or near Hunters Ride,E01022973,Havant 005D,Public order,Investigation complete; no suspect identified,
039ff9a7a82d1f620b05549bb7e49dca2481edb0f019e5e225e30cf6b926ea93,2024-03,Hampshire Constabulary,Hampshire Constabulary,-1.035179,50.883048,On or near Supermarket,E01022973,Havant 005D,Public order,Investigation complete; no suspect identified,
869eac2cd3fa6ddf0bf0b68ee06b28169c587df154e5e038084729e1714cd00f,2024-03,Hampshire Constabulary,Hampshire Constabulary,-1.033691,50.880695,On or near Maurepas Way,E01022973,Havant 005D,Public order,Investigation complete; no suspect identified,
e3c154f0a50abdc1de2c6cac24e5c08c2b533e42f12ea01b7bbbbd58b179fceb,2024-03,Hampshire Constabulary,Hampshire Constabulary,-1.031028,50.878866,On or near Supermarket,E01022973,Havant 005D,Public order,Investigation complete; no suspect identified,
2c326e3a07843afba732f4de3438112fe92e8f4a462636aa8af4bd21330a373a,2024-03,Hampshire Constabulary,Hampshire Constabulary,-1.030288,50.880280,On or near Parking Area,E01022973,Havant 005D,Shoplifting,Investigation complete; no suspect identified,
4f9ec0767fa7dab20d3671c179b6edbf067d0dd472d6101a5023e27b2ee6547a,2024-03,Hampshire Constabulary,Hampshire Constabulary,-1.031028,50.878866,On or near Supermarket,E01022973,Havant 005D,Shoplifting,Investigation complete; no suspect identified,
ea4dd49142028f44c52ad2d2cbca7b917e22eb272165a9d264b52cc736311684,2024-03,Hampshire Constabulary,Hampshire Constabulary,-1.034656,50.881230,On or near Shopping Area,E01022973,Havant 005D,Shoplifting,Investigation complete; no suspect identified,
585e28d0c23c3b2e0f6db9111fef25c6a4bec6de58997e18414b4b9753539bc6,2024-03,Hampshire Constabulary,Hampshire Constabulary,-1.033691,50.880695,On or near Maurepas Way,E01022973,Havant 005D,Violence and sexual offences,Status update unavailable,
44396e8d40ef3ef81ad7943b79286ebcb78ee0416c83045b9633c8f4fbf27ea0,2024-03,Hampshire Constabulary,Hampshire Constabulary,-1.035179,50.883048,On or near Supermarket,E01022973,Havant 005D,Violence and sexual offences,Investigation complete; no suspect identified,
9186abcd84cf583eee926887a0a977866bf285cf00765fc40a17fd94d241a21c,2024-03,Hampshire Constabulary,Hampshire Constabulary,-1.031028,50.878866,On or near Supermarket,E01022973,Havant 005D,Violence and sexual offences,Investigation complete; no suspect identified,
09f5581bc566fd0bc338c0f0674c57e543feab072c636f58b22ede0e40a575fd,2024-03,Hampshire Constabulary,Hampshire Constabulary,-1.030288,50.880280,On or near Parking Area,E01022973,Havant 005D,Violence and sexual offences,Court result unavailable,
f7938210937de9044345d2b350b68ba774d3a9eb26ad307536d220f79a115143,2024-03,Hampshire Constabulary,Hampshire Constabulary,-1.033691,50.880695,On or near Maurepas Way,E01022973,Havant 005D,Violence and sexual offences,Status update unavailable,
f01df40065b8622397da1bfcd887430a34f82ac897af40ec52738ffe23d863bb,2024-03,Hampshire Constabulary,Hampshire Constabulary,-1.033691,50.880695,On or near Maurepas Way,E01022973,Havant 005D,Violence and sexual offences,Unable to prosecute suspect,
9654c442144e84f33fea74770a804976de5180df42dd9ca6f5a3fec8b16cb5c0,2024-03,Hampshire Constabulary,Hampshire Constabulary,-1.033691,50.880695,On or near Maurepas Way,E01022973,Havant 005D,Violence and sexual offences,Investigation complete; no suspect identified,
9873b6b500c016f4ddaa617551dcd60a359238460c717e0dde8cf420a8f27dc5,2024-03,Hampshire Constabulary,Hampshire Constabulary,-1.035882,50.878537,On or near Evergreen Close,E01022973,Havant 005D,Violence and sexual offences,Unable to prosecute suspect,
6b31baa853b71f8b37384da6cd37a155df062f4061f5c839eb41c8f4acaaff6f,2024-03,Hampshire Constabulary,Hampshire Constabulary,-1.001211,50.870665,On or near Thruxton Road,E01022901,Havant 006A,Burglary,Local resolution,
003e6ecbb305e8a96ad82931b1903cc7dea09008bb7ed099c3c184aba38564ec,2024-03,Hampshire Constabulary,Hampshire Constabulary,-1.000038,50.871032,On or near Yateley Close,E01022901,Havant 006A,Burglary,Awaiting court outcome,
af2f6dcfc7cadfacded72e033c34a3a6e22f46d2588d7bf2e481920b7c3925f2,2024-03,Hampshire Constabulary,Hampshire Constabulary,-1.001211,50.870665,On or near Thruxton Road,E01022901,Havant 006A,Public order,Action to be taken by another organisation,
fe835919c5fe3d7a0f06c202150becf2b43169efe1d2c25097a54a64323c5489,2024-03,Hampshire Constabulary,Hampshire Constabulary,-0.998440,50.870659,On or near Sunwood Road,E01022901,Havant 006A,Violence and sexual offences,Unable to prosecute suspect,
d4bc8ed057c8d811a80b5d1a0d49e03129911b915526e1598c5275b55ff14a83,2024-03,Hampshire Constabulary,Hampshire Constabulary,-1.001211,50.870665,On or near Thruxton Road,E01022901,Havant 006A,Violence and sexual offences,Local resolution,
977114881e25cddb26d75ff14632cefc80048943dec3043459fe001584fd9432,2024-03,Hampshire Constabulary,Hampshire Constabulary,-1.001211,50.870665,On or near Thruxton Road,E01022901,Havant 006A,Violence and sexual offences,Local resolution,
b7bc6206f46cd24028e8cfc5ded5ba7a6019e6c7a4c95c8aba8dda4c97554cbc,2024-03,Hampshire Constabulary,Hampshire Constabulary,-1.001211,50.870665,On or near Thruxton Road,E01022901,Havant 006A,Violence and sexual offences,Court result unavailable,
77684f759ff40c699c90af3f4f89dd3a9a7d5e3f4d638fcadf5a14cf7c3aa4f8,2024-03,Hampshire Constabulary,Hampshire Constabulary,-0.998440,50.870659,On or near Sunwood Road,E01022901,Havant 006A,Violence and sexual offences,Unable to prosecute suspect,
6f56234a335652b6f0e7331f8fb192f4cd2f0591d7f1ce8b9830be87bbdd7151,2024-03,Hampshire Constabulary,Hampshire Constabulary,-1.001970,50.874376,On or near Freeley Road,E01022901,Havant 006A,Violence and sexual offences,Further action is not in the public interest,
,2024-03,Hampshire Constabulary,Hampshire Constabulary,-0.998517,50.869724,On or near Tichborne Grove,E01022901,Havant 006A,Anti-social behaviour,,
d3293dcd8f418a6f983a0ae6cef3d3fe8889643bcaa7ccba9afdb1bff637ae5f,2024-03,Hampshire Constabulary,Hampshire Constabulary,-0.998440,50.870659,On or near Sunwood Road,E01022901,Havant 006A,Criminal damage and arson,Unable to prosecute suspect,
ec535c6f49e611ffe4414e5eb4552bef4392cd6f1de938f62489fbeafbf6e2c6,2024-03,Hampshire Constabulary,Hampshire Constabulary,-1.004428,50.871753,On or near Ramsdale Avenue,E01022901,Havant 006A,Public order,Investigation complete; no suspect identified,
e48a38bb6ec49364e733dd72bed78a1065602f9d531b27782657f02d35a9a75e,2024-03,Hampshire Constabulary,Hampshire Constabulary,-1.001211,50.870665,On or near Thruxton Road,E01022901,Havant 006A,Violence and sexual offences,Status update unavailable,
6f364a8132e8c508cf22f8c74ba95508c1eff09c3d2e29591fb290b5fe0fe5fb,2024-03,Hampshire Constabulary,Hampshire Constabulary,-1.000038,50.871032,On or near Yateley Close,E01022901,Havant 006A,Violence and sexual offences,Investigation complete; no suspect identified,
538df15ce7fe00629707ec1b151e1bed085bc383c317c8bdf8abc69ec5d9181a,2024-03,Hampshire Constabulary,Hampshire Constabulary,-1.001211,50.870665,On or near Thruxton Road,E01022901,Havant 006A,Violence and sexual offences,Action to be taken by another organisation,
d62fc3fe7e3245f30a56182c3b361828700a2aff70ced48556cc53932481348a,2024-03,Hampshire Constabulary,Hampshire Constabulary,-0.998955,50.872462,On or near Amport Court,E01022901,Havant 006A,Violence and sexual offences,Unable to prosecute suspect,
673609beb4b30f3fe8d9a41da1b6069dbbcbfa3e5e203bbe6e6fd9a974e13942,2024-03,Hampshire Constabulary,Hampshire Constabulary,-1.001211,50.870665,On or near Thruxton Road,E01022901,Havant 006A,Violence and sexual offences,Unable to prosecute suspect,
93b244e25230b65850bbb7bb158293236f3b52a0705d1b5fed2eeb0d48e3995e,2024-03,Hampshire Constabulary,Hampshire Constabulary,-0.998440,50.870659,On or near Sunwood Road,E01022901,Havant 006A,Violence and sexual offences,Investigation complete; no suspect identified,
767e0604b6ea6f4ce295bb149ff8dc77b7284df6dc02b0fe8b93a6891d3cd5e8,2024-03,Hampshire Constabulary,Hampshire Constabulary,-1.004291,50.868848,On or near Park House Farm Way,E01022902,Havant 006B,Violence and sexual offences,Unable to prosecute suspect,
bde26d93f71a88e8183f35eabb1c32fa90c3c5b9c1960ccc2ec0cb4a5d3141ed,2024-03,Hampshire Constabulary,Hampshire Constabulary,-1.004291,50.868848,On or near Park House Farm Way,E01022902,Havant 006B,Violence and sexual offences,Investigation complete; no suspect identified,
53a4603df58428a859212429e8f834a99cbd847f44bebfa129b1e76990307ea1,2024-03,Hampshire Constabulary,Hampshire Constabulary,-1.004350,50.869406,On or near Norden Way,E01022902,Havant 006B,Violence and sexual offences,Status update unavailable,
f301d9907add65927a1ca49bb453614a431694db1b946ce55491092982a36ce8,2024-03,Hampshire Constabulary,Hampshire Constabulary,-0.998038,50.878155,On or near Carbery Court,E01022966,Havant 006C,Violence and sexual offences,Unable to prosecute suspect,
aaad5c25f50d653da6e147c279738dd32cecc7ac4330e647d829f14cf9b1a900,2024-03,Hampshire Constabulary,Hampshire Constabulary,-0.995632,50.878989,On or near Pennerly Court,E01022966,Havant 006C,Violence and sexual offences,Action to be taken by another organisation,
afe6f245f10382400cc0e51dc5a553890330d830f58b7af22a8a0801cb41f38b,2024-03,Hampshire Constabulary,Hampshire Constabulary,-0.994136,50.878464,On or near Harbridge Court,E01022966,Havant 006C,Violence and sexual offences,Unable to prosecute suspect,
d20d668a4cd5f99cd5182ecc7155ff42de9e902b1c81757cc3741267f78c88c8,2024-03,Hampshire Constabulary,Hampshire Constabulary,-1.000667,50.875516,On or near Poulner Court,E01022966,Havant 006C,Violence and sexual offences,Investigation complete; no suspect identified,
ad5dd227b9e29b06415c899a33dafa47798b6d9fce4204795f9e74626cbdef46,2024-03,Hampshire Constabulary,Hampshire Constabulary,-1.001500,50.877771,On or near Hatch Court,E01022966,Havant 006C,Criminal damage and arson,Investigation complete; no suspect identified,
c61d597fdae93ce1fad63b799bad49b546fa33418df4afe84e72f2f5a063ee7e,2024-03,Hampshire Constabulary,Hampshire Constabulary,-0.998038,50.878155,On or near Carbery Court,E01022966,Havant 006C,Violence and sexual offences,Status update unavailable,
ccd4129d15b5db58ed3a031e85ee0b2f0eef93256ad2e97e62d56b2721328747,2024-03,Hampshire Constabulary,Hampshire Constabulary,-0.998950,50.878685,On or near Crabwood Court,E01022966,Havant 006C,Violence and sexual offences,Local resolution,
7084b43a7c75561dd0171f2273e3efb880e8b66cbbd6d8fd09a574775c407532,2024-03,Hampshire Constabulary,Hampshire Constabulary,-0.998574,50.873700,On or near Kemshott Court,E01022967,Havant 006D,Possession of weapons,Unable to prosecute suspect,
468f17d64bab4a787a93fc6a16a314209221323be35472bc5ff62846a498cc67,2024-03,Hampshire Constabulary,Hampshire Constabulary,-0.995422,50.873529,On or near Swaythling Road,E01022967,Havant 006D,Shoplifting,Court result unavailable,
da281ecabfbb863eab34c458bf7f044b3057a4a9a59282228976f40a86d452fe,2024-03,Hampshire Constabulary,Hampshire Constabulary,-0.995422,50.873529,On or near Swaythling Road,E01022967,Havant 006D,Shoplifting,Unable to prosecute suspect,
e3cfe96845e3f01e01d9d62e866a0978207545179b03e13b28fa2152a03cfade,2024-03,Hampshire Constabulary,Hampshire Constabulary,-0.995422,50.873529,On or near Swaythling Road,E01022967,Havant 006D,Shoplifting,Unable to prosecute suspect,
62edb6d54b079cff3ef4eb88657dfa8111bc940e6da50ddf0cff9f6a331dcdfc,2024-03,Hampshire Constabulary,Hampshire Constabulary,-0.995422,50.873529,On or near Swaythling Road,E01022967,Havant 006D,Shoplifting,Court result unavailable,
99388fac2c4e6d179d9b341e0458ad1c55dc26ea8959bbe1f509b83abd6c0ef5,2024-03,Hampshire Constabulary,Hampshire Constabulary,-0.995422,50.873529,On or near Swaythling Road,E01022967,Havant 006D,Shoplifting,Court result unavailable,
8cd67d4209610a398923e597e1d65f511cc37561a4e1128de70dce46a769387d,2024-03,Hampshire Constabulary,Hampshire Constabulary,-0.993355,50.877117,On or near Sandleford Road,E01022967,Havant 006D,Violence and sexual offences,Unable to prosecute suspect,
403a2a1f45e790b9ccf47eeb89096a8d099dd48669e66a61f4788a7e16508e0c,2024-03,Hampshire Constabulary,Hampshire Constabulary,-0.998574,50.873700,On or near Kemshott Court,E01022967,Havant 006D,Violence and sexual offences,Unable to prosecute suspect,
5d8cc2d1cadd8a576f75650bb28d4f094231629ae151e39b8abb0bac99992f56,2024-03,Hampshire Constabulary,Hampshire Constabulary,-0.998421,50.875405,On or near Sports/Recreation Area,E01022967,Havant 006D,Violence and sexual offences,Unable to prosecute suspect,
a03f1cadf5554ff8274f691d031e355cd15c2528c4bda4afd68da491445248f5,2024-03,Hampshire Constabulary,Hampshire Constabulary,-0.992671,50.875879,On or near Durford Court,E01022967,Havant 006D,Vehicle crime,Investigation complete; no suspect identified,
91c84002210610b23903b6c4159ce1bad1831f0a5e5be8e8b1baa032aca16a1c,2024-03,Hampshire Constabulary,Hampshire Constabulary,-0.993557,50.873701,On or near Beaulieu Avenue,E01022967,Havant 006D,Vehicle crime,Investigation complete; no suspect identified,
fef527c849ad7437ef15686fe94d13f7825c5d49069d5c149b4f4199c4a939ba,2024-03,Hampshire Constabulary,Hampshire Constabulary,-0.994264,50.874490,On or near Sholing Court,E01022967,Havant 006D,Violence and sexual offences,Investigation complete; no suspect identified,
f8c0b3360263a9cb2f9f30f616830197f68a05f8137e60ab92e9b84c95d4249d,2024-03,Hampshire Constabulary,Hampshire Constabulary,-1.017469,50.872026,On or near Betula Close,E01022960,Havant 007A,Violence and sexual offences,Local resolution,
05b67bcb88f9cbb81aa2b1037e0379d34b2bee01153d2136d5ec6219beb43e0a,2024-03,Hampshire Constabulary,Hampshire Constabulary,-1.031495,50.867997,On or near Lambert Close,E01022961,Havant 007B,Criminal damage and arson,Investigation complete; no suspect identified,
440848e23f0baf820fb8e4ea02a052edb57c25545a885b926dcd470647128fc5,2024-03,Hampshire Constabulary,Hampshire Constabulary,-1.031495,50.867997,On or near Lambert Close,E01022961,Havant 007B,Public order,Unable to prosecute suspect,
81c0492c328eccdd7af0ba1abfa445beeef631f8c51afc95a05b3b4b89f53ccf,2024-03,Hampshire Constabulary,Hampshire Constabulary,-1.031495,50.867997,On or near Lambert Close,E01022961,Havant 007B,Violence and sexual offences,Unable to prosecute suspect,
fafdc0d4da614a6d3fe3ade2c75ed16a28e20829d4a79b941637e45d46125434,2024-03,Hampshire Constabulary,Hampshire Constabulary,-1.031495,50.867997,On or near Lambert Close,E01022961,Havant 007B,Violence and sexual offences,Unable to prosecute suspect,
ccee39cf3d408b84c26badbf08404fd5d4af2e3f4e0fd9a2ab50ab84b9ee4b2b,2024-03,Hampshire Constabulary,Hampshire Constabulary,-1.031495,50.867997,On or near Lambert Close,E01022961,Havant 007B,Violence and sexual offences,Unable to prosecute suspect,
,2024-03,Hampshire Constabulary,Hampshire Constabulary,-1.026495,50.864439,On or near Purbrook Way,E01022961,Havant 007B,Anti-social behaviour,,
6057a7721e13b0b003f5d2ac6f137005624a24f41c4b6b4ce5267a87ce2151b2,2024-03,Hampshire Constabulary,Hampshire Constabulary,-1.033335,50.867626,On or near Bliss Close,E01022961,Havant 007B,Vehicle crime,Investigation complete; no suspect identified,
c3453f17186aef078a76ec39333f841e70172aa66316a8fb129851989c34906e,2024-03,Hampshire Constabulary,Hampshire Constabulary,-1.027027,50.864840,On or near Khandala Gardens,E01022961,Havant 007B,Violence and sexual offences,Unable to prosecute suspect,
6daab80f0594b38bdbc95a273d5d223f1f2b7c4eb21e244881f5c968b8c2656f,2024-03,Hampshire Constabulary,Hampshire Constabulary,-1.031495,50.867997,On or near Lambert Close,E01022961,Havant 007B,Violence and sexual offences,Unable to prosecute suspect,
2986e5328928e42e6ba8930dc31e273366b270944cca1d95538d78fa9858fa0f,2024-03,Hampshire Constabulary,Hampshire Constabulary,-1.031495,50.867997,On or near Lambert Close,E01022961,Havant 007B,Violence and sexual offences,Unable to prosecute suspect,
8dcf578df382bc712bbaf7ba7f765b0f402f0ca531146878e4788f60e8da56f4,2024-03,Hampshire Constabulary,Hampshire Constabulary,-1.029233,50.876971,On or near Stakes Hill Road,E01022963,Havant 007C,Violence and sexual offences,Unable to prosecute suspect,
b053cfba17edff4953019aa61af26c9bb8b93537a4b68a27f1234c5cc1062fa8,2024-03,Hampshire Constabulary,Hampshire Constabulary,-1.029233,50.876971,On or near Stakes Hill Road,E01022963,Havant 007C,Violence and sexual offences,Unable to prosecute suspect,
799a7ebd246b806d1e172a6fa112909f71fa86d282dc3c7f70253b0058dc6a2b,2024-03,Hampshire Constabulary,Hampshire Constabulary,-1.025876,50.875756,On or near Lancaster Way,E01022963,Havant 007C,Other crime,Unable to prosecute suspect,
aa744eace3a1609943611e67be9c760c3931bc77ab82ddb36b566600866bf257,2024-03,Hampshire Constabulary,Hampshire Constabulary,-1.017210,50.872851,On or near Woodsedge,E01022964,Havant 007D,Violence and sexual offences,Unable to prosecute suspect,
a8a75505ed96a2a37066b9c9372af07699ef823eaca5fb578993623de54a3315,2024-03,Hampshire Constabulary,Hampshire Constabulary,-1.017210,50.872851,On or near Woodsedge,E01022964,Havant 007D,Violence and sexual offences,Unable to prosecute suspect,
6586b09d1b8e8f137b2fbdf86caeba032926eb84b220eee75c413497abf7133e,2024-03,Hampshire Constabulary,Hampshire Constabulary,-1.018405,50.874830,On or near Frendstaple Road,E01022964,Havant 007D,Violence and sexual offences,Court result unavailable,
,2024-03,Hampshire Constabulary,Hampshire Constabulary,-1.022063,50.873206,On or near Springwood Avenue,E01022964,Havant 007D,Anti-social behaviour,,
92147cdaa9bb48eedfdf2aff69273ccc0a60b5666e71e58233d1fc2b1bf74375,2024-03,Hampshire Constabulary,Hampshire Constabulary,-1.017648,50.876380,On or near Daisy Mead,E01022964,Havant 007D,Burglary,Unable to prosecute suspect,
221d3494855a61379aa7286cbd68e06aa0c83684e078ece10732f2e9ceb7f25d,2024-03,Hampshire Constabulary,Hampshire Constabulary,-0.983028,50.867702,On or near Somborne Drive,E01022903,Havant 008A,Criminal damage and arson,Unable to prosecute suspect,
090828021badfa2280c800e5fdac0c038c10c2de9991dc690aaf76b13e4832c6,2024-03,Hampshire Constabulary,Hampshire Constabulary,-0.977260,50.866941,On or near Petersfield Road,E01022903,Havant 008A,Drugs,Court result unavailable,
776f01d7e649a3b88162d6f20e2885ffa8554d507ee1db9631dd40d5262f926c,2024-03,Hampshire Constabulary,Hampshire Constabulary,-0.976624,50.870038,On or near Sherfield Avenue,E01022903,Havant 008A,Public order,Unable to prosecute suspect,
f1a775df6a445b6621d19a90d7c0b8bf21ebdbf457c6e07bdccf45ea4f401f7b,2024-03,Hampshire Constabulary,Hampshire Constabulary,-0.978152,50.870366,On or near Broadmere Avenue,E01022903,Havant 008A,Public order,Unable to prosecute suspect,
f9ddc7d82fd8611b9564cc8058ac9467366141dc4e148f0d5391710a5899357e,2024-03,Hampshire Constabulary,Hampshire Constabulary,-0.983028,50.867702,On or near Somborne Drive,E01022903,Havant 008A,Shoplifting,Court result unavailable,
9fa97dad86ca3ee5b255498d7d09510af395b08ee0dded1451d138d01ac3af65,2024-03,Hampshire Constabulary,Hampshire Constabulary,-0.983028,50.867702,On or near Somborne Drive,E01022903,Havant 008A,Shoplifting,Court result unavailable,
af21645a233098de64a6b3d2005c818559837ee08b1a993401970dc8a54d085b,2024-03,Hampshire Constabulary,Hampshire Constabulary,-0.977260,50.866941,On or near Petersfield Road,E01022903,Havant 008A,Violence and sexual offences,Court result unavailable,
5a8c67eebc312408f0531391aabaec031c0296cfb14d5140d03dce4546a07d92,2024-03,Hampshire Constabulary,Hampshire Constabulary,-0.983028,50.867702,On or near Somborne Drive,E01022903,Havant 008A,Violence and sexual offences,Court result unavailable,
ac6455aa7ac1ee20772b5c594f8134814f2b784f48cd7f801ec53abf521ffb58,2024-03,Hampshire Constabulary,Hampshire Constabulary,-0.979439,50.867374,On or near Billy Lawn Avenue,E01022903,Havant 008A,Violence and sexual offences,Unable to prosecute suspect,
ec512b43681af120617582bcaff3ef8efabffecebcbe0af701c9ff7e6d9d3092,2024-03,Hampshire Constabulary,Hampshire Constabulary,-0.979439,50.867374,On or near Billy Lawn Avenue,E01022903,Havant 008A,Violence and sexual offences,Unable to prosecute suspect,
616fba94221112a32c456c10deb1a6a1f48844683b8def044c247966b0f1b2df,2024-03,Hampshire Constabulary,Hampshire Constabulary,-0.977260,50.866941,On or near Petersfield Road,E01022903,Havant 008A,Violence and sexual offences,Court result unavailable,
9420886b1166c586f52b75aca6753265fdb3af30c168cd3c6f8d2197e5aba747,2024-03,Hampshire Constabulary,Hampshire Constabulary,-0.978152,50.870366,On or near Broadmere Avenue,E01022903,Havant 008A,Violence and sexual offences,Unable to prosecute suspect,
,2024-03,Hampshire Constabulary,Hampshire Constabulary,-0.977779,50.865966,On or near Petersfield Road,E01022903,Havant 008A,Anti-social behaviour,,
,2024-03,Hampshire Constabulary,Hampshire Constabulary,-0.982618,50.866426,On or near Supermarket,E01022903,Havant 008A,Anti-social behaviour,,
,2024-03,Hampshire Constabulary,Hampshire Constabulary,-0.979314,50.868831,On or near Sports/Recreation Area,E01022903,Havant 008A,Anti-social behaviour,,
,2024-03,Hampshire Constabulary,Hampshire Constabulary,-0.980854,50.867674,On or near Owslebury Grove,E01022903,Havant 008A,Anti-social behaviour,,
,2024-03,Hampshire Constabulary,Hampshire Constabulary,-0.983879,50.868429,On or near Foxcott Grove,E01022903,Havant 008A,Anti-social behaviour,,
962299e4faefe3b675de2b6804ef60c127f0c6ffcc361c10dd42f8c284152caa,2024-03,Hampshire Constabulary,Hampshire Constabulary,-0.980854,50.867674,On or near Owslebury Grove,E01022903,Havant 008A,Criminal damage and arson,Investigation complete; no suspect identified,
97a03613018147b80da896aaddcdee50d8d6ca16d7e402569e90976b5c2ced77,2024-03,Hampshire Constabulary,Hampshire Constabulary,-0.980854,50.867674,On or near Owslebury Grove,E01022903,Havant 008A,Criminal damage and arson,Investigation complete; no suspect identified,
ea1bc84858c75d1c8448392f94df931577738e8e37b3916b15e23d3514b26f53,2024-03,Hampshire Constabulary,Hampshire Constabulary,-0.980854,50.867674,On or near Owslebury Grove,E01022903,Havant 008A,Criminal damage and arson,Investigation complete; no suspect identified,
4cbf70f84d0d9ceb5f91bb8ae878f849769425a1bde144a681542abfa4cf3ab0,2024-03,Hampshire Constabulary,Hampshire Constabulary,-0.985481,50.867948,On or near Parking Area,E01022903,Havant 008A,Criminal damage and arson,Investigation complete; no suspect identified,
bf639e5be3aad30177f2d8211ed1dc9cb4912d2f72375ac931c0544f2b1aca2a,2024-03,Hampshire Constabulary,Hampshire Constabulary,-0.980854,50.867674,On or near Owslebury Grove,E01022903,Havant 008A,Drugs,Status update unavailable,
077a7e39b2624e1fd3ad858eb312c7191e3a9d3e647105adfa9adde89664b2bd,2024-03,Hampshire Constabulary,Hampshire Constabulary,-0.976624,50.870038,On or near Sherfield Avenue,E01022903,Havant 008A,Other theft,Unable to prosecute suspect,
1197e8ec061ea278a50da95b142696ec62b34afee961b484f13fb2c3baae2dc4,2024-03,Hampshire Constabulary,Hampshire Constabulary,-0.984230,50.867973,On or near Parking Area,E01022903,Havant 008A,Public order,Investigation complete; no suspect identified,
fcc7c78e957e88835eff3a2a7316f565f99b463d0daa3ab47a8d2595c26d321d,2024-03,Hampshire Constabulary,Hampshire Constabulary,-0.977260,50.866941,On or near Petersfield Road,E01022903,Havant 008A,Public order,Status update unavailable,
3a5b4cb4d2de7ba8b88a3390faa82f97987c6f9684ec2665dbfc9e49c22f6721,2024-03,Hampshire Constabulary,Hampshire Constabulary,-0.982618,50.866426,On or near Supermarket,E01022903,Havant 008A,Public order,Investigation complete; no suspect identified,
5621132739cda1bedfa36de3c78fe2279e8428d21b2acb40eb1bd5c3ff21d482,2024-03,Hampshire Constabulary,Hampshire Constabulary,-0.984230,50.867973,On or near Parking Area,E01022903,Havant 008A,Shoplifting,Investigation complete; no suspect identified,
8c1d0771bca8ea2a697b3e2e5a7bf14084b6be238412b3acf8e875aa1f76f7e2,2024-03,Hampshire Constabulary,Hampshire Constabulary,-0.982618,50.866426,On or near Supermarket,E01022903,Havant 008A,Shoplifting,Investigation complete; no suspect identified,
5f7474c747e8b8414be7ea0337a7caf4c5071bec377d04c09b75c483cbdefded,2024-03,Hampshire Constabulary,Hampshire Constabulary,-0.978152,50.870366,On or near Broadmere Avenue,E01022903,Havant 008A,Violence and sexual offences,Unable to prosecute suspect,
935027dc2f032b7d4487d405b2287d9a27a828e7f66f709ab471f5d2cedb330e,2024-03,Hampshire Constabulary,Hampshire Constabulary,-0.983028,50.867702,On or near Somborne Drive,E01022903,Havant 008A,Violence and sexual offences,Unable to prosecute suspect,
5594f91ec10dc8bcf923a6f8320675178634e3ef216d4ce4047881087f9b3d2b,2024-03,Hampshire Constabulary,Hampshire Constabulary,-0.983028,50.867702,On or near Somborne Drive,E01022903,Havant 008A,Violence and sexual offences,Unable to prosecute suspect,
f93fd5c4843cc6960ac530125380b347c1bd86a51cecb86276d669c80bf15d68,2024-03,Hampshire Constabulary,Hampshire Constabulary,-0.984742,50.872501,On or near Kilmeston Close,E01022906,Havant 008B,Drugs,Local resolution,
669027683bb0fcec37feefedf165e824089c685c750efac4f6e9a6f855a1c8af,2024-03,Hampshire Constabulary,Hampshire Constabulary,-0.986536,50.874990,On or near Winterslow Drive,E01022906,Havant 008B,Public order,Investigation complete; no suspect identified,
5443cf23b164b991ffd99a2db2efccce9d22850b4c575ace698aa261836c148f,2024-03,Hampshire Constabulary,Hampshire Constabulary,-0.986455,50.874135,On or near Crondall Avenue,E01022906,Havant 008B,Violence and sexual offences,Unable to prosecute suspect,
f01e54af07adc8dc789df8502bb64e601921a29863017a8481117f98b5f58ae3,2024-03,Hampshire Constabulary,Hampshire Constabulary,-0.987871,50.874390,On or near Marchwood Road,E01022906,Havant 008B,Violence and sexual offences,Investigation complete; no suspect identified,
8a425dfec916d5cb81621b2c1360e80b7e7ed0753ecf2044956b63875afb58e4,2024-03,Hampshire Constabulary,Hampshire Constabulary,-0.987871,50.874390,On or near Marchwood Road,E01022906,Havant 008B,Criminal damage and arson,Investigation complete; no suspect identified,
b303742b9b983170c8c7d9d43a8fdeb760593bb0c72159d359bebcc78ed565c0,2024-03,Hampshire Constabulary,Hampshire Constabulary,-0.984746,50.873661,On or near Silkstead Avenue,E01022906,Havant 008B,Criminal damage and arson,Investigation complete; no suspect identified,
b8f0e0eff8c65e5f7600e6d2443a1c5f4c118cfd8494f957a00096c23836475d,2024-03,Hampshire Constabulary,Hampshire Constabulary,-0.991429,50.873512,On or near Warsash Close,E01022968,Havant 008C,Criminal damage and arson,Unable to prosecute suspect,
0a0059ff2efd3b5c3ce045f2933e79bc6dacda00666cb807b551a095a93afbe2,2024-03,Hampshire Constabulary,Hampshire Constabulary,-0.997380,50.871693,On or near Warnford Crescent,E01022968,Havant 008C,Violence and sexual offences,Unable to prosecute suspect,
46409888c6e7ad68f4c7ec613f2b89ebe9376ecb8f0da4da279abe7a759cb5df,2024-03,Hampshire Constabulary,Hampshire Constabulary,-0.997380,50.871693,On or near Warnford Crescent,E01022968,Havant 008C,Violence and sexual offences,Unable to prosecute suspect,
c74b59c566793f28042157577bb8f1a4bf117cf9a1703823866a69423039f5e1,2024-03,Hampshire Constabulary,Hampshire Constabulary,-0.991429,50.873512,On or near Warsash Close,E01022968,Havant 008C,Violence and sexual offences,Investigation complete; no suspect identified,
4c09bd9124e53fe2f9bd3ebfa18731a6c34338e89e5e5722fcc8365844067d50,2024-03,Hampshire Constabulary,Hampshire Constabulary,-0.991429,50.873512,On or near Warsash Close,E01022968,Havant 008C,Public order,Status update unavailable,
ffb39b871f8ddbf33fb88d7cee55f07371174c28c02bfee808604f0446d0ee51,2024-03,Hampshire Constabulary,Hampshire Constabulary,-0.996308,50.870002,On or near Weyhill Close,E01022968,Havant 008C,Violence and sexual offences,Unable to prosecute suspect,
9ef57f7e0ebb04a68aa5f9f245a93664c853e6bf21a81676c03a6802db651099,2024-03,Hampshire Constabulary,Hampshire Constabulary,-0.991304,50.871371,On or near Fred Francis Close,E01022969,Havant 008D,Burglary,Investigation complete; no suspect identified,
ca5f8ad3a97415e7cf26961560047a07c527f5a88c9a8bb48f599cd155b060c5,2024-03,Hampshire Constabulary,Hampshire Constabulary,-0.994257,50.869562,On or near Nutley Road,E01022969,Havant 008D,Possession of weapons,Unable to prosecute suspect,
84191180952e0b937c1fa52096e76dd66fc4bd8e1b41bd23a76f628df63192c6,2024-03,Hampshire Constabulary,Hampshire Constabulary,-0.991304,50.871371,On or near Fred Francis Close,E01022969,Havant 008D,Violence and sexual offences,Unable to prosecute suspect,
61a2565e7950a67769a78b79981b973ffba7413e53197a77b8857829a77f338f,2024-03,Hampshire Constabulary,Hampshire Constabulary,-0.994384,50.870912,On or near Merryfield Avenue,E01022969,Havant 008D,Violence and sexual offences,Unable to prosecute suspect,
682311d4637cc0e5ec17d79bcf61fb53a8e3fa1113d6992fceed98b62ae089df,2024-03,Hampshire Constabulary,Hampshire Constabulary,-0.994709,50.869017,On or near Otterbourne Crescent,E01022969,Havant 008D,Violence and sexual offences,Unable to prosecute suspect,
3d084a1ca340c06f5f483c80c55965a5d547eb93704725fbb314bfcf01410284,2024-03,Hampshire Constabulary,Hampshire Constabulary,-0.994257,50.869562,On or near Nutley Road,E01022969,Havant 008D,Violence and sexual offences,Unable to prosecute suspect,
b2c6ad06640a61d54185510c5ea2add73da6c2a7041121cad3d97c53a34e14ef,2024-03,Hampshire Constabulary,Hampshire Constabulary,-0.994290,50.871990,On or near Hurstbourne Close,E01022969,Havant 008D,Violence and sexual offences,Unable to prosecute suspect,
,2024-03,Hampshire Constabulary,Hampshire Constabulary,-0.992934,50.872257,On or near Brockenhurst Avenue,E01022969,Havant 008D,Anti-social behaviour,,
c15f806d3a8fdfdca63c2a7a7f0b42d4d2534ec1fe517b6a1db719efd175f2f2,2024-03,Hampshire Constabulary,Hampshire Constabulary,-0.994257,50.869562,On or near Nutley Road,E01022969,Havant 008D,Criminal damage and arson,Investigation complete; no suspect identified,
01c1f8babf19dddab0ef174e6e02880571f3687bc9d4a93cbfeefeb928fa308a,2024-03,Hampshire Constabulary,Hampshire Constabulary,-0.991304,50.871371,On or near Fred Francis Close,E01022969,Havant 008D,Violence and sexual offences,Unable to prosecute suspect,
e153b7cc46591f7fe79f6fac80002b5a1812aa43a8fb28c6d2003beea5b22e20,2024-03,Hampshire Constabulary,Hampshire Constabulary,-0.994290,50.871990,On or near Hurstbourne Close,E01022969,Havant 008D,Violence and sexual offences,Unable to prosecute suspect,
0be6097ecc8eb0d7198a7e29981e7a640efae3c487f2b71be26f95c11145b552,2024-03,Hampshire Constabulary,Hampshire Constabulary,-0.976101,50.861499,On or near Lockerley Road,E01022913,Havant 009A,Criminal damage and arson,Local resolution,
34777e085550e7b00f82ce8b0dc54a626f71d89a1a9fc51587b880698d693ca5,2024-03,Hampshire Constabulary,Hampshire Constabulary,-0.976101,50.861499,On or near Lockerley Road,E01022913,Havant 009A,Violence and sexual offences,Unable to prosecute suspect,
87e00df6e4cbda34fbbb34f5625b603ef13e687a487c94acc4b0dc800cc62b48,2024-03,Hampshire Constabulary,Hampshire Constabulary,-0.976101,50.861499,On or near Lockerley Road,E01022913,Havant 009A,Violence and sexual offences,Action to be taken by another organisation,
691979706641ed3ada2117e3c20cd9f8bf5d5d49b5b6d7686c073472f2e36675,2024-03,Hampshire Constabulary,Hampshire Constabulary,-0.977084,50.862021,On or near Swarraton Road,E01022913,Havant 009A,Violence and sexual offences,Unable to prosecute suspect,
fd08425c791a85f4a64c6372e6e1175b056a0a4f4817188666ccd38c4a69cdf3,2024-03,Hampshire Constabulary,Hampshire Constabulary,-0.976540,50.862861,On or near Abbotstone Avenue,E01022913,Havant 009A,Violence and sexual offences,Unable to prosecute suspect,
,2024-03,Hampshire Constabulary,Hampshire Constabulary,-0.976101,50.861499,On or near Lockerley Road,E01022913,Havant 009A,Anti-social behaviour,,
1002fc6e37b5d7378d2f5539cb83205506513056414f23d9761facba09f50d6d,2024-03,Hampshire Constabulary,Hampshire Constabulary,-0.976101,50.861499,On or near Lockerley Road,E01022913,Havant 009A,Criminal damage and arson,Investigation complete; no suspect identified,
c26aeb008d33fec957c42bc24431cf55fd51ad92155e9220a78e38d739d8c987,2024-03,Hampshire Constabulary,Hampshire Constabulary,-0.976917,50.863800,On or near Adhurst Road,E01022913,Havant 009A,Criminal damage and arson,Investigation complete; no suspect identified,
b04bd65cbca3e3d16ea882469c4acd509e89fa095b2254451fe012acdc090ce0,2024-03,Hampshire Constabulary,Hampshire Constabulary,-0.976101,50.861499,On or near Lockerley Road,E01022913,Havant 009A,Public order,Investigation complete; no suspect identified,
5ada059e148a7ddc95723f3e0ff3681b8eb01eccfa83bddf66ac40931efc9634,2024-03,Hampshire Constabulary,Hampshire Constabulary,-0.977084,50.862021,On or near Swarraton Road,E01022913,Havant 009A,Vehicle crime,Investigation complete; no suspect identified,
60cdafed6a9b28bafdd73c3bb252d38ab1e1f8654cdd29e05a96f8acafcc187e,2024-03,Hampshire Constabulary,Hampshire Constabulary,-0.976101,50.861499,On or near Lockerley Road,E01022913,Havant 009A,Violence and sexual offences,Unable to prosecute suspect,
adc5cd3fc3a8a3836402a35c013e229b7961e2faba8bb2c5343b23d741cd49c4,2024-03,Hampshire Constabulary,Hampshire Constabulary,-0.977039,50.860824,On or near Hipley Road,E01022913,Havant 009A,Violence and sexual offences,Unable to prosecute suspect,
2a6d2d268be65a337dba2bb7bedb27ac37d4b66312c32c85079c7c85f5d8742d,2024-03,Hampshire Constabulary,Hampshire Constabulary,-0.977039,50.860824,On or near Hipley Road,E01022913,Havant 009A,Violence and sexual offences,Unable to prosecute suspect,
1d23485ef77da7902f602dc16be31156f3ecd1a520c30085380abf392a2b35fb,2024-03,Hampshire Constabulary,Hampshire Constabulary,-0.976101,50.861499,On or near Lockerley Road,E01022913,Havant 009A,Violence and sexual offences,Unable to prosecute suspect,
d1fbe66fbdb75b509c5d475680a6d0e8018ce4751b53734b57bf056fb2e6f335,2024-03,Hampshire Constabulary,Hampshire Constabulary,-0.977039,50.860824,On or near Hipley Road,E01022913,Havant 009A,Violence and sexual offences,Unable to prosecute suspect,
df04f6dbb476c2a909c1dda88c8f758a9bf04fb1b93c5d17226a3a1041cb8c4d,2024-03,Hampshire Constabulary,Hampshire Constabulary,-0.971015,50.871769,On or near Woodcot Crescent,E01022914,Havant 009B,Drugs,Local resolution,
cfc1fde32176769c55288c50fc51231ac352e4ab5f3359bf3eaa22d621f6aa19,2024-03,Hampshire Constabulary,Hampshire Constabulary,-0.971015,50.871769,On or near Woodcot Crescent,E01022914,Havant 009B,Possession of weapons,Local resolution,
e34cb9496f327e75933c63da7c190467d77c465f7f337c5b5cbd042b442f85fd,2024-03,Hampshire Constabulary,Hampshire Constabulary,-0.971395,50.873895,On or near Malwood Close,E01022914,Havant 009B,Public order,Unable to prosecute suspect,
c0c22e02eb39e551cf255f2ea0baba5779029b46df3b4774d06dac648da319f8,2024-03,Hampshire Constabulary,Hampshire Constabulary,-0.969705,50.873170,On or near Longstock Road,E01022914,Havant 009B,Violence and sexual offences,Unable to prosecute suspect,
79c08e62a11fd11267856a6596cabbad556f2872b9ccd692722561e69443ad55,2024-03,Hampshire Constabulary,Hampshire Constabulary,-0.967912,50.872641,On or near Scotney Court,E01022914,Havant 009B,Violence and sexual offences,Unable to prosecute suspect,
f84e09c48d1636e5cab409f3ed2cae9e3b5c582a46e380dbff9588e358db3230,2024-03,Hampshire Constabulary,Hampshire Constabulary,-0.967912,50.872641,On or near Scotney Court,E01022914,Havant 009B,Violence and sexual offences,Action to be taken by another organisation,
6cd989677592cfc6d350f75fddce2aff0e594511e9c584e75480f6faa4ef193d,2024-03,Hampshire Constabulary,Hampshire Constabulary,-0.967912,50.872641,On or near Scotney Court,E01022914,Havant 009B,Violence and sexual offences,Court result unavailable,
10d948b61b2ed921383f28c2013af03c193c80057d18dc7181d8b9ee05f8f128,2024-03,Hampshire Constabulary,Hampshire Constabulary,-0.967912,50.872641,On or near Scotney Court,E01022914,Havant 009B,Violence and sexual offences,Court result unavailable,
bc658f258962b87844a3cebcc2e1a87d99819acd0eef770d42bbb55a76bc4849,2024-03,Hampshire Constabulary,Hampshire Constabulary,-0.967912,50.872641,On or near Scotney Court,E01022914,Havant 009B,Violence and sexual offences,Unable to prosecute suspect,
b4419e622b180897869e11aef074e3a62314bdbeca8b8400d04b058446012333,2024-03,Hampshire Constabulary,Hampshire Constabulary,-0.968077,50.874162,On or near Stansted Crescent,E01022914,Havant 009B,Violence and sexual offences,Local resolution,
,2024-03,Hampshire Constabulary,Hampshire Constabulary,-0.968797,50.871183,On or near Holbury Court,E01022914,Havant 009B,Anti-social behaviour,,
,2024-03,Hampshire Constabulary,Hampshire Constabulary,-0.967932,50.872354,On or near Burghclere Road,E01022914,Havant 009B,Anti-social behaviour,,
2b881c9d45346c4bdcbc99b2cd11e22fe150957c6ea8f32f6fa8e538c8f15e9e,2024-03,Hampshire Constabulary,Hampshire Constabulary,-0.969705,50.873170,On or near Longstock Road,E01022914,Havant 009B,Criminal damage and arson,Unable to prosecute suspect,
89eedd5b1d016a9cb7534370748da660a8e3ed14cf913dabf14f8ab781f802ee,2024-03,Hampshire Constabulary,Hampshire Constabulary,-0.971015,50.871769,On or near Woodcot Crescent,E01022914,Havant 009B,Violence and sexual offences,Status update unavailable,
4c6374e37b3a7bc70eaf2f8ac28779b51c159ebb4d8499187b0d15baaa1deb74,2024-03,Hampshire Constabulary,Hampshire Constabulary,-0.964834,50.870447,On or near Woolmer Court,E01022915,Havant 009C,Criminal damage and arson,Local resolution,
e992a8dcbe75fb2def96d1266fa6d934211d73e52fdb3a3c6e364dce100b32cf,2024-03,Hampshire Constabulary,Hampshire Constabulary,-0.965840,50.869287,On or near Wherwell Court,E01022915,Havant 009C,Drugs,Awaiting court outcome,
5ce56beb1e3058ebccec1bd39555447c1225f8e37ef2f7f5ff36baff7713a000,2024-03,Hampshire Constabulary,Hampshire Constabulary,-0.966192,50.870099,On or near Meadend Close,E01022915,Havant 009C,Public order,Unable to prosecute suspect,
1db50c94983c063046801bfe4f0a92ed9a9a00e209673fdd10176b2e6419be07,2024-03,Hampshire Constabulary,Hampshire Constabulary,-0.966192,50.870099,On or near Meadend Close,E01022915,Havant 009C,Public order,Unable to prosecute suspect,
6dd87bbdf3806ce563d08489facf40c5daa6681ec131b2cec061731bba665d01,2024-03,Hampshire Constabulary,Hampshire Constabulary,-0.965840,50.869287,On or near Wherwell Court,E01022915,Havant 009C,Other crime,Formal action is not in the public interest,
,2024-03,Hampshire Constabulary,Hampshire Constabulary,-0.969207,50.868057,On or near Worthy Court,E01022915,Havant 009C,Anti-social behaviour,,
,2024-03,Hampshire Constabulary,Hampshire Constabulary,-0.967453,50.868950,On or near Bramshaw Court,E01022915,Havant 009C,Anti-social behaviour,,
d27877da2981d20b0672d2548627f8dd8f4170bc41e4e770ffc3e33066d62e5e,2024-03,Hampshire Constabulary,Hampshire Constabulary,-0.969207,50.868057,On or near Worthy Court,E01022915,Havant 009C,Burglary,Status update unavailable,
a48b3c2dfc10585cc3750d2846633860315f17ee2c1677b881c6f827b2f1e528,2024-03,Hampshire Constabulary,Hampshire Constabulary,-0.972070,50.863874,On or near Wilverley Avenue,E01022916,Havant 009D,Drugs,Local resolution,
310047528c03e9c2c8808fc64c0424ca47b453b2db92d123ae1ca5abe8f8e25d,2024-03,Hampshire Constabulary,Hampshire Constabulary,-0.975478,50.863985,On or near Muccleshell Close,E01022916,Havant 009D,Violence and sexual offences,Local resolution,
a714fdaec7e19889e09977f36740c03a5902179708df4e7dc03fbe517a8e468b,2024-03,Hampshire Constabulary,Hampshire Constabulary,-0.974173,50.865835,On or near Redwood Grove,E01022916,Havant 009D,Criminal damage and arson,Investigation complete; no suspect identified,
72d44aae600a73e9150c426e57e04b3082610c754cb2d29215a9c15e805dfc70,2024-03,Hampshire Constabulary,Hampshire Constabulary,-0.974173,50.865835,On or near Redwood Grove,E01022916,Havant 009D,Public order,Status update unavailable,
0d311577d2d697ed8596b522b9f5c3f23f02b5b07fed09f2b02dec37bc10c83c,2024-03,Hampshire Constabulary,Hampshire Constabulary,-0.972622,50.865929,On or near Monterey Drive,E01022916,Havant 009D,Public order,Status update unavailable,
37149c63bed5016a41eee57f541e8a94b666fc315bf67535417b6f7755bc508d,2024-03,Hampshire Constabulary,Hampshire Constabulary,-0.972622,50.865929,On or near Monterey Drive,E01022916,Havant 009D,Violence and sexual offences,Action to be taken by another organisation,
ebd9e0e8ff9d5ada74062acc3fa9cbe4767eb6e5d1ec22c9cdc5bce4304dad4a,2024-03,Hampshire Constabulary,Hampshire Constabulary,-0.974282,50.862671,On or near Supermarket,E01022916,Havant 009D,Violence and sexual offences,Unable to prosecute suspect,
a0e889e55dff6d84fd53ddc4da876b9907ae9c8c90bfcee7bae30aad6da73d4f,2024-03,Hampshire Constabulary,Hampshire Constabulary,-0.971819,50.872703,On or near Millbrook Drive,E01022917,Havant 009E,Other theft,Unable to prosecute suspect,
c5e69e6265384dd32e26b0df28d053d6bf6a7aa39ceb2797927e78c2d6fbb203,2024-03,Hampshire Constabulary,Hampshire Constabulary,-0.971819,50.872703,On or near Millbrook Drive,E01022917,Havant 009E,Other theft,Unable to prosecute suspect,
01a4e980df4153b5172f4114d2b4d72b88b5d38a1c3337c05b78b9bbe935c4a7,2024-03,Hampshire Constabulary,Hampshire Constabulary,-0.972753,50.869644,On or near Forestside Avenue,E01022917,Havant 009E,Violence and sexual offences,Local resolution,
07c1c0bd77d44986650985ae8bd776e12ff2e45d239681de60325f62b7700f1f,2024-03,Hampshire Constabulary,Hampshire Constabulary,-0.972753,50.869644,On or near Forestside Avenue,E01022917,Havant 009E,Violence and sexual offences,Action to be taken by another organisation,
a573d88cc3ecfbfad6d37f18e39b4f1de1317afbdefda3e19257be185f2107a1,2024-03,Hampshire Constabulary,Hampshire Constabulary,-0.972753,50.869644,On or near Forestside Avenue,E01022917,Havant 009E,Other crime,Further investigation is not in the public interest,
8cf9a567176ff488169b76f0ecbc47def7f714e4ed82f36fbebf7426c94027a0,2024-03,Hampshire Constabulary,Hampshire Constabulary,-0.972753,50.869644,On or near Forestside Avenue,E01022917,Havant 009E,Other crime,Unable to prosecute suspect,
,2024-03,Hampshire Constabulary,Hampshire Constabulary,-0.971695,50.869914,On or near Whitsbury Road,E01022917,Havant 009E,Anti-social behaviour,,
7672906357fbc03407c4bebcf73049de7e63748848f8c380f75ca413a2f80a1a,2024-03,Hampshire Constabulary,Hampshire Constabulary,-0.971727,50.869141,On or near Nursling Crescent,E01022917,Havant 009E,Criminal damage and arson,Investigation complete; no suspect identified,
ea8b3203799c192dd7f8495a4c24f7972c3ce22aab714eafabfe354d3193e4d8,2024-03,Hampshire Constabulary,Hampshire Constabulary,-0.971819,50.872703,On or near Millbrook Drive,E01022917,Havant 009E,Violence and sexual offences,Unable to prosecute suspect,
6e8cd0b05895896dcf3ae5ac1e1e22e783728e3e248ff137ac3a70caff098333,2024-03,Hampshire Constabulary,Hampshire Constabulary,-0.997336,50.867142,On or near Cheriton Close,E01022900,Havant 010A,Shoplifting,Court result unavailable,
0161ffcdce35f58f410bfed53ea12b51e584f121b93aedfac0afdbf925471cf4,2024-03,Hampshire Constabulary,Hampshire Constabulary,-1.000002,50.865109,On or near Supermarket,E01022900,Havant 010A,Shoplifting,Unable to prosecute suspect,
3d1e941cbb34c8fb76cbddc21a81684e96cf31d33e9a4bf23c4b9bb7e20deb03,2024-03,Hampshire Constabulary,Hampshire Constabulary,-0.997336,50.867142,On or near Cheriton Close,E01022900,Havant 010A,Violence and sexual offences,Unable to prosecute suspect,
5e3db51f99e8e8e52f27ec1dacf57fe798fb9daee32bc707159e0a3b32a2c74c,2024-03,Hampshire Constabulary,Hampshire Constabulary,-0.997913,50.868065,On or near Selborne Avenue,E01022900,Havant 010A,Violence and sexual offences,Unable to prosecute suspect,
268a3da52bf14fc6ee9d15097675458d1b4bebb2e05e1aeee389726abd27b4da,2024-03,Hampshire Constabulary,Hampshire Constabulary,-0.992573,50.860654,On or near Barncroft Way,E01022900,Havant 010A,Violence and sexual offences,Unable to prosecute suspect,
77cbb6ad4b792a4c6910e6d8457e0de744314e180e81f31dc8ad0fdcc2e0a874,2024-03,Hampshire Constabulary,Hampshire Constabulary,-1.000002,50.865109,On or near Supermarket,E01022900,Havant 010A,Violence and sexual offences,Unable to prosecute suspect,
0876458bbf97517fe7d4f8befb3c281d63a64c2cd062f6c5b1e9931f25442ee5,2024-03,Hampshire Constabulary,Hampshire Constabulary,-0.997336,50.867142,On or near Cheriton Close,E01022900,Havant 010A,Other crime,Unable to prosecute suspect,
,2024-03,Hampshire Constabulary,Hampshire Constabulary,-1.000002,50.865109,On or near Supermarket,E01022900,Havant 010A,Anti-social behaviour,,
,2024-03,Hampshire Constabulary,Hampshire Constabulary,-1.000002,50.865109,On or near Supermarket,E01022900,Havant 010A,Anti-social behaviour,,
c492700e82293281ab90adec057957cc468d5355bb50ebac7d92bbc2886e39c8,2024-03,Hampshire Constabulary,Hampshire Constabulary,-1.000002,50.865109,On or near Supermarket,E01022900,Havant 010A,Shoplifting,Investigation complete; no suspect identified,
6c0dfae63fa2d4f4bdeb3f50923b7466aa83d8886c1fa9826b5dc45011af0b15,2024-03,Hampshire Constabulary,Hampshire Constabulary,-1.000778,50.866300,On or near Bransgore Avenue,E01022900,Havant 010A,Violence and sexual offences,Unable to prosecute suspect,
7ad09cb9a32d24e77fd1e3826078d60774f92a5c8d83d162ee0d75fe11ca189f,2024-03,Hampshire Constabulary,Hampshire Constabulary,-0.998244,50.868535,On or near Overton Crescent,E01022900,Havant 010A,Violence and sexual offences,Status update unavailable,
9e11a1f2a4f78d9f796fc9283f55fb900e5385007d053e119103cda9dc49182a,2024-03,Hampshire Constabulary,Hampshire Constabulary,-1.000002,50.865109,On or near Supermarket,E01022900,Havant 010A,Violence and sexual offences,Unable to prosecute suspect,
568ac9122ddad46868a6e5c582a64e6ac6b14f5186c6eda70723218b9dc4e3b9,2024-03,Hampshire Constabulary,Hampshire Constabulary,-0.992573,50.860654,On or near Barncroft Way,E01022900,Havant 010A,Violence and sexual offences,Unable to prosecute suspect,
7d91ce59fae6af5d356f37d37c0b910b26dd37ede0e334c068e481363f77da25,2024-03,Hampshire Constabulary,Hampshire Constabulary,-0.993993,50.862671,On or near Priorsdean Crescent,E01022900,Havant 010A,Violence and sexual offences,Unable to prosecute suspect,
21a00a9bd9188ac742a2d04ae93b83fc6867cb28314e163610f52e491b04ab19,2024-03,Hampshire Constabulary,Hampshire Constabulary,-0.979823,50.860192,On or near Fair Oak Drive,E01022904,Havant 010B,Criminal damage and arson,Unable to prosecute suspect,
f06590fc8809d7922d3a43ebb5530ccce852330d49726f2b67fa97facf8a8a4d,2024-03,Hampshire Constabulary,Hampshire Constabulary,-0.986728,50.861547,On or near Steep Close,E01022904,Havant 010B,Criminal damage and arson,Awaiting court outcome,
964c9648e3bc57424a7b7718df9e94cb75b128b4a35ba543aef556590bcfc11b,2024-03,Hampshire Constabulary,Hampshire Constabulary,-0.983609,50.859901,On or near Buriton Close,E01022904,Havant 010B,Violence and sexual offences,Unable to prosecute suspect,
806afa10067e61bd117d6456f5072bd14e8eba84266d0a6c1ae1ec30a43a47e7,2024-03,Hampshire Constabulary,Hampshire Constabulary,-0.986728,50.861547,On or near Steep Close,E01022904,Havant 010B,Violence and sexual offences,Unable to prosecute suspect,
112bc6b4e69675bad8919879e8e87ef5b63514ab989e8fcf43a908faec234a2a,2024-03,Hampshire Constabulary,Hampshire Constabulary,-0.980092,50.862209,On or near Linden Way,E01022904,Havant 010B,Violence and sexual offences,Unable to prosecute suspect,
28d555ca0b66fce5e1f609b34ccc0ce7dd5a8bec8fa7c24b5e48bbb631a3fa5b,2024-03,Hampshire Constabulary,Hampshire Constabulary,-0.986728,50.861547,On or near Steep Close,E01022904,Havant 010B,Violence and sexual offences,Court result unavailable,
4e539817d8e912ab1aa57a84fd84fea64df3cb1278037d062fb40ac505c4fc7d,2024-03,Hampshire Constabulary,Hampshire Constabulary,-0.984956,50.860713,On or near Chilcombe Close,E01022904,Havant 010B,Criminal damage and arson,Investigation complete; no suspect identified,
a0ef64b8ce751b9e7ca9d397f80968c95fd89b530fe0c45c0630bcd592ecb666,2024-03,Hampshire Constabulary,Hampshire Constabulary,-0.979823,50.860192,On or near Fair Oak Drive,E01022904,Havant 010B,Violence and sexual offences,Unable to prosecute suspect,
5fb6535a089cc1cd8f1d7cf402c1e775e028bf0ed604db6a64e2719cc1732ea5,2024-03,Hampshire Constabulary,Hampshire Constabulary,-0.986728,50.861547,On or near Steep Close,E01022904,Havant 010B,Violence and sexual offences,Unable to prosecute suspect,
593b43b6713c713490f6b335dbd2b013db83169d614177381342af0906640415,2024-03,Hampshire Constabulary,Hampshire Constabulary,-0.986728,50.861547,On or near Steep Close,E01022904,Havant 010B,Violence and sexual offences,Status update unavailable,
9555821f2da2934a61961917c7486721a362ada289170bd9b4a3d018df4b142a,2024-03,Hampshire Constabulary,Hampshire Constabulary,-0.986728,50.861547,On or near Steep Close,E01022904,Havant 010B,Violence and sexual offences,Unable to prosecute suspect,
919464fea1acbd5f9366e80f29ab6bcb92dd48642fa41cb5fd7475326faf5a82,2024-03,Hampshire Constabulary,Hampshire Constabulary,-0.979823,50.860192,On or near Fair Oak Drive,E01022904,Havant 010B,Violence and sexual offences,Unable to prosecute suspect,
f89440478c087c91ca5bedc6c6b6e46542bc6a59e54c398136609d7db6ce191e,2024-03,Hampshire Constabulary,Hampshire Constabulary,-0.983609,50.859901,On or near Buriton Close,E01022904,Havant 010B,Violence and sexual offences,Unable to prosecute suspect,
2f37d097bc39c17a39691a4f2c8a11e890644ffdb37759f96e03d12f6446685b,2024-03,Hampshire Constabulary,Hampshire Constabulary,-0.989187,50.863475,On or near Cricketers Way,E01022904,Havant 010B,Violence and sexual offences,Unable to prosecute suspect,
ec6606a916baba59270967ecba24e25a5a1fc6fb1b6c72dd436412c70b62eb14,2024-03,Hampshire Constabulary,Hampshire Constabulary,-0.986298,50.863018,On or near Soberton Road,E01022905,Havant 010C,Criminal damage and arson,Investigation complete; no suspect identified,
65a751e2b6117e3fe73c15cb35214a77078cc910af1da9431582d46aea764484,2024-03,Hampshire Constabulary,Hampshire Constabulary,-0.984180,50.867262,On or near Shopping Area,E01022905,Havant 010C,Criminal damage and arson,Further action is not in the public interest,
6f61f782c360c8f3f4ec407f0487dfc2bf09dfbb66df1ab7e9f05da64498b68e,2024-03,Hampshire Constabulary,Hampshire Constabulary,-0.988403,50.866885,On or near Ellisfield Road,E01022905,Havant 010C,Other theft,Investigation complete; no suspect identified,
35cb08929c3868da66aea57b384237b21a731946f58c0ade065f55fcd0271828,2024-03,Hampshire Constabulary,Hampshire Constabulary,-0.986298,50.863018,On or near Soberton Road,E01022905,Havant 010C,Robbery,Unable to prosecute suspect,
4d106d0a72399347a2cc847b7070d11452b365d40139a35b21e390ef277c3dbb,2024-03,Hampshire Constabulary,Hampshire Constabulary,-0.984180,50.867262,On or near Shopping Area,E01022905,Havant 010C,Shoplifting,Unable to prosecute suspect,
e16a31cda9b38be3ade4eb9dc1dbca1959cfbf85bebfc91fede9ad375f808261,2024-03,Hampshire Constabulary,Hampshire Constabulary,-0.985484,50.867139,On or near Basing Road,E01022905,Havant 010C,Shoplifting,Unable to prosecute suspect,
1ea6b7c8334cc529f41969cf025f0ffade9b2cfa49576210e5a54ab3ae5b4aa6,2024-03,Hampshire Constabulary,Hampshire Constabulary,-0.985757,50.866368,On or near Park Parade,E01022905,Havant 010C,Violence and sexual offences,Unable to prosecute suspect,
58796184200ad3c844ef061e37a8ecac555a2a5942ea88d4928ccb2f21527695,2024-03,Hampshire Constabulary,Hampshire Constabulary,-0.983395,50.865835,On or near Stockheath Road,E01022905,Havant 010C,Violence and sexual offences,Unable to prosecute suspect,
863716888ee83cb26c76cbff5fe09955017f4c87086f05e7b58f014aa27554bd,2024-03,Hampshire Constabulary,Hampshire Constabulary,-0.984180,50.867262,On or near Shopping Area,E01022905,Havant 010C,Violence and sexual offences,Unable to prosecute suspect,
6f56c44c4daac3972d3b6eee58742f8156cc23f0e55ff0b4222cace705b3deb0,2024-03,Hampshire Constabulary,Hampshire Constabulary,-0.984180,50.867262,On or near Shopping Area,E01022905,Havant 010C,Violence and sexual offences,Unable to prosecute suspect,
1b3ddb3b1e9cca090be8c768ff421f1db51c9d46b1ffe6befb4c39d312ca00a4,2024-03,Hampshire Constabulary,Hampshire Constabulary,-0.986299,50.867569,On or near Bishopstoke Road,E01022905,Havant 010C,Violence and sexual offences,Court result unavailable,
b3fbeeb6dcce22ddd022653cb891d91f92bbbaf7fced4bd98b230de36c81b8d6,2024-03,Hampshire Constabulary,Hampshire Constabulary,-0.985484,50.867139,On or near Basing Road,E01022905,Havant 010C,Violence and sexual offences,Unable to prosecute suspect,
015c326593cce34a7c35430201d4e822f7f986485e5d596f9459276664066139,2024-03,Hampshire Constabulary,Hampshire Constabulary,-0.983395,50.865835,On or near Stockheath Road,E01022905,Havant 010C,Violence and sexual offences,Unable to prosecute suspect,
771b37644c0da2c76411e58cf4095731839e21075d1bb7a8771e3c640ea09d7c,2024-03,Hampshire Constabulary,Hampshire Constabulary,-0.986298,50.863018,On or near Soberton Road,E01022905,Havant 010C,Violence and sexual offences,Unable to prosecute suspect,
480a34a13a50d45402b9a5d145fda1478b42186e3bbf7c6f975c679b55a9c8af,2024-03,Hampshire Constabulary,Hampshire Constabulary,-0.986298,50.863018,On or near Soberton Road,E01022905,Havant 010C,Violence and sexual offences,Awaiting court outcome,
c42e2a2b4fe43387569e81d8de51be8aa85f4a7f5d3a3debf7fb38852b5ee32b,2024-03,Hampshire Constabulary,Hampshire Constabulary,-0.983323,50.863280,On or near Colemore Square,E01022905,Havant 010C,Violence and sexual offences,Unable to prosecute suspect,
,2024-03,Hampshire Constabulary,Hampshire Constabulary,-0.985757,50.866368,On or near Park Parade,E01022905,Havant 010C,Anti-social behaviour,,
,2024-03,Hampshire Constabulary,Hampshire Constabulary,-0.985757,50.866368,On or near Park Parade,E01022905,Havant 010C,Anti-social behaviour,,
,2024-03,Hampshire Constabulary,Hampshire Constabulary,-0.985757,50.866368,On or near Park Parade,E01022905,Havant 010C,Anti-social behaviour,,
,2024-03,Hampshire Constabulary,Hampshire Constabulary,-0.983928,50.866154,On or near Tidworth Road,E01022905,Havant 010C,Anti-social behaviour,,
,2024-03,Hampshire Constabulary,Hampshire Constabulary,-0.985757,50.866368,On or near Park Parade,E01022905,Havant 010C,Anti-social behaviour,,
,2024-03,Hampshire Constabulary,Hampshire Constabulary,-0.985757,50.866368,On or near Park Parade,E01022905,Havant 010C,Anti-social behaviour,,
,2024-03,Hampshire Constabulary,Hampshire Constabulary,-0.983595,50.867077,On or near Bordon Road,E01022905,Havant 010C,Anti-social behaviour,,
d4e4934d292f23a106b022fa901775e51cc34cfcd2797c8caa03e76b11a0f1d6,2024-03,Hampshire Constabulary,Hampshire Constabulary,-0.986298,50.863018,On or near Soberton Road,E01022905,Havant 010C,Criminal damage and arson,Unable to prosecute suspect,
97e7901ac61e1e341e9a5b08d157b53de8d3ad84e16c69631d00dea2c2d4e012,2024-03,Hampshire Constabulary,Hampshire Constabulary,-0.985757,50.866368,On or near Park Parade,E01022905,Havant 010C,Criminal damage and arson,Investigation complete; no suspect identified,
bd381b3387f65ead5ff4a42021866a0228c80ed8836ce739f4e96c8b952a783a,2024-03,Hampshire Constabulary,Hampshire Constabulary,-0.983595,50.867077,On or near Bordon Road,E01022905,Havant 010C,Other theft,Status update unavailable,
056fc9c952f091cc50269c5a108cd844fe66b9bc92707cb0a38405d2960a5ffa,2024-03,Hampshire Constabulary,Hampshire Constabulary,-0.986298,50.863018,On or near Soberton Road,E01022905,Havant 010C,Public order,Investigation complete; no suspect identified,
c03c1d23ebfbfb8452902cdc90a46c6dcacfa5a75aa265b34bd6f48015862e7f,2024-03,Hampshire Constabulary,Hampshire Constabulary,-0.984180,50.867262,On or near Shopping Area,E01022905,Havant 010C,Shoplifting,Investigation complete; no suspect identified,
953603d26d1a592d36ad5fcc2b02d6d47419e525e99dd5267d7baa54232d47cf,2024-03,Hampshire Constabulary,Hampshire Constabulary,-0.985757,50.866368,On or near Park Parade,E01022905,Havant 010C,Violence and sexual offences,Status update unavailable,
cce94f69bda6deabcd933e377a3790ef708dbc0613f59d079ba9ca1322f19ecd,2024-03,Hampshire Constabulary,Hampshire Constabulary,-0.986298,50.863018,On or near Soberton Road,E01022905,Havant 010C,Violence and sexual offences,Unable to prosecute suspect,
4ecb2400b27793d8c60221f22d446955b62084865dd71545ed355ad844858384,2024-03,Hampshire Constabulary,Hampshire Constabulary,-0.984180,50.867262,On or near Shopping Area,E01022905,Havant 010C,Violence and sexual offences,Unable to prosecute suspect,
3373826182d72207018c921d3051b6f70d7ff9b185c0411adfd314db996d401f,2024-03,Hampshire Constabulary,Hampshire Constabulary,-0.987487,50.866527,On or near Blackdown Crescent,E01022905,Havant 010C,Violence and sexual offences,Unable to prosecute suspect,
c7e40ffc8838a58b5fea0a2ae00245f5baac514428ad29556ce1ab8b03d92b8c,2024-03,Hampshire Constabulary,Hampshire Constabulary,-0.985484,50.867139,On or near Basing Road,E01022905,Havant 010C,Violence and sexual offences,Unable to prosecute suspect,
b8a59b07cb56e4021d4a0ad44600a2b3dd60abc44c3205a2043aa9301b6b2638,2024-03,Hampshire Constabulary,Hampshire Constabulary,-0.986298,50.863018,On or near Soberton Road,E01022905,Havant 010C,Violence and sexual offences,Unable to prosecute suspect,
73b171bbe18abc2a3b24b9d8e7fe36cefd47c628c8a73b30c01ab834b46c393f,2024-03,Hampshire Constabulary,Hampshire Constabulary,-0.986298,50.863018,On or near Soberton Road,E01022905,Havant 010C,Violence and sexual offences,Status update unavailable,
2bb714e5180b10ff8836c5a9ac49259328f626468a7dfa503bd64fc6bd67566b,2024-03,Hampshire Constabulary,Hampshire Constabulary,-0.989785,50.857500,On or near Trosnant Road,E01022908,Havant 010D,Public order,Investigation complete; no suspect identified,
681668dd4ca829e74ab387be1d786fb22e7772f5138861ce4a934b046725c094,2024-03,Hampshire Constabulary,Hampshire Constabulary,-0.993724,50.858649,On or near Woodgreen Avenue,E01022908,Havant 010D,Violence and sexual offences,Status update unavailable,
e47697aa5b80f586e105697dd6d7a63a697c9ae2224d54c6feba85cbcacbdbcf,2024-03,Hampshire Constabulary,Hampshire Constabulary,-0.997225,50.861683,On or near Redbridge Grove,E01022908,Havant 010D,Violence and sexual offences,Unable to prosecute suspect,
a796ab1c2e6bba7bafc40400cd39aaa6b0d04310169e264e940adb94fd3e03c4,2024-03,Hampshire Constabulary,Hampshire Constabulary,-0.992062,50.858662,On or near Timsbury Crescent,E01022908,Havant 010D,Violence and sexual offences,Unable to prosecute suspect,
d9186c41285639b03c24cfa7a908b55941113dac247744325725eeaf72dcde7b,2024-03,Hampshire Constabulary,Hampshire Constabulary,-0.992131,50.866648,On or near Highclere Avenue,E01022970,Havant 010E,Burglary,Unable to prosecute suspect,
0b65369c16d09c220dd2457a60a3a239f9f130bfe2b43aad9630bddb76261d35,2024-03,Hampshire Constabulary,Hampshire Constabulary,-0.992131,50.866648,On or near Highclere Avenue,E01022970,Havant 010E,Drugs,Local resolution,
a1f62881fc75a47dee84b75c06261e3478cddd1f11c0c5d362d19581d7b994aa,2024-03,Hampshire Constabulary,Hampshire Constabulary,-0.990906,50.864137,On or near Ditcham Crescent,E01022970,Havant 010E,Other theft,Local resolution,
811bcbe9f6d5d89ef73aec03a8d7b3d047c0fdc60888a77697ed713ac0c0111e,2024-03,Hampshire Constabulary,Hampshire Constabulary,-0.992131,50.866648,On or near Highclere Avenue,E01022970,Havant 010E,Violence and sexual offences,Unable to prosecute suspect,
a82d18fd64bf86b8e014df434baf247c7c6b2a69b66008754516f283f6f41173,2024-03,Hampshire Constabulary,Hampshire Constabulary,-0.988170,50.871083,On or near Billys Copse,E01022970,Havant 010E,Violence and sexual offences,Court result unavailable,
4095109cbc01747e9ce29f51e1821cb22ff9ea567d8b20fcb4ee775e82c935b5,2024-03,Hampshire Constabulary,Hampshire Constabulary,-0.987619,50.870287,On or near Little Hackets,E01022970,Havant 010E,Violence and sexual offences,Unable to prosecute suspect,
4766db309c0be60f2d605e07a8a4de8b58d11937940f64270d1d49d00956b020,2024-03,Hampshire Constabulary,Hampshire Constabulary,-0.990675,50.863668,On or near Hermitage Close,E01022970,Havant 010E,Violence and sexual offences,Unable to prosecute suspect,
85de471e1677f0cd6a718a53a97b1a0d24141d570bd7d84759a2543ab2e5116d,2024-03,Hampshire Constabulary,Hampshire Constabulary,-0.993383,50.865274,On or near Anmore Close,E01022970,Havant 010E,Violence and sexual offences,Local resolution,
75911681647bfd88e144079eec8fd296bf2fa8dbb5835aaba7707ccd063c5b3c,2024-03,Hampshire Constabulary,Hampshire Constabulary,-0.987619,50.870287,On or near Little Hackets,E01022970,Havant 010E,Violence and sexual offences,Unable to prosecute suspect,
,2024-03,Hampshire Constabulary,Hampshire Constabulary,-0.992733,50.867085,On or near Iping Avenue,E01022970,Havant 010E,Anti-social behaviour,,
,2024-03,Hampshire Constabulary,Hampshire Constabulary,-0.993383,50.865274,On or near Anmore Close,E01022970,Havant 010E,Anti-social behaviour,,
0f286cfb30354868961f80072dd30131cce239ddc1d7fe051eef9d2e461f15a0,2024-03,Hampshire Constabulary,Hampshire Constabulary,-0.993383,50.865274,On or near Anmore Close,E01022970,Havant 010E,Violence and sexual offences,Unable to prosecute suspect,
9a520874385b16531107e5dc4a872d05476f75905cc523a7e2ae7a263c31a44b,2024-03,Hampshire Constabulary,Hampshire Constabulary,-0.987619,50.870287,On or near Little Hackets,E01022970,Havant 010E,Violence and sexual offences,Status update unavailable,
0f21bab4f8b96ceea7cae18beada6c8f7b93a3b0c38a74d03b4c7a9488f99d99,2024-03,Hampshire Constabulary,Hampshire Constabulary,-1.047109,50.860509,On or near Blossom Drive,E01022947,Havant 011A,Violence and sexual offences,Unable to prosecute suspect,
fd633ef0fcf5563958f9e1e5abaa6870ccae99080a37ba982f8bbf01aca1d438,2024-03,Hampshire Constabulary,Hampshire Constabulary,-1.046663,50.865631,On or near Purbrook Heath Road,E01022947,Havant 011A,Public order,Investigation complete; no suspect identified,
5b7ab82b253f0b519420629e19a111e90e3cfbf3b33a3314660456a31a2fff2e,2024-03,Hampshire Constabulary,Hampshire Constabulary,-1.042006,50.868201,On or near Crofton Close,E01022948,Havant 011B,Violence and sexual offences,Unable to prosecute suspect,
3bc3487b6375b9389f536f13a024832596e0efd74407616ddfc69dbb94212cf8,2024-03,Hampshire Constabulary,Hampshire Constabulary,-1.043782,50.868242,On or near Post Office Road,E01022948,Havant 011B,Violence and sexual offences,Unable to prosecute suspect,
98a0e92232bf534c850cf54bb69e939799de9a6ba9aa3f760ba09909dd117c6c,2024-03,Hampshire Constabulary,Hampshire Constabulary,-1.044450,50.863392,On or near Park Road,E01022948,Havant 011B,Public order,Investigation complete; no suspect identified,
6a25674dc813f6dc90a6c1757479d800c37a1e9c660c78836a357b0edb65b5bc,2024-03,Hampshire Constabulary,Hampshire Constabulary,-1.044489,50.868565,On or near Supermarket,E01022948,Havant 011B,Shoplifting,Court result unavailable,
3272d179370c07f91068d244d92df9ecd4a9b169fd8cce3cbf0f9c15d140d6cb,2024-03,Hampshire Constabulary,Hampshire Constabulary,-1.039458,50.866354,On or near Park Farm Road,E01022948,Havant 011B,Violence and sexual offences,Status update unavailable,
6de5cfad9a0e5fec6ad39daa3c62051006f031068969c81d5a24d7357b4b7b1e,2024-03,Hampshire Constabulary,Hampshire Constabulary,-1.043782,50.868242,On or near Post Office Road,E01022948,Havant 011B,Violence and sexual offences,Investigation complete; no suspect identified,
7327b2b56c2fa32276c064eebce6486a83e72beeea05f471e94a0820bd0ec381,2024-03,Hampshire Constabulary,Hampshire Constabulary,-1.039458,50.866354,On or near Park Farm Road,E01022948,Havant 011B,Violence and sexual offences,Unable to prosecute suspect,
c25c0219fc6d9c8628b972d2b25b5f2fb9b71e6f720213f9436de173638c6b96,2024-03,Hampshire Constabulary,Hampshire Constabulary,-1.039458,50.866354,On or near Park Farm Road,E01022948,Havant 011B,Violence and sexual offences,Unable to prosecute suspect,
b9f7d1fc3d8e301ae373081d9a4c12c98fc20f46100b2e67b5084e4a4f310155,2024-03,Hampshire Constabulary,Hampshire Constabulary,-1.043741,50.869528,On or near Campbell Crescent,E01022948,Havant 011B,Violence and sexual offences,Unable to prosecute suspect,
78d196fccae5886f0adb0e86c913ee30a233818aeb62d88b8655c00d05ca20dd,2024-03,Hampshire Constabulary,Hampshire Constabulary,-1.028429,50.859591,On or near Perseus Place,E01022949,Havant 011C,Criminal damage and arson,Unable to prosecute suspect,
a191d14da912b59a4f8f746b4c90b48c835fc9cf3fa43396c1ccc0b7f0133a39,2024-03,Hampshire Constabulary,Hampshire Constabulary,-1.028429,50.859591,On or near Perseus Place,E01022949,Havant 011C,Other theft,Action to be taken by another organisation,
2dcf9c77c9f751f3998d58939bf41b113f563b7b5e865f0fbb562a7db786698c,2024-03,Hampshire Constabulary,Hampshire Constabulary,-1.028429,50.859591,On or near Perseus Place,E01022949,Havant 011C,Public order,Unable to prosecute suspect,
bc85a7b1de0ff161aeedaad4a6c4cf5321e64c289c2835d46616278f1014515d,2024-03,Hampshire Constabulary,Hampshire Constabulary,-1.023966,50.861055,On or near Apollo Drive,E01022949,Havant 011C,Violence and sexual offences,Unable to prosecute suspect,
f262393bfe92f27508fa166f639a779288392e7a2137584bfcccda39f7a4c0a7,2024-03,Hampshire Constabulary,Hampshire Constabulary,-1.029073,50.857995,On or near Oracle Drive,E01022949,Havant 011C,Violence and sexual offences,Unable to prosecute suspect,
653781675bf5d4d42ebe5295ef143e539e11d7dd28218ec1b7bbcc1d68163839,2024-03,Hampshire Constabulary,Hampshire Constabulary,-1.028086,50.861054,On or near Trojan Way,E01022949,Havant 011C,Violence and sexual offences,Unable to prosecute suspect,
,2024-03,Hampshire Constabulary,Hampshire Constabulary,-1.025428,50.859727,On or near Athena Avenue,E01022949,Havant 011C,Anti-social behaviour,,
f1b975c6f6e33918f7830b96a098467054cb447de005316290a4be921d0a0194,2024-03,Hampshire Constabulary,Hampshire Constabulary,-1.029073,50.857995,On or near Oracle Drive,E01022949,Havant 011C,Other theft,Investigation complete; no suspect identified,
e25a735f60c51914dd90823986e0310543c09f7746c17bc79062688df3345d87,2024-03,Hampshire Constabulary,Hampshire Constabulary,-1.028429,50.859591,On or near Perseus Place,E01022949,Havant 011C,Violence and sexual offences,Status update unavailable,
ba394921c3c4ae29985228c8a8c2f9b4b1b785c713d719972dbaf4ff76d2064a,2024-03,Hampshire Constabulary,Hampshire Constabulary,-1.029073,50.857995,On or near Oracle Drive,E01022949,Havant 011C,Violence and sexual offences,Investigation complete; no suspect identified,
b65230fd32a266170293ed618675f28f85087a4a13e51de8dc9288f388ccc00d,2024-03,Hampshire Constabulary,Hampshire Constabulary,-1.030462,50.857476,On or near Minerva Close,E01022949,Havant 011C,Violence and sexual offences,Unable to prosecute suspect,
6d89789cadfe9714e75ef91bc6c473ed5534fed0e486d0298d7c23da95f7970a,2024-03,Hampshire Constabulary,Hampshire Constabulary,-1.023966,50.861055,On or near Apollo Drive,E01022949,Havant 011C,Other crime,Unable to prosecute suspect,
23134750ccf8eea4dfdd8612e2122136fabd9af7ac3ca9b77559895931c9b30b,2024-03,Hampshire Constabulary,Hampshire Constabulary,-1.035141,50.863468,On or near Timberlane,E01022950,Havant 011D,Theft from the person,Investigation complete; no suspect identified,
938a07e09f58d292dd07ff27e28f5374bc59df61c0e17335657cdc1fb7979ee7,2024-03,Hampshire Constabulary,Hampshire Constabulary,-1.038821,50.864847,On or near Alameda Way,E01022950,Havant 011D,Violence and sexual offences,Unable to prosecute suspect,
d093454fbf903006b8df4b410cd18dc4d6c1dafd1258e8b7ff6754a8ef7b9073,2024-03,Hampshire Constabulary,Hampshire Constabulary,-1.039692,50.863964,On or near Alameda Road,E01022950,Havant 011D,Criminal damage and arson,Investigation complete; no suspect identified,
4dbea06eaeecc68007fce419d1a99f4ea91efd54802fee4b38cc178c6372b8e3,2024-03,Hampshire Constabulary,Hampshire Constabulary,-1.037019,50.863340,On or near Fir Copse Road,E01022950,Havant 011D,Possession of weapons,Investigation complete; no suspect identified,
e287792d5037d7a836c454dcbc66cfafb4220e243341cf20e8535ca064e4a902,2024-03,Hampshire Constabulary,Hampshire Constabulary,-1.027234,50.865831,On or near Sydney Way,E01022950,Havant 011D,Violence and sexual offences,Unable to prosecute suspect,
b2fa4e2722183c82d190e4db070f55d28754acf61efd94cc2279d2e66e769c91,2024-03,Hampshire Constabulary,Hampshire Constabulary,-1.039766,50.856915,On or near Underdown Avenue,E01022951,Havant 011E,Public order,Unable to prosecute suspect,
cda5fa5bfcfa1dc1287c07ea49dc277e96c300d313a828725c2988559822642e,2024-03,Hampshire Constabulary,Hampshire Constabulary,-1.045807,50.859518,On or near Bushy Mead,E01022951,Havant 011E,Violence and sexual offences,Unable to prosecute suspect,
5aab91fa79fd8f31a42738bf7aa3fecea53e59722ff984fb5c26ac997c92aeb3,2024-03,Hampshire Constabulary,Hampshire Constabulary,-1.037139,50.860967,On or near Privett Road,E01022951,Havant 011E,Violence and sexual offences,Court result unavailable,
a19546cb4e413cefd31f13004a62eabd40fcf0e6027ae642f18f95e5ec4ae8ef,2024-03,Hampshire Constabulary,Hampshire Constabulary,-1.038293,50.862208,On or near Frances Road,E01022951,Havant 011E,Burglary,Investigation complete; no suspect identified,
bc72eb53608336aa2327328701ac0ccf6302a1f8c99e1b4036f5c9553588e831,2024-03,Hampshire Constabulary,Hampshire Constabulary,-1.041691,50.861409,On or near Park Avenue,E01022951,Havant 011E,Violence and sexual offences,Unable to prosecute suspect,
cbc28748f798523c6c3799b384b5748d8a7b9dae6e12fb898ae1fa424d01d645,2024-03,Hampshire Constabulary,Hampshire Constabulary,-1.024719,50.861727,On or near Tor Close,E01022952,Havant 011F,Burglary,Investigation complete; no suspect identified,
15dc2f3dde68b21de0f259127f4c52a66992223cb87e61363101b19313531f1c,2024-03,Hampshire Constabulary,Hampshire Constabulary,-1.024719,50.861727,On or near Tor Close,E01022952,Havant 011F,Criminal damage and arson,Unable to prosecute suspect,
28b83ab835fc347bd98d1eb7907b2d1b340fda0c42e68e0ba557d45f5c4e2412,2024-03,Hampshire Constabulary,Hampshire Constabulary,-1.029625,50.860243,On or near Supermarket,E01022952,Havant 011F,Public order,Court result unavailable,
1b8ba0e7fcef835ebcb379086948e79d2bddea1295ae12b4cf2041b6a951cc4b,2024-03,Hampshire Constabulary,Hampshire Constabulary,-1.029625,50.860243,On or near Supermarket,E01022952,Havant 011F,Shoplifting,Court result unavailable,
c4c21457649781123970d26d1de12f2258ad790b302a3f156328d84d1df19bee,2024-03,Hampshire Constabulary,Hampshire Constabulary,-1.023762,50.862636,On or near Sports/Recreation Area,E01022952,Havant 011F,Violence and sexual offences,Unable to prosecute suspect,
dd7cdfd3a1b706e6b97bb43b4421699c75ab34040433def46dadd7b0cc63f636,2024-03,Hampshire Constabulary,Hampshire Constabulary,-1.032258,50.859955,On or near The Boltons,E01022952,Havant 011F,Violence and sexual offences,Investigation complete; no suspect identified,
c4e2143970d600adf5e08be25258a7c10e5b47894659bc7471a764fdb772ae50,2024-03,Hampshire Constabulary,Hampshire Constabulary,-1.027113,50.862053,On or near Zeus Lane,E01022952,Havant 011F,Violence and sexual offences,Unable to prosecute suspect,
95b6e39bc0196ac9004cee1edba1144d494864ff87140837810a7513817da0b9,2024-03,Hampshire Constabulary,Hampshire Constabulary,-1.023000,50.861695,On or near Lind Close,E01022952,Havant 011F,Violence and sexual offences,Unable to prosecute suspect,
5648dcb737d1b0c1e3f86e95580c9e1e39cde749b7ac65620e48330562853391,2024-03,Hampshire Constabulary,Hampshire Constabulary,-1.023000,50.861695,On or near Lind Close,E01022952,Havant 011F,Violence and sexual offences,Investigation complete; no suspect identified,
302a583259b22fe2156b36fa09e3e858a07755e0b3277ecf6d0c28fb37917c99,2024-03,Hampshire Constabulary,Hampshire Constabulary,-1.023000,50.861695,On or near Lind Close,E01022952,Havant 011F,Violence and sexual offences,Unable to prosecute suspect,
,2024-03,Hampshire Constabulary,Hampshire Constabulary,-1.029625,50.860243,On or near Supermarket,E01022952,Havant 011F,Anti-social behaviour,,
06a4763b0302b3effe35038925e9c0f91471cf76b3331029f45448f2af66edb6,2024-03,Hampshire Constabulary,Hampshire Constabulary,-1.027113,50.862053,On or near Zeus Lane,E01022952,Havant 011F,Other theft,Unable to prosecute suspect,
ddb54d018d3708db6342bacf16f3cdc929acb851f154422d0eb910103aa360f7,2024-03,Hampshire Constabulary,Hampshire Constabulary,-1.024719,50.861727,On or near Tor Close,E01022952,Havant 011F,Public order,Status update unavailable,
b0dd7deff504c777ac1fb0d818ef03564e05088bf8d23dd5b30016548fbde844,2024-03,Hampshire Constabulary,Hampshire Constabulary,-1.024719,50.861727,On or near Tor Close,E01022952,Havant 011F,Public order,Investigation complete; no suspect identified,
37e6531b8f80cc083d17c16730026b0a6d4272a533e3314dc8f68e7bf87f75e8,2024-03,Hampshire Constabulary,Hampshire Constabulary,-1.027190,50.863132,On or near Midas Close,E01022952,Havant 011F,Public order,Investigation complete; no suspect identified,
e006b31df08e54fc37e2dfe3da4127d6aadfab946db38bdcb2d6ec63fff2ff27,2024-03,Hampshire Constabulary,Hampshire Constabulary,-1.029625,50.860243,On or near Supermarket,E01022952,Havant 011F,Shoplifting,Court result unavailable,
cab499d1a430071e026c37f8f06cce1541c986732801fb63cba98c692230c2b6,2024-03,Hampshire Constabulary,Hampshire Constabulary,-1.029625,50.860243,On or near Supermarket,E01022952,Havant 011F,Violence and sexual offences,Unable to prosecute suspect,
bd0dbfd14c85c87a35f07375a77e64b30e9e7395f4ed188a94100fa53d61e259,2024-03,Hampshire Constabulary,Hampshire Constabulary,-1.029625,50.860243,On or near Supermarket,E01022952,Havant 011F,Violence and sexual offences,Unable to prosecute suspect,
6d44ef7c00443c94dca9176de24c934eb1b3e05bee4bd7075f3e8810cc239efd,2024-03,Hampshire Constabulary,Hampshire Constabulary,-1.024719,50.861727,On or near Tor Close,E01022952,Havant 011F,Violence and sexual offences,Investigation complete; no suspect identified,
7475cc916dd0f9d9ce5f0f0ebccdeea2c47ed271b8eb6202d2a68fba0bc47e46,2024-03,Hampshire Constabulary,Hampshire Constabulary,-0.935944,50.856590,On or near Silvertrees,E01022924,Havant 013A,Violence and sexual offences,Unable to prosecute suspect,
acb7fbb0e82dd1f59c11fd34ebac59a446009acb357663959dad88dadc642f67,2024-03,Hampshire Constabulary,Hampshire Constabulary,-0.931203,50.860117,On or near Westbourne Road,E01022924,Havant 013A,Violence and sexual offences,Unable to prosecute suspect,
e968ae894af3f8034897720d710bba62f8cfd973326a81ef74e10b03df6eb564,2024-03,Hampshire Constabulary,Hampshire Constabulary,-0.931203,50.860117,On or near Westbourne Road,E01022924,Havant 013A,Violence and sexual offences,Unable to prosecute suspect,
d27c4497af5ab2ac57f43872edbc07aaf05c761582846058b0f68d4d0477354a,2024-03,Hampshire Constabulary,Hampshire Constabulary,-0.935312,50.853751,On or near Westbourne Close,E01022924,Havant 013A,Criminal damage and arson,Investigation complete; no suspect identified,
bdf773efee3355b5b33e6a465eaca0e44d258df489d526f9a20c513d82e698b2,2024-03,Hampshire Constabulary,Hampshire Constabulary,-0.933978,50.859962,On or near Ward Crescent,E01022924,Havant 013A,Other theft,Investigation complete; no suspect identified,
5ff3f647c77c68fce158721a0c0327008d5d5e6ab0f89de0a05f266777b2ec6f,2024-03,Hampshire Constabulary,Hampshire Constabulary,-0.934328,50.862672,On or near Glen Place,E01022925,Havant 013B,Violence and sexual offences,Investigation complete; no suspect identified,
bd9523d11c427ebfaaed1e4f3fd2c62e7c24032ff2c7c30fa696fa1253ad67a6,2024-03,Hampshire Constabulary,Hampshire Constabulary,-0.934328,50.862672,On or near Glen Place,E01022925,Havant 013B,Violence and sexual offences,Offender given a caution,
d9631d2db7df489e6cf79ee0310cc1a0d78f2e2f785cfa3a5a7f837fe649b23f,2024-03,Hampshire Constabulary,Hampshire Constabulary,-0.945897,50.863191,On or near Lutman Street,E01022925,Havant 013B,Violence and sexual offences,Investigation complete; no suspect identified,
fedb07c534513d1d9455b7f763dc8faf6d3d06c9046033a20ae59af164d05d7d,2024-03,Hampshire Constabulary,Hampshire Constabulary,-0.933983,50.864090,On or near Roedeer Close,E01022925,Havant 013B,Violence and sexual offences,Unable to prosecute suspect,
3a1456a3f772b6de8672779654f21786d9e814c0e24893d2988a0eb7246423a6,2024-03,Hampshire Constabulary,Hampshire Constabulary,-0.934569,50.863933,On or near Dunlin Close,E01022925,Havant 013B,Violence and sexual offences,Unable to prosecute suspect,
ae25c329ccc04bcaf00eb188cee7b425b14e73ef0fd69d51b44af0b512fa39b6,2024-03,Hampshire Constabulary,Hampshire Constabulary,-0.933983,50.864090,On or near Roedeer Close,E01022925,Havant 013B,Violence and sexual offences,Unable to prosecute suspect,
1e70ed4983b4779bc351653532f50e54b9adca507733be3f469a4255ff9fc7f9,2024-03,Hampshire Constabulary,Hampshire Constabulary,-0.935083,50.864469,On or near Cranesbill Court,E01022925,Havant 013B,Burglary,Investigation complete; no suspect identified,
b56bd47b4589a9dc5af2af9115acfefafc950c1625b4971d9122d94a3d78eae9,2024-03,Hampshire Constabulary,Hampshire Constabulary,-0.933264,50.862609,On or near Spire View,E01022925,Havant 013B,Public order,Investigation complete; no suspect identified,
6df84cc9e7322e84a65f096b9917ea6d6bf80ea10060449c01e62f7a0f75e0fc,2024-03,Hampshire Constabulary,Hampshire Constabulary,-0.934328,50.862672,On or near Glen Place,E01022925,Havant 013B,Violence and sexual offences,Unable to prosecute suspect,
9a5ed4bc4592d1e0d95373995000d6ca2c263a733d4701123c53fcfc36fc5696,2024-03,Hampshire Constabulary,Hampshire Constabulary,-0.934328,50.862672,On or near Glen Place,E01022925,Havant 013B,Violence and sexual offences,Unable to prosecute suspect,
1d2b36692b40fc9838680fe3d8df9542c4cc0e7a9b9a7e543321340d0e8e740a,2024-03,Hampshire Constabulary,Hampshire Constabulary,-0.934328,50.862672,On or near Glen Place,E01022925,Havant 013B,Violence and sexual offences,Unable to prosecute suspect,
ceaf8f7742ccc2aec68b5eecdfacff4dbfa4d0916438539282c5561af67ff3dc,2024-03,Hampshire Constabulary,Hampshire Constabulary,-0.944892,50.853560,On or near Emsworth East Services,E01022926,Havant 013C,Violence and sexual offences,Unable to prosecute suspect,
d01fdbf3b431313c89e5abec38d4d2dd71cc4508ed2a913de6e69e404c1cb211,2024-03,Hampshire Constabulary,Hampshire Constabulary,-0.944524,50.857279,On or near Shipwrights Close,E01022926,Havant 013C,Violence and sexual offences,Unable to prosecute suspect,
,2024-03,Hampshire Constabulary,Hampshire Constabulary,-0.941729,50.860896,On or near Southleigh Road,E01022926,Havant 013C,Anti-social behaviour,,
999bfb0fca58704979d665ea943b5868a82d0763b263cd2fb034c02c3da8b363,2024-03,Hampshire Constabulary,Hampshire Constabulary,-0.944220,50.853356,On or near Petrol Station,E01022926,Havant 013C,Other theft,Investigation complete; no suspect identified,
c1b379cfd1efbec05fde351f3cc8f9b33fc8af4bd3f0ff35ecb0d9e6370239d4,2024-03,Hampshire Constabulary,Hampshire Constabulary,-0.944220,50.853356,On or near Petrol Station,E01022926,Havant 013C,Other theft,Investigation complete; no suspect identified,
5898b20cd5600bebd60fc030d52f14ddc4fb83b5065e4264f679cd023224a5da,2024-03,Hampshire Constabulary,Hampshire Constabulary,-0.944220,50.853356,On or near Petrol Station,E01022926,Havant 013C,Other theft,Investigation complete; no suspect identified,
c1b47f85cea0a31f77ebbf093b9af661ed2f2d8f038c262d7e72a7263daaf9ff,2024-03,Hampshire Constabulary,Hampshire Constabulary,-0.940370,50.855020,On or near Parking Area,E01022926,Havant 013C,Public order,Investigation complete; no suspect identified,
805ac6f98ed4f83de7b3ffe1d50e6e3869a4650a9dc5715ef6a506cf80ab794d,2024-03,Hampshire Constabulary,Hampshire Constabulary,-0.944892,50.853560,On or near Emsworth East Services,E01022926,Havant 013C,Vehicle crime,Investigation complete; no suspect identified,
c111fb70a4f4f495316311f249b7db1eb6bab47c7ef7097d0d2d3c6f1f471eb7,2024-03,Hampshire Constabulary,Hampshire Constabulary,-0.943588,50.862226,On or near Greville Green,E01022926,Havant 013C,Violence and sexual offences,Unable to prosecute suspect,
8ad979ba4db2f45fb0904ffa9cb25951fcf3b504a258ab4944854bcfe2f867f5,2024-03,Hampshire Constabulary,Hampshire Constabulary,-0.942781,50.860213,On or near Longfield Road,E01022926,Havant 013C,Violence and sexual offences,Unable to prosecute suspect,
8eaa110ae66efef5f57fdd1c4b63458b7e8d2f2756faf063ce2cdeb3c2e4515d,2024-03,Hampshire Constabulary,Hampshire Constabulary,-0.941226,50.859246,On or near Woodlands Avenue,E01022926,Havant 013C,Violence and sexual offences,Action to be taken by another organisation,
a002f65ee285fecb107706950e379a8030f69af901bd81f0bca7cbd47a890a9b,2024-03,Hampshire Constabulary,Hampshire Constabulary,-0.944524,50.857279,On or near Shipwrights Close,E01022926,Havant 013C,Violence and sexual offences,Unable to prosecute suspect,
1cb25b3644fee16e8ca25eca905810f01f7f29daff16705165f1565cbfe7a420,2024-03,Hampshire Constabulary,Hampshire Constabulary,-0.945703,50.858531,On or near West Brook View,E01022926,Havant 013C,Other crime,Unable to prosecute suspect,
5283cc18a97949e4d768fd7b68438dca3da69bf16ceda1f0d01d842b67795d11,2024-03,Hampshire Constabulary,Hampshire Constabulary,-0.955862,50.850916,On or near Selangor Avenue,E01022927,Havant 013D,Criminal damage and arson,Investigation complete; no suspect identified,
93dac41571a0d131689ca91eca5ece469706f71cc646822145f9db96ff225617,2024-03,Hampshire Constabulary,Hampshire Constabulary,-0.959211,50.849803,On or near Blandings Way,E01022927,Havant 013D,Vehicle crime,Investigation complete; no suspect identified,
8799d47b092de6a993bfc9220581d1bb3998af9656d622b145eecf663b71c05c,2024-03,Hampshire Constabulary,Hampshire Constabulary,-0.950180,50.850280,On or near Park Crescent,E01022927,Havant 013D,Violence and sexual offences,Unable to prosecute suspect,
b724b3c824356285c0ac74d571a9ed9be46f662b92bc2d5dc9784397dafc858a,2024-03,Hampshire Constabulary,Hampshire Constabulary,-0.959211,50.849803,On or near Blandings Way,E01022927,Havant 013D,Criminal damage and arson,Investigation complete; no suspect identified,
925c8f46f0eccbeb24e94338bea427a27272b7b59c9a8fb4b6a8fc801e9708d2,2024-03,Hampshire Constabulary,Hampshire Constabulary,-0.945932,50.852787,On or near Emsworth West Services Filling Station,E01022927,Havant 013D,Shoplifting,Investigation complete; no suspect identified,
8a0044f24ea6579f03ae69f1155376561164ceb0d09604ccc853025c0401ae6b,2024-03,Hampshire Constabulary,Hampshire Constabulary,-0.950619,50.848404,On or near Havant Road,E01022927,Havant 013D,Violence and sexual offences,Unable to prosecute suspect,
a7e29a06c58ea0252159c77ad6f90a38b49879a332c6614f20d3a4dd5f5804c3,2024-03,Hampshire Constabulary,Hampshire Constabulary,-0.945863,50.850826,On or near Victoria Road,E01022927,Havant 013D,Violence and sexual offences,Unable to prosecute suspect,
7821fe1ce694f82693d425c79883cec4f354a67e6cbf04b448ed76244807c708,2024-03,Hampshire Constabulary,Hampshire Constabulary,-0.945863,50.850826,On or near Victoria Road,E01022927,Havant 013D,Violence and sexual offences,Status update unavailable,
9e124ccc6de676d1b1bd07160f46d97d153a484fc0ade73aadaa79d5cbfd4cf8,2024-03,Hampshire Constabulary,Hampshire Constabulary,-0.950180,50.850280,On or near Park Crescent,E01022927,Havant 013D,Violence and sexual offences,Unable to prosecute suspect,
77e310f210bae6e0db145adee7eb43cf94bb6ae05e222fe35d739adc3957bfb0,2024-03,Hampshire Constabulary,Hampshire Constabulary,-0.943519,50.847045,On or near Valetta Park,E01022928,Havant 013E,Violence and sexual offences,Unable to prosecute suspect,
18a1df64f5a6ae46c6c39e73e4539d6e27f6825f7aea21c189837b21b2b4710a,2024-03,Hampshire Constabulary,Hampshire Constabulary,-0.952339,50.847736,On or near Barn Close,E01022928,Havant 013E,Violence and sexual offences,Unable to prosecute suspect,
d938ac2fcd0479dc5f8c18d986b39e31af9256103ab74510a2f2625174fe3453,2024-03,Hampshire Constabulary,Hampshire Constabulary,-0.952339,50.847736,On or near Barn Close,E01022928,Havant 013E,Violence and sexual offences,Unable to prosecute suspect,
2ecb4067c2b0e657474fbe1380409e8ec14a7b44d69b324fec07dda203955e09,2024-03,Hampshire Constabulary,Hampshire Constabulary,-0.953925,50.850476,On or near Nore Crescent,E01022928,Havant 013E,Other theft,Investigation complete; no suspect identified,
103ece553d13ae46708a46d4acf3836c91976735f2483110e0e04864d90ab544,2024-03,Hampshire Constabulary,Hampshire Constabulary,-0.940198,50.845648,On or near Waters Edge Gardens,E01022928,Havant 013E,Vehicle crime,Investigation complete; no suspect identified,
bed30639fdcb9ce3422e2dd8f7b0fd3c5b23537cfba6fe871d149664a46bc3c9,2024-03,Hampshire Constabulary,Hampshire Constabulary,-0.936754,50.847200,On or near King'S Terrace,E01022929,Havant 013F,Public order,Investigation complete; no suspect identified,
4a1e1a22e3923f23dd194dbad45dad71334687a6bf02e9b274f9cd78688d0288,2024-03,Hampshire Constabulary,Hampshire Constabulary,-0.936681,50.846660,On or near High Street,E01022929,Havant 013F,Violence and sexual offences,Investigation complete; no suspect identified,
,2024-03,Hampshire Constabulary,Hampshire Constabulary,-0.937756,50.849988,On or near North Street,E01022929,Havant 013F,Anti-social behaviour,,
2f833a45b860b06186fa8521f85e8b7eddbe87ceb28b50df4ecb8e7d8ff96b54,2024-03,Hampshire Constabulary,Hampshire Constabulary,-0.937756,50.849988,On or near North Street,E01022929,Havant 013F,Other theft,Unable to prosecute suspect,
e27f46c090b36a34887039becc661ca99221fb0731db836191acbcbe86caa661,2024-03,Hampshire Constabulary,Hampshire Constabulary,-0.939800,50.853199,On or near Coldharbour Farm Road,E01022929,Havant 013F,Other theft,Investigation complete; no suspect identified,
d735f1c503ddaeeefed3f6ec1f98f8ad170fee6c220efc35f7107b2f390c8351,2024-03,Hampshire Constabulary,Hampshire Constabulary,-0.939800,50.853199,On or near Coldharbour Farm Road,E01022929,Havant 013F,Public order,Investigation complete; no suspect identified,
c9893e6ed759e416a3eb94da6aa8a41517ae82ec261548b8f4f5651a9ec85e29,2024-03,Hampshire Constabulary,Hampshire Constabulary,-0.936681,50.846660,On or near High Street,E01022929,Havant 013F,Violence and sexual offences,Status update unavailable,
c04f5e681399e1cbab84369556d38d9f442b3bc4287adc35341b187cf8cec481,2024-03,Hampshire Constabulary,Hampshire Constabulary,-0.936681,50.846660,On or near High Street,E01022929,Havant 013F,Violence and sexual offences,Status update unavailable,
1da8218a6b40c939f39a8ab3c8089079e9a74f7f961451c00f34391a3c5c9a05,2024-03,Hampshire Constabulary,Hampshire Constabulary,-0.936681,50.846660,On or near High Street,E01022929,Havant 013F,Violence and sexual offences,Status update unavailable,
2872938dd25a9f314375b38363c3feb245a36f1da04eaaba0a477877f2437d7b,2024-03,Hampshire Constabulary,Hampshire Constabulary,-0.936681,50.846660,On or near High Street,E01022929,Havant 013F,Violence and sexual offences,Status update unavailable,
507c2a90d81b3148ae0d20fd0fe259200f196fa3b8a88cfe48850a77e6a6b4b9,2024-03,Hampshire Constabulary,Hampshire Constabulary,-0.936681,50.846660,On or near High Street,E01022929,Havant 013F,Violence and sexual offences,Status update unavailable,
0bae0512bf8e5e1fd224cd40091cc7d2bc4d2a0e91337ca45c391a61a31479d6,2024-03,Hampshire Constabulary,Hampshire Constabulary,-0.988821,50.849533,On or near Petrol Station,E01022954,Havant 014B,Shoplifting,Unable to prosecute suspect,
de7a355a6ee6052e24755f93a484a7a184cc33392ee8179123af3add521ee5ff,2024-03,Hampshire Constabulary,Hampshire Constabulary,-0.988821,50.849533,On or near Petrol Station,E01022954,Havant 014B,Shoplifting,Court result unavailable,
f94f73aecd4e49ac2512e6a37c0a46ddd4cda80bcec78fabc69dfc568ba678a7,2024-03,Hampshire Constabulary,Hampshire Constabulary,-0.983704,50.841827,On or near Langstone Avenue,E01022954,Havant 014B,Violence and sexual offences,Unable to prosecute suspect,
bbe14c00413687de3737443a0639577513bb79b11a38d50a19711fb8938dccb3,2024-03,Hampshire Constabulary,Hampshire Constabulary,-0.988821,50.849533,On or near Petrol Station,E01022954,Havant 014B,Violence and sexual offences,Unable to prosecute suspect,
ba44c2e9ac2e4ad8abe913994837f09ebe2312f0692a6f9610d2ec7389818356,2024-03,Hampshire Constabulary,Hampshire Constabulary,-0.989602,50.849582,On or near Shopping Area,E01022954,Havant 014B,Violence and sexual offences,Unable to prosecute suspect,
,2024-03,Hampshire Constabulary,Hampshire Constabulary,-0.983704,50.841827,On or near Langstone Avenue,E01022954,Havant 014B,Anti-social behaviour,,
,2024-03,Hampshire Constabulary,Hampshire Constabulary,-0.990684,50.843497,On or near Penner Road,E01022954,Havant 014B,Anti-social behaviour,,
,2024-03,Hampshire Constabulary,Hampshire Constabulary,-0.985682,50.844902,On or near Brookmead Way,E01022954,Havant 014B,Anti-social behaviour,,
,2024-03,Hampshire Constabulary,Hampshire Constabulary,-0.995184,50.840316,On or near Parking Area,E01022954,Havant 014B,Anti-social behaviour,,
64681f3e936bd56f5030a44583b35bbb65122cd937becd9078174b98c689ed47,2024-03,Hampshire Constabulary,Hampshire Constabulary,-0.984377,50.842885,On or near A3023,E01022954,Havant 014B,Criminal damage and arson,Investigation complete; no suspect identified,
15f7e953790529b62e1d8ff0216d3008ea57042ec3df3e2c970b5e45ff099e34,2024-03,Hampshire Constabulary,Hampshire Constabulary,-0.981040,50.838926,On or near Tower Gardens,E01022954,Havant 014B,Criminal damage and arson,Investigation complete; no suspect identified,
aa0a46d405b91912ddc8c2b84e65c74d080634d619900d556debb9e3d5c50a88,2024-03,Hampshire Constabulary,Hampshire Constabulary,-0.982884,50.846856,On or near Regents Court,E01022954,Havant 014B,Public order,Unable to prosecute suspect,
d9f2e3a19451e5c45692e35f20ae51fba9476e5f7f61b00377cd32e7fe092458,2024-03,Hampshire Constabulary,Hampshire Constabulary,-0.981067,50.845509,On or near Southbrook Road,E01022954,Havant 014B,Vehicle crime,Investigation complete; no suspect identified,
7c8189f6dfe58f680c3620f2c0b750a067689b3249d310c77ce163b8b9d11aa3,2024-03,Hampshire Constabulary,Hampshire Constabulary,-0.982884,50.846856,On or near Regents Court,E01022954,Havant 014B,Vehicle crime,Investigation complete; no suspect identified,
ec68c03722eb19a125828811e6ec6c6d5399467fbe65db2c7b7794d8c16cf46d,2024-03,Hampshire Constabulary,Hampshire Constabulary,-0.982234,50.846697,On or near Rectory Road,E01022954,Havant 014B,Vehicle crime,Investigation complete; no suspect identified,
83ac009edd545b53470da726b211a4080ff338eb097a039f2f010b72f079d505,2024-03,Hampshire Constabulary,Hampshire Constabulary,-0.970434,50.851045,On or near Berkeley Square,E01022955,Havant 014C,Violence and sexual offences,Unable to prosecute suspect,
17fda981fb0f94fc6782089ae2c6e60575e30c1a2f34463dc35551e2f7fa1b02,2024-03,Hampshire Constabulary,Hampshire Constabulary,-0.970084,50.854045,On or near Grange Close,E01022955,Havant 014C,Violence and sexual offences,Local resolution,
496d6a6e95f90a50fb9f27f8048bc9923c164798b8538e8c8f70c6fed26ae562,2024-03,Hampshire Constabulary,Hampshire Constabulary,-0.970084,50.854045,On or near Grange Close,E01022955,Havant 014C,Violence and sexual offences,Action to be taken by another organisation,
836fc26fbce215704d1730836f0dc02c73b4b3b89901a89011b78923a040c861,2024-03,Hampshire Constabulary,Hampshire Constabulary,-0.964369,50.862556,On or near Acer Way,E01022956,Havant 014D,Violence and sexual offences,Unable to prosecute suspect,
,2024-03,Hampshire Constabulary,Hampshire Constabulary,-0.964369,50.862556,On or near Acer Way,E01022956,Havant 014D,Anti-social behaviour,,
e54959f54bd6521cec28950ee62dcbff01311a89cf9bea1289de637e7e9f098b,2024-03,Hampshire Constabulary,Hampshire Constabulary,-0.963168,50.860315,On or near Bramble Close,E01022956,Havant 014D,Shoplifting,Court result unavailable,
0709da2cf373c08f31a7d305c5705ce86835aa93de898e67a3476eaa8a3be837,2024-03,Hampshire Constabulary,Hampshire Constabulary,-0.963168,50.860315,On or near Bramble Close,E01022956,Havant 014D,Shoplifting,Investigation complete; no suspect identified,
3c3bbc5f74a3728a0db892f8a0e278678f9c26319280a10812038b979f4cfe37,2024-03,Hampshire Constabulary,Hampshire Constabulary,-0.980455,50.858588,On or near Havant Farm Close,E01022957,Havant 014E,Criminal damage and arson,Unable to prosecute suspect,
a8c9413f25d4a9c5a7b6db6034417f5d929e7bc96ae8a6077cc8b37353ddf4aa,2024-03,Hampshire Constabulary,Hampshire Constabulary,-0.982404,50.856510,On or near Parking Area,E01022957,Havant 014E,Possession of weapons,Formal action is not in the public interest,
a0f3cd3efca52e5a0d19ce9ea805c5747d7dfb2c28ac5155164d8b20766f5f75,2024-03,Hampshire Constabulary,Hampshire Constabulary,-0.976818,50.856632,On or near Cedar Gardens,E01022957,Havant 014E,Public order,Court result unavailable,
cc82cbf7effa0e522882495b6f2ffc3f6b55d8eaa09b1f566b66bc634c8bf76a,2024-03,Hampshire Constabulary,Hampshire Constabulary,-0.975106,50.858910,On or near Anderson Close,E01022957,Havant 014E,Violence and sexual offences,Local resolution,
83851ae3af24e42695fa095df02f233e31e995c9c580cb57efe9e0654cb344a9,2024-03,Hampshire Constabulary,Hampshire Constabulary,-0.980455,50.858588,On or near Havant Farm Close,E01022957,Havant 014E,Violence and sexual offences,Local resolution,
277c35e54f6e0f4425f2541eed490d8aab6549ba43fe0aa56ad0f07821be05e8,2024-03,Hampshire Constabulary,Hampshire Constabulary,-0.980455,50.858588,On or near Havant Farm Close,E01022957,Havant 014E,Violence and sexual offences,Unable to prosecute suspect,
ae5081b66d7d2326ea6b08ac6bb3d4badc837d97336bbc42e1fa07575a7b754e,2024-03,Hampshire Constabulary,Hampshire Constabulary,-0.975106,50.858910,On or near Anderson Close,E01022957,Havant 014E,Violence and sexual offences,Unable to prosecute suspect,
,2024-03,Hampshire Constabulary,Hampshire Constabulary,-0.980399,50.854667,On or near Parking Area,E01022957,Havant 014E,Anti-social behaviour,,
,2024-03,Hampshire Constabulary,Hampshire Constabulary,-0.980399,50.854667,On or near Parking Area,E01022957,Havant 014E,Anti-social behaviour,,
,2024-03,Hampshire Constabulary,Hampshire Constabulary,-0.980399,50.854667,On or near Parking Area,E01022957,Havant 014E,Anti-social behaviour,,
42fc27113d07e6d1938c293ba4cae7322c4d916f23022dee0bcc6c2845b84415,2024-03,Hampshire Constabulary,Hampshire Constabulary,-0.980455,50.858588,On or near Havant Farm Close,E01022957,Havant 014E,Criminal damage and arson,Investigation complete; no suspect identified,
3ac0565eeaef8769929bd976adb3db21ac197fcc3b267a0d6d2fef44e8ca6a83,2024-03,Hampshire Constabulary,Hampshire Constabulary,-0.976818,50.856632,On or near Cedar Gardens,E01022957,Havant 014E,Criminal damage and arson,Investigation complete; no suspect identified,
6e68100a91258bd184a5677f60115d7e45914cbc745296ed6f3ed87863488241,2024-03,Hampshire Constabulary,Hampshire Constabulary,-0.982404,50.856510,On or near Parking Area,E01022957,Havant 014E,Public order,Status update unavailable,
f925cb394a5eef7c8637e73ca59cc66bb29716000fb8c768443b9588e6c09032,2024-03,Hampshire Constabulary,Hampshire Constabulary,-0.980455,50.858588,On or near Havant Farm Close,E01022957,Havant 014E,Public order,Unable to prosecute suspect,
9d27887d8cb8b55c9e00ceb835c90e2e3f96f10114185359627fa6d1c6a5e7fc,2024-03,Hampshire Constabulary,Hampshire Constabulary,-0.975106,50.858910,On or near Anderson Close,E01022957,Havant 014E,Violence and sexual offences,Unable to prosecute suspect,
39f5384ab2ffb32128389b6de5020d74efaf974015cdeb09dcd17b4e4c104d1e,2024-03,Hampshire Constabulary,Hampshire Constabulary,-0.975106,50.858910,On or near Anderson Close,E01022957,Havant 014E,Violence and sexual offences,Unable to prosecute suspect,
0f22cc3b6ede1b1a1812a01f475d75533a9f8f63a6777164eff6c91ae758a7a2,2024-03,Hampshire Constabulary,Hampshire Constabulary,-0.975106,50.858910,On or near Anderson Close,E01022957,Havant 014E,Violence and sexual offences,Formal action is not in the public interest,
dc31ca4205dbc4c70b93c69fa81a6766e9886db695d13e1a33622060d9251206,2024-03,Hampshire Constabulary,Hampshire Constabulary,-0.963728,50.854951,On or near Lupine Road,E01022958,Havant 014F,Public order,Court result unavailable,
dd69cb9373e205c0b723ff4963ba7899766c6d83d4804a24c6c436037b228f3b,2024-03,Hampshire Constabulary,Hampshire Constabulary,-0.967623,50.858034,On or near Swallow Close,E01022958,Havant 014F,Robbery,Investigation complete; no suspect identified,
8aacffe04c7c39a2b85c276a16388a301bdfa1284f1debd397e34956d1f8e10a,2024-03,Hampshire Constabulary,Hampshire Constabulary,-0.968220,50.850324,On or near Nightingale Park,E01022958,Havant 014F,Shoplifting,Court result unavailable,
1e351e75421c04823484749440a8a4ea6be75a63992ad436223915bd54b5cee6,2024-03,Hampshire Constabulary,Hampshire Constabulary,-0.955097,50.864146,On or near Eastleigh Road,E01022958,Havant 014F,Vehicle crime,Unable to prosecute suspect,
978d836d27e426682dd4a60706659ee6ff2f5c38633ca50a4accec084bbc14b5,2024-03,Hampshire Constabulary,Hampshire Constabulary,-0.960698,50.865329,On or near Normandy Way,E01022958,Havant 014F,Violence and sexual offences,Action to be taken by another organisation,
2fd3582a1c69a2173d9334df7e94df28e04607f46c18f9c5cd690ea0873a72c1,2024-03,Hampshire Constabulary,Hampshire Constabulary,-0.960698,50.865329,On or near Normandy Way,E01022958,Havant 014F,Violence and sexual offences,Unable to prosecute suspect,
,2024-03,Hampshire Constabulary,Hampshire Constabulary,-0.963728,50.854951,On or near Lupine Road,E01022958,Havant 014F,Anti-social behaviour,,
,2024-03,Hampshire Constabulary,Hampshire Constabulary,-0.963728,50.854951,On or near Lupine Road,E01022958,Havant 014F,Anti-social behaviour,,
,2024-03,Hampshire Constabulary,Hampshire Constabulary,-0.963728,50.854951,On or near Lupine Road,E01022958,Havant 014F,Anti-social behaviour,,
3d3d81eef341f486450a8e9725a54d2e6f59a617ec7626f63ef123b62fe44781,2024-03,Hampshire Constabulary,Hampshire Constabulary,-0.968220,50.850324,On or near Nightingale Park,E01022958,Havant 014F,Shoplifting,Court result unavailable,
25719e24ec119b6ccf9a4535869abd209e4c1a21895643dc15c9dea393edb302,2024-03,Hampshire Constabulary,Hampshire Constabulary,-0.963206,50.854128,On or near Manor Farm Close,E01022958,Havant 014F,Violence and sexual offences,Status update unavailable,
58d7743a8599f14dda7d7ab40c2049c4950483c093b3aa808d086c87522ff271,2024-03,Hampshire Constabulary,Hampshire Constabulary,-0.964253,50.856260,On or near Fifth Avenue,E01022958,Havant 014F,Violence and sexual offences,Unable to prosecute suspect,
786ce58a1fd5b7843860f4c7ecf7b079ccf6492994a16b4e881a44b4ebccd6f1,2024-03,Hampshire Constabulary,Hampshire Constabulary,-0.996973,50.848263,On or near Hermitage Park,E01034066,Havant 014G,Burglary,Unable to prosecute suspect,
b4647c8112d513bb6ce40ecc0749cc1717e952123011fb3ff18e2596ec0619b8,2024-03,Hampshire Constabulary,Hampshire Constabulary,-0.986912,50.851747,On or near Liberty Close,E01034066,Havant 014G,Public order,Unable to prosecute suspect,
31d46727825f84f6a28f0e0bca7b88360c93581eb2fea6ffa35b85a42c84d78e,2024-03,Hampshire Constabulary,Hampshire Constabulary,-0.986912,50.851747,On or near Liberty Close,E01034066,Havant 014G,Public order,Court result unavailable,
dc04b4f4d84b9e2b9da64330508d1602a00c3b6f064d8d9b123b4efa6330886b,2024-03,Hampshire Constabulary,Hampshire Constabulary,-0.986912,50.851747,On or near Liberty Close,E01034066,Havant 014G,Shoplifting,Unable to prosecute suspect,
bb741bc958e75fc3e47aed7f5811a458b23839fa1bd05cccba1cdd626d65a60d,2024-03,Hampshire Constabulary,Hampshire Constabulary,-0.986912,50.851747,On or near Liberty Close,E01034066,Havant 014G,Shoplifting,Unable to prosecute suspect,
45e29143f3abe2378311d8a686e906a4576606d7ddaea451e404b3c716aa0a5d,2024-03,Hampshire Constabulary,Hampshire Constabulary,-0.986912,50.851747,On or near Liberty Close,E01034066,Havant 014G,Shoplifting,Court result unavailable,
ff3a1d41670adaf90cb3536170758e0c86e06fd675ab7258efe953cf3cc2df1d,2024-03,Hampshire Constabulary,Hampshire Constabulary,-0.986912,50.851747,On or near Liberty Close,E01034066,Havant 014G,Shoplifting,Court result unavailable,
74358fba6d17bb06976c773e9ce72a0b14b4095b8cbff8ec78bbda17def62a46,2024-03,Hampshire Constabulary,Hampshire Constabulary,-0.987043,50.852899,On or near Park Way,E01034066,Havant 014G,Shoplifting,Unable to prosecute suspect,
ade2d540a6ca4097097c77676d166302669d664f94750d97f4941f977f46bbe5,2024-03,Hampshire Constabulary,Hampshire Constabulary,-0.987043,50.852899,On or near Park Way,E01034066,Havant 014G,Shoplifting,Investigation complete; no suspect identified,
f25cef3dd73d2b9f4057fbbb13ec30527e9c3c483f75c16fc261cffdebc7da4e,2024-03,Hampshire Constabulary,Hampshire Constabulary,-0.995420,50.853799,On or near Palk Road,E01034066,Havant 014G,Violence and sexual offences,Investigation complete; no suspect identified,
,2024-03,Hampshire Constabulary,Hampshire Constabulary,-1.001093,50.846275,On or near Harts Farm Way,E01034066,Havant 014G,Anti-social behaviour,,
,2024-03,Hampshire Constabulary,Hampshire Constabulary,-1.001093,50.846275,On or near Harts Farm Way,E01034066,Havant 014G,Anti-social behaviour,,
,2024-03,Hampshire Constabulary,Hampshire Constabulary,-0.993416,50.850535,On or near Brockhampton Road,E01034066,Havant 014G,Anti-social behaviour,,
,2024-03,Hampshire Constabulary,Hampshire Constabulary,-0.987043,50.852899,On or near Park Way,E01034066,Havant 014G,Anti-social behaviour,,
,2024-03,Hampshire Constabulary,Hampshire Constabulary,-0.987043,50.852899,On or near Park Way,E01034066,Havant 014G,Anti-social behaviour,,
,2024-03,Hampshire Constabulary,Hampshire Constabulary,-0.984016,50.853753,On or near Sports/Recreation Area,E01034066,Havant 014G,Anti-social behaviour,,
256658d2424028a1a6e21c5747b35cfeec5667565781255d4ff7ab119a4d9b12,2024-03,Hampshire Constabulary,Hampshire Constabulary,-0.995420,50.853799,On or near Palk Road,E01034066,Havant 014G,Criminal damage and arson,Investigation complete; no suspect identified,
6058cc1fc89b78b4c7aa22c1d049f11058b3eec16cb2455a3e237a1f2a4d71f7,2024-03,Hampshire Constabulary,Hampshire Constabulary,-1.001093,50.846275,On or near Harts Farm Way,E01034066,Havant 014G,Other theft,Investigation complete; no suspect identified,
97576600d8679831830c3f3336e7ac95348caefd1dbc3be8cd9f8b71769a2323,2024-03,Hampshire Constabulary,Hampshire Constabulary,-0.984016,50.853753,On or near Sports/Recreation Area,E01034066,Havant 014G,Public order,Investigation complete; no suspect identified,
36d59f21902cfa45ef43a7fa56310c6f360d42e0a7dc3deeb25256f8fc3b436e,2024-03,Hampshire Constabulary,Hampshire Constabulary,-0.987043,50.852899,On or near Park Way,E01034066,Havant 014G,Public order,Unable to prosecute suspect,
1d98f2d8ebd5810b3f6cb9c33c9c3c9b5aebbc30db9ea6ad1c400232b0340eea,2024-03,Hampshire Constabulary,Hampshire Constabulary,-0.986912,50.851747,On or near Liberty Close,E01034066,Havant 014G,Shoplifting,Investigation complete; no suspect identified,
d699d21c8d0730d31a68be7c2ba37fcd73afe7c949212e1b1e2324e98dbf6739,2024-03,Hampshire Constabulary,Hampshire Constabulary,-0.987043,50.852899,On or near Park Way,E01034066,Havant 014G,Shoplifting,Investigation complete; no suspect identified,
c2aab8366a616781e795066a4d75105a505fad69aa1bb280341d088729bfaf5d,2024-03,Hampshire Constabulary,Hampshire Constabulary,-0.986912,50.851747,On or near Liberty Close,E01034066,Havant 014G,Shoplifting,Investigation complete; no suspect identified,
b165de87b393114f683795e8f4e1492be694df34044d2d10d7658654f1c4c2e2,2024-03,Hampshire Constabulary,Hampshire Constabulary,-0.987043,50.852899,On or near Park Way,E01034066,Havant 014G,Shoplifting,Investigation complete; no suspect identified,
91f3bc16c3b6967a9e2b60510e927cadf29562882af04af563865817f51d02e1,2024-03,Hampshire Constabulary,Hampshire Constabulary,-0.993247,50.853114,On or near Brocklands,E01034066,Havant 014G,Violence and sexual offences,Unable to prosecute suspect,
5e1e64f76a9826ffa70fd800929a59dad68b31ff840575e08ab88292268e1c28,2024-03,Hampshire Constabulary,Hampshire Constabulary,-0.993247,50.853114,On or near Brocklands,E01034066,Havant 014G,Violence and sexual offences,Unable to prosecute suspect,
e89afd79d472712556cabb58854d0d0c16b304007ddb240177c2fab4d75a9c6c,2024-03,Hampshire Constabulary,Hampshire Constabulary,-0.995420,50.853799,On or near Palk Road,E01034066,Havant 014G,Violence and sexual offences,Unable to prosecute suspect,
3e982bc6bdc5ac8936730880d36b6e692ef57e5cc8ba53c66746bf47475dcda5,2024-03,Hampshire Constabulary,Hampshire Constabulary,-0.979116,50.852875,On or near Fairfield Road,E01034067,Havant 014H,Burglary,Investigation complete; no suspect identified,
5928f1fc4f31534598ccd5af56a61908afdc57679339f1b559a4a02d56e3ed46,2024-03,Hampshire Constabulary,Hampshire Constabulary,-0.982214,50.853522,On or near Market Parade,E01034067,Havant 014H,Criminal damage and arson,Investigation complete; no suspect identified,
c77d6f452c419678fc6e5e8a03b4d75e5f30c539fdc2f08261fe5bd7ff9ab3b9,2024-03,Hampshire Constabulary,Hampshire Constabulary,-0.982214,50.853522,On or near Market Parade,E01034067,Havant 014H,Drugs,Local resolution,
95de0ba99ca3e7142d450f3a0355369fde7dd5bba7f2d57b1ce2e80df0c3f073,2024-03,Hampshire Constabulary,Hampshire Constabulary,-0.987026,50.849223,On or near Supermarket,E01034067,Havant 014H,Other theft,Local resolution,
3423e1f78db8f3dbfa5d64025609aed17169a9edc3ba0c45b1b97961a1abdafb,2024-03,Hampshire Constabulary,Hampshire Constabulary,-0.987026,50.849223,On or near Supermarket,E01034067,Havant 014H,Public order,Investigation complete; no suspect identified,
066e9b92b06adfb93ede8a1e2bc4d2df02fc85420bf54d7a38175140d241aa66,2024-03,Hampshire Constabulary,Hampshire Constabulary,-0.984667,50.850450,On or near Park Road South,E01034067,Havant 014H,Public order,Investigation complete; no suspect identified,
92aa8f1970c6c92949df8ed8a9c4ffba2630e0949fcdd586cd05031e3de0b2bb,2024-03,Hampshire Constabulary,Hampshire Constabulary,-0.981538,50.853238,On or near Parking Area,E01034067,Havant 014H,Public order,Unable to prosecute suspect,
4970e10dd5451a4180ba81066755098d39a3ac2c5eb360e38387f691384e051b,2024-03,Hampshire Constabulary,Hampshire Constabulary,-0.982214,50.853522,On or near Market Parade,E01034067,Havant 014H,Public order,Unable to prosecute suspect,
5569c895a549ca83d8dca7d02ad004c2f4d8772202b47ac687e7e13ad15ca712,2024-03,Hampshire Constabulary,Hampshire Constabulary,-0.984667,50.850450,On or near Park Road South,E01034067,Havant 014H,Robbery,Investigation complete; no suspect identified,
85f1eafd35495303bbc1d586d08593af291317f080101e86e355f1ba394dec0c,2024-03,Hampshire Constabulary,Hampshire Constabulary,-0.984667,50.850450,On or near Park Road South,E01034067,Havant 014H,Shoplifting,Unable to prosecute suspect,
3e2fb92642d923144f8fd46d0e0588264607a417b6f6a8f34169589f1e755735,2024-03,Hampshire Constabulary,Hampshire Constabulary,-0.981124,50.852267,On or near Supermarket,E01034067,Havant 014H,Shoplifting,Investigation complete; no suspect identified,
f1ddcbdd942fbdf1235a958e28299a4cd15b75a88d9c487f31de2ee561b0ce80,2024-03,Hampshire Constabulary,Hampshire Constabulary,-0.982214,50.853522,On or near Market Parade,E01034067,Havant 014H,Shoplifting,Unable to prosecute suspect,
1520150901ea82117ecb1ad600146949b7802f65e533f522892ad7e5a4d00b2f,2024-03,Hampshire Constabulary,Hampshire Constabulary,-0.983926,50.852459,On or near Bus/Coach Station,E01034067,Havant 014H,Violence and sexual offences,Unable to prosecute suspect,
7107d7b8c413fbffbc3dae7e79d7f1c75ec513920af7d76f8623b9cd98c13e7b,2024-03,Hampshire Constabulary,Hampshire Constabulary,-0.983926,50.852459,On or near Bus/Coach Station,E01034067,Havant 014H,Violence and sexual offences,Investigation complete; no suspect identified,
0aa6839bef3f311d29611d249c6e2dda6bd123763ae863a6a76d3fe201cddc2d,2024-03,Hampshire Constabulary,Hampshire Constabulary,-0.987026,50.849223,On or near Supermarket,E01034067,Havant 014H,Violence and sexual offences,Local resolution,
5221910d94e36893509b3c7a40a12066281d988b23311069b120a29fb8febe95,2024-03,Hampshire Constabulary,Hampshire Constabulary,-0.982669,50.850882,On or near Homewell,E01034067,Havant 014H,Violence and sexual offences,Unable to prosecute suspect,
a8297767f38c1b9f8c7213e7988336631ab466a4012ace829f3fa77b7c6a33a8,2024-03,Hampshire Constabulary,Hampshire Constabulary,-0.980139,50.851589,On or near Parking Area,E01034067,Havant 014H,Violence and sexual offences,Unable to prosecute suspect,
c8e9458fa0d1a59b56011d49bbeeed5647a6b2f0dd15db312bbf9430c14325fb,2024-03,Hampshire Constabulary,Hampshire Constabulary,-0.983733,50.850928,On or near Parking Area,E01034067,Havant 014H,Violence and sexual offences,Investigation complete; no suspect identified,
1c4f38b9d95c447e5ef959fe844cdf4444e86e32488f0eb3297c5a6c8a9553b5,2024-03,Hampshire Constabulary,Hampshire Constabulary,-0.983733,50.850928,On or near Parking Area,E01034067,Havant 014H,Violence and sexual offences,Investigation complete; no suspect identified,
6faab1aa80afccbc201dbbb1252f6096d25c4a0979cb7a319a06b4640bca2be3,2024-03,Hampshire Constabulary,Hampshire Constabulary,-0.983926,50.852459,On or near Bus/Coach Station,E01034067,Havant 014H,Violence and sexual offences,Unable to prosecute suspect,
24698ec7bf6cd25ee658ebe90fafdc11cabcc3501a2fce8a45dc03b5d26e1d44,2024-03,Hampshire Constabulary,Hampshire Constabulary,-0.983926,50.852459,On or near Bus/Coach Station,E01034067,Havant 014H,Violence and sexual offences,Unable to prosecute suspect,
fecc9f765559222b7f39618c8e2ec6cbd8d5921e8cfff5a5b4dfe7d425d590bb,2024-03,Hampshire Constabulary,Hampshire Constabulary,-0.982085,50.852235,On or near Parking Area,E01034067,Havant 014H,Violence and sexual offences,Unable to prosecute suspect,
72ff70f8c3c5c1d943510a2ca75e33cc54c517bafbbdc27714b91b5a5332d3df,2024-03,Hampshire Constabulary,Hampshire Constabulary,-0.981124,50.852267,On or near Supermarket,E01034067,Havant 014H,Violence and sexual offences,Unable to prosecute suspect,
f77e15b1ac714e4eb025a46b4c4b1017a870b1a90cb67e3a9780279421c3d8a2,2024-03,Hampshire Constabulary,Hampshire Constabulary,-0.983926,50.852459,On or near Bus/Coach Station,E01034067,Havant 014H,Violence and sexual offences,Unable to prosecute suspect,
ae9e2de42a801ccf90a033b23ce92ce3d2ccd33f06bca99c5129524f50d7526b,2024-03,Hampshire Constabulary,Hampshire Constabulary,-0.982085,50.852235,On or near Parking Area,E01034067,Havant 014H,Violence and sexual offences,Unable to prosecute suspect,
a4cedf1d5a6c67283043865d2f51c7dea3f1943ea2926f2096fede433f954df6,2024-03,Hampshire Constabulary,Hampshire Constabulary,-0.982085,50.852235,On or near Parking Area,E01034067,Havant 014H,Violence and sexual offences,Unable to prosecute suspect,
,2024-03,Hampshire Constabulary,Hampshire Constabulary,-0.987026,50.849223,On or near Supermarket,E01034067,Havant 014H,Anti-social behaviour,,
,2024-03,Hampshire Constabulary,Hampshire Constabulary,-0.987026,50.849223,On or near Supermarket,E01034067,Havant 014H,Anti-social behaviour,,
,2024-03,Hampshire Constabulary,Hampshire Constabulary,-0.983938,50.850642,On or near Bulbeck Road,E01034067,Havant 014H,Anti-social behaviour,,
,2024-03,Hampshire Constabulary,Hampshire Constabulary,-0.983733,50.850928,On or near Parking Area,E01034067,Havant 014H,Anti-social behaviour,,
,2024-03,Hampshire Constabulary,Hampshire Constabulary,-0.983733,50.850928,On or near Parking Area,E01034067,Havant 014H,Anti-social behaviour,,
,2024-03,Hampshire Constabulary,Hampshire Constabulary,-0.982214,50.853522,On or near Market Parade,E01034067,Havant 014H,Anti-social behaviour,,
,2024-03,Hampshire Constabulary,Hampshire Constabulary,-0.983733,50.850928,On or near Parking Area,E01034067,Havant 014H,Anti-social behaviour,,
,2024-03,Hampshire Constabulary,Hampshire Constabulary,-0.983733,50.850928,On or near Parking Area,E01034067,Havant 014H,Anti-social behaviour,,
,2024-03,Hampshire Constabulary,Hampshire Constabulary,-0.983733,50.850928,On or near Parking Area,E01034067,Havant 014H,Anti-social behaviour,,
,2024-03,Hampshire Constabulary,Hampshire Constabulary,-0.983733,50.850928,On or near Parking Area,E01034067,Havant 014H,Anti-social behaviour,,
,2024-03,Hampshire Constabulary,Hampshire Constabulary,-0.983733,50.850928,On or near Parking Area,E01034067,Havant 014H,Anti-social behaviour,,
,2024-03,Hampshire Constabulary,Hampshire Constabulary,-0.983733,50.850928,On or near Parking Area,E01034067,Havant 014H,Anti-social behaviour,,
,2024-03,Hampshire Constabulary,Hampshire Constabulary,-0.983733,50.850928,On or near Parking Area,E01034067,Havant 014H,Anti-social behaviour,,
,2024-03,Hampshire Constabulary,Hampshire Constabulary,-0.983926,50.852459,On or near Bus/Coach Station,E01034067,Havant 014H,Anti-social behaviour,,
,2024-03,Hampshire Constabulary,Hampshire Constabulary,-0.983926,50.852459,On or near Bus/Coach Station,E01034067,Havant 014H,Anti-social behaviour,,
,2024-03,Hampshire Constabulary,Hampshire Constabulary,-0.982085,50.852235,On or near Parking Area,E01034067,Havant 014H,Anti-social behaviour,,
,2024-03,Hampshire Constabulary,Hampshire Constabulary,-0.983926,50.852459,On or near Bus/Coach Station,E01034067,Havant 014H,Anti-social behaviour,,
,2024-03,Hampshire Constabulary,Hampshire Constabulary,-0.982085,50.852235,On or near Parking Area,E01034067,Havant 014H,Anti-social behaviour,,
,2024-03,Hampshire Constabulary,Hampshire Constabulary,-0.979116,50.852875,On or near Fairfield Road,E01034067,Havant 014H,Anti-social behaviour,,
31e084b6a8a0cf9059bfcccf8005d589ed89a8b94d4935b6ce98519f69eb4bd4,2024-03,Hampshire Constabulary,Hampshire Constabulary,-0.982214,50.853522,On or near Market Parade,E01034067,Havant 014H,Bicycle theft,Investigation complete; no suspect identified,
8afbff73e42467a1093213b27ef6218e665c4779ee9d52fdd2caa81a37d155e0,2024-03,Hampshire Constabulary,Hampshire Constabulary,-0.983733,50.850928,On or near Parking Area,E01034067,Havant 014H,Burglary,Status update unavailable,
8fa31693252b463787c3263dc04a1c556b868827fbc4c5d1108657438fa7c9bf,2024-03,Hampshire Constabulary,Hampshire Constabulary,-0.983938,50.850642,On or near Bulbeck Road,E01034067,Havant 014H,Criminal damage and arson,Investigation complete; no suspect identified,
f5d1002723def471cee9c80b414a8e6122edbc866a6e047c1aba96405124927e,2024-03,Hampshire Constabulary,Hampshire Constabulary,-0.983733,50.850928,On or near Parking Area,E01034067,Havant 014H,Criminal damage and arson,Investigation complete; no suspect identified,
19e42d5b0aa19f5a5332e0c84ac4ad3d0e0fdb70db450e31f1b9e4896fe7dc5d,2024-03,Hampshire Constabulary,Hampshire Constabulary,-0.983733,50.850928,On or near Parking Area,E01034067,Havant 014H,Criminal damage and arson,Investigation complete; no suspect identified,
8b1d10b14bdeadc72bf5fc0e940aa306e6ae550d23edd23fa65a3afcefd59653,2024-03,Hampshire Constabulary,Hampshire Constabulary,-0.983926,50.852459,On or near Bus/Coach Station,E01034067,Havant 014H,Criminal damage and arson,Investigation complete; no suspect identified,
7e3b8ea287d6d8a940ce13bec3719b6cb0e0e69fbf990eaa20b3a4b958b03e40,2024-03,Hampshire Constabulary,Hampshire Constabulary,-0.978494,50.854713,On or near Centenary Gardens,E01034067,Havant 014H,Criminal damage and arson,Investigation complete; no suspect identified,
04b2a830487d95479c5846f974697f54165d5f4e221691fa12a073ae213cf7a4,2024-03,Hampshire Constabulary,Hampshire Constabulary,-0.983926,50.852459,On or near Bus/Coach Station,E01034067,Havant 014H,Criminal damage and arson,Investigation complete; no suspect identified,
316b61b6a9feb329a628eb8301d8442d65aa36af1519a5511cd4138b4ee25efa,2024-03,Hampshire Constabulary,Hampshire Constabulary,-0.983926,50.852459,On or near Bus/Coach Station,E01034067,Havant 014H,Criminal damage and arson,Investigation complete; no suspect identified,
5321e8f2f691d23dcafabbde33f14fee9107ebeebc33cf4c03f0d472dcb63393,2024-03,Hampshire Constabulary,Hampshire Constabulary,-0.982085,50.852235,On or near Parking Area,E01034067,Havant 014H,Criminal damage and arson,Investigation complete; no suspect identified,
43e818078cfcf17892060ee6517845ca65fc4b796b35e52d72d0086858d2a620,2024-03,Hampshire Constabulary,Hampshire Constabulary,-0.978961,50.850877,On or near East Street,E01034067,Havant 014H,Other theft,Unable to prosecute suspect,
1642bb7f79904bf3c8e8f1439bad21ffbe1dd64db5045d4b770f8103a1780318,2024-03,Hampshire Constabulary,Hampshire Constabulary,-0.978961,50.850877,On or near East Street,E01034067,Havant 014H,Other theft,Investigation complete; no suspect identified,
4ca1a169357c9047d1afcd4a26e774729770b1b4899ba429ea6dfde4c642a4b4,2024-03,Hampshire Constabulary,Hampshire Constabulary,-0.983926,50.852459,On or near Bus/Coach Station,E01034067,Havant 014H,Other theft,Investigation complete; no suspect identified,
8ff44486bb74f9a12129de764c56a69ba2dc84ea9830702d5082904cc35259ce,2024-03,Hampshire Constabulary,Hampshire Constabulary,-0.981538,50.853238,On or near Parking Area,E01034067,Havant 014H,Public order,Investigation complete; no suspect identified,
61d0c00bf254dae8c9d5d932d02eb3482b603dc66d1705609b58c605a2f1c3f0,2024-03,Hampshire Constabulary,Hampshire Constabulary,-0.983938,50.850642,On or near Bulbeck Road,E01034067,Havant 014H,Public order,Status update unavailable,
ae5cb5f9c0bb2a1e9c70d306aebb361377bec28c7692cb7b483eb3a1e77c185e,2024-03,Hampshire Constabulary,Hampshire Constabulary,-0.982214,50.853522,On or near Market Parade,E01034067,Havant 014H,Public order,Investigation complete; no suspect identified,
8b35f1092b4cf7d5f1da9d1d2133c498f0219f92cca022d6a5a2df791e443f4e,2024-03,Hampshire Constabulary,Hampshire Constabulary,-0.983733,50.850928,On or near Parking Area,E01034067,Havant 014H,Public order,Investigation complete; no suspect identified,
b298f1246f8f1397ad0d29c1b3660ef592b4e5378368ad394fcd23bf667b68b7,2024-03,Hampshire Constabulary,Hampshire Constabulary,-0.983733,50.850928,On or near Parking Area,E01034067,Havant 014H,Public order,Investigation complete; no suspect identified,
e19bb888590615e6f5d69261f06869e69d81cf63d8942981e430a903584b5734,2024-03,Hampshire Constabulary,Hampshire Constabulary,-0.978515,50.851808,On or near Beechworth Road,E01034067,Havant 014H,Shoplifting,Unable to prosecute suspect,
118da66c244a55c32493cbf734c95370971310cccfd55a5588fb64d3f3927398,2024-03,Hampshire Constabulary,Hampshire Constabulary,-0.984667,50.850450,On or near Park Road South,E01034067,Havant 014H,Shoplifting,Investigation complete; no suspect identified,
7707e4583ff5d206f4cb4b3ec64ec3442aa0113d10eb50b804998f85607cb4f9,2024-03,Hampshire Constabulary,Hampshire Constabulary,-0.983733,50.850928,On or near Parking Area,E01034067,Havant 014H,Shoplifting,Investigation complete; no suspect identified,
99d8cd335b854899e6256b325e826194f416cbbb9d421647ab07cdf0abbe52ab,2024-03,Hampshire Constabulary,Hampshire Constabulary,-0.983733,50.850928,On or near Parking Area,E01034067,Havant 014H,Shoplifting,Investigation complete; no suspect identified,
961ed01d948c0cdce0798b3eb48b23ea16c1149e9c97e30962877f0c4b45bea5,2024-03,Hampshire Constabulary,Hampshire Constabulary,-0.984667,50.850450,On or near Park Road South,E01034067,Havant 014H,Shoplifting,Investigation complete; no suspect identified,
56f2bd4af5cdd9d7cc6d05630fa237e702ccd94d246fd6d187c8661d7ae167f2,2024-03,Hampshire Constabulary,Hampshire Constabulary,-0.982085,50.852235,On or near Parking Area,E01034067,Havant 014H,Vehicle crime,Investigation complete; no suspect identified,
19315b76d45b7c2247c4dda20b629ad2280c50e9618e942925971d2120dff1b6,2024-03,Hampshire Constabulary,Hampshire Constabulary,-0.987026,50.849223,On or near Supermarket,E01034067,Havant 014H,Violence and sexual offences,Investigation complete; no suspect identified,
0a1f88a0b4340fd8fefb1cd9e3621316d02c27a5aed248958242c13a301e9956,2024-03,Hampshire Constabulary,Hampshire Constabulary,-0.984667,50.850450,On or near Park Road South,E01034067,Havant 014H,Violence and sexual offences,Investigation complete; no suspect identified,
c43fc54fc983f009681db792febbfb012ee976d688cac93dc9cb1707fc06fca0,2024-03,Hampshire Constabulary,Hampshire Constabulary,-0.979116,50.852875,On or near Fairfield Road,E01034067,Havant 014H,Violence and sexual offences,Investigation complete; no suspect identified,
83f485f8ac7312a27e4a3421be01e3535d6d0bee385e1beb59cb9b4b61476bc7,2024-03,Hampshire Constabulary,Hampshire Constabulary,-0.983926,50.852459,On or near Bus/Coach Station,E01034067,Havant 014H,Violence and sexual offences,Investigation complete; no suspect identified,
a9b1a1d1c4b020f8eb9f166a469bbba3b58c864649e76c2ed69a43d0faaefa06,2024-03,Hampshire Constabulary,Hampshire Constabulary,-0.983926,50.852459,On or near Bus/Coach Station,E01034067,Havant 014H,Violence and sexual offences,Unable to prosecute suspect,
20d112480c2de6237cd8cd1a93d59bb89acb0ae872cbd7cdaf3fa7e9bb94c9a5,2024-03,Hampshire Constabulary,Hampshire Constabulary,-0.970939,50.830033,On or near Northney Road,E01022937,Havant 015A,Violence and sexual offences,Unable to prosecute suspect,
edd28ac62ea73af7c5504a72d0cdb94835e20f886a2415fb747c9c41f076b0e3,2024-03,Hampshire Constabulary,Hampshire Constabulary,-0.964852,50.800915,On or near Parking Area,E01022937,Havant 015A,Violence and sexual offences,Unable to prosecute suspect,
fa3dbd1e468603e3ef9a3769f17c0d74ebf7c55a6ef77895b05b3685998e6ba7,2024-03,Hampshire Constabulary,Hampshire Constabulary,-0.970939,50.830033,On or near Northney Road,E01022937,Havant 015A,Public order,Investigation complete; no suspect identified,
1e543831ff963c218d819b8393ad7f0474b7df29240a4b7f778184b8f0f33539,2024-03,Hampshire Constabulary,Hampshire Constabulary,-0.970586,50.795066,On or near Eastwood Close,E01022937,Havant 015A,Public order,Investigation complete; no suspect identified,
8af53e0c5aefc0ae99c849af615f770a4eff606f541db82d5bbc98317502e581,2024-03,Hampshire Constabulary,Hampshire Constabulary,-0.955886,50.802696,On or near Park/Open Space,E01022937,Havant 015A,Public order,Investigation complete; no suspect identified,
fef926f26e1430fd98eda0b2c6e0abe7ca7da8cad8aa92cc1604d1e217407c7b,2024-03,Hampshire Constabulary,Hampshire Constabulary,-0.970939,50.830033,On or near Northney Road,E01022937,Havant 015A,Public order,Status update unavailable,
8d6e7f14563cf8c2b66e7d3e06744fe312f1c4107a9fcb8f26be497d5bc9b53f,2024-03,Hampshire Constabulary,Hampshire Constabulary,-0.970939,50.830033,On or near Northney Road,E01022937,Havant 015A,Public order,Unable to prosecute suspect,
db516ab262392320652a66b1ed319d6d52eb699bd51bfc221143fbb4deb4fb22,2024-03,Hampshire Constabulary,Hampshire Constabulary,-0.970939,50.830033,On or near Northney Road,E01022937,Havant 015A,Shoplifting,Investigation complete; no suspect identified,
e193d202cf0e06eb5f3064c672cd90adf0492d38976727bb1029a88561346983,2024-03,Hampshire Constabulary,Hampshire Constabulary,-0.970939,50.830033,On or near Northney Road,E01022937,Havant 015A,Shoplifting,Investigation complete; no suspect identified,
be79b24292bca79ba09a098ba5633aff0c765f89ff93edf1365b28068a9968c3,2024-03,Hampshire Constabulary,Hampshire Constabulary,-0.975431,50.800594,On or near Havant Road,E01022937,Havant 015A,Violence and sexual offences,Investigation complete; no suspect identified,
9d6858481c37164fa8ecb00f5857187da4da99929c373800a95cc00026b665c8,2024-03,Hampshire Constabulary,Hampshire Constabulary,-1.001049,50.792390,On or near Park Road,E01022943,Havant 015B,Violence and sexual offences,Unable to prosecute suspect,
2d4e4b2b01d3d71ccf5b96aeaf7e7d6a4f54ce9a0c0f8163423aa5bad2ffd5e8,2024-03,Hampshire Constabulary,Hampshire Constabulary,-0.993923,50.787284,On or near Westmead Close,E01022943,Havant 015B,Violence and sexual offences,Unable to prosecute suspect,
5268bec96647d9b94ac8876bd1d23b1bb27f026fa57e96c321e781ecc37bfb89,2024-03,Hampshire Constabulary,Hampshire Constabulary,-1.000691,50.786596,On or near Parking Area,E01022943,Havant 015B,Criminal damage and arson,Investigation complete; no suspect identified,
347cdcff2a836d174ba887fd0157ea2ed31aaa86e6a14690a460e82b85d162ed,2024-03,Hampshire Constabulary,Hampshire Constabulary,-0.983227,50.821949,On or near Parking Area,E01022943,Havant 015B,Drugs,Status update unavailable,
1350760fb4dd70ee0d36e476d8bdd12c4b33b5e816de403dc1a61f81308c073f,2024-03,Hampshire Constabulary,Hampshire Constabulary,-0.993923,50.787284,On or near Westmead Close,E01022943,Havant 015B,Violence and sexual offences,Unable to prosecute suspect,
e5eff7a639f6db7f86bd720dab44154ce62af8965044674dd0290bd3870199cf,2024-03,Hampshire Constabulary,Hampshire Constabulary,-0.982026,50.822325,On or near Petrol Station,E01022944,Havant 015C,Other theft,Investigation complete; no suspect identified,
afd001784b5fa0e259c828b737f3cc4cd9b64f9ef5eff4b23035f053d1a8c813,2024-03,Hampshire Constabulary,Hampshire Constabulary,-0.978107,50.809997,On or near Daw Lane,E01022944,Havant 015C,Violence and sexual offences,Unable to prosecute suspect,
7d363221c5d3a410cf58c262b9bc7f497bbdc9bbc0a05144c20c8ae2cde562dd,2024-03,Hampshire Constabulary,Hampshire Constabulary,-0.982026,50.822325,On or near Petrol Station,E01022944,Havant 015C,Other theft,Investigation complete; no suspect identified,
cb34da72151202553bd575cf4f19b07497652ecf3536e080dd4460d2894e5cfd,2024-03,Hampshire Constabulary,Hampshire Constabulary,-0.982026,50.822325,On or near Petrol Station,E01022944,Havant 015C,Public order,Investigation complete; no suspect identified,
8561877582d477b36f17f97dca10b9a1c699151cf4d60d7e8e9e66951dcbb438,2024-03,Hampshire Constabulary,Hampshire Constabulary,-0.977212,50.824306,On or near Kingsway,E01022944,Havant 015C,Vehicle crime,Investigation complete; no suspect identified,
e0feadf18b77366283e5cf5641d6be17b93d68a8d9d76cc838c570f9278267da,2024-03,Hampshire Constabulary,Hampshire Constabulary,-0.976820,50.811713,On or near Havant Road,E01022944,Havant 015C,Violence and sexual offences,Unable to prosecute suspect,
53cb94b4a66c95414f61bfe4962980b75af16eeba5cadd12412d6ae8ca8aabc2,2024-03,Hampshire Constabulary,Hampshire Constabulary,-0.978107,50.809997,On or near Daw Lane,E01022944,Havant 015C,Violence and sexual offences,Unable to prosecute suspect,
ae50fe99bf28d617fc6841c372e156779e27927431094fa3da5a35347dcddbce,2024-03,Hampshire Constabulary,Hampshire Constabulary,-0.976018,50.797101,On or near Church Road,E01022946,Havant 015D,Public order,Investigation complete; no suspect identified,
f22aa44e8a4dc3b765b951379496e3566fad781153344156046cfa11773dca40,2024-03,Hampshire Constabulary,Hampshire Constabulary,-0.989573,50.798218,On or near Denhill Close,E01022946,Havant 015D,Robbery,Unable to prosecute suspect,
29f256a0a67e682ce2bd97c75a1e86a493bbb520197250509caa24b10b9dff21,2024-03,Hampshire Constabulary,Hampshire Constabulary,-0.983145,50.798243,On or near Higworth Lane,E01022946,Havant 015D,Violence and sexual offences,Unable to prosecute suspect,
fbf2bcd1df0aabd12f3742ab8ce6272f9824a8715eee1e2b7823c9735bfd6980,2024-03,Hampshire Constabulary,Hampshire Constabulary,-0.993374,50.793053,On or near Billy Road,E01022946,Havant 015D,Violence and sexual offences,Unable to prosecute suspect,
f951cb4b6ec8fb8e4856e3dda22116cf8a782294897205340f0a3c4e29df1bb7,2024-03,Hampshire Constabulary,Hampshire Constabulary,-0.993374,50.793053,On or near Billy Road,E01022946,Havant 015D,Violence and sexual offences,Unable to prosecute suspect,
caa68a99e5c3354d230a55a13a9b32eccc87e03eda16c1d7fdf78872089ab662,2024-03,Hampshire Constabulary,Hampshire Constabulary,-0.993374,50.793053,On or near Billy Road,E01022946,Havant 015D,Other theft,Investigation complete; no suspect identified,
a65a867e512105b91131442adf74280d74a957d268b3c78dbf4e6de0c1b05aaf,2024-03,Hampshire Constabulary,Hampshire Constabulary,-0.988924,50.790838,On or near Grayland Close,E01022946,Havant 015D,Vehicle crime,Investigation complete; no suspect identified,
c169654e371e7c975bede8d99cd69c5cd247f707c1ec6334b14e768ae714fa38,2024-03,Hampshire Constabulary,Hampshire Constabulary,-0.983145,50.798243,On or near Higworth Lane,E01022946,Havant 015D,Violence and sexual offences,Unable to prosecute suspect,
58c9696d81459e1fb10249e15a970e6b67aac70d9e04f6d0d4bbdfa1aac50fb9,2024-03,Hampshire Constabulary,Hampshire Constabulary,-0.975115,50.787147,On or near Supermarket,E01022940,Havant 016A,Shoplifting,Investigation complete; no suspect identified,
,2024-03,Hampshire Constabulary,Hampshire Constabulary,-0.961070,50.780773,On or near Meath Close,E01022940,Havant 016A,Anti-social behaviour,,
,2024-03,Hampshire Constabulary,Hampshire Constabulary,-0.961070,50.780773,On or near Meath Close,E01022940,Havant 016A,Anti-social behaviour,,
61680bb3a2a4d7fddf96e2e0bf32181ccbfd4b729819e808c5f9b44650a84860,2024-03,Hampshire Constabulary,Hampshire Constabulary,-0.972683,50.782890,On or near Hayling Seaside Railway,E01022940,Havant 016A,Other theft,Investigation complete; no suspect identified,
00f06ed90da921698c7e747d44f34ddacd1f7ed79798b6a461df53849155a5e2,2024-03,Hampshire Constabulary,Hampshire Constabulary,-0.976440,50.784263,On or near Webb Close,E01022940,Havant 016A,Other theft,Investigation complete; no suspect identified,
cf2a5b84c88539402025d635bfbaf27079fbef9c92bf1f5e24328f4dfd912e8a,2024-03,Hampshire Constabulary,Hampshire Constabulary,-0.966318,50.785289,On or near Silversands Gardens,E01022940,Havant 016A,Violence and sexual offences,Unable to prosecute suspect,
5bc6613aec57e3f4d0e2c0f4f3e06c5e2462ba4b38d09f8b5a4cd218490fe17c,2024-03,Hampshire Constabulary,Hampshire Constabulary,-0.966318,50.785289,On or near Silversands Gardens,E01022940,Havant 016A,Violence and sexual offences,Unable to prosecute suspect,
6cdaac5fd0a292f8669fd1bee21eb58aab3b3195f961da1aacc5236c5cdd8a18,2024-03,Hampshire Constabulary,Hampshire Constabulary,-0.991794,50.786690,On or near Parking Area,E01022942,Havant 016B,Burglary,Unable to prosecute suspect,
7c5fa7631416eb36a11b3eb113130dd63d0fbb571fbc62885c4d5f1ffc318e2a,2024-03,Hampshire Constabulary,Hampshire Constabulary,-0.987305,50.786309,On or near St Johns Close,E01022942,Havant 016B,Public order,Unable to prosecute suspect,
d283497cd04b85fa538112a5c5986dd25239ad60da31360dd9855bbbb6cf28a6,2024-03,Hampshire Constabulary,Hampshire Constabulary,-0.987305,50.786309,On or near St Johns Close,E01022942,Havant 016B,Public order,Unable to prosecute suspect,
138b3855b0bd5cdaf14c044b42d03df6311954dda88d10e4722a560b3ba56894,2024-03,Hampshire Constabulary,Hampshire Constabulary,-0.986160,50.785481,On or near Sea Front,E01022942,Havant 016B,Violence and sexual offences,Unable to prosecute suspect,
e402d9dfaefbb875b2972a8eb82003eb7ba35d884d6fe8d186e0c13606c861ee,2024-03,Hampshire Constabulary,Hampshire Constabulary,-0.989327,50.785284,On or near Parking Area,E01022942,Havant 016B,Violence and sexual offences,Unable to prosecute suspect,
e9dca5a77fd76e1dcd6f24b4da5f6093ff3ac0eba6d6912b6c5e3e778ba6e10a,2024-03,Hampshire Constabulary,Hampshire Constabulary,-0.991794,50.786690,On or near Parking Area,E01022942,Havant 016B,Violence and sexual offences,Unable to prosecute suspect,
5ed8008ee6753804e77207906dae57dfdf08157c1704c0b378a5c1c407fd8f6b,2024-03,Hampshire Constabulary,Hampshire Constabulary,-0.990506,50.786562,On or near Magdala Road,E01022942,Havant 016B,Violence and sexual offences,Unable to prosecute suspect,
7e8a497325bef3bebf382631c25dd13b3bc9c240ca1a368caa3d14bd349fa612,2024-03,Hampshire Constabulary,Hampshire Constabulary,-0.990506,50.786562,On or near Magdala Road,E01022942,Havant 016B,Violence and sexual offences,Unable to prosecute suspect,
4079f799a64c103231b70d7138c7c529cacff8c17d05f22ce162017613e06284,2024-03,Hampshire Constabulary,Hampshire Constabulary,-0.989381,50.786750,On or near Green Lane,E01022942,Havant 016B,Violence and sexual offences,Unable to prosecute suspect,
9ad688736430351c01734911f0f5d112502fab129ec8b24598672e1ee5718ce2,2024-03,Hampshire Constabulary,Hampshire Constabulary,-0.989381,50.786750,On or near Green Lane,E01022942,Havant 016B,Violence and sexual offences,Unable to prosecute suspect,
,2024-03,Hampshire Constabulary,Hampshire Constabulary,-0.991794,50.786690,On or near Parking Area,E01022942,Havant 016B,Anti-social behaviour,,
,2024-03,Hampshire Constabulary,Hampshire Constabulary,-0.990506,50.786562,On or near Magdala Road,E01022942,Havant 016B,Anti-social behaviour,,
6837f286c1eb305db0829230b53e20c3a6579b882c88c1dfd3e9eeaef2b12df0,2024-03,Hampshire Constabulary,Hampshire Constabulary,-0.987305,50.786309,On or near St Johns Close,E01022942,Havant 016B,Burglary,Status update unavailable,
20d34124ab3e46713d8eac47928db40ba94c169c9a67c234d6f589d77e8f5cca,2024-03,Hampshire Constabulary,Hampshire Constabulary,-0.989327,50.785284,On or near Parking Area,E01022942,Havant 016B,Criminal damage and arson,Investigation complete; no suspect identified,
fa54df6d32ffe62848943d27c12295443e76dfb33c27e4fee31abd2212f47336,2024-03,Hampshire Constabulary,Hampshire Constabulary,-0.991794,50.786690,On or near Parking Area,E01022942,Havant 016B,Criminal damage and arson,Status update unavailable,
08db7344f9600f4e9b1cf3c3076862b03d5af938dc79d32830edf4a1ee691118,2024-03,Hampshire Constabulary,Hampshire Constabulary,-0.989381,50.786750,On or near Green Lane,E01022942,Havant 016B,Public order,Investigation complete; no suspect identified,
b15799da0ed4442964efb1935928e3f8fdd5aaaeddcbb158fbb078dd366f4c74,2024-03,Hampshire Constabulary,Hampshire Constabulary,-0.987735,50.784128,On or near Parking Area,E01022942,Havant 016B,Violence and sexual offences,Unable to prosecute suspect,
5e109f1060be2c7f8f808c69b39f5dc89c75bbbf06f754ff0657c7ecf5a2bf18,2024-03,Hampshire Constabulary,Hampshire Constabulary,-0.989381,50.786750,On or near Green Lane,E01022942,Havant 016B,Violence and sexual offences,Unable to prosecute suspect,
bb631d186ace28db9cb534834b4857c7c454e906e686ad8db51c9de81c7833e7,2024-03,Hampshire Constabulary,Hampshire Constabulary,-0.977874,50.792675,On or near Parking Area,E01022945,Havant 016C,Other theft,Investigation complete; no suspect identified,
e9152282ae3591b0b7785ca8e7b9571d817e0c2e208e8ebd3448b33381e3ab66,2024-03,Hampshire Constabulary,Hampshire Constabulary,-0.985301,50.788459,On or near Garden Close,E01022945,Havant 016C,Violence and sexual offences,Unable to prosecute suspect,
95429f261b4a498046ab0d1fe9bb1b2d60d0f66c32c8f19bf326295e3acdf4d3,2024-03,Hampshire Constabulary,Hampshire Constabulary,-0.983915,50.788897,On or near South Road,E01022945,Havant 016C,Violence and sexual offences,Unable to prosecute suspect,
10ebb40d67cebd27b7803db1f01881d259f7499ceb05b7d98b38dd20224e7df3,2024-03,Hampshire Constabulary,Hampshire Constabulary,-0.985910,50.787170,On or near Westfield Oaks,E01022945,Havant 016C,Violence and sexual offences,Unable to prosecute suspect,
,2024-03,Hampshire Constabulary,Hampshire Constabulary,-0.986355,50.786931,On or near Old Timbers,E01022945,Havant 016C,Anti-social behaviour,,
4262db02ac6ccacf8d021a0dc650d515edd68cff5ec6a4d38de2bbddd0f26320,2024-03,Hampshire Constabulary,Hampshire Constabulary,-0.977587,50.788293,On or near Parking Area,E01022945,Havant 016C,Criminal damage and arson,Investigation complete; no suspect identified,
9bb2199585f10162eae512150c8c914240ddf1a0934ffe163f57711bf26be8a0,2024-03,Hampshire Constabulary,Hampshire Constabulary,-0.977587,50.788293,On or near Parking Area,E01022945,Havant 016C,Criminal damage and arson,Investigation complete; no suspect identified,
516d2c447fff22e642510031c9bfb968fbb025e5b775c6be07d80e72c17ae3c0,2024-03,Hampshire Constabulary,Hampshire Constabulary,-0.978682,50.787511,On or near Elm Close,E01022945,Havant 016C,Violence and sexual offences,Investigation complete; no suspect identified,
0a82cfa27c62c228a72e85655ddf229fa74985cbac0a6a8051c24aefe16a87a2,2024-03,Hampshire Constabulary,Hampshire Constabulary,-0.983478,50.786177,On or near Victoria Avenue,E01022945,Havant 016C,Violence and sexual offences,Unable to prosecute suspect,
b601893e823365cb1cc861bba9a88539522fa9dc683ec7d3ae9247ce82478e4d,2024-03,Hampshire Constabulary,Hampshire Constabulary,-0.985910,50.787170,On or near Westfield Oaks,E01022945,Havant 016C,Violence and sexual offences,Unable to prosecute suspect,
dff9f9fc7eaf72b8643c6a89b48bd90b3f54bf3214d73bd8c4e672ddd6eba8c3,2024-03,Hampshire Constabulary,Hampshire Constabulary,-0.978682,50.787511,On or near Elm Close,E01022945,Havant 016C,Violence and sexual offences,Unable to prosecute suspect,
3859ccb4918796a4a04d7ed822cbf01f4b43e828d69d17dd26f44cdb66df3021,2024-03,Hampshire Constabulary,Hampshire Constabulary,-0.985910,50.787170,On or near Westfield Oaks,E01022945,Havant 016C,Violence and sexual offences,Status update unavailable,
d806a599c7f33247d56d284a205776d263cd2c455cc9ffbaf001cf60def7277e,2024-03,Hampshire Constabulary,Hampshire Constabulary,-0.985910,50.787170,On or near Westfield Oaks,E01022945,Havant 016C,Violence and sexual offences,Unable to prosecute suspect,
4937bf55b622c872675a6bdfdd50efe28294109ba76c8ba889366c8f3f9ae645,2024-03,Hampshire Constabulary,Hampshire Constabulary,-0.952263,50.780074,On or near Creek Road,E01022936,Havant 017A,Robbery,Investigation complete; no suspect identified,
887cdaa3e1e201842bc9cb23b92a40dfa29e40c8b7d6a1cec13c194cc300555a,2024-03,Hampshire Constabulary,Hampshire Constabulary,-0.952743,50.778253,On or near Parking Area,E01022936,Havant 017A,Violence and sexual offences,Unable to prosecute suspect,
e1d8aa838a5ab976102e3433b36748a87558646dbd8f1aec79feeb6f9da5c020,2024-03,Hampshire Constabulary,Hampshire Constabulary,-0.976258,50.793263,On or near Legion Road,E01022938,Havant 017B,Public order,Further investigation is not in the public interest,
c14f3dbb61e8ccfd335b7c9311a86da4971b6a7ea39fdd7f67978b6230b2b768,2024-03,Hampshire Constabulary,Hampshire Constabulary,-0.976055,50.787641,On or near Mengham Road,E01022938,Havant 017B,Public order,Unable to prosecute suspect,
a0172e8c6d316acca9188e64d9ec393432ba97ae6902ec240cfa5fae19197769,2024-03,Hampshire Constabulary,Hampshire Constabulary,-0.976055,50.787641,On or near Mengham Road,E01022938,Havant 017B,Shoplifting,Court result unavailable,
55f51aa35c162ae08b8cd24555f75814e2bf78cab03c63f7aece9344676c891f,2024-03,Hampshire Constabulary,Hampshire Constabulary,-0.976055,50.787641,On or near Mengham Road,E01022938,Havant 017B,Violence and sexual offences,Unable to prosecute suspect,
5266f36169d8f9e849bb9e8fcb321eda6aecb5e03fdb69b1566a98f794613b83,2024-03,Hampshire Constabulary,Hampshire Constabulary,-0.976402,50.793708,On or near Supermarket,E01022938,Havant 017B,Violence and sexual offences,Unable to prosecute suspect,
568f0334aabe795f6f40750b4d397f073815810715e4733c6a24282eb746557b,2024-03,Hampshire Constabulary,Hampshire Constabulary,-0.969933,50.793145,On or near Laburnum Grove,E01022938,Havant 017B,Violence and sexual offences,Unable to prosecute suspect,
ae6f46423354f4431d14f790e2a92d2057b57c1a79cb15fda32d65eca1c988af,2024-03,Hampshire Constabulary,Hampshire Constabulary,-0.976402,50.793708,On or near Supermarket,E01022938,Havant 017B,Violence and sexual offences,Awaiting court outcome,
77b6866768c74e80b21fdf481dafb32b863023278a17850a6ee034464ed26e9d,2024-03,Hampshire Constabulary,Hampshire Constabulary,-0.976402,50.793708,On or near Supermarket,E01022938,Havant 017B,Violence and sexual offences,Awaiting court outcome,
099a8c51f127be29d9e9759efedbb9d80f97e8c191ae3027a7ec12bfc413dc2b,2024-03,Hampshire Constabulary,Hampshire Constabulary,-0.976258,50.793263,On or near Legion Road,E01022938,Havant 017B,Violence and sexual offences,Unable to prosecute suspect,
7e17eb97e9f52d44246012bc3f7f2ff14b39c1a2d9df336aaed20f2e7f3f3896,2024-03,Hampshire Constabulary,Hampshire Constabulary,-0.976402,50.793708,On or near Supermarket,E01022938,Havant 017B,Violence and sexual offences,Unable to prosecute suspect,
df3d9ec5ba3617b4e8e7c489ba918ffe6f77ef293898b9e8f036c2a0742ff6de,2024-03,Hampshire Constabulary,Hampshire Constabulary,-0.976055,50.787641,On or near Mengham Road,E01022938,Havant 017B,Violence and sexual offences,Unable to prosecute suspect,
,2024-03,Hampshire Constabulary,Hampshire Constabulary,-0.977136,50.790762,On or near Elm Grove,E01022938,Havant 017B,Anti-social behaviour,,
7fcaedb1654ab079a8bdd2680941e00d15e93f2f2e4df0e35e7cb3d9b950c95f,2024-03,Hampshire Constabulary,Hampshire Constabulary,-0.976055,50.787641,On or near Mengham Road,E01022938,Havant 017B,Shoplifting,Unable to prosecute suspect,
3586eb8f490bf07411daf73bc334552eaa592667a625df6b3a3b0f5c44535d5d,2024-03,Hampshire Constabulary,Hampshire Constabulary,-0.976055,50.787641,On or near Mengham Road,E01022938,Havant 017B,Shoplifting,Unable to prosecute suspect,
81412661e82176630de6a417ff61120113c8940d6bbaa84dffeccfedd8b85e22,2024-03,Hampshire Constabulary,Hampshire Constabulary,-0.972247,50.794352,On or near Tournerbury Lane,E01022938,Havant 017B,Vehicle crime,Investigation complete; no suspect identified,
768e5a74f6d00c07828933b0521641980afbc2ddcb701b61d992ed7563ff4850,2024-03,Hampshire Constabulary,Hampshire Constabulary,-0.963054,50.785341,On or near Ilex Walk,E01022939,Havant 017C,Violence and sexual offences,Unable to prosecute suspect,
947bbd704c48929aac24149b0e8feface2a4af0b6b5b4f766eb206e76e2285a8,2024-03,Hampshire Constabulary,Hampshire Constabulary,-0.963054,50.785341,On or near Ilex Walk,E01022939,Havant 017C,Violence and sexual offences,Unable to prosecute suspect,
9807258509b6fc8cc1b147e6ae241d85a9a187ca2c701568c58818a55b985301,2024-03,Hampshire Constabulary,Hampshire Constabulary,-0.963054,50.785341,On or near Ilex Walk,E01022939,Havant 017C,Violence and sexual offences,Unable to prosecute suspect,
453426ab924bf5656b0ae831c35dca6b20327de36f727bb0a59f19a422d53f26,2024-03,Hampshire Constabulary,Hampshire Constabulary,-0.962293,50.784462,On or near Fishery Lane,E01022939,Havant 017C,Criminal damage and arson,Investigation complete; no suspect identified,
9c8ffda46c9be50e7c21858ba8690f8959dc8d12ad09dda987982391d12485d2,2024-03,Hampshire Constabulary,Hampshire Constabulary,-0.961662,50.787964,On or near Salterns Close,E01022939,Havant 017C,Criminal damage and arson,Investigation complete; no suspect identified,
0353de5d92b86bb4207275ae349642fd91f13624e512480b431d464429886c4d,2024-03,Hampshire Constabulary,Hampshire Constabulary,-0.961662,50.787964,On or near Salterns Close,E01022939,Havant 017C,Criminal damage and arson,Investigation complete; no suspect identified,
5c14867d9dc62d503427d2d083514453f565cee3be31ac63f5b69fa404df6f62,2024-03,Hampshire Constabulary,Hampshire Constabulary,-0.963652,50.781399,On or near The Glade,E01022939,Havant 017C,Violence and sexual offences,Unable to prosecute suspect,
f1c01233a8f51985b4d8d44df443df79d399d64a8b24a7067dd2ea164b27a722,2024-03,Hampshire Constabulary,Hampshire Constabulary,-0.965887,50.786158,On or near Whitethorn Road,E01022939,Havant 017C,Violence and sexual offences,Unable to prosecute suspect,
bee958ea7f9e3becbddfec5f390acdd215095edc304a9282aace75e13179fc66,2024-03,Hampshire Constabulary,Hampshire Constabulary,-0.963054,50.785341,On or near Ilex Walk,E01022939,Havant 017C,Violence and sexual offences,Unable to prosecute suspect,
af879724062155ebfd599bc09159aebde6979c89878bd5581501fcf644f6e368,2024-03,Hampshire Constabulary,Hampshire Constabulary,-0.951452,50.779554,On or near Parking Area,E01022941,Havant 017D,Violence and sexual offences,Unable to prosecute suspect,
0fcd20899fe68d5b16ded4b71b64c410348da6eec4d8bb2bf5e4d07f17d84b86,2024-03,Hampshire Constabulary,Hampshire Constabulary,-0.943802,50.781616,On or near Haslemere Gardens,E01022941,Havant 017D,Burglary,Investigation complete; no suspect identified,
0eeba8772c33bf4a6f2763c4c8e85f2420bd82781d60d499bd23225094aed8eb,2024-03,Hampshire Constabulary,Hampshire Constabulary,-0.943802,50.781616,On or near Haslemere Gardens,E01022941,Havant 017D,Burglary,Status update unavailable,
7e7ff4119b6e8550414b0b9870958241c4f343b87712ff7f7e705733cea20aa8,2024-03,Hampshire Constabulary,Hampshire Constabulary,-0.943802,50.781616,On or near Haslemere Gardens,E01022941,Havant 017D,Criminal damage and arson,Investigation complete; no suspect identified,
3ee30cfabb482da2ed618216a3aa839efd6d069d2da38faaceabf72b60f8a55e,2024-03,Hampshire Constabulary,Hampshire Constabulary,-0.943802,50.781616,On or near Haslemere Gardens,E01022941,Havant 017D,Criminal damage and arson,Investigation complete; no suspect identified,
6557e6f4ea52dfeb0acb1e29a661f0bf282f8ce778f5f1c57c1d72c7a7549c1b,2024-03,Hampshire Constabulary,Hampshire Constabulary,-0.951452,50.779554,On or near Parking Area,E01022941,Havant 017D,Violence and sexual offences,Investigation complete; no suspect identified,
02f86e6e0063f5477d6b8026721c2060d09648ae2f7348f015448bb1d33f5921,2024-03,Hampshire Constabulary,Hampshire Constabulary,-0.943626,50.779375,On or near Treloar Road,E01022941,Havant 017D,Violence and sexual offences,Unable to prosecute suspect,
b737b67f3e4bc9d1544f7861f22a252a48431c7d9041511b9cb796a7dbcb1c44,2024-03,Hampshire Constabulary,Hampshire Constabulary,-0.942213,50.781629,On or near Pagham Gardens,E01022941,Havant 017D,Violence and sexual offences,Unable to prosecute suspect,
0d6ae5ae679fd868cd276b49fd6f563f36f1107fac119a0d1f236c980dd71c62,2024-03,Hampshire Constabulary,Hampshire Constabulary,-0.942127,50.783552,On or near Earnley Road,E01022941,Havant 017D,Violence and sexual offences,Unable to prosecute suspect,
1671609c4d09db34b69ecdaf58e59dddf63b0c86f2940d8322c2699a129165b8,2024-03,Hampshire Constabulary,Hampshire Constabulary,-1.000024,50.864149,On or near Petrol Station,E01022899,Havant 018A,Criminal damage and arson,Unable to prosecute suspect,
c87104473285af8a8f227ba46242fd451bc6b88fc31045f051723886e5dfd68f,2024-03,Hampshire Constabulary,Hampshire Constabulary,-1.000024,50.864149,On or near Petrol Station,E01022899,Havant 018A,Criminal damage and arson,Investigation complete; no suspect identified,
a4d102a00e8712b9be2c266249ccc5c5339d42210f7b44ca8bd6a0b0383c5321,2024-03,Hampshire Constabulary,Hampshire Constabulary,-1.005714,50.864102,On or near Dockenfield Close,E01022899,Havant 018A,Violence and sexual offences,Unable to prosecute suspect,
027033168864c8995ccc631e3c29966e80fea810cdc75a48f9f2fdd3fbd96ecc,2024-03,Hampshire Constabulary,Hampshire Constabulary,-1.008837,50.864893,On or near Ampfield Close,E01022899,Havant 018A,Violence and sexual offences,Court result unavailable,
f8e7115b3cb1a399c7164cee0a66a38f1297a829c155c8cd307cffbc3b2fdb45,2024-03,Hampshire Constabulary,Hampshire Constabulary,-1.008837,50.864893,On or near Ampfield Close,E01022899,Havant 018A,Violence and sexual offences,Unable to prosecute suspect,
63b28109b7b1dabb8d975b146bb16788546c1917498a61ac083f490c9b6b69ba,2024-03,Hampshire Constabulary,Hampshire Constabulary,-1.003351,50.864271,On or near Awbridge Road,E01022899,Havant 018A,Burglary,Investigation complete; no suspect identified,
4e831114f19d25f230284afa11c083d936dd67355b24456289d473d7cfd67361,2024-03,Hampshire Constabulary,Hampshire Constabulary,-1.000024,50.864149,On or near Petrol Station,E01022899,Havant 018A,Other theft,Investigation complete; no suspect identified,
0b6533e8d9463e4955517e957a671af9d9885e50ba9d56e0f19c16aa2c10b94d,2024-03,Hampshire Constabulary,Hampshire Constabulary,-1.000024,50.864149,On or near Petrol Station,E01022899,Havant 018A,Other theft,Investigation complete; no suspect identified,
81786692d179aaad839cf044400c72e11e9ea71cb5918f61c505f7b041684e2e,2024-03,Hampshire Constabulary,Hampshire Constabulary,-1.005904,50.864482,On or near Winchfield Crescent,E01022899,Havant 018A,Violence and sexual offences,Unable to prosecute suspect,
ae22b49f818dc771fd9cb15cf49ea7b19ba5d32f94c907b545495aaf37f356b2,2024-03,Hampshire Constabulary,Hampshire Constabulary,-1.011880,50.864110,On or near Larchwood Avenue,E01022907,Havant 018B,Drugs,Unable to prosecute suspect,
06dc54bd0b10ed0948a91aea55f576c3afe75d6acc56d474f5eaab4ecfd130d1,2024-03,Hampshire Constabulary,Hampshire Constabulary,-1.011880,50.864110,On or near Larchwood Avenue,E01022907,Havant 018B,Public order,Unable to prosecute suspect,
44a8147925f4b1126fb50a61cb0e270c64d93bca2e1d1375b619cc499aea593b,2024-03,Hampshire Constabulary,Hampshire Constabulary,-1.011880,50.864110,On or near Larchwood Avenue,E01022907,Havant 018B,Public order,Unable to prosecute suspect,
0c0f81911a4127a0f7d1b0a4568f1062ea14ae4acb666200941b26d58f191048,2024-03,Hampshire Constabulary,Hampshire Constabulary,-1.011880,50.864110,On or near Larchwood Avenue,E01022907,Havant 018B,Public order,Unable to prosecute suspect,
05a597b34db9be38afbf61f13c95abf389378a53155ae696794b923a93496297,2024-03,Hampshire Constabulary,Hampshire Constabulary,-1.010789,50.864631,On or near Petrol Station,E01022907,Havant 018B,Shoplifting,Investigation complete; no suspect identified,
6e6d546724b8cf91463daf698561c3de3d5723f6ac3178e6fa18b49d2bc79ca2,2024-03,Hampshire Constabulary,Hampshire Constabulary,-1.011880,50.864110,On or near Larchwood Avenue,E01022907,Havant 018B,Shoplifting,Investigation complete; no suspect identified,
4d6fdc35f0f23552b0c2b0c0b369b9556cc2ab219f49d7a6ff7d712ba6832157,2024-03,Hampshire Constabulary,Hampshire Constabulary,-1.011880,50.864110,On or near Larchwood Avenue,E01022907,Havant 018B,Violence and sexual offences,Unable to prosecute suspect,
096d19c162cffcc0c94825dba85fc9999e049ec8154b4c00a1aaaf9fc09356e4,2024-03,Hampshire Constabulary,Hampshire Constabulary,-1.011880,50.864110,On or near Larchwood Avenue,E01022907,Havant 018B,Violence and sexual offences,Court result unavailable,
7c4f3aa6504c1d2455d4f3a39cca326507bb7e6f535ba61bee935e7d5882359b,2024-03,Hampshire Constabulary,Hampshire Constabulary,-1.006364,50.860250,On or near Newbarn Road,E01022907,Havant 018B,Bicycle theft,Investigation complete; no suspect identified,
10f9ad51d2114d28cd645ba58679a274c3bce522053860fa510547d7fc6ef97b,2024-03,Hampshire Constabulary,Hampshire Constabulary,-1.011880,50.864110,On or near Larchwood Avenue,E01022907,Havant 018B,Public order,Investigation complete; no suspect identified,
32f5783736dfc2b393e5229235c6b1785de393a54863d837da1731a37db10f49,2024-03,Hampshire Constabulary,Hampshire Constabulary,-1.011880,50.864110,On or near Larchwood Avenue,E01022907,Havant 018B,Shoplifting,Investigation complete; no suspect identified,
c79bfd5019e642e7ae6c033245e064fce39615f2f427787883b119d61035326b,2024-03,Hampshire Constabulary,Hampshire Constabulary,-1.010789,50.864631,On or near Petrol Station,E01022907,Havant 018B,Shoplifting,Investigation complete; no suspect identified,
934264a3346ad155b442d0883aa0c8dbc72f1c27cfec5c43ebb615d050cf01dd,2024-03,Hampshire Constabulary,Hampshire Constabulary,-1.011880,50.864110,On or near Larchwood Avenue,E01022907,Havant 018B,Shoplifting,Investigation complete; no suspect identified,
51502ed79d5fec49c2b12739daf212befe00659047c8570433686606db024af9,2024-03,Hampshire Constabulary,Hampshire Constabulary,-1.010789,50.864631,On or near Petrol Station,E01022907,Havant 018B,Shoplifting,Investigation complete; no suspect identified,
fff858c57743d3008f86a3262e525bc00f0b3872b9f055220c75872477ee3076,2024-03,Hampshire Constabulary,Hampshire Constabulary,-1.005548,50.861853,On or near Hulbert Road,E01022907,Havant 018B,Violence and sexual offences,Unable to prosecute suspect,
d7cf4c53772cfa7983ce65b3c902e51e73e110e67013620e85e9f11245dd970e,2024-03,Hampshire Constabulary,Hampshire Constabulary,-1.011079,50.851612,On or near Bedhampton Hill,E01022909,Havant 018C,Criminal damage and arson,Investigation complete; no suspect identified,
adaa1b9cca9f21eca71ae48241fd0078595f3ec1e5a909d9a954ed8ed440d6c7,2024-03,Hampshire Constabulary,Hampshire Constabulary,-1.011079,50.851612,On or near Bedhampton Hill,E01022909,Havant 018C,Drugs,Formal action is not in the public interest,
9a01d11039ed531f946d501ce52be77fdd2ab4cf9ced9c2c052bf73e1aa19d34,2024-03,Hampshire Constabulary,Hampshire Constabulary,-1.007430,50.852211,On or near Lodge Road,E01022909,Havant 018C,Drugs,Local resolution,
0eb368779786b0d0de6951d525b57155755b62c5ecde07eee427e3881bd6ca03,2024-03,Hampshire Constabulary,Hampshire Constabulary,-1.005060,50.855428,On or near Belmont Grove,E01022909,Havant 018C,Other theft,Unable to prosecute suspect,
badcb5c9701cf6c69e01b8dc21bda5c8bcba2438d4a6e532a7b74900bff2175f,2024-03,Hampshire Constabulary,Hampshire Constabulary,-1.005060,50.855428,On or near Belmont Grove,E01022909,Havant 018C,Public order,Court result unavailable,
b7a48731d77ea73f1195bc6274c72beade2de2bfeb9529e861b230f36350c11e,2024-03,Hampshire Constabulary,Hampshire Constabulary,-1.006757,50.857142,On or near Parkside,E01022909,Havant 018C,Violence and sexual offences,Unable to prosecute suspect,
c6ef66f86c98565008a162aa45787b4238b00aa4033618c810ca0e891114a4fe,2024-03,Hampshire Constabulary,Hampshire Constabulary,-1.006757,50.857142,On or near Parkside,E01022909,Havant 018C,Violence and sexual offences,Court result unavailable,
,2024-03,Hampshire Constabulary,Hampshire Constabulary,-1.009164,50.852154,On or near Maple Wood,E01022909,Havant 018C,Anti-social behaviour,,
,2024-03,Hampshire Constabulary,Hampshire Constabulary,-1.006612,50.858616,On or near Gwatkin Close,E01022909,Havant 018C,Anti-social behaviour,,
,2024-03,Hampshire Constabulary,Hampshire Constabulary,-1.006612,50.858616,On or near Gwatkin Close,E01022909,Havant 018C,Anti-social behaviour,,
e46fd7f35d6e931c783905ab1b217260c8ddc5aedf75b482e5d730223800795c,2024-03,Hampshire Constabulary,Hampshire Constabulary,-1.006976,50.851496,On or near Lower Road,E01022909,Havant 018C,Criminal damage and arson,Unable to prosecute suspect,
3dcf8c8e2bb3e9b7388da6d1b4fe6cf7a1fefbc3c97b7ce13a0207edbacf3233,2024-03,Hampshire Constabulary,Hampshire Constabulary,-1.006976,50.851496,On or near Lower Road,E01022909,Havant 018C,Criminal damage and arson,Investigation complete; no suspect identified,
718884b06cfced62ea53240c3f284bf88a8434c449f22f3b31e74f1f13058fc5,2024-03,Hampshire Constabulary,Hampshire Constabulary,-1.011079,50.851612,On or near Bedhampton Hill,E01022909,Havant 018C,Other theft,Investigation complete; no suspect identified,
d8dfbb8236d37a72b4248ab73c7e0674e27e841835cd07868ea60079d025bcc3,2024-03,Hampshire Constabulary,Hampshire Constabulary,-1.011079,50.851612,On or near Bedhampton Hill,E01022909,Havant 018C,Other theft,Investigation complete; no suspect identified,
683a810b7bcc3d41ba0734c0a5fd18b29f528b837a5c05093f61a1f56826ad1e,2024-03,Hampshire Constabulary,Hampshire Constabulary,-1.005805,50.853780,On or near Brookside Road,E01022909,Havant 018C,Public order,Unable to prosecute suspect,
3f1b6153d606834589418c101bff4a312461367008153df70a6f5dfbbc3a7445,2024-03,Hampshire Constabulary,Hampshire Constabulary,-1.007247,50.851436,On or near Lower Road,E01022909,Havant 018C,Vehicle crime,Investigation complete; no suspect identified,
6b79d22b8cd25a0c1ce07db0ac1893befe03ed86ec577a26ff5cea803af93855,2024-03,Hampshire Constabulary,Hampshire Constabulary,-1.006976,50.851496,On or near Lower Road,E01022909,Havant 018C,Violence and sexual offences,Unable to prosecute suspect,
08c82db3b761585e2f73ed4a518c1f1362e681ab3d455c356c7b930c0d2fd111,2024-03,Hampshire Constabulary,Hampshire Constabulary,-1.011079,50.851612,On or near Bedhampton Hill,E01022909,Havant 018C,Violence and sexual offences,Action to be taken by another organisation,
24d77216e634120f677942f278350cbbde191447d9d677cefad9f56c8ef5e3ea,2024-03,Hampshire Constabulary,Hampshire Constabulary,-1.006976,50.851496,On or near Lower Road,E01022909,Havant 018C,Violence and sexual offences,Unable to prosecute suspect,
69a579641f251271ccbf6979c5b9acf7b09d898aeb9a2ab1a8fd84f4c1696c68,2024-03,Hampshire Constabulary,Hampshire Constabulary,-0.987883,50.856108,On or near Chidham Close,E01022910,Havant 018D,Robbery,Investigation complete; no suspect identified,
5a2c80418eb8efe9039c512d650c79d3a840449e08598634704715054917ceeb,2024-03,Hampshire Constabulary,Hampshire Constabulary,-0.987883,50.856108,On or near Chidham Close,E01022910,Havant 018D,Vehicle crime,Unable to prosecute suspect,
ebce9911ce80194d3735009a0ab75009864121cd7f78a7fb51b22a0e769352df,2024-03,Hampshire Constabulary,Hampshire Constabulary,-0.984094,50.858494,On or near B2149,E01022910,Havant 018D,Violence and sexual offences,Unable to prosecute suspect,
5f406ee160da303765ac39664c8aa826ac6b506e880bdf43ac03c0688e4485ab,2024-03,Hampshire Constabulary,Hampshire Constabulary,-0.987720,50.857707,On or near Further/Higher Educational Building,E01022910,Havant 018D,Violence and sexual offences,Unable to prosecute suspect,
835055a96d30180d5becb743b6dad9446c0ad433fe20f30afc8037b87aaeb3f3,2024-03,Hampshire Constabulary,Hampshire Constabulary,-0.987790,50.852537,On or near Union Road,E01022910,Havant 018D,Violence and sexual offences,Unable to prosecute suspect,
c46e2771a62ff3f7ad54e448ec4befe6521ec7b44c4cf948544d244012657284,2024-03,Hampshire Constabulary,Hampshire Constabulary,-0.987790,50.852537,On or near Union Road,E01022910,Havant 018D,Violence and sexual offences,Unable to prosecute suspect,
,2024-03,Hampshire Constabulary,Hampshire Constabulary,-0.987790,50.852537,On or near Union Road,E01022910,Havant 018D,Anti-social behaviour,,
a5d3e98be3ae26a9cf76b262ff1b28548d2f18832d36b60a31bf4f91382704a0,2024-03,Hampshire Constabulary,Hampshire Constabulary,-0.987790,50.852537,On or near Union Road,E01022910,Havant 018D,Criminal damage and arson,Status update unavailable,
c53fc43d743f4b7f83c00a331e32c4203a85dcdb26d20b46cb854017927bc144,2024-03,Hampshire Constabulary,Hampshire Constabulary,-0.987883,50.856108,On or near Chidham Close,E01022910,Havant 018D,Vehicle crime,Investigation complete; no suspect identified,
8cc93bcfba553c9c8c1604fdbe94489e42bc90513c2a5019419f3452686b2fb7,2024-03,Hampshire Constabulary,Hampshire Constabulary,-0.987883,50.856108,On or near Chidham Close,E01022910,Havant 018D,Violence and sexual offences,Status update unavailable,
a75373bfe6314f8f6b6c24891d7f5c47487b17d13861e06165f80b03cf40a9b8,2024-03,Hampshire Constabulary,Hampshire Constabulary,-0.993220,50.857008,On or near Fraser Road,E01022911,Havant 018E,Public order,Further action is not in the public interest,
,2024-03,Hampshire Constabulary,Hampshire Constabulary,-0.995434,50.856434,On or near Parking Area,E01022911,Havant 018E,Anti-social behaviour,,
4d8648cca25048192cc95f78d56a29c9e153cfb9dfb0b81a2cd0458c3a88da3d,2024-03,Hampshire Constabulary,Hampshire Constabulary,-1.000498,50.860137,On or near Park Lane,E01022911,Havant 018E,Burglary,Investigation complete; no suspect identified,
7f2d3e36408eac976d8488f15dcfa3ed596bc8eadf339a8e8c018e5e8ac6bf5d,2024-03,Hampshire Constabulary,Hampshire Constabulary,-0.993220,50.857008,On or near Fraser Road,E01022911,Havant 018E,Violence and sexual offences,Unable to prosecute suspect,
5140484e253bb0a34cda7df3aae54b70243ec51d43861530029b5f3a1d2c77d8,2024-03,Hampshire Constabulary,Hampshire Constabulary,-0.993220,50.857008,On or near Fraser Road,E01022911,Havant 018E,Violence and sexual offences,Unable to prosecute suspect,
7dc3b347f8e985860a3ed2b88148256004f7166be93dd8fd1b5eb93634e533a8,2024-03,Hampshire Constabulary,Hampshire Constabulary,-0.997640,50.854933,On or near North Street,E01022911,Havant 018E,Violence and sexual offences,Unable to prosecute suspect,
80766e99d00c4e6eaf9fc4c15c46053f4d1bf6b19bc0e3cbf404b5385778a5a0,2024-03,Hampshire Constabulary,Hampshire Constabulary,-0.993220,50.857008,On or near Fraser Road,E01022911,Havant 018E,Violence and sexual offences,Unable to prosecute suspect,
694cf0b39780cde1525edd78cedcd750ce5984a5c2cc08019f5fbd5939b830c2,2024-03,Hampshire Constabulary,Hampshire Constabulary,-1.013461,50.855211,On or near Portsdown View,E01032605,Havant 018F,Criminal damage and arson,Local resolution,
cd79f2b22d893f74391fb8981ef6cd11b50784b44518feff6562ab7b63b98f62,2024-03,Hampshire Constabulary,Hampshire Constabulary,-1.013461,50.855211,On or near Portsdown View,E01032605,Havant 018F,Violence and sexual offences,Unable to prosecute suspect,
3161ecdf0fe42aab531840c35c57e5171a50fe654b40f77f075349fc73f079a5,2024-03,Hampshire Constabulary,Hampshire Constabulary,-1.020903,50.848548,On or near Auriol Drive,E01032605,Havant 018F,Violence and sexual offences,Unable to prosecute suspect,
,2024-03,Hampshire Constabulary,Hampshire Constabulary,-1.004630,50.846252,On or near Parking Area,E01032605,Havant 018F,Anti-social behaviour,,
,2024-03,Hampshire Constabulary,Hampshire Constabulary,-1.020903,50.848548,On or near Auriol Drive,E01032605,Havant 018F,Anti-social behaviour,,
93b43c7e1245b62bb458d0c15e461ed53eb4238eaba36447a55a574b519fbc76,2024-03,Hampshire Constabulary,Hampshire Constabulary,-1.013461,50.855211,On or near Portsdown View,E01032605,Havant 018F,Criminal damage and arson,Status update unavailable,
0daac6c92393db889daa70882f59faf0dfc51a0879b8b88f9d2d6e20b702791f,2024-03,Hampshire Constabulary,Hampshire Constabulary,-1.013461,50.855211,On or near Portsdown View,E01032605,Havant 018F,Violence and sexual offences,Investigation complete; no suspect identified,
02d12f05403c6af2f26e269e9eb28a7bd1e3ca16ae2cff94a97f012a0e6b9adf,2024-03,Hampshire Constabulary,Hampshire Constabulary,-1.014721,50.851337,On or near Spinnaker View,E01032605,Havant 018F,Violence and sexual offences,Status update unavailable,
6fcdfd0ceee045247a7d5b0d449bdf183f232bb6d565488820b621b776428acb,2024-03,Hampshire Constabulary,Hampshire Constabulary,-1.016604,50.850984,On or near Portsea View,E01032605,Havant 018F,Violence and sexual offences,Investigation complete; no suspect identified,
58f27d280ad87727ab4c9cee8a460f62ef5468ef29ef98f9d2789891ec53e173,2024-03,Hampshire Constabulary,Hampshire Constabulary,-1.013461,50.855211,On or near Portsdown View,E01032605,Havant 018F,Violence and sexual offences,Unable to prosecute suspect,
e18cc1451e9d5122e560404ed73db74751d9038b281a08444bd4e891ec96fb56,2024-03,Hampshire Constabulary,Hampshire Constabulary,-1.020722,50.902628,On or near Crombie Close,E01022919,Havant 019A,Violence and sexual offences,Unable to prosecute suspect,
b9ce0bd9dd90213a61a18d056dd8695315eb97ffd3867b38468639a58c34e824,2024-03,Hampshire Constabulary,Hampshire Constabulary,-1.020722,50.902628,On or near Crombie Close,E01022919,Havant 019A,Criminal damage and arson,Investigation complete; no suspect identified,
d5eba42c06017eeccddceed257e0624a38b091dcd5cdae6d5578189814b4de18,2024-03,Hampshire Constabulary,Hampshire Constabulary,-1.018722,50.904410,On or near Aspen Way,E01022919,Havant 019A,Criminal damage and arson,Investigation complete; no suspect identified,
9df79954de672d3040784af33ed58159a08e8ccdeeb0bb63e94b02039aa99101,2024-03,Hampshire Constabulary,Hampshire Constabulary,-1.028702,50.897731,On or near Shelley Gardens,E01022933,Havant 019B,Other theft,Investigation complete; no suspect identified,
5e67462eac5e9f8f815bba19f3ca04fbc1194e7d4998450b20e8f05c097314f7,2024-03,Hampshire Constabulary,Hampshire Constabulary,-1.024018,50.901424,On or near Sparrow Close,E01022933,Havant 019B,Public order,Court result unavailable,
7c27e5af0831e7c52925faa6cf774740c7ae875b3f3825cf7ccda6114a7265b8,2024-03,Hampshire Constabulary,Hampshire Constabulary,-1.027866,50.898956,On or near Thrush Walk,E01022933,Havant 019B,Violence and sexual offences,Unable to prosecute suspect,
4af78b920c32f1efaf95e4c85c350645dbc7f7795090fd4fcba9c29ae121a98d,2024-03,Hampshire Constabulary,Hampshire Constabulary,-1.029824,50.900564,On or near Grebe Close,E01022933,Havant 019B,Violence and sexual offences,Unable to prosecute suspect,
b73f318350789a8fd5c6a619067b062be850c32778dd04602543943fbb1a9115,2024-03,Hampshire Constabulary,Hampshire Constabulary,-1.029824,50.900564,On or near Grebe Close,E01022933,Havant 019B,Violence and sexual offences,Unable to prosecute suspect,
14b4a60262e4ced7fac259c8df1427db56dd06c9854ca6e4a663b7d32128502c,2024-03,Hampshire Constabulary,Hampshire Constabulary,-1.026125,50.901297,On or near Dove Close,E01022933,Havant 019B,Violence and sexual offences,Unable to prosecute suspect,
44ac3243dac03bd392e071b554f4f09743d25234cfc13c210213a98b2aeeec9f,2024-03,Hampshire Constabulary,Hampshire Constabulary,-1.028702,50.897731,On or near Shelley Gardens,E01022933,Havant 019B,Violence and sexual offences,Unable to prosecute suspect,
53e682ea74ce69f75a40f28aeacd65a02ba93d744cd95d7512c6ebe62158f436,2024-03,Hampshire Constabulary,Hampshire Constabulary,-1.029824,50.900564,On or near Grebe Close,E01022933,Havant 019B,Violence and sexual offences,Unable to prosecute suspect,
0ceb86767518ae0f8143b9f21d3751e81bbd1fd7c1eb8112ea19a4be557531f8,2024-03,Hampshire Constabulary,Hampshire Constabulary,-1.025603,50.902462,On or near Curlew Gardens,E01022933,Havant 019B,Public order,Investigation complete; no suspect identified,
15cadaa78b611fb808d66c0acd452960e91abfe49f213f7c8a7f247f71d30508,2024-03,Hampshire Constabulary,Hampshire Constabulary,-1.025603,50.902462,On or near Curlew Gardens,E01022933,Havant 019B,Violence and sexual offences,Unable to prosecute suspect,
3f4c8c7e687131e213b615f196c86ecc51028cceda7fe1c196ac146024a7bf69,2024-03,Hampshire Constabulary,Hampshire Constabulary,-1.025603,50.902462,On or near Curlew Gardens,E01022933,Havant 019B,Other crime,Unable to prosecute suspect,
e64092f416f2004556ac11728932dd329868d4a6b6a9043c4e2a1ed125dd6cf0,2024-03,Hampshire Constabulary,Hampshire Constabulary,-1.028104,50.901871,On or near Chaffinch Green,E01022934,Havant 019C,Criminal damage and arson,Unable to prosecute suspect,
cf3ede854862d4574922deed540660b68adba1f40740c129a0f7760a4c196d62,2024-03,Hampshire Constabulary,Hampshire Constabulary,-1.032618,50.901594,On or near Linnet Close,E01022934,Havant 019C,Other theft,Unable to prosecute suspect,
668732a8a7d50965e4c373713a2697788de0308dd2276e536ba40b457c7bbf15,2024-03,Hampshire Constabulary,Hampshire Constabulary,-1.028104,50.901871,On or near Chaffinch Green,E01022934,Havant 019C,Public order,Unable to prosecute suspect,
4e2e90135d3cdb66961b23c37802bd1d28746d5bf19972b61b5f62455cef54be,2024-03,Hampshire Constabulary,Hampshire Constabulary,-1.037014,50.900821,On or near Puffin Walk,E01022934,Havant 019C,Robbery,Unable to prosecute suspect,
2d10444686580bae160941fa75afaf862ddf86ad39e05872fe4dfe781c516518,2024-03,Hampshire Constabulary,Hampshire Constabulary,-1.035734,50.901539,On or near Partridge Gardens,E01022934,Havant 019C,Violence and sexual offences,Unable to prosecute suspect,
72037c5f38ea8665f769127e8965e707eb5d978d581299e0ce4b0417ebda9e6e,2024-03,Hampshire Constabulary,Hampshire Constabulary,-1.030507,50.901909,On or near Merlin Close,E01022934,Havant 019C,Violence and sexual offences,Unable to prosecute suspect,
2b48dbf702e8568901485e0944412ddd85202247c7afee11882d94d2106d1135,2024-03,Hampshire Constabulary,Hampshire Constabulary,-1.037510,50.899521,On or near Robin Gardens,E01022934,Havant 019C,Violence and sexual offences,Unable to prosecute suspect,
,2024-03,Hampshire Constabulary,Hampshire Constabulary,-1.030880,50.903783,On or near Hudson Gardens,E01022934,Havant 019C,Anti-social behaviour,,
a1294c852a5bdf93bc9f5331ef78b6bdd29682a2322784fb34346790813f3264,2024-03,Hampshire Constabulary,Hampshire Constabulary,-1.030032,50.897400,On or near Chesterton Gardens,E01022934,Havant 019C,Burglary,Investigation complete; no suspect identified,
260ce199ce2e81c68780e5569ef1ef072004909e4a5de2a2a61a5dd58f7253e7,2024-03,Hampshire Constabulary,Hampshire Constabulary,-1.032947,50.900815,On or near Kingfisher Close,E01022934,Havant 019C,Other theft,Investigation complete; no suspect identified,
579a1d7e9341cbf52565632ef1c1debcf1669c08c240b90fcb1b1a783e41b6d2,2024-03,Hampshire Constabulary,Hampshire Constabulary,-1.034119,50.900527,On or near Magpie Walk,E01022934,Havant 019C,Violence and sexual offences,Investigation complete; no suspect identified,
3b43bb41234872c43d41540aa90cb7209950aca8b717858cbfd834a42e359502,2024-03,Hampshire Constabulary,Hampshire Constabulary,-1.028104,50.901871,On or near Chaffinch Green,E01022934,Havant 019C,Violence and sexual offences,Further investigation is not in the public interest,
461a4c88d72721e5fc2dc56c664f34465dab4c4e890625a24b7d40224121601f,2024-03,Hampshire Constabulary,Hampshire Constabulary,-1.035734,50.901539,On or near Partridge Gardens,E01022934,Havant 019C,Violence and sexual offences,Unable to prosecute suspect,
b045041a187aec59d238019abd2029971fdd16e6eb705dc5092ba9dd7663580e,2024-03,Hampshire Constabulary,Hampshire Constabulary,-1.032947,50.900815,On or near Kingfisher Close,E01022934,Havant 019C,Violence and sexual offences,Investigation complete; no suspect identified,
ace01b172553bcdae54bfb9bc93c95fca42e98109e46b2e4621bfb89fb1e49b4,2024-03,Hampshire Constabulary,Hampshire Constabulary,-1.023502,50.904324,On or near Woodcroft Lane,E01032618,Havant 019D,Public order,Unable to prosecute suspect,
003908a9b6aed5f0dafde68f2f28c3d0f4eb0e7fd803b53b82f553e907c472aa,2024-03,Hampshire Constabulary,Hampshire Constabulary,-1.023502,50.904324,On or near Woodcroft Lane,E01032618,Havant 019D,Shoplifting,Court result unavailable,
f432d213e2672e68b19ea0afc8109192269f5e828827f2eb3c8ea16980939d11,2024-03,Hampshire Constabulary,Hampshire Constabulary,-1.023481,50.902597,On or near Blackbird Close,E01032618,Havant 019D,Violence and sexual offences,Unable to prosecute suspect,
33ea4bf5cd40941aa875f46d89d1c8cfce68c75a9a1d5ec25c1d37ed668cada6,2024-03,Hampshire Constabulary,Hampshire Constabulary,-1.023502,50.904324,On or near Woodcroft Lane,E01032618,Havant 019D,Violence and sexual offences,Court result unavailable,
8abf08b1ceee2f3ad980f8cb031b57eab76db05d52382d9db97e337f3eb2b0ac,2024-03,Hampshire Constabulary,Hampshire Constabulary,-1.023502,50.904324,On or near Woodcroft Lane,E01032618,Havant 019D,Violence and sexual offences,Unable to prosecute suspect,
8aa7dd994c98648ead6f532ca5e99613db92e3fd9b539687e2b30ee9fec77d76,2024-03,Hampshire Constabulary,Hampshire Constabulary,-1.027509,50.905194,On or near Baker Close,E01032618,Havant 019D,Burglary,Investigation complete; no suspect identified,
ebc14fd3f81cf4d634bc3de29f94cb9aaa0e791521b8d98301d07e3060519406,2024-03,Hampshire Constabulary,Hampshire Constabulary,-1.024677,50.905269,On or near Woodcroft Gardens,E01032618,Havant 019D,Other theft,Status update unavailable,
14049e79a67b0d2eab2c4db9b3a7503176967f1962ec1baabee7af527731d00e,2024-03,Hampshire Constabulary,Hampshire Constabulary,-1.023502,50.904324,On or near Woodcroft Lane,E01032618,Havant 019D,Public order,Unable to prosecute suspect,
eae33fe6650496bb245ef8dabbc753bd92cf4ee9649aeb98a9db4c2df8052166,2024-03,Hampshire Constabulary,Hampshire Constabulary,-1.023502,50.904324,On or near Woodcroft Lane,E01032618,Havant 019D,Shoplifting,Unable to prosecute suspect,
fa59e379251bb5aea96af63379df3aeaec886c4efc9fb75601dcb42f2075a977,2024-03,Hampshire Constabulary,Hampshire Constabulary,-1.023502,50.904324,On or near Woodcroft Lane,E01032618,Havant 019D,Shoplifting,Investigation complete; no suspect identified,
946b60d94b11ddcca2d7867b24b6d39d68d19405c3a44ed77ab3c2d4213fcb3c,2024-03,Hampshire Constabulary,Hampshire Constabulary,-1.023502,50.904324,On or near Woodcroft Lane,E01032618,Havant 019D,Shoplifting,Investigation complete; no suspect identified,
e12fc2ae835dfe98b1046062c6e4003bc2b3fc003c420c88ba3c84af3cf9b5f1,2024-03,Hampshire Constabulary,Hampshire Constabulary,-1.023502,50.904324,On or near Woodcroft Lane,E01032618,Havant 019D,Violence and sexual offences,Status update unavailable,
3fdcc75fa77fb6910c37c5a5aae5d404f4d8a551e36a7fe87715159c6372e7f6,2024-03,Hampshire Constabulary,Hampshire Constabulary,-1.011060,50.893941,On or near Sports/Recreation Area,E01022918,Havant 020A,Violence and sexual offences,Unable to prosecute suspect,
82c675d402c531029b024025c57e2a7fa2b343f528474d465fc47ceda2cf3619,2024-03,Hampshire Constabulary,Hampshire Constabulary,-1.014983,50.893551,On or near Padnell Avenue,E01022918,Havant 020A,Public order,Status update unavailable,
a69c2d30351ebfad10aec7bc4baa6e2cfca7c4bcb733f3a26c9909dbf256c54d,2024-03,Hampshire Constabulary,Hampshire Constabulary,-1.017735,50.897927,On or near Brewster Close,E01022920,Havant 020B,Violence and sexual offences,Unable to prosecute suspect,
7d6979c918608a294852fbe6315702f0818a699e71200351cdc11aeb14bd5f6f,2024-03,Hampshire Constabulary,Hampshire Constabulary,-1.016284,50.893229,On or near Holman Close,E01022921,Havant 020C,Violence and sexual offences,Unable to prosecute suspect,
4e0ce923cb0f788fa7b0803570ef79198d1d849a54299496c3f705c44138e482,2024-03,Hampshire Constabulary,Hampshire Constabulary,-1.014211,50.892403,On or near Pine Tree Gardens,E01022921,Havant 020C,Violence and sexual offences,Unable to prosecute suspect,
748c390f905e87ff1cbb0149f38573181aaf9322bf86565da07bc384eaf8b52b,2024-03,Hampshire Constabulary,Hampshire Constabulary,-1.014264,50.892565,On or near Conifer Close,E01022921,Havant 020C,Public order,Unable to prosecute suspect,
50e4a7fe04c7966a13a3f0892bb816fddf02b4b46b6579ab2e927ff5d4983d23,2024-03,Hampshire Constabulary,Hampshire Constabulary,-1.014264,50.892565,On or near Conifer Close,E01022921,Havant 020C,Violence and sexual offences,Unable to prosecute suspect,
5a77654bb6aa16d90a13cb81c2f1fa56ce8c436cb891507823ba7bf36698435e,2024-03,Hampshire Constabulary,Hampshire Constabulary,-1.006564,50.899649,On or near Eglantine Close,E01032617,Havant 020D,Vehicle crime,Investigation complete; no suspect identified,
,2024-03,Hampshire Constabulary,Hampshire Constabulary,-1.304443,50.758901,On or near Princes Street,E01017300,Isle of Wight 001A,Anti-social behaviour,,
2aea05678cb9f9b0665d9bc82b8295331bafd06bdf2385ba5ac4b02b36cff7ea,2024-03,Hampshire Constabulary,Hampshire Constabulary,-1.299071,50.765425,On or near The Parade,E01017300,Isle of Wight 001A,Criminal damage and arson,Investigation complete; no suspect identified,
b4a9cf71a4578000f2b99f9de4d9be5ae52c850af62752887a7f34f371e4f18b,2024-03,Hampshire Constabulary,Hampshire Constabulary,-1.298180,50.761480,On or near The Cut,E01017300,Isle of Wight 001A,Public order,Unable to prosecute suspect,
63da4ef25457da2e8cbb214ab80d8c29fa7153d239d062278d87ea344bb3c32b,2024-03,Hampshire Constabulary,Hampshire Constabulary,-1.297397,50.762663,On or near Fountain Quay,E01017300,Isle of Wight 001A,Violence and sexual offences,Unable to prosecute suspect,
36688b5ee95953a335923c94cc3d3e8f26c59a825566d2bfb591ba6a62d0efe7,2024-03,Hampshire Constabulary,Hampshire Constabulary,-1.297397,50.762663,On or near Fountain Quay,E01017300,Isle of Wight 001A,Violence and sexual offences,Unable to prosecute suspect,
,2024-03,Hampshire Constabulary,Hampshire Constabulary,-1.304874,50.763301,On or near Ward Avenue,E01017300,Isle of Wight 001A,Anti-social behaviour,,
fa1de652f04a9048104b1779d7ba07868beaff65aa9ce95bf8f2a9b3e8316287,2024-03,Hampshire Constabulary,Hampshire Constabulary,-1.299241,50.763555,On or near Market Hill,E01017300,Isle of Wight 001A,Criminal damage and arson,Investigation complete; no suspect identified,
633ee8217750655731f42eca657e623a89279cbc244fda7f66e68f666608fddb,2024-03,Hampshire Constabulary,Hampshire Constabulary,-1.301330,50.766104,On or near Castle Hill,E01017300,Isle of Wight 001A,Criminal damage and arson,Investigation complete; no suspect identified,
217da4bf0358251cbb279996b8cc31320d6f0655ffaf369116127405079d8ae5,2024-03,Hampshire Constabulary,Hampshire Constabulary,-1.302091,50.760677,On or near Weston Road,E01017300,Isle of Wight 001A,Other theft,Investigation complete; no suspect identified,
0cdbc7def2f037baff43eb77f837610b0168c15e8ee934e4c207d15565b3572b,2024-03,Hampshire Constabulary,Hampshire Constabulary,-1.300734,50.763249,On or near Church Road,E01017300,Isle of Wight 001A,Violence and sexual offences,Local resolution,
95dc29016b187a0e57364122b2bc79e6da9f096f13466f1b990e687ee12b6b34,2024-03,Hampshire Constabulary,Hampshire Constabulary,-1.300734,50.763249,On or near Church Road,E01017300,Isle of Wight 001A,Violence and sexual offences,Unable to prosecute suspect,
e8fe4ced63f06004ba2c91a577e558ead07ab8f48956b2afefca727c50371c7a,2024-03,Hampshire Constabulary,Hampshire Constabulary,-1.297397,50.759803,On or near Westhill Road,E01017303,Isle of Wight 001B,Criminal damage and arson,Unable to prosecute suspect,
7bf0acd86fa6a56c6fd0020efbfa5073e8b531be01d821ed7ff8118c596df997,2024-03,Hampshire Constabulary,Hampshire Constabulary,-1.296153,50.759607,On or near Police Station,E01017303,Isle of Wight 001B,Violence and sexual offences,Unable to prosecute suspect,
f6fbf4947aeca1e140fce5e69700aa2794cabf23a2174ed20910cfc607de9d28,2024-03,Hampshire Constabulary,Hampshire Constabulary,-1.296153,50.759607,On or near Police Station,E01017303,Isle of Wight 001B,Violence and sexual offences,Unable to prosecute suspect,
,2024-03,Hampshire Constabulary,Hampshire Constabulary,-1.297397,50.759803,On or near Westhill Road,E01017303,Isle of Wight 001B,Anti-social behaviour,,
56767d4166224a8eecef4821b3d3bebbb3928f205a89f631dcdc6ec78ea3f840,2024-03,Hampshire Constabulary,Hampshire Constabulary,-1.296153,50.759607,On or near Police Station,E01017303,Isle of Wight 001B,Violence and sexual offences,Unable to prosecute suspect,
763a212f2b2662871051c7d2e8bd3178f59fa5c41214d4cd69db226e6e8bee15,2024-03,Hampshire Constabulary,Hampshire Constabulary,-1.296382,50.756595,On or near The Sidings,E01017305,Isle of Wight 001C,Violence and sexual offences,Investigation complete; no suspect identified,
6bb754b7900f0c04e6087ea838ecea62bc733d57e72267d4d42474478674a911,2024-03,Hampshire Constabulary,Hampshire Constabulary,-1.295253,50.759089,On or near Langley Road,E01017305,Isle of Wight 001C,Other theft,Investigation complete; no suspect identified,
ebfd3ebf95e926c3fc4411b4deba1b738c0d8c1c3ff59cd892556949c4c89f68,2024-03,Hampshire Constabulary,Hampshire Constabulary,-1.296208,50.754014,On or near Arctic Road,E01017305,Isle of Wight 001C,Violence and sexual offences,Unable to prosecute suspect,
7142d068ce63cfc113a16ff1bfe608c5291dd419d3683a8a432d878978d86bd7,2024-03,Hampshire Constabulary,Hampshire Constabulary,-1.297214,50.754038,On or near Smithards Lane,E01017305,Isle of Wight 001C,Violence and sexual offences,Investigation complete; no suspect identified,
77af5f96a6bcd39d756b66880388c08e70361c7c0bc8e5060bcf1d6a22f432df,2024-03,Hampshire Constabulary,Hampshire Constabulary,-1.296382,50.756595,On or near The Sidings,E01017305,Isle of Wight 001C,Violence and sexual offences,Investigation complete; no suspect identified,
73c9a241b636460bdbe724433d82d1b53b59ec5f04612ac404caf12918b35db8,2024-03,Hampshire Constabulary,Hampshire Constabulary,-1.302273,50.752287,On or near Ash Grove,E01017306,Isle of Wight 001D,Violence and sexual offences,Unable to prosecute suspect,
a0e3716ce6b1a7ecfd1ed296ae30487ccfec1d26e928095fb43eeae4ff3dc446,2024-03,Hampshire Constabulary,Hampshire Constabulary,-1.302273,50.752287,On or near Ash Grove,E01017306,Isle of Wight 001D,Violence and sexual offences,Unable to prosecute suspect,
9c9a3657b11b40f7db2f24126958b288f0c11d87120358dec703b393a79558b0,2024-03,Hampshire Constabulary,Hampshire Constabulary,-1.290940,50.752723,On or near Cavalier Quay,E01017309,Isle of Wight 001E,Violence and sexual offences,Unable to prosecute suspect,
73cdc90dfe8d51645cc61f7e913821ed8aa3f94af4206c9df24901f5916de204,2024-03,Hampshire Constabulary,Hampshire Constabulary,-1.289449,50.754737,On or near Clarence Road,E01017309,Isle of Wight 001E,Violence and sexual offences,Unable to prosecute suspect,
51aafa48a02890ef04d59f622f4f898443cc966458c042fe49532c3b1abbced2,2024-03,Hampshire Constabulary,Hampshire Constabulary,-1.289449,50.754737,On or near Clarence Road,E01017309,Isle of Wight 001E,Violence and sexual offences,Unable to prosecute suspect,
01f9303122f2703173e7ac8a5a6cc0244196e78d8942feea073cee5a60a2cce0,2024-03,Hampshire Constabulary,Hampshire Constabulary,-1.283594,50.753829,On or near Orchard Road,E01017309,Isle of Wight 001E,Violence and sexual offences,Unable to prosecute suspect,
6a3a8ce5f329950f29d5892a988de4c794d1ae7664ddc74f38ee3b8d1f66b869,2024-03,Hampshire Constabulary,Hampshire Constabulary,-1.288145,50.756635,On or near School Hill Road,E01017309,Isle of Wight 001E,Criminal damage and arson,Investigation complete; no suspect identified,
ea81a3752cf704962e2e09e7d757d0d13527c576a1a7ccd31b1101fcbb41ed60,2024-03,Hampshire Constabulary,Hampshire Constabulary,-1.287638,50.754519,On or near Kings Road,E01017309,Isle of Wight 001E,Other theft,Investigation complete; no suspect identified,
5272aba09bf1b04696645a04a9bb2ee3f2ab17913937c88f445674055300cee3,2024-03,Hampshire Constabulary,Hampshire Constabulary,-1.306523,50.762034,On or near Mountbatten Avenue,E01017301,Isle of Wight 002A,Burglary,Investigation complete; no suspect identified,
9f22e2e2dfb1bd9ddfaf4706a06abcf9f59f59a539825fcc3ec93e8bf28166ce,2024-03,Hampshire Constabulary,Hampshire Constabulary,-1.306812,50.757818,On or near Park Road,E01017301,Isle of Wight 002A,Criminal damage and arson,Investigation complete; no suspect identified,
bce9364bef295a7994c5ceed88b377d41b148227b56aadeafe26c6fe08883c70,2024-03,Hampshire Constabulary,Hampshire Constabulary,-1.308024,50.757358,On or near Reynolds Close,E01017301,Isle of Wight 002A,Public order,Unable to prosecute suspect,
7039859a7a7616a57328b8a1c0879b200ff044e875ce062d9b0a5e8a19c0581d,2024-03,Hampshire Constabulary,Hampshire Constabulary,-1.310457,50.759665,On or near King James Close,E01017301,Isle of Wight 002A,Violence and sexual offences,Local resolution,
a2b732d0a36988e3b29a4691bcb772fa8272eb8ca253fb8e7cf98364911faef8,2024-03,Hampshire Constabulary,Hampshire Constabulary,-1.305754,50.761310,On or near Edinburgh Close,E01017301,Isle of Wight 002A,Violence and sexual offences,Status update unavailable,
3e2d054247e40d5ea4e1854c938c652cb9c3c13b6f3927d269f0bc0cf2bdeee0,2024-03,Hampshire Constabulary,Hampshire Constabulary,-1.310444,50.749000,On or near Rogerson Close,E01017302,Isle of Wight 002B,Possession of weapons,Court result unavailable,
ed21df2acc445b98becb30d2fec297e88126a93b2867d2f2f001943254841f01,2024-03,Hampshire Constabulary,Hampshire Constabulary,-1.310444,50.749000,On or near Rogerson Close,E01017302,Isle of Wight 002B,Violence and sexual offences,Unable to prosecute suspect,
,2024-03,Hampshire Constabulary,Hampshire Constabulary,-1.309736,50.755089,On or near Sports/Recreation Area,E01017302,Isle of Wight 002B,Anti-social behaviour,,
935b555ed6e172597785f263196185adb5131b06704b44ea84258b5b062ffa1e,2024-03,Hampshire Constabulary,Hampshire Constabulary,-1.312673,50.750694,On or near Place Road,E01017302,Isle of Wight 002B,Violence and sexual offences,Unable to prosecute suspect,
c632741fc55b1ab18df0c071a3dae939cd07581f928e69fcdda62c9e35d2131e,2024-03,Hampshire Constabulary,Hampshire Constabulary,-1.306149,50.754712,On or near Lanyards Lea,E01017304,Isle of Wight 002C,Violence and sexual offences,Unable to prosecute suspect,
f3fa0edae392581ddafe5a5bd686003f8d6d383e41497d3b286b5377a2762d49,2024-03,Hampshire Constabulary,Hampshire Constabulary,-1.321310,50.756231,On or near Glen Place,E01017316,Isle of Wight 002D,Violence and sexual offences,Unable to prosecute suspect,
395fbe035cf68ff10c29ed384c32fe86865b7e1bf1484030151d6e81c685ac42,2024-03,Hampshire Constabulary,Hampshire Constabulary,-1.321136,50.750654,On or near Cockleton Lane,E01017316,Isle of Wight 002D,Violence and sexual offences,Unable to prosecute suspect,
,2024-03,Hampshire Constabulary,Hampshire Constabulary,-1.321136,50.750654,On or near Cockleton Lane,E01017316,Isle of Wight 002D,Anti-social behaviour,,
31a6f71b3170851fcdfc1dda3728c3f27629fd3d0d3c039310abc243cef6d88a,2024-03,Hampshire Constabulary,Hampshire Constabulary,-1.319835,50.760179,On or near Woodvale Road,E01017316,Isle of Wight 002D,Burglary,Status update unavailable,
5da3456562dae7e5af1e60b1fed267013dd64a50d4b0809d3033932705b72b18,2024-03,Hampshire Constabulary,Hampshire Constabulary,-1.322242,50.753592,On or near Hilton Road,E01017316,Isle of Wight 002D,Criminal damage and arson,Investigation complete; no suspect identified,
553ed820512dade8ee5d1dbfac19d664a34f18cde949bb5c06619537130686f5,2024-03,Hampshire Constabulary,Hampshire Constabulary,-1.320503,50.761073,On or near Woodvale Close,E01017316,Isle of Wight 002D,Public order,Investigation complete; no suspect identified,
1f0c2deed7482bdb52c14739f66d7b5c67dfa2d2934793d1b82759400b1f8ea9,2024-03,Hampshire Constabulary,Hampshire Constabulary,-1.331728,50.756372,On or near Marsh Road,E01017316,Isle of Wight 002D,Violence and sexual offences,Investigation complete; no suspect identified,
a97f0d59d7c2ebc3bc106cc211a76dd0600ed40a8649d2e005b3fc8b7deaf66e,2024-03,Hampshire Constabulary,Hampshire Constabulary,-1.326643,50.757044,On or near Solent View Road,E01017316,Isle of Wight 002D,Violence and sexual offences,Investigation complete; no suspect identified,
bf640356c24493de6e004537219cb648eb92045f8b4e0313f76b4250701cbcb5,2024-03,Hampshire Constabulary,Hampshire Constabulary,-1.321136,50.750654,On or near Cockleton Lane,E01017316,Isle of Wight 002D,Violence and sexual offences,Unable to prosecute suspect,
8980d0da40d1d2cbd0a6e9739810ed6265b3d58ac633a0abedcfdf83786c1597,2024-03,Hampshire Constabulary,Hampshire Constabulary,-1.321136,50.750654,On or near Cockleton Lane,E01017316,Isle of Wight 002D,Violence and sexual offences,Unable to prosecute suspect,
,2024-03,Hampshire Constabulary,Hampshire Constabulary,-1.304832,50.733589,On or near Chawton Lane,E01017329,Isle of Wight 002E,Anti-social behaviour,,
8809a4859b89b0fbbefc6718374e0313f1b1b4e1dff89376680c8dfdf45f7a61,2024-03,Hampshire Constabulary,Hampshire Constabulary,-1.305499,50.749133,On or near Supermarket,E01017329,Isle of Wight 002E,Shoplifting,Investigation complete; no suspect identified,
b144d82274deeb115a672e6302be64bece36fdc5751ca963f76e908a52edbb2a,2024-03,Hampshire Constabulary,Hampshire Constabulary,-1.310351,50.737902,On or near Oxford Street,E01017329,Isle of Wight 002E,Vehicle crime,Investigation complete; no suspect identified,
d2ba40eb1d872da3a83b3a6a471f20406e65a232fa3865ed5c602331296a7b47,2024-03,Hampshire Constabulary,Hampshire Constabulary,-1.312580,50.738653,On or near Horseshoe Close,E01017329,Isle of Wight 002E,Violence and sexual offences,Further investigation is not in the public interest,
58a4872dbb67a1bfbfb842f225d40aa7d5d92f04f6d99d32ef452b71d992a40d,2024-03,Hampshire Constabulary,Hampshire Constabulary,-1.304832,50.733589,On or near Chawton Lane,E01017329,Isle of Wight 002E,Violence and sexual offences,Unable to prosecute suspect,
178a30464df81cd4d1c1e636b4a1fdca5ea6b931854f81470a2d1099b52ebc77,2024-03,Hampshire Constabulary,Hampshire Constabulary,-1.288905,50.758843,On or near Castle Street,E01017307,Isle of Wight 003A,Bicycle theft,Investigation complete; no suspect identified,
b5f464c2ea4a2e8defc2edef5043c76587c33f854efa29cab98d2adbb6525603,2024-03,Hampshire Constabulary,Hampshire Constabulary,-1.288294,50.757994,On or near Supermarket,E01017307,Isle of Wight 003A,Possession of weapons,Unable to prosecute suspect,
38409493e39e3e4f13fc1199f6ecdd9d031c54b4d0930ddf8db8c3ebf51caa33,2024-03,Hampshire Constabulary,Hampshire Constabulary,-1.288294,50.757994,On or near Supermarket,E01017307,Isle of Wight 003A,Possession of weapons,Unable to prosecute suspect,
baf7d3d8ed717372f7b9f1c1beb902e5ea4400f91d8f75ce0e5eb024e86bc079,2024-03,Hampshire Constabulary,Hampshire Constabulary,-1.288905,50.758843,On or near Castle Street,E01017307,Isle of Wight 003A,Public order,Investigation complete; no suspect identified,
a49b5bcbc13a8a1a6957188539b286196d653da00aaf9dccb24ac891422ab0a1,2024-03,Hampshire Constabulary,Hampshire Constabulary,-1.288905,50.758843,On or near Castle Street,E01017307,Isle of Wight 003A,Shoplifting,Unable to prosecute suspect,
e5cdbb5bd09862e9cafb2e9bd0b07fbaa2d12a81cdc2207ac4cb66897ce055a9,2024-03,Hampshire Constabulary,Hampshire Constabulary,-1.288294,50.757994,On or near Supermarket,E01017307,Isle of Wight 003A,Shoplifting,Court result unavailable,
2cae2b274c582d951f5f00e3e3ee55b5decd90fe338c886a207a5c3a56a3a2c3,2024-03,Hampshire Constabulary,Hampshire Constabulary,-1.288294,50.757994,On or near Supermarket,E01017307,Isle of Wight 003A,Shoplifting,Court result unavailable,
28cdc4e175d4a867dc646339a1b1af4a891ceee8ec740a3823c35d946fe4758b,2024-03,Hampshire Constabulary,Hampshire Constabulary,-1.288294,50.757994,On or near Supermarket,E01017307,Isle of Wight 003A,Violence and sexual offences,Court result unavailable,
1674de006ac8bff800772fffd9d51ac22e6e126ce84b487242e3dd5e4b9deb8f,2024-03,Hampshire Constabulary,Hampshire Constabulary,-1.281521,50.757773,On or near Hendy Road,E01017307,Isle of Wight 003A,Violence and sexual offences,Unable to prosecute suspect,
08ccc435f57b2e9bdb57b4b72d631e2ac03f9c3440e1f191422483852561b3d2,2024-03,Hampshire Constabulary,Hampshire Constabulary,-1.289262,50.758693,On or near Dover Road,E01017307,Isle of Wight 003A,Violence and sexual offences,Unable to prosecute suspect,
,2024-03,Hampshire Constabulary,Hampshire Constabulary,-1.288905,50.758843,On or near Castle Street,E01017307,Isle of Wight 003A,Anti-social behaviour,,
b2e319eb0a730a2b0cfc6e7f831deada6b807a040c25be61aa953ae96305deeb,2024-03,Hampshire Constabulary,Hampshire Constabulary,-1.289135,50.760508,On or near Columbine Road,E01017307,Isle of Wight 003A,Drugs,Local resolution,
2ac9b5487aa7f16a27d56f4d02476b592a023eb9460163a33ab5e91632a6c5be,2024-03,Hampshire Constabulary,Hampshire Constabulary,-1.288294,50.757994,On or near Supermarket,E01017307,Isle of Wight 003A,Possession of weapons,Unable to prosecute suspect,
d25d31b29d394e52ec357bf1308c6b628e31f571d613a2c4789a867ec4b4fb30,2024-03,Hampshire Constabulary,Hampshire Constabulary,-1.288905,50.758843,On or near Castle Street,E01017307,Isle of Wight 003A,Shoplifting,Investigation complete; no suspect identified,
e815e047256910c41aaf29e04bf86aa8fca4f0564a8a17a794a48127dcb33214,2024-03,Hampshire Constabulary,Hampshire Constabulary,-1.288294,50.757994,On or near Supermarket,E01017307,Isle of Wight 003A,Shoplifting,Offender given a caution,
5e3322555bd15dfb2d31d00a08b88c5032f9f82534bc235dbefb786728483fe8,2024-03,Hampshire Constabulary,Hampshire Constabulary,-1.288905,50.758843,On or near Castle Street,E01017307,Isle of Wight 003A,Shoplifting,Investigation complete; no suspect identified,
08b6da5c7009db11ffec61d457da745c1279a43e3846c1b2fb9c20c7ff0954a0,2024-03,Hampshire Constabulary,Hampshire Constabulary,-1.281521,50.757773,On or near Hendy Road,E01017307,Isle of Wight 003A,Violence and sexual offences,Unable to prosecute suspect,
b8301c91ea101a5898c35299b8afd1a2f6591502f7105d21c577c07ca3d4c370,2024-03,Hampshire Constabulary,Hampshire Constabulary,-1.287141,50.751746,On or near Minerva Road,E01017308,Isle of Wight 003B,Public order,Unable to prosecute suspect,
7ac32c26d4b70b6392ae767d5d098f65b10bad3982cd3c328d3023465d6e55e3,2024-03,Hampshire Constabulary,Hampshire Constabulary,-1.278132,50.752239,On or near St Joseph'S Close,E01017308,Isle of Wight 003B,Robbery,Awaiting court outcome,
3daf0abcb7bf2b3fa7f5ee70725b5d4baa82b97ccc1ae7e3a4e0a9d06bb8ef8a,2024-03,Hampshire Constabulary,Hampshire Constabulary,-1.288884,50.750885,On or near Anchorage Way,E01017308,Isle of Wight 003B,Violence and sexual offences,Unable to prosecute suspect,
b74beb42defa11b9292df90277b18f4b805700f5006755c74db4fbadabc3b5dd,2024-03,Hampshire Constabulary,Hampshire Constabulary,-1.281978,50.751058,On or near Victoria Grove,E01017308,Isle of Wight 003B,Violence and sexual offences,Unable to prosecute suspect,
4e034225e0040b96c6988bb048b0e1ef9aeda4f8b3055fc430e3174855977554,2024-03,Hampshire Constabulary,Hampshire Constabulary,-1.278132,50.752239,On or near St Joseph'S Close,E01017308,Isle of Wight 003B,Violence and sexual offences,Unable to prosecute suspect,
a00fe61d267d8ad2f78a3411644d63952a0f461b9055f17eb6899a39d6bac2b8,2024-03,Hampshire Constabulary,Hampshire Constabulary,-1.284915,50.751769,On or near Pump House Lane,E01017308,Isle of Wight 003B,Vehicle crime,Investigation complete; no suspect identified,
e3eed0e709cf9b7542af5e4e05d8f9afae853e07b6cdc4dc9f168c1d5775a67a,2024-03,Hampshire Constabulary,Hampshire Constabulary,-1.281978,50.751058,On or near Victoria Grove,E01017308,Isle of Wight 003B,Violence and sexual offences,Unable to prosecute suspect,
f312d71f53bf38c02057abe12256641ae85ca1d349fbf8f57aad5aea71922c49,2024-03,Hampshire Constabulary,Hampshire Constabulary,-1.265665,50.724581,On or near East Cowes Road,E01033229,Isle of Wight 003D,Criminal damage and arson,Unable to prosecute suspect,
4658c655777d33cedc1ce02374db4b821c150ce854e02953b6b7ab6471e44ce7,2024-03,Hampshire Constabulary,Hampshire Constabulary,-1.257462,50.724601,On or near Parking Area,E01033229,Isle of Wight 003D,Drugs,Court result unavailable,
11f09f6b1b52e3cd76c9109bc3b7474b4870c94d32c68df3eae5c4293dec7c2e,2024-03,Hampshire Constabulary,Hampshire Constabulary,-1.257462,50.724601,On or near Parking Area,E01033229,Isle of Wight 003D,Violence and sexual offences,Unable to prosecute suspect,
be21526db60e9cde34aaff5ee9af7f75612a0b16b83b39610205c77f8e17ff99,2024-03,Hampshire Constabulary,Hampshire Constabulary,-1.279171,50.725214,On or near Park/Open Space,E01033229,Isle of Wight 003D,Violence and sexual offences,Unable to prosecute suspect,
e7f3a98ee61ca04e782ea69e7bda3438c61f788d787eba60ba4913518ac0c09f,2024-03,Hampshire Constabulary,Hampshire Constabulary,-1.287497,50.749824,On or near Kingston Road,E01033229,Isle of Wight 003D,Violence and sexual offences,Unable to prosecute suspect,
f2fe707873d8b980f6577b540510170d4846efc55b59b1aef7a0720b011d0b52,2024-03,Hampshire Constabulary,Hampshire Constabulary,-1.275256,50.724578,On or near Bittern Place,E01033229,Isle of Wight 003D,Criminal damage and arson,Status update unavailable,
3d72a66c15a861cff6c354cb50451acf19ee49c9ed54c6398e079447831c1fbc,2024-03,Hampshire Constabulary,Hampshire Constabulary,-1.287497,50.749824,On or near Kingston Road,E01033229,Isle of Wight 003D,Public order,Investigation complete; no suspect identified,
296bd29d8d05327871d2abbc921c926a5f3ce339f61814525bf24354879f9a7c,2024-03,Hampshire Constabulary,Hampshire Constabulary,-1.269140,50.740727,On or near River View,E01033229,Isle of Wight 003D,Violence and sexual offences,Investigation complete; no suspect identified,
29d3bb25a13a9f6f0ced7d636bbd167a443f75ea8e8a43dd02fe07d946a66a80,2024-03,Hampshire Constabulary,Hampshire Constabulary,-1.283728,50.746896,On or near The Meadow,E01033229,Isle of Wight 003D,Other crime,Status update unavailable,
cf5ce0420bdbece7b5128904597d7269f66cb41d1a2b82257b94f30bc9cb8843,2024-03,Hampshire Constabulary,Hampshire Constabulary,-1.279641,50.744479,On or near Albert Way,E01033237,Isle of Wight 003E,Violence and sexual offences,Unable to prosecute suspect,
27a06dd1b5c6d856f6edbba289ce81c191759c03c030f60b97529c1f3f8c457e,2024-03,Hampshire Constabulary,Hampshire Constabulary,-1.279641,50.744479,On or near Albert Way,E01033237,Isle of Wight 003E,Violence and sexual offences,Unable to prosecute suspect,
f0d8bd85a02b6bd12b421e91178fea260721f6d83927394b303431bf3656cd89,2024-03,Hampshire Constabulary,Hampshire Constabulary,-1.279641,50.744479,On or near Albert Way,E01033237,Isle of Wight 003E,Violence and sexual offences,Further investigation is not in the public interest,
d1a8613f56482d2288a7425f848f7121174ae92c80603044e70bb93ce91cab7f,2024-03,Hampshire Constabulary,Hampshire Constabulary,-1.276478,50.749235,On or near Petrol Station,E01033237,Isle of Wight 003E,Violence and sexual offences,Investigation complete; no suspect identified,
97d43fcf86716e1e28d98ca41a5532c65cebec5847975faa3db3e8efbf7c8805,2024-03,Hampshire Constabulary,Hampshire Constabulary,-1.282515,50.749290,On or near Gort Road,E01033237,Isle of Wight 003E,Violence and sexual offences,Unable to prosecute suspect,
a014ca477c421c3c27225b78f24cb4c32d00ddfb0c0be8183bf0993b26eaa0ed,2024-03,Hampshire Constabulary,Hampshire Constabulary,-1.279744,50.749767,On or near South Bank Road,E01033237,Isle of Wight 003E,Violence and sexual offences,Unable to prosecute suspect,
3a7f3ceba3767d5f2fb2b30df01aa5e0dfb686a3032d55408226bea8d52a72ca,2024-03,Hampshire Constabulary,Hampshire Constabulary,-1.279641,50.744479,On or near Albert Way,E01033237,Isle of Wight 003E,Criminal damage and arson,Investigation complete; no suspect identified,
1d98fe2ce0442ae20766d1e8141a1d1b7a0360431255271f8f8b305e817f2ad9,2024-03,Hampshire Constabulary,Hampshire Constabulary,-1.276249,50.749377,On or near Petrol Station,E01033237,Isle of Wight 003E,Criminal damage and arson,Unable to prosecute suspect,
dc4976cd210d32b3616433d711673537b88f5d0a56bd98e8e7d90d14df655b7b,2024-03,Hampshire Constabulary,Hampshire Constabulary,-1.276249,50.749377,On or near Petrol Station,E01033237,Isle of Wight 003E,Violence and sexual offences,Unable to prosecute suspect,
39e9b021db65c6652be66f7a9f879c4f022e233e30d0f60b17c6b6b661386d3d,2024-03,Hampshire Constabulary,Hampshire Constabulary,-1.283954,50.749748,On or near Vectis Road,E01033237,Isle of Wight 003E,Violence and sexual offences,Investigation complete; no suspect identified,
4a3407ce4c37077823364656eb100b67f0191ce6b8d670bf62ff033c61faab8c,2024-03,Hampshire Constabulary,Hampshire Constabulary,-1.279744,50.749767,On or near South Bank Road,E01033237,Isle of Wight 003E,Violence and sexual offences,Investigation complete; no suspect identified,
9837229e139573a92524c8ddc67b6520ac07ec2a280b6f4c8d1387a0517d6127,2024-03,Hampshire Constabulary,Hampshire Constabulary,-1.155056,50.730334,On or near East Street,E01017335,Isle of Wight 004A,Violence and sexual offences,Unable to prosecute suspect,
a37b39933238482e1f645b27768c08a6fc40a4bdb94e29573f11fd92d681dca4,2024-03,Hampshire Constabulary,Hampshire Constabulary,-1.155056,50.730334,On or near East Street,E01017335,Isle of Wight 004A,Violence and sexual offences,Unable to prosecute suspect,
5d39fcd3db709d1fd33bfc9a5b6fb2a30956d6d86469c0a3b8e86e5ad95bd6bc,2024-03,Hampshire Constabulary,Hampshire Constabulary,-1.155496,50.726380,On or near Park Road,E01017335,Isle of Wight 004A,Violence and sexual offences,Investigation complete; no suspect identified,
dac34afa1fddc20731ed3ea342e2962fa486796546e101e33bd7ef0ff0263dab,2024-03,Hampshire Constabulary,Hampshire Constabulary,-1.152208,50.730331,On or near Cornwall Street,E01017335,Isle of Wight 004A,Criminal damage and arson,Investigation complete; no suspect identified,
8d1aced0c3a3c655fdcfd4d59f113d62667a51a5850f8d42ad1362e37f31afa3,2024-03,Hampshire Constabulary,Hampshire Constabulary,-1.152660,50.730433,On or near The Strand,E01017335,Isle of Wight 004A,Criminal damage and arson,Status update unavailable,
d3340ad08aafc59f6f56246e9120ec2dee8781c8f7301d5849f9802abf0ad9ad,2024-03,Hampshire Constabulary,Hampshire Constabulary,-1.155496,50.726380,On or near Park Road,E01017335,Isle of Wight 004A,Criminal damage and arson,Investigation complete; no suspect identified,
dde7c205164a7aa512d3b038b8756b88a174efd921432b9c28dccb84444e987d,2024-03,Hampshire Constabulary,Hampshire Constabulary,-1.152660,50.730433,On or near The Strand,E01017335,Isle of Wight 004A,Other theft,Investigation complete; no suspect identified,
e3c27c24ac9af495c985b83f9adec28900c20d33db8bc14272fe9d5f95da3b8e,2024-03,Hampshire Constabulary,Hampshire Constabulary,-1.156061,50.724864,On or near Jubilee Place,E01017335,Isle of Wight 004A,Public order,Investigation complete; no suspect identified,
e0c1e85952330daed88688db8698f426c73e199960094f46936d466ad9cc0e10,2024-03,Hampshire Constabulary,Hampshire Constabulary,-1.156847,50.728485,On or near Wood Street,E01017335,Isle of Wight 004A,Violence and sexual offences,Investigation complete; no suspect identified,
8aa6c4358dcde5f1e4dd3645efce14a336fc188afe09090c7fdf5249c4cbaf0e,2024-03,Hampshire Constabulary,Hampshire Constabulary,-1.156847,50.728485,On or near Wood Street,E01017335,Isle of Wight 004A,Violence and sexual offences,Unable to prosecute suspect,
f4667b1b66fc7de88da27470e275605fb00e9be4eb243017d6bc4460370743b9,2024-03,Hampshire Constabulary,Hampshire Constabulary,-1.152208,50.730331,On or near Cornwall Street,E01017335,Isle of Wight 004A,Violence and sexual offences,Status update unavailable,
45a1a4076beac5ace7d068ba0c6ad7e2c55c7f670234c82c02c8d7aca4a8a875,2024-03,Hampshire Constabulary,Hampshire Constabulary,-1.156061,50.724864,On or near Jubilee Place,E01017335,Isle of Wight 004A,Violence and sexual offences,Unable to prosecute suspect,
8db0cda11d8e069824ffe0edb5cf448408c1e90110207840bcd6168e57186aab,2024-03,Hampshire Constabulary,Hampshire Constabulary,-1.156521,50.731612,On or near Esplanade,E01017336,Isle of Wight 004B,Burglary,Investigation complete; no suspect identified,
5b9e981e3c529805d0ee012edf4fb48689619cd8974bc3fcc43c40a75502d988,2024-03,Hampshire Constabulary,Hampshire Constabulary,-1.159589,50.732737,On or near Bus/Coach Station,E01017336,Isle of Wight 004B,Criminal damage and arson,Local resolution,
cae3ae597b6ead867499effb3ac386aebe3dbee2de827580f4a50ee7d0271b7b,2024-03,Hampshire Constabulary,Hampshire Constabulary,-1.161581,50.727566,On or near Star Street,E01017336,Isle of Wight 004B,Possession of weapons,Unable to prosecute suspect,
45f13b165e4ff6658a4783985435523be0d6563dc07b58a76b041e871e23d93d,2024-03,Hampshire Constabulary,Hampshire Constabulary,-1.156521,50.731612,On or near Esplanade,E01017336,Isle of Wight 004B,Public order,Local resolution,
ff010759c0e6f29026f0741f4b82935ab8f16f8eee9f1280946e5fd15b9a1706,2024-03,Hampshire Constabulary,Hampshire Constabulary,-1.162401,50.728471,On or near Anglesea Street,E01017336,Isle of Wight 004B,Public order,Offender given a caution,
f1ab79d1496d97c0462e456520c156fe3ed9346e69bd4cfee200241a136e4ac5,2024-03,Hampshire Constabulary,Hampshire Constabulary,-1.161750,50.731578,On or near Union Street,E01017336,Isle of Wight 004B,Shoplifting,Unable to prosecute suspect,
722021a711ca2a4c2997b6e675a05997808f606606929efb1acb915e351e2bfd,2024-03,Hampshire Constabulary,Hampshire Constabulary,-1.162401,50.728471,On or near Anglesea Street,E01017336,Isle of Wight 004B,Shoplifting,Unable to prosecute suspect,
e57c3c5a4074f5d984da19a82869c16aebd39f6b7ca27bfe1f17dc6d4db20267,2024-03,Hampshire Constabulary,Hampshire Constabulary,-1.162401,50.728471,On or near Anglesea Street,E01017336,Isle of Wight 004B,Shoplifting,Investigation complete; no suspect identified,
c46a806162296ca924bff8058d0831a64a07c1348f5f7bfa40c904ea8c590897,2024-03,Hampshire Constabulary,Hampshire Constabulary,-1.162314,50.729379,On or near Parking Area,E01017336,Isle of Wight 004B,Vehicle crime,Investigation complete; no suspect identified,
06074273a48ba93bdade5a47a08652b18c902c978d8b2ee9a3e97a0c24ee1250,2024-03,Hampshire Constabulary,Hampshire Constabulary,-1.161158,50.729838,On or near A3055,E01017336,Isle of Wight 004B,Vehicle crime,Investigation complete; no suspect identified,
dcb486120aeace574e0481e07b1c400dae535a73e7bcffbd8d09ee84aa4039e0,2024-03,Hampshire Constabulary,Hampshire Constabulary,-1.159589,50.732737,On or near Bus/Coach Station,E01017336,Isle of Wight 004B,Violence and sexual offences,Offender given a caution,
974ff810fd156d22c3dd6c9fa82d5bc6e725e5e191f7a2f99f8485819d6e3555,2024-03,Hampshire Constabulary,Hampshire Constabulary,-1.161158,50.729838,On or near A3055,E01017336,Isle of Wight 004B,Violence and sexual offences,Court result unavailable,
3f272485abc995c66e2244de0fbb9e014c4d288b6bbc99452aa4b6c8fc08883a,2024-03,Hampshire Constabulary,Hampshire Constabulary,-1.161075,50.731339,On or near Union Road,E01017336,Isle of Wight 004B,Violence and sexual offences,Unable to prosecute suspect,
8abaa7a3debc6d3d7c5df66233b1eb371b97088c7417d885031d8fbdfa50ec5b,2024-03,Hampshire Constabulary,Hampshire Constabulary,-1.161075,50.731339,On or near Union Road,E01017336,Isle of Wight 004B,Violence and sexual offences,Unable to prosecute suspect,
dfc56cb097c3e6be461a6cdb66bde4417137cc43bec6872edcbd8772c51e1481,2024-03,Hampshire Constabulary,Hampshire Constabulary,-1.158858,50.731701,On or near Castle Street,E01017336,Isle of Wight 004B,Violence and sexual offences,Unable to prosecute suspect,
,2024-03,Hampshire Constabulary,Hampshire Constabulary,-1.161581,50.727566,On or near Star Street,E01017336,Isle of Wight 004B,Anti-social behaviour,,
,2024-03,Hampshire Constabulary,Hampshire Constabulary,-1.156521,50.731612,On or near Esplanade,E01017336,Isle of Wight 004B,Anti-social behaviour,,
742f8bf1ae4cc006d1fa1cc434c623226b792cc564023c9a3dce946050655b64,2024-03,Hampshire Constabulary,Hampshire Constabulary,-1.161581,50.727566,On or near Star Street,E01017336,Isle of Wight 004B,Criminal damage and arson,Investigation complete; no suspect identified,
68c441bfa8abdde206006971d5da3531c3ad11b0b59a04bc1dbc3bbe31cfaa70,2024-03,Hampshire Constabulary,Hampshire Constabulary,-1.160940,50.730124,On or near George Street,E01017336,Isle of Wight 004B,Criminal damage and arson,Investigation complete; no suspect identified,
b93db0c335a62d5562c9836aa39bea1f3d3b0f634ad9dbfdd1730ca5878d2e00,2024-03,Hampshire Constabulary,Hampshire Constabulary,-1.160940,50.730124,On or near George Street,E01017336,Isle of Wight 004B,Other theft,Investigation complete; no suspect identified,
87ad84d53b6a0132228e7d3ac2a8a821d1cf39a49d743ea94adc3fc2edc37787,2024-03,Hampshire Constabulary,Hampshire Constabulary,-1.156521,50.731612,On or near Esplanade,E01017336,Isle of Wight 004B,Public order,Investigation complete; no suspect identified,
619e05d84839c69a6e1f3976d9e007eb3fa72101d883ccb951cbc8ff650cf888,2024-03,Hampshire Constabulary,Hampshire Constabulary,-1.162401,50.728471,On or near Anglesea Street,E01017336,Isle of Wight 004B,Robbery,Investigation complete; no suspect identified,
b1babd7ddd45e06b924dfe2ba31a5a12d2a22a16dd8ca5585f65efee0a7557d9,2024-03,Hampshire Constabulary,Hampshire Constabulary,-1.161750,50.731578,On or near Union Street,E01017336,Isle of Wight 004B,Shoplifting,Investigation complete; no suspect identified,
1594ef7f8eaab457ced697795195d2fbed179241ca4f14e966c6e3a66c6d1400,2024-03,Hampshire Constabulary,Hampshire Constabulary,-1.161750,50.731578,On or near Union Street,E01017336,Isle of Wight 004B,Shoplifting,Investigation complete; no suspect identified,
e9b02cbd41feeed75373e9745b191122c2d78fa05542776aad1dd7d82fd5e22c,2024-03,Hampshire Constabulary,Hampshire Constabulary,-1.162401,50.728471,On or near Anglesea Street,E01017336,Isle of Wight 004B,Shoplifting,Investigation complete; no suspect identified,
c163bcf500c0aa75fadc69b22947d1709dbc1301d6360828e08f1a13fc71e4b7,2024-03,Hampshire Constabulary,Hampshire Constabulary,-1.162401,50.728471,On or near Anglesea Street,E01017336,Isle of Wight 004B,Vehicle crime,Investigation complete; no suspect identified,
9fee0e31cf73170cc2fd6e708d0a0fe0db028de96e492e495284d1859768ac81,2024-03,Hampshire Constabulary,Hampshire Constabulary,-1.162314,50.729379,On or near Parking Area,E01017336,Isle of Wight 004B,Violence and sexual offences,Investigation complete; no suspect identified,
9e68a92cfc02a73709fee1a2fbca7effa72b5b260795de8634e969d3fa4d29fd,2024-03,Hampshire Constabulary,Hampshire Constabulary,-1.158274,50.732650,On or near Bus/Coach Station,E01017336,Isle of Wight 004B,Violence and sexual offences,Investigation complete; no suspect identified,
acb89b4fe6c84c7718b9fd9aff0801df13f6a9d5ea6b232a1be9d9006f3f5a78,2024-03,Hampshire Constabulary,Hampshire Constabulary,-1.162401,50.728471,On or near Anglesea Street,E01017336,Isle of Wight 004B,Violence and sexual offences,Investigation complete; no suspect identified,
166cdc10157980b57c6ba5c23443947f24f679a519285c0e6ec21a8fcbf0cf88,2024-03,Hampshire Constabulary,Hampshire Constabulary,-1.161075,50.731339,On or near Union Road,E01017336,Isle of Wight 004B,Violence and sexual offences,Unable to prosecute suspect,
59bb4ddcd52b06d6aa7c7c3e08d3b8b5fd6c5ae7ada595e1d494c0515bc919f9,2024-03,Hampshire Constabulary,Hampshire Constabulary,-1.166356,50.726737,On or near West Street,E01017337,Isle of Wight 004C,Public order,Unable to prosecute suspect,
435c489c3367196f2c543fdce5784f90f25e6944fbcb7d734d1060a633818918,2024-03,Hampshire Constabulary,Hampshire Constabulary,-1.161937,50.732227,On or near Nightclub,E01017337,Isle of Wight 004C,Public order,Investigation complete; no suspect identified,
b2a1c1b8cb095e5a32dd04872cff93129f08e03f29fd66b44107a7ddfd7ed961,2024-03,Hampshire Constabulary,Hampshire Constabulary,-1.163877,50.731494,On or near St Thomas' Street,E01017337,Isle of Wight 004C,Vehicle crime,Investigation complete; no suspect identified,
bb235923628478618a93bab08c49a7da7717b45e06a19e0bf6bcd2bbbd30b75f,2024-03,Hampshire Constabulary,Hampshire Constabulary,-1.166356,50.726737,On or near West Street,E01017337,Isle of Wight 004C,Violence and sexual offences,Investigation complete; no suspect identified,
372fa87ea1c45753563d265f7e040d201c295a0ac91b126835b85cd1dce0867f,2024-03,Hampshire Constabulary,Hampshire Constabulary,-1.164111,50.728735,On or near Parking Area,E01017337,Isle of Wight 004C,Violence and sexual offences,Investigation complete; no suspect identified,
e593c852ca43cd20d4beb9c297aea3e9493f4d50b6b26c5ad1971f06ccb6e36f,2024-03,Hampshire Constabulary,Hampshire Constabulary,-1.162940,50.729995,On or near St Thomas' Square,E01017337,Isle of Wight 004C,Violence and sexual offences,Unable to prosecute suspect,
0c38d0e4aac1abbb35aaf74e98017802f7103bb191f58b8251f12339509b6196,2024-03,Hampshire Constabulary,Hampshire Constabulary,-1.163094,50.730922,On or near Yelfs Road,E01017337,Isle of Wight 004C,Violence and sexual offences,Local resolution,
aac4b9f60fb763697f00facd3631f5996e3935d01162b4d784b02aab435cc57c,2024-03,Hampshire Constabulary,Hampshire Constabulary,-1.161937,50.732227,On or near Nightclub,E01017337,Isle of Wight 004C,Violence and sexual offences,Court result unavailable,
42182e7232120b01f184b7209b96b8d4623c21a5f8f0566df81ce02a856f6e64,2024-03,Hampshire Constabulary,Hampshire Constabulary,-1.161937,50.732227,On or near Nightclub,E01017337,Isle of Wight 004C,Violence and sexual offences,Court result unavailable,
ad5f19d0bff088f9ff51d3434117807fef18d53ce91e2226d6586ff57cd900a6,2024-03,Hampshire Constabulary,Hampshire Constabulary,-1.161937,50.732227,On or near Nightclub,E01017337,Isle of Wight 004C,Violence and sexual offences,Investigation complete; no suspect identified,
1880302efa3f1ae75b2fb2d41ac116c15e9b8b715328d1a2f6b267c48ec4e7e9,2024-03,Hampshire Constabulary,Hampshire Constabulary,-1.169800,50.727517,On or near Queen'S Road,E01017337,Isle of Wight 004C,Other crime,Further investigation is not in the public interest,
,2024-03,Hampshire Constabulary,Hampshire Constabulary,-1.161288,50.732879,On or near St Thomas Street,E01017337,Isle of Wight 004C,Anti-social behaviour,,
,2024-03,Hampshire Constabulary,Hampshire Constabulary,-1.163910,50.726450,On or near Parking Area,E01017337,Isle of Wight 004C,Anti-social behaviour,,
,2024-03,Hampshire Constabulary,Hampshire Constabulary,-1.162888,50.727387,On or near High Street,E01017337,Isle of Wight 004C,Anti-social behaviour,,
,2024-03,Hampshire Constabulary,Hampshire Constabulary,-1.166356,50.726737,On or near West Street,E01017337,Isle of Wight 004C,Anti-social behaviour,,
,2024-03,Hampshire Constabulary,Hampshire Constabulary,-1.169800,50.727517,On or near Queen'S Road,E01017337,Isle of Wight 004C,Anti-social behaviour,,
,2024-03,Hampshire Constabulary,Hampshire Constabulary,-1.164111,50.728735,On or near Parking Area,E01017337,Isle of Wight 004C,Anti-social behaviour,,
,2024-03,Hampshire Constabulary,Hampshire Constabulary,-1.164006,50.729850,On or near Crown Street,E01017337,Isle of Wight 004C,Anti-social behaviour,,
,2024-03,Hampshire Constabulary,Hampshire Constabulary,-1.162940,50.729995,On or near St Thomas' Square,E01017337,Isle of Wight 004C,Anti-social behaviour,,
,2024-03,Hampshire Constabulary,Hampshire Constabulary,-1.162940,50.729995,On or near St Thomas' Square,E01017337,Isle of Wight 004C,Anti-social behaviour,,
,2024-03,Hampshire Constabulary,Hampshire Constabulary,-1.161288,50.732879,On or near St Thomas Street,E01017337,Isle of Wight 004C,Anti-social behaviour,,
,2024-03,Hampshire Constabulary,Hampshire Constabulary,-1.161288,50.732879,On or near St Thomas Street,E01017337,Isle of Wight 004C,Anti-social behaviour,,
,2024-03,Hampshire Constabulary,Hampshire Constabulary,-1.161288,50.732879,On or near St Thomas Street,E01017337,Isle of Wight 004C,Anti-social behaviour,,
bf397a18007528edfdef4dc251221317238817745c08f8c71e0d00ccb99ca6c9,2024-03,Hampshire Constabulary,Hampshire Constabulary,-1.164111,50.728735,On or near Parking Area,E01017337,Isle of Wight 004C,Criminal damage and arson,Investigation complete; no suspect identified,
3cc33426cae601f87e550a8e986e287d70e282c1f6ff2e0fb6d245a7f2d66355,2024-03,Hampshire Constabulary,Hampshire Constabulary,-1.164006,50.729850,On or near Crown Street,E01017337,Isle of Wight 004C,Criminal damage and arson,Investigation complete; no suspect identified,
edb483ea94c5a127b40dd3bc7c74a0a49916054b45127c44ff6cfbe27fd3cc53,2024-03,Hampshire Constabulary,Hampshire Constabulary,-1.167582,50.726314,On or near West Place,E01017337,Isle of Wight 004C,Public order,Unable to prosecute suspect,
1f003393dfdb97d360bda799c4d44a97f45cc838ba9211877bc62cceac7f829e,2024-03,Hampshire Constabulary,Hampshire Constabulary,-1.161288,50.732879,On or near St Thomas Street,E01017337,Isle of Wight 004C,Public order,Unable to prosecute suspect,
f045dc665e821497febd141c5fcd78973697acfb2e52440c8876c75f3d21640d,2024-03,Hampshire Constabulary,Hampshire Constabulary,-1.161288,50.732879,On or near St Thomas Street,E01017337,Isle of Wight 004C,Public order,Investigation complete; no suspect identified,
e2fde31c92a169e0b34e9cbb7534fb950dbbdc029d9ea91b89c9aaec41e7a925,2024-03,Hampshire Constabulary,Hampshire Constabulary,-1.164111,50.728735,On or near Parking Area,E01017337,Isle of Wight 004C,Public order,Investigation complete; no suspect identified,
13f8f0a29c06401407a0121fa854affa89a87157661ff882198a7cce78e98fcf,2024-03,Hampshire Constabulary,Hampshire Constabulary,-1.162888,50.727387,On or near High Street,E01017337,Isle of Wight 004C,Public order,Investigation complete; no suspect identified,
5358db3b909cf7f23c1f8bd194432a82d75204108ae4bff2d1907a7ff7788555,2024-03,Hampshire Constabulary,Hampshire Constabulary,-1.161288,50.732879,On or near St Thomas Street,E01017337,Isle of Wight 004C,Public order,Investigation complete; no suspect identified,
e12966a1dd0d6ad8a2f4808ed8c85baad6f8338df360fb75d72f43915de3d32a,2024-03,Hampshire Constabulary,Hampshire Constabulary,-1.162940,50.729995,On or near St Thomas' Square,E01017337,Isle of Wight 004C,Public order,Investigation complete; no suspect identified,
aad490151063a7619ef8e6e69a7b6fbbce02590fcdad2c000f1c823029b953d2,2024-03,Hampshire Constabulary,Hampshire Constabulary,-1.162888,50.727387,On or near High Street,E01017337,Isle of Wight 004C,Shoplifting,Investigation complete; no suspect identified,
8b92e438a034f9b34c9c7c72c84edbe06ec14fd182b7728d74ffaa61f8676106,2024-03,Hampshire Constabulary,Hampshire Constabulary,-1.164006,50.729850,On or near Crown Street,E01017337,Isle of Wight 004C,Vehicle crime,Investigation complete; no suspect identified,
4c58110e9f325ee736b83c8860e0b6e0331de4fadbcd02c6e3fe2620d0f7ba08,2024-03,Hampshire Constabulary,Hampshire Constabulary,-1.166356,50.726737,On or near West Street,E01017337,Isle of Wight 004C,Violence and sexual offences,Unable to prosecute suspect,
f1a1265baf5b5349bed18e415c292b3b490498143595fd1339738e4322b4cb02,2024-03,Hampshire Constabulary,Hampshire Constabulary,-1.162589,50.731422,On or near Church Lane,E01017337,Isle of Wight 004C,Violence and sexual offences,Unable to prosecute suspect,
f236fb9d54cc4772a4d6ada30bbd0314a7b4e014c83fb548228c0623ea028b68,2024-03,Hampshire Constabulary,Hampshire Constabulary,-1.163910,50.726450,On or near Parking Area,E01017337,Isle of Wight 004C,Violence and sexual offences,Investigation complete; no suspect identified,
79229f97d3f29f9abe4692595330dc62c0167a1a6670c87e2bff4427ff0de6ab,2024-03,Hampshire Constabulary,Hampshire Constabulary,-1.164006,50.729850,On or near Crown Street,E01017337,Isle of Wight 004C,Violence and sexual offences,Unable to prosecute suspect,
ad3fa43925083cd931d8db47464197323526a4d7eb1c7891b9c5129346671f88,2024-03,Hampshire Constabulary,Hampshire Constabulary,-1.165155,50.728986,On or near Parking Area,E01017337,Isle of Wight 004C,Violence and sexual offences,Investigation complete; no suspect identified,
7cf55e7ec6e916a1531d5c330af370b3e0eeeda4ba8fe632444568ca36d55a63,2024-03,Hampshire Constabulary,Hampshire Constabulary,-1.164006,50.729850,On or near Crown Street,E01017337,Isle of Wight 004C,Violence and sexual offences,Unable to prosecute suspect,
7f8375cb4a0179252bff069ff7593fd91183bbfbeafa8eea1b567ff324239d9f,2024-03,Hampshire Constabulary,Hampshire Constabulary,-1.164569,50.730025,On or near Lind Street,E01017337,Isle of Wight 004C,Violence and sexual offences,Investigation complete; no suspect identified,
e10745cf8250d81dc9dde0feb0cc6da33dae1815caeeec58057e677c05faad83,2024-03,Hampshire Constabulary,Hampshire Constabulary,-1.153333,50.724548,On or near St John'S Wood Road,E01017346,Isle of Wight 004D,Burglary,Unable to prosecute suspect,
6203c30b1ebe5fa6fb56e685e2b343db013081b29795a623d7fe5d4ef60b174b,2024-03,Hampshire Constabulary,Hampshire Constabulary,-1.148152,50.723539,On or near B3330,E01017346,Isle of Wight 004D,Violence and sexual offences,Unable to prosecute suspect,
8b61b98e8787c5363f86331ecaa75078b4420932ef5548353dddaee744c9db95,2024-03,Hampshire Constabulary,Hampshire Constabulary,-1.148152,50.723539,On or near B3330,E01017346,Isle of Wight 004D,Violence and sexual offences,Unable to prosecute suspect,
1a866078cc9da7ca73d2f199aeda43e6614d11c637807061809fb427a16ba610,2024-03,Hampshire Constabulary,Hampshire Constabulary,-1.149487,50.728827,On or near Abbey Lane,E01017346,Isle of Wight 004D,Violence and sexual offences,Unable to prosecute suspect,
ccdcd38084f5a33e3c5c9b38815e5ae20edf4e789dc15e611758d12ddde9138c,2024-03,Hampshire Constabulary,Hampshire Constabulary,-1.149487,50.728827,On or near Abbey Lane,E01017346,Isle of Wight 004D,Violence and sexual offences,Unable to prosecute suspect,
,2024-03,Hampshire Constabulary,Hampshire Constabulary,-1.148152,50.723539,On or near B3330,E01017346,Isle of Wight 004D,Anti-social behaviour,,
5ba87e2ccafac68c709c8c5c302c02b554a04a4d136d65fce7bc9e84114de3ed,2024-03,Hampshire Constabulary,Hampshire Constabulary,-1.151449,50.725325,On or near Holly Tree Close,E01017346,Isle of Wight 004D,Other theft,Unable to prosecute suspect,
fac7403a91bdde3a9f8f2b6d6c64c2bdbabd02c4a3ae1804cc0c71fcd7a57a2f,2024-03,Hampshire Constabulary,Hampshire Constabulary,-1.149487,50.728827,On or near Abbey Lane,E01017346,Isle of Wight 004D,Other theft,Investigation complete; no suspect identified,
de713451f863bed1d81beff3dcea9fc3d47a4a2ab2ddba469b7fce81b37234f9,2024-03,Hampshire Constabulary,Hampshire Constabulary,-1.151449,50.725325,On or near Holly Tree Close,E01017346,Isle of Wight 004D,Violence and sexual offences,Unable to prosecute suspect,
120cea13be10b5117db0bd761fd1b0e228b39cad1f7865b828433c5ad97b57f6,2024-03,Hampshire Constabulary,Hampshire Constabulary,-1.152377,50.724118,On or near St John'S Avenue,E01017346,Isle of Wight 004D,Violence and sexual offences,Unable to prosecute suspect,
8d9011d69e120b7c56f4965f0e23ded6daec16f6144e09c0d171858bd1eac121,2024-03,Hampshire Constabulary,Hampshire Constabulary,-1.151449,50.725325,On or near Holly Tree Close,E01017346,Isle of Wight 004D,Violence and sexual offences,Unable to prosecute suspect,
17ce6e5cb160ed3b0fae33501b16d28e887ac68ee182e59b7ca574928dac7e5d,2024-03,Hampshire Constabulary,Hampshire Constabulary,-1.195131,50.730051,On or near Abbots Close,E01017286,Isle of Wight 005A,Violence and sexual offences,Unable to prosecute suspect,
,2024-03,Hampshire Constabulary,Hampshire Constabulary,-1.207949,50.727854,On or near Elenors Grove,E01017286,Isle of Wight 005A,Anti-social behaviour,,
ca7ea7c05895077248143f6f550bc516e2984500470d60940753af538230f274,2024-03,Hampshire Constabulary,Hampshire Constabulary,-1.195131,50.730051,On or near Abbots Close,E01017286,Isle of Wight 005A,Violence and sexual offences,Unable to prosecute suspect,
7aaf0a186be70c565ad0142c1f9084cff4e1479000066888279a336054e99734,2024-03,Hampshire Constabulary,Hampshire Constabulary,-1.184542,50.722180,On or near Hillrise Avenue,E01017287,Isle of Wight 005B,Burglary,Unable to prosecute suspect,
4dc3c867fd0686965c256e46ecdc1410fd89d1d702c2beeab834f366168a8895,2024-03,Hampshire Constabulary,Hampshire Constabulary,-1.184438,50.721649,On or near Dame Anthonys Close,E01017287,Isle of Wight 005B,Violence and sexual offences,Court result unavailable,
ffc0c64bc7ebd63c6f89cbd1f42ed9ea14d1778be5e6b76b83e0729b8bf62905,2024-03,Hampshire Constabulary,Hampshire Constabulary,-1.183005,50.726693,On or near Stonelands Orchard,E01017287,Isle of Wight 005B,Violence and sexual offences,Awaiting court outcome,
ddcafec7e2279e6b63eae5328546d17d46238cfdd80199a630a54915df9e3db2,2024-03,Hampshire Constabulary,Hampshire Constabulary,-1.235463,50.727930,On or near Church Road,E01017367,Isle of Wight 005C,Violence and sexual offences,Unable to prosecute suspect,
202274f7d2cb963c11b303b6c5b332dd2ccfe75beb3331b042e47b6b0baac711,2024-03,Hampshire Constabulary,Hampshire Constabulary,-1.222948,50.731579,On or near Creek Gardens,E01017367,Isle of Wight 005C,Violence and sexual offences,Investigation complete; no suspect identified,
c66297a3fe446c0c154e20e17f6a0bb7d18541c7d03abaf359d2f1cc98c4227d,2024-03,Hampshire Constabulary,Hampshire Constabulary,-1.233724,50.725050,On or near High Street,E01017368,Isle of Wight 005D,Violence and sexual offences,Unable to prosecute suspect,
dc2b352fd4730cb05e4625693610c1eb34e47ec39ac95b114fa6a5617517e215,2024-03,Hampshire Constabulary,Hampshire Constabulary,-1.236316,50.725130,On or near Wooton Lodge,E01017368,Isle of Wight 005D,Violence and sexual offences,Investigation complete; no suspect identified,
f3d69ecf51d40251947dc23c522ed7b1478b7d5dd14788c7017da613d2a5ffd7,2024-03,Hampshire Constabulary,Hampshire Constabulary,-1.233724,50.725050,On or near High Street,E01017368,Isle of Wight 005D,Violence and sexual offences,Unable to prosecute suspect,
bffb0d2e15462d3461e5e8666ad6f0d8c1a2a260760e7cc622b9e676409952e5,2024-03,Hampshire Constabulary,Hampshire Constabulary,-1.230816,50.724455,On or near Brannon Way,E01017368,Isle of Wight 005D,Drugs,Local resolution,
dbd9b94b90350ef525f429073ae6dcc5d36bfddea02858d994e5e6979d410a23,2024-03,Hampshire Constabulary,Hampshire Constabulary,-1.229866,50.724503,On or near Parking Area,E01017368,Isle of Wight 005D,Violence and sexual offences,Status update unavailable,
5235182c000680094fe3a128489dbea11ce2a6041b98a01696625d42b21b5138,2024-03,Hampshire Constabulary,Hampshire Constabulary,-1.227196,50.724872,On or near Kite Hill,E01017368,Isle of Wight 005D,Other crime,Unable to prosecute suspect,
a4f7ce63d5cb975fba3e43a2a130d34c2b1db4960d87dcad7a83f8a3a3f47c20,2024-03,Hampshire Constabulary,Hampshire Constabulary,-1.170185,50.717717,On or near Bettesworth Road,E01017282,Isle of Wight 006A,Bicycle theft,Investigation complete; no suspect identified,
ccd750036c43bcbf2ebbb95cfe885c111dfb0896d352ffbb161b1bf48d075d3a,2024-03,Hampshire Constabulary,Hampshire Constabulary,-1.170072,50.718508,On or near Southfield Gardens,E01017282,Isle of Wight 006A,Violence and sexual offences,Unable to prosecute suspect,
ed664aed59358f4e37935ff15658e538f8e0e2f082c1bd0170f52be3e0e72955,2024-03,Hampshire Constabulary,Hampshire Constabulary,-1.172655,50.720640,On or near Pound Mead,E01017282,Isle of Wight 006A,Violence and sexual offences,Unable to prosecute suspect,
69a396c099bb200f48523453808a07df4436c2a133f65870953e4f7961f8984b,2024-03,Hampshire Constabulary,Hampshire Constabulary,-1.170072,50.718508,On or near Southfield Gardens,E01017282,Isle of Wight 006A,Violence and sexual offences,Investigation complete; no suspect identified,
315019a7b6d1dddbc08777056e30f3d8097f151ba2c024189664ae2bdbe64b0c,2024-03,Hampshire Constabulary,Hampshire Constabulary,-1.175003,50.718408,On or near Magnolia Drive,E01017283,Isle of Wight 006B,Burglary,Investigation complete; no suspect identified,
ab41d2e0a73f90f3280708fc0796016cec34f0bbf5a0e531f4b8ff835d72a242,2024-03,Hampshire Constabulary,Hampshire Constabulary,-1.207954,50.709886,On or near Havenstreet Main Road,E01017283,Isle of Wight 006B,Criminal damage and arson,Unable to prosecute suspect,
bb169e80ad08c907b24bcfdc47ac4bf515681e8068e5059cef9c10beb6e68ad5,2024-03,Hampshire Constabulary,Hampshire Constabulary,-1.209280,50.707683,On or near Speeds Lane,E01017283,Isle of Wight 006B,Violence and sexual offences,Unable to prosecute suspect,
25ab1d82e0e5656abe8caf6faa9310a4afceae1444f5c9a8f0adbd3209413127,2024-03,Hampshire Constabulary,Hampshire Constabulary,-1.170536,50.719528,On or near Haines Close,E01017283,Isle of Wight 006B,Other crime,Unable to prosecute suspect,
7404b5feb5ef36d48fb6788f72b31ec31dc3ef77324de16c4ae216ec58d3c5eb,2024-03,Hampshire Constabulary,Hampshire Constabulary,-1.178339,50.714754,On or near Windmill Close,E01017283,Isle of Wight 006B,Violence and sexual offences,Unable to prosecute suspect,
93862da3e7458862db9ee949be0390e3e006b8e14126a162dab078d975e97ddb,2024-03,Hampshire Constabulary,Hampshire Constabulary,-1.178281,50.718125,On or near Pear Tree Close,E01017283,Isle of Wight 006B,Violence and sexual offences,Unable to prosecute suspect,
e2d413b410feca7e990c1ee8d25708b65610e5344c6dd40222e2ebce50105ce8,2024-03,Hampshire Constabulary,Hampshire Constabulary,-1.177572,50.727068,On or near Broadway Crescent,E01017341,Isle of Wight 006D,Violence and sexual offences,Unable to prosecute suspect,
799e2b7f657775e113830be37457357e36c3b38e38227907350f1b84711e0ba0,2024-03,Hampshire Constabulary,Hampshire Constabulary,-1.177238,50.725897,On or near Sherbourne Avenue,E01017341,Isle of Wight 006D,Violence and sexual offences,Unable to prosecute suspect,
bb73dd9e97a13b30a30efaf13f0ee2155e57c4270f9fc6661b7f110e5732d541,2024-03,Hampshire Constabulary,Hampshire Constabulary,-1.181042,50.726283,On or near Meadowbrook,E01017341,Isle of Wight 006D,Violence and sexual offences,Unable to prosecute suspect,
,2024-03,Hampshire Constabulary,Hampshire Constabulary,-1.179001,50.720649,On or near Play Lane,E01017341,Isle of Wight 006D,Anti-social behaviour,,
,2024-03,Hampshire Constabulary,Hampshire Constabulary,-1.177572,50.727068,On or near Broadway Crescent,E01017341,Isle of Wight 006D,Anti-social behaviour,,
cc81a461d1ceb61d14a441b163f1e378e76eaa1513d7998852b0758b166c06b3,2024-03,Hampshire Constabulary,Hampshire Constabulary,-1.165143,50.725667,On or near Mount Street,E01017342,Isle of Wight 006E,Other theft,Investigation complete; no suspect identified,
3f9aab31e6bcb9a151711f3c0ca3596d6efa11afdde7e1bce332ef3da395b18a,2024-03,Hampshire Constabulary,Hampshire Constabulary,-1.167053,50.724215,On or near Supermarket,E01017342,Isle of Wight 006E,Shoplifting,Local resolution,
9f99839c5adf55a7c082b34bad6cdf2a8f56f5553250530def1eb0f523a8e425,2024-03,Hampshire Constabulary,Hampshire Constabulary,-1.167053,50.724215,On or near Supermarket,E01017342,Isle of Wight 006E,Shoplifting,Local resolution,
1be596c0d0f66fb8be4dc71ea059750cbd2fb4439d0ccf44cabb2028d5a598ea,2024-03,Hampshire Constabulary,Hampshire Constabulary,-1.167053,50.724215,On or near Supermarket,E01017342,Isle of Wight 006E,Shoplifting,Court result unavailable,
1ac79bf2614ab072efbd7cc0b222020c84da5a8e1a7a37c957e37d46d95718d1,2024-03,Hampshire Constabulary,Hampshire Constabulary,-1.174295,50.724069,On or near Tandy Close,E01017342,Isle of Wight 006E,Violence and sexual offences,Action to be taken by another organisation,
95f22b38da05003334084dc4cfbd794044b3edac50ad81251c22a75dfe7a53d7,2024-03,Hampshire Constabulary,Hampshire Constabulary,-1.165143,50.725667,On or near Mount Street,E01017342,Isle of Wight 006E,Violence and sexual offences,Unable to prosecute suspect,
,2024-03,Hampshire Constabulary,Hampshire Constabulary,-1.165496,50.724896,On or near Hill Street,E01017342,Isle of Wight 006E,Anti-social behaviour,,
de259736fa9f8f7e43ee24fcc338c3770ba1f30e64670dd6ae5e8429f2744ca9,2024-03,Hampshire Constabulary,Hampshire Constabulary,-1.165143,50.725667,On or near Mount Street,E01017342,Isle of Wight 006E,Criminal damage and arson,Investigation complete; no suspect identified,
22782eb104c479519e0b8b97bc54b773443f5d6f68298fb9e4bbf168fb55ba53,2024-03,Hampshire Constabulary,Hampshire Constabulary,-1.166376,50.723257,On or near Swanmore Road,E01017342,Isle of Wight 006E,Criminal damage and arson,Unable to prosecute suspect,
3834dc3abe7b324112da17ac205672681f3323a8b024868b5e0ff7c98d732384,2024-03,Hampshire Constabulary,Hampshire Constabulary,-1.165143,50.725667,On or near Mount Street,E01017342,Isle of Wight 006E,Criminal damage and arson,Investigation complete; no suspect identified,
d8630a348810348cec97835acf9c2dfaf66a51b6efb5da20362a47eafb89a070,2024-03,Hampshire Constabulary,Hampshire Constabulary,-1.167074,50.723801,On or near Nursery Gardens,E01017342,Isle of Wight 006E,Other theft,Unable to prosecute suspect,
a7bd6d0bb1f8944430d382386c69aa5ff76ec2fa508ef618e92e066ee74f0ea0,2024-03,Hampshire Constabulary,Hampshire Constabulary,-1.165496,50.724896,On or near Hill Street,E01017342,Isle of Wight 006E,Public order,Unable to prosecute suspect,
2d481eca883864d7dfb7199d44879cc32d4975e941a8fbd5e4d8bfffbeadbe0d,2024-03,Hampshire Constabulary,Hampshire Constabulary,-1.163906,50.725874,On or near Bank Gardens,E01017342,Isle of Wight 006E,Public order,Unable to prosecute suspect,
f5bd1884766f6302af51725728c1154643ba0a09c133626fd7837b40bb268c82,2024-03,Hampshire Constabulary,Hampshire Constabulary,-1.173646,50.727149,On or near Nursery Lane,E01017342,Isle of Wight 006E,Public order,Unable to prosecute suspect,
f701ea79815c2b46a8082b1288a682a3393d8df4957c6f34c226b5170db85f69,2024-03,Hampshire Constabulary,Hampshire Constabulary,-1.167053,50.724215,On or near Supermarket,E01017342,Isle of Wight 006E,Shoplifting,Court result unavailable,
4e20711b469e5ed3b6320dbc080ee34cbdf5343733f6d2185ca83351a7805b5c,2024-03,Hampshire Constabulary,Hampshire Constabulary,-1.167053,50.724215,On or near Supermarket,E01017342,Isle of Wight 006E,Shoplifting,Court result unavailable,
018830bab44d09e0e8f909609ee120c1c7d42b173b9c44d3a7732a91b40e0416,2024-03,Hampshire Constabulary,Hampshire Constabulary,-1.167053,50.724215,On or near Supermarket,E01017342,Isle of Wight 006E,Shoplifting,Court result unavailable,
4f9e8b6a391f62872d58cda806dccc9b8302d5ac4bbabfd2c11f66d1d8f36df6,2024-03,Hampshire Constabulary,Hampshire Constabulary,-1.167053,50.724215,On or near Supermarket,E01017342,Isle of Wight 006E,Shoplifting,Court result unavailable,
46750c2ee83b58b113fe5db4450441f72f90087551db7f9d9f0a65ac67ebc4b9,2024-03,Hampshire Constabulary,Hampshire Constabulary,-1.167053,50.724215,On or near Supermarket,E01017342,Isle of Wight 006E,Shoplifting,Court result unavailable,
2425fce9c53570ef83c2151e1ec10769e2c6009a511971e3b3897f34f81b4031,2024-03,Hampshire Constabulary,Hampshire Constabulary,-1.167053,50.724215,On or near Supermarket,E01017342,Isle of Wight 006E,Shoplifting,Court result unavailable,
3220c0d79f7064a0c2155372452e87d38148c9eb4e262f9e1170600ad6e9be7b,2024-03,Hampshire Constabulary,Hampshire Constabulary,-1.174295,50.724069,On or near Tandy Close,E01017342,Isle of Wight 006E,Violence and sexual offences,Investigation complete; no suspect identified,
e69fdd0937e935f5cb149af3e78e735a6e7b913bd29a94bfb1810635b1b06fc4,2024-03,Hampshire Constabulary,Hampshire Constabulary,-1.168185,50.721858,On or near Partlands Close,E01017342,Isle of Wight 006E,Violence and sexual offences,Unable to prosecute suspect,
1a60dd82b1588210e582d3bff59c23db6622238ead59cc59a92a6f63c8cf5de6,2024-03,Hampshire Constabulary,Hampshire Constabulary,-1.174295,50.724069,On or near Tandy Close,E01017342,Isle of Wight 006E,Violence and sexual offences,Action to be taken by another organisation,
f1106d268b597a422b46c18e65b987169851492d2d5114d16d93b84ec54861f0,2024-03,Hampshire Constabulary,Hampshire Constabulary,-1.163906,50.725874,On or near Bank Gardens,E01017342,Isle of Wight 006E,Violence and sexual offences,Unable to prosecute suspect,
5ceea28a7422ca6ce95cc2f9ab7c2bda49cb45817dbe0af5e6f0d04f9a220342,2024-03,Hampshire Constabulary,Hampshire Constabulary,-1.165143,50.725667,On or near Mount Street,E01017342,Isle of Wight 006E,Violence and sexual offences,Investigation complete; no suspect identified,
62f563c6a1c7fc341b075e4172556b0bab81b930fed45b2a7e10ab22082a7baf,2024-03,Hampshire Constabulary,Hampshire Constabulary,-1.168185,50.721858,On or near Partlands Close,E01017342,Isle of Wight 006E,Violence and sexual offences,Unable to prosecute suspect,
d75607ed2b571020b995ad4560f4a3dc08847e4723a4e94070b4144420a6c164,2024-03,Hampshire Constabulary,Hampshire Constabulary,-1.174295,50.724069,On or near Tandy Close,E01017342,Isle of Wight 006E,Violence and sexual offences,Unable to prosecute suspect,
1df577e529429396c48d8fe23200bfaf171fdbaca4ebb8f0672dcd6bc138cdec,2024-03,Hampshire Constabulary,Hampshire Constabulary,-1.166376,50.723257,On or near Swanmore Road,E01017342,Isle of Wight 006E,Violence and sexual offences,Unable to prosecute suspect,
376f6e986aa916adfcda9a1c1f0e1a7a4aaaf135ff1519f40ddec1abd393c458,2024-03,Hampshire Constabulary,Hampshire Constabulary,-1.171704,50.723978,On or near Pellhurst Road,E01017342,Isle of Wight 006E,Other crime,Action to be taken by another organisation,
732190b18450999e1309c06ac262364425b3b429ef0659c5a9a0847df04325c7,2024-03,Hampshire Constabulary,Hampshire Constabulary,-1.166808,50.718035,On or near Ashey Road,E01017339,Isle of Wight 007A,Violence and sexual offences,Unable to prosecute suspect,
36fa57ed440fa07056728ad66a9c3bd87088437e8e23584b3f386f81266b5fff,2024-03,Hampshire Constabulary,Hampshire Constabulary,-1.162693,50.721621,On or near Alfred Street,E01017339,Isle of Wight 007A,Violence and sexual offences,Unable to prosecute suspect,
,2024-03,Hampshire Constabulary,Hampshire Constabulary,-1.167267,50.720925,On or near Hazelwood Close,E01017339,Isle of Wight 007A,Anti-social behaviour,,
ef8ec9713b64ba0be38548375f457990f41d605535cd40e06e26db652dc7c5a6,2024-03,Hampshire Constabulary,Hampshire Constabulary,-1.158495,50.726609,On or near Park Close,E01017340,Isle of Wight 007B,Public order,Investigation complete; no suspect identified,
88e94042b16c8806b9e9722892c7f43b664c4e5f58420fb533dbafa07a5c8b4f,2024-03,Hampshire Constabulary,Hampshire Constabulary,-1.157322,50.724091,On or near Ryde St Johns Road,E01017340,Isle of Wight 007B,Violence and sexual offences,Unable to prosecute suspect,
83a956c5cc04da2938d6da20d203d3c832f2a21fbe24a8f9a944efdfc10fcb2c,2024-03,Hampshire Constabulary,Hampshire Constabulary,-1.156793,50.725940,On or near Daniel Street,E01017340,Isle of Wight 007B,Violence and sexual offences,Unable to prosecute suspect,
caa206a89cefef800f6bcd9e8e136da818a17c98c3fe776cd3a3684229d1acc8,2024-03,Hampshire Constabulary,Hampshire Constabulary,-1.162869,50.725282,On or near South View Close,E01017340,Isle of Wight 007B,Violence and sexual offences,Offender given a caution,
,2024-03,Hampshire Constabulary,Hampshire Constabulary,-1.163417,50.724737,On or near Stainers Close,E01017340,Isle of Wight 007B,Anti-social behaviour,,
,2024-03,Hampshire Constabulary,Hampshire Constabulary,-1.163417,50.724737,On or near Stainers Close,E01017340,Isle of Wight 007B,Anti-social behaviour,,
8d291d98c5a6dd028aba88ffadcdf96aa8579f15968211bddc57a07ba92d3acc,2024-03,Hampshire Constabulary,Hampshire Constabulary,-1.160580,50.726525,On or near Player Street,E01017340,Isle of Wight 007B,Other theft,Investigation complete; no suspect identified,
05d95b5b63a0a71f349dea7dd673c17a198aa3913a05545fb7e4d9ce80a978fb,2024-03,Hampshire Constabulary,Hampshire Constabulary,-1.160061,50.724596,On or near Surrey Street,E01017340,Isle of Wight 007B,Public order,Unable to prosecute suspect,
94ed4afab57a408f0b3291e206684a94a5f3099f526cb648a223dc7dcb78341e,2024-03,Hampshire Constabulary,Hampshire Constabulary,-1.158495,50.726609,On or near Park Close,E01017340,Isle of Wight 007B,Public order,Investigation complete; no suspect identified,
e7555a0b1e81df4d931cf95b8c89bc10aed854610b7f6a5cc25156e43cc5121e,2024-03,Hampshire Constabulary,Hampshire Constabulary,-1.159875,50.725530,On or near St John'S Road,E01017340,Isle of Wight 007B,Violence and sexual offences,Unable to prosecute suspect,
c69b6f52db495f992c5c875b00450b1a836a770a65e7aa711c09216043babcdc,2024-03,Hampshire Constabulary,Hampshire Constabulary,-1.162153,50.724908,On or near Prince Street,E01017340,Isle of Wight 007B,Violence and sexual offences,Unable to prosecute suspect,
5c12f052f46a9c88aeeb3364e00cde8706c8cbd511a67b42b1eb4bfd7b26c621,2024-03,Hampshire Constabulary,Hampshire Constabulary,-1.160061,50.724596,On or near Surrey Street,E01017340,Isle of Wight 007B,Violence and sexual offences,Unable to prosecute suspect,
76926af4415d4ea75c0a85eba5f11ab61d43eabf2df737fb5e75f7df70a0476a,2024-03,Hampshire Constabulary,Hampshire Constabulary,-1.150995,50.721401,On or near Gassiot Green Road,E01017343,Isle of Wight 007C,Violence and sexual offences,Unable to prosecute suspect,
2532a2d791e165891dd198bd1fdb3491c540111e9f274266ecff17ed37b79e60,2024-03,Hampshire Constabulary,Hampshire Constabulary,-1.144653,50.721966,On or near Amherst Mews,E01017343,Isle of Wight 007C,Violence and sexual offences,Unable to prosecute suspect,
3a11daa0173e88d38ce723225cb49d843f609f29162156e943a80a7e1b911ed7,2024-03,Hampshire Constabulary,Hampshire Constabulary,-1.144653,50.721966,On or near Amherst Mews,E01017343,Isle of Wight 007C,Violence and sexual offences,Court result unavailable,
15625277d2c7789a4179a9e1a32e7e325e78434d091cf2c4e0f65214d84c00ac,2024-03,Hampshire Constabulary,Hampshire Constabulary,-1.147224,50.721563,On or near Arundel Close,E01017343,Isle of Wight 007C,Violence and sexual offences,Unable to prosecute suspect,
,2024-03,Hampshire Constabulary,Hampshire Constabulary,-1.147224,50.721563,On or near Arundel Close,E01017343,Isle of Wight 007C,Anti-social behaviour,,
,2024-03,Hampshire Constabulary,Hampshire Constabulary,-1.147224,50.721563,On or near Arundel Close,E01017343,Isle of Wight 007C,Anti-social behaviour,,
362caa8bc6a172d5c31165861ee658b5d71837b3aad26d5c35621d7f55b02191,2024-03,Hampshire Constabulary,Hampshire Constabulary,-1.147224,50.721563,On or near Arundel Close,E01017343,Isle of Wight 007C,Criminal damage and arson,Unable to prosecute suspect,
e7778a08fed971cd1447699b445b67057f7f8bd802893e1529bf35400f479e92,2024-03,Hampshire Constabulary,Hampshire Constabulary,-1.151835,50.717289,On or near Preston Close,E01017343,Isle of Wight 007C,Violence and sexual offences,Unable to prosecute suspect,
12ed1ebabcc3713cbe7d27c787ce58112b319212e6bca210fc8be177027e1a6f,2024-03,Hampshire Constabulary,Hampshire Constabulary,-1.151835,50.717289,On or near Preston Close,E01017343,Isle of Wight 007C,Violence and sexual offences,Unable to prosecute suspect,
4fbc217b2287cb74be022e50c675bd8de751d72abbd7b7ba762757b99fae6d22,2024-03,Hampshire Constabulary,Hampshire Constabulary,-1.152505,50.718615,On or near Sutton Close,E01017343,Isle of Wight 007C,Violence and sexual offences,Investigation complete; no suspect identified,
337e5d406406ad54cad006ac148c8739b50ca0082354cad9fed344ad686ac495,2024-03,Hampshire Constabulary,Hampshire Constabulary,-1.151835,50.717289,On or near Preston Close,E01017343,Isle of Wight 007C,Violence and sexual offences,Unable to prosecute suspect,
9b7a6d00cadaf2481330cf98429b93622f6acf10f61840474a32ee6ca1c98ba8,2024-03,Hampshire Constabulary,Hampshire Constabulary,-1.151835,50.717289,On or near Preston Close,E01017343,Isle of Wight 007C,Violence and sexual offences,Unable to prosecute suspect,
3cc46f8c9b4ce8f40e9905ddf01fd69525056bdc274574fd32d62bc2c2cce8a9,2024-03,Hampshire Constabulary,Hampshire Constabulary,-1.143214,50.720094,On or near Lime Tree Way,E01017344,Isle of Wight 007D,Criminal damage and arson,Unable to prosecute suspect,
13008c8e221bcb2a413fa1329e6a14abf3eeb2ed65afd3a0e856a07b41850a96,2024-03,Hampshire Constabulary,Hampshire Constabulary,-1.146173,50.719379,On or near Marlborough Road,E01017344,Isle of Wight 007D,Violence and sexual offences,Unable to prosecute suspect,
6488f6bba3748a2b9b12e69296f59cfd44294cac7d30c3af4a652ca9e0aeafa2,2024-03,Hampshire Constabulary,Hampshire Constabulary,-1.149509,50.722128,On or near Sadlers Close,E01017344,Isle of Wight 007D,Violence and sexual offences,Unable to prosecute suspect,
96f8f3b641658a7dd33f581bd06d0e8dbe50d521202e942158b2a20688435ba4,2024-03,Hampshire Constabulary,Hampshire Constabulary,-1.142446,50.722580,On or near Grasmere Avenue,E01017344,Isle of Wight 007D,Violence and sexual offences,Unable to prosecute suspect,
48dc4c6baac9835ded113e9c9d0d5b5cf7673a639ab1faf25b7f95416f9ee071,2024-03,Hampshire Constabulary,Hampshire Constabulary,-1.149509,50.722128,On or near Sadlers Close,E01017344,Isle of Wight 007D,Vehicle crime,Investigation complete; no suspect identified,
19b6b860154807ccddf3a445972493017a321d79b78a3738580be0fd73081118,2024-03,Hampshire Constabulary,Hampshire Constabulary,-1.154703,50.720061,On or near Wicks Close,E01017345,Isle of Wight 007E,Violence and sexual offences,Unable to prosecute suspect,
8cbcdcd5a40cb778886e167a0fa84e803fd12a15583f594577c425153d882e38,2024-03,Hampshire Constabulary,Hampshire Constabulary,-1.157087,50.722183,On or near Oak Vale,E01017345,Isle of Wight 007E,Violence and sexual offences,Unable to prosecute suspect,
b921a0d4aa922c72be121656aa5fbd9698d521429a897141200be4daa1fa7912,2024-03,Hampshire Constabulary,Hampshire Constabulary,-1.153568,50.722490,On or near School Street,E01017345,Isle of Wight 007E,Violence and sexual offences,Unable to prosecute suspect,
9202b9797c6ce0c0d143235d2451c141395feaa755bc54d3847ef4b7c3a76087,2024-03,Hampshire Constabulary,Hampshire Constabulary,-1.153568,50.722490,On or near School Street,E01017345,Isle of Wight 007E,Violence and sexual offences,Unable to prosecute suspect,
,2024-03,Hampshire Constabulary,Hampshire Constabulary,-1.154134,50.723322,On or near St John'S Hill,E01017345,Isle of Wight 007E,Anti-social behaviour,,
a9f4b40b36b50d0c5a6bc165b373bd9be67e0d65addafacd56bc141b9d8103fa,2024-03,Hampshire Constabulary,Hampshire Constabulary,-1.156384,50.723482,On or near Meaders Road,E01017345,Isle of Wight 007E,Criminal damage and arson,Investigation complete; no suspect identified,
336ffbe62af0e66b2389b87bf4d1c4423a0373b3e43fe62ce5efafb0a76cef06,2024-03,Hampshire Constabulary,Hampshire Constabulary,-1.157087,50.722183,On or near Oak Vale,E01017345,Isle of Wight 007E,Criminal damage and arson,Investigation complete; no suspect identified,
254bccffc6b0ca4c24108cbfa5fce2365cd5c5de6d5b6e6e5586bea446fb55ae,2024-03,Hampshire Constabulary,Hampshire Constabulary,-1.158157,50.720167,On or near Brook Close,E01017345,Isle of Wight 007E,Public order,Unable to prosecute suspect,
772f3afd1042e9b581d76c1cb4c08097fe4d728b89ef490bdf245e1647fa9380,2024-03,Hampshire Constabulary,Hampshire Constabulary,-1.154088,50.722746,On or near Kent Street,E01017345,Isle of Wight 007E,Public order,Unable to prosecute suspect,
742361df8bf0f4f428f7c5b4a2245047d19aaef66766349bd2e4e27f7a0fb7fe,2024-03,Hampshire Constabulary,Hampshire Constabulary,-1.154088,50.722746,On or near Kent Street,E01017345,Isle of Wight 007E,Violence and sexual offences,Unable to prosecute suspect,
b84d38f80bd915b6c570c5be8729fcd76f78c08ae455538a16724db0fbc53af6,2024-03,Hampshire Constabulary,Hampshire Constabulary,-1.153568,50.722490,On or near School Street,E01017345,Isle of Wight 007E,Violence and sexual offences,Unable to prosecute suspect,
8e5e1bc898acabbcf8fe619ef395b5dd86ba4c1ad007139f149574a543b40e77,2024-03,Hampshire Constabulary,Hampshire Constabulary,-1.153568,50.722490,On or near School Street,E01017345,Isle of Wight 007E,Violence and sexual offences,Unable to prosecute suspect,
d48fa56a13f2577a2bdc614a9d8a2a2bce1d52db479f1e78901a2fb9e942842e,2024-03,Hampshire Constabulary,Hampshire Constabulary,-1.156070,50.720440,On or near Slade Road,E01017345,Isle of Wight 007E,Violence and sexual offences,Investigation complete; no suspect identified,
03e26bdddf37af20eadde9032307e3c8ab1171315cbc44397e2d94073ab6c5d7,2024-03,Hampshire Constabulary,Hampshire Constabulary,-1.157087,50.722183,On or near Oak Vale,E01017345,Isle of Wight 007E,Violence and sexual offences,Unable to prosecute suspect,
85bd5982c561e8b7f269eba421b64021297c795332ad883de16f9228fa10ee24,2024-03,Hampshire Constabulary,Hampshire Constabulary,-1.281784,50.706291,On or near Atkinson Drive,E01017310,Isle of Wight 008A,Criminal damage and arson,Court result unavailable,
1d6567a63da22a4f3673415ec9cc3a85da59bf3c8e4990bd8d56f5a29a3f7511,2024-03,Hampshire Constabulary,Hampshire Constabulary,-1.281784,50.706291,On or near Atkinson Drive,E01017310,Isle of Wight 008A,Violence and sexual offences,Court result unavailable,
8705e0c0fba12bd3afb64818104cab5bb234f5dc3652fb73ff3ebe5b98b703a5,2024-03,Hampshire Constabulary,Hampshire Constabulary,-1.280977,50.705324,On or near Cook Avenue,E01017310,Isle of Wight 008A,Violence and sexual offences,Unable to prosecute suspect,
553cd4565d66372688d07d602e3db6f4a8d4457ce4435056b6bef8b2b31625c4,2024-03,Hampshire Constabulary,Hampshire Constabulary,-1.281784,50.706291,On or near Atkinson Drive,E01017310,Isle of Wight 008A,Violence and sexual offences,Unable to prosecute suspect,
cdb4ad17700ed887d1392ae9ae689344a26a8cad0e112ccb2773e25d16d10794,2024-03,Hampshire Constabulary,Hampshire Constabulary,-1.283344,50.706085,On or near Halberry Lane,E01017310,Isle of Wight 008A,Violence and sexual offences,Unable to prosecute suspect,
adeaec05f8e053f7817381301a40ffb54316631de50540e6e924ae1438d166b0,2024-03,Hampshire Constabulary,Hampshire Constabulary,-1.280977,50.705324,On or near Cook Avenue,E01017310,Isle of Wight 008A,Violence and sexual offences,Unable to prosecute suspect,
426ab689df81e512e956a3bc7d9e766665cda8cde7aba37b31bafd8f2179293d,2024-03,Hampshire Constabulary,Hampshire Constabulary,-1.283344,50.706085,On or near Halberry Lane,E01017310,Isle of Wight 008A,Violence and sexual offences,Unable to prosecute suspect,
b3c8de66c92f17718ef3388cc6c834f001b7d2407e6b6873884eb0e477c12fb4,2024-03,Hampshire Constabulary,Hampshire Constabulary,-1.283325,50.710131,On or near Parking Area,E01017310,Isle of Wight 008A,Violence and sexual offences,Action to be taken by another organisation,
9ed8e9cc924d7e5541826261255b487f383c26bc2186b5d4c4b0cc30c61710dc,2024-03,Hampshire Constabulary,Hampshire Constabulary,-1.283325,50.710131,On or near Parking Area,E01017310,Isle of Wight 008A,Violence and sexual offences,Action to be taken by another organisation,
,2024-03,Hampshire Constabulary,Hampshire Constabulary,-1.248145,50.688857,On or near Long Lane,E01017310,Isle of Wight 008A,Anti-social behaviour,,
d1bc9bf84d257bf752faa9a45c25502e3db991b71cb255c0581e166d18a4ee5f,2024-03,Hampshire Constabulary,Hampshire Constabulary,-1.241879,50.702044,On or near Park/Open Space,E01017310,Isle of Wight 008A,Public order,Investigation complete; no suspect identified,
5577978a75d8ea5d4a91f4adb0f4294ea006fcc638955ed6299de345db8312a6,2024-03,Hampshire Constabulary,Hampshire Constabulary,-1.283344,50.706085,On or near Halberry Lane,E01017310,Isle of Wight 008A,Violence and sexual offences,Unable to prosecute suspect,
68e9ebe3d29c9655311767964496fec9179f436de1d4d25897c9977eefa3699b,2024-03,Hampshire Constabulary,Hampshire Constabulary,-1.283325,50.710131,On or near Parking Area,E01017310,Isle of Wight 008A,Violence and sexual offences,Action to be taken by another organisation,
9c5cb5198292387a582da682e6fc2e6a416828fc6551e7efe4c63056008c00a0,2024-03,Hampshire Constabulary,Hampshire Constabulary,-1.283344,50.706085,On or near Halberry Lane,E01017310,Isle of Wight 008A,Violence and sexual offences,Unable to prosecute suspect,
bbc1b1e6826f08aea376f29865a90a1a68e4980494ff2728a024f957ea10a18f,2024-03,Hampshire Constabulary,Hampshire Constabulary,-1.283344,50.706085,On or near Halberry Lane,E01017310,Isle of Wight 008A,Violence and sexual offences,Unable to prosecute suspect,
193d6dc337eb1cf998b0eb913682328559897e12a7b42d32e309072da583146c,2024-03,Hampshire Constabulary,Hampshire Constabulary,-1.289984,50.703391,On or near Parking Area,E01017311,Isle of Wight 008B,Violence and sexual offences,Local resolution,
434962e0ad20d94cb76d23a13201263f6ab065448811e9f9dbcd1abafeba1061,2024-03,Hampshire Constabulary,Hampshire Constabulary,-1.282982,50.703843,On or near Bellmeade Lane,E01017311,Isle of Wight 008B,Violence and sexual offences,Local resolution,
1db839d4cf1c58ebb62052f4b9093aaede5d8adf547c91f85c9c36ff5287d884,2024-03,Hampshire Constabulary,Hampshire Constabulary,-1.284361,50.703474,On or near Cross Lane,E01017311,Isle of Wight 008B,Violence and sexual offences,Unable to prosecute suspect,
157e38a6e6c1b6701de1164e4b50142304b3c3e4f411fddfbc0de9635bc3d2e1,2024-03,Hampshire Constabulary,Hampshire Constabulary,-1.282982,50.703843,On or near Bellmeade Lane,E01017311,Isle of Wight 008B,Violence and sexual offences,Local resolution,
eb5085a33c01e76c2653292d71eaf1e68732f6113aae4ea0f19c061759987bf7,2024-03,Hampshire Constabulary,Hampshire Constabulary,-1.284640,50.703763,On or near Howard Close,E01017311,Isle of Wight 008B,Violence and sexual offences,Unable to prosecute suspect,
28702adea925a52ee1ff9d6ff1775e2c0d8f08008633f8d3667cd2d901484491,2024-03,Hampshire Constabulary,Hampshire Constabulary,-1.281349,50.704121,On or near Oak Road,E01017311,Isle of Wight 008B,Other theft,Investigation complete; no suspect identified,
a201466d434fba5a7370364223b924b14b6953105635bc153dba76984239a288,2024-03,Hampshire Constabulary,Hampshire Constabulary,-1.286706,50.690790,On or near Burnt House Lane,E01017331,Isle of Wight 008C,Burglary,Investigation complete; no suspect identified,
775015a66a77e8638a07e6a3674e8a7191141f01d87803de3e8f899e3831916c,2024-03,Hampshire Constabulary,Hampshire Constabulary,-1.279866,50.698320,On or near Towngate Place,E01017331,Isle of Wight 008C,Criminal damage and arson,Investigation complete; no suspect identified,
7d37f64783ae96bd5092f12c0f1f42176f71784ab3a03fcefddc8f7049e3b379,2024-03,Hampshire Constabulary,Hampshire Constabulary,-1.287933,50.701409,On or near Coppins Close,E01017331,Isle of Wight 008C,Drugs,Local resolution,
b50aa3c4526d257f27d4815e38c038212dc8a2da9f42cc25aa8adc4a22a9add5,2024-03,Hampshire Constabulary,Hampshire Constabulary,-1.285180,50.696204,On or near Home Meade,E01017331,Isle of Wight 008C,Public order,Unable to prosecute suspect,
341db51368a48b9bdb52af749de68dc2564fe61f1cdedcdb5d3be7c37a29ed59,2024-03,Hampshire Constabulary,Hampshire Constabulary,-1.286684,50.694393,On or near Sports/Recreation Area,E01017331,Isle of Wight 008C,Public order,Unable to prosecute suspect,
f294088da9e093177599fc0453cf9ec396333bad9e1f85c3e98e3cc14bc245c6,2024-03,Hampshire Constabulary,Hampshire Constabulary,-1.286706,50.690790,On or near Burnt House Lane,E01017331,Isle of Wight 008C,Vehicle crime,Unable to prosecute suspect,
0b7f3f32f569bd21d7392fcb59f91e5dc998f15481e9801e4f05108fd530f8c1,2024-03,Hampshire Constabulary,Hampshire Constabulary,-1.286314,50.698935,On or near Green Street,E01017331,Isle of Wight 008C,Violence and sexual offences,Unable to prosecute suspect,
a7f03ef5e583085cda0c64db823bcd02d8eb87558289cf6c557118de66cc14aa,2024-03,Hampshire Constabulary,Hampshire Constabulary,-1.286684,50.694393,On or near Sports/Recreation Area,E01017331,Isle of Wight 008C,Violence and sexual offences,Unable to prosecute suspect,
51c348793028b150d1517172c34d8ffb1d23f189751462e73b3c1add04a1a2a3,2024-03,Hampshire Constabulary,Hampshire Constabulary,-1.286282,50.701031,On or near Highfield Road,E01017331,Isle of Wight 008C,Violence and sexual offences,Unable to prosecute suspect,
b8edbb09afaccf8299a740606a6b33c528456fe32f9827ae256f16a98a74fd11,2024-03,Hampshire Constabulary,Hampshire Constabulary,-1.283853,50.701528,On or near Mckeown Close,E01017331,Isle of Wight 008C,Violence and sexual offences,Unable to prosecute suspect,
05b6f305474a1a1583aacca280b592e2cc4c59ceb51811499d38ce42afc60806,2024-03,Hampshire Constabulary,Hampshire Constabulary,-1.285180,50.696204,On or near Home Meade,E01017331,Isle of Wight 008C,Violence and sexual offences,Unable to prosecute suspect,
26d198b8f58920463c69200663679aeffe64337915a5902a360412da33a9219b,2024-03,Hampshire Constabulary,Hampshire Constabulary,-1.279366,50.696788,On or near Angelica Grove,E01017331,Isle of Wight 008C,Violence and sexual offences,Unable to prosecute suspect,
a92bad25ae892607ddd584b3399a332e6cb17255c1771847760e2c34b1fa5c4d,2024-03,Hampshire Constabulary,Hampshire Constabulary,-1.279366,50.696788,On or near Angelica Grove,E01017331,Isle of Wight 008C,Violence and sexual offences,Unable to prosecute suspect,
52af9b043ea2eb145d7865e3c2529634bd8922fb616c84892ccea3111122e921,2024-03,Hampshire Constabulary,Hampshire Constabulary,-1.288106,50.697445,On or near Pan Close,E01017331,Isle of Wight 008C,Violence and sexual offences,Unable to prosecute suspect,
6ab1af0d62bd77eab22b031b47ba0f69eac708631d1a560b6b02be65fecd909d,2024-03,Hampshire Constabulary,Hampshire Constabulary,-1.280717,50.697894,On or near Sports/Recreation Area,E01017331,Isle of Wight 008C,Violence and sexual offences,Unable to prosecute suspect,
0a38e1ceacae3cf00df8b24fdfe1f2469d1f380251159bdb74e6d13b169ac761,2024-03,Hampshire Constabulary,Hampshire Constabulary,-1.288303,50.699424,On or near Parking Area,E01017331,Isle of Wight 008C,Violence and sexual offences,Unable to prosecute suspect,
,2024-03,Hampshire Constabulary,Hampshire Constabulary,-1.281357,50.701774,On or near Wallace Court,E01017331,Isle of Wight 008C,Anti-social behaviour,,
,2024-03,Hampshire Constabulary,Hampshire Constabulary,-1.279366,50.696788,On or near Angelica Grove,E01017331,Isle of Wight 008C,Anti-social behaviour,,
b657658ff18eff06ce634708612bd4207d9d709adc396d6cf167664371cf25b3,2024-03,Hampshire Constabulary,Hampshire Constabulary,-1.279366,50.696788,On or near Angelica Grove,E01017331,Isle of Wight 008C,Criminal damage and arson,Status update unavailable,
0103679227d51ae711a5d17014f21f5b9a131c593660aa7fcb2bd234bf7fd920,2024-03,Hampshire Constabulary,Hampshire Constabulary,-1.279366,50.696788,On or near Angelica Grove,E01017331,Isle of Wight 008C,Possession of weapons,Court result unavailable,
efce24dd80b542d17eb62de4ae535707b52f9eeed2536c931dbf6d5f9c133b43,2024-03,Hampshire Constabulary,Hampshire Constabulary,-1.279866,50.698320,On or near Towngate Place,E01017331,Isle of Wight 008C,Public order,Unable to prosecute suspect,
ce6b8670ed800531874faef5d74c7478664ba481d8bf2e8528c564770cccef5d,2024-03,Hampshire Constabulary,Hampshire Constabulary,-1.286684,50.694393,On or near Sports/Recreation Area,E01017331,Isle of Wight 008C,Public order,Investigation complete; no suspect identified,
c8f66b050136a0134cdcc1018485c3195ef94a5d1539a94aa2ab32953a66fc8e,2024-03,Hampshire Constabulary,Hampshire Constabulary,-1.286684,50.694393,On or near Sports/Recreation Area,E01017331,Isle of Wight 008C,Shoplifting,Formal action is not in the public interest,
43a82efe7794f597dc7f6cd376f92a50e5992c8df0f0b50c8c0ec1d0497cb470,2024-03,Hampshire Constabulary,Hampshire Constabulary,-1.288106,50.697445,On or near Pan Close,E01017331,Isle of Wight 008C,Shoplifting,Status update unavailable,
25502aa932a43c2c0a50c364fe6d0cff7f9425aebc5d9e3149f519b43ddd6631,2024-03,Hampshire Constabulary,Hampshire Constabulary,-1.280717,50.697894,On or near Sports/Recreation Area,E01017331,Isle of Wight 008C,Violence and sexual offences,Investigation complete; no suspect identified,
4a0f9aca8fe450807a66eec2753b6b4cc8c6109e6fe25cfdfa7c3aae12250775,2024-03,Hampshire Constabulary,Hampshire Constabulary,-1.280717,50.697894,On or near Sports/Recreation Area,E01017331,Isle of Wight 008C,Violence and sexual offences,Unable to prosecute suspect,
fa224a4950c0b7f1155c44667f0b34de4c1a08eb3fbfdb1f5ab57ae508468ffe,2024-03,Hampshire Constabulary,Hampshire Constabulary,-1.283222,50.698332,On or near Furrlongs,E01017332,Isle of Wight 008D,Possession of weapons,Unable to prosecute suspect,
34e5c92a1c89ed4d47c81f080fc59fef5d53c4780bf0824333a66200ca9f15b9,2024-03,Hampshire Constabulary,Hampshire Constabulary,-1.283222,50.698332,On or near Furrlongs,E01017332,Isle of Wight 008D,Shoplifting,Court result unavailable,
1cdc81e7d0ba1e6fcddd69f18f3d1189a0048e6f9371ab2bbad076efb000c155,2024-03,Hampshire Constabulary,Hampshire Constabulary,-1.279236,50.699692,On or near Meadowside,E01017332,Isle of Wight 008D,Violence and sexual offences,Unable to prosecute suspect,
0616db605c40181d407977b22e244271b8a382c382f38859894c38675097a1fa,2024-03,Hampshire Constabulary,Hampshire Constabulary,-1.283222,50.698332,On or near Furrlongs,E01017332,Isle of Wight 008D,Violence and sexual offences,Unable to prosecute suspect,
ff0c44cf1f9168ea1c2caea4390d26daa2aae6bb584ed0d4a4e0f2d8b75f2d3b,2024-03,Hampshire Constabulary,Hampshire Constabulary,-1.278058,50.698966,On or near Beauchamp Drive,E01017332,Isle of Wight 008D,Violence and sexual offences,Unable to prosecute suspect,
ee971fbd2dceaea1de6320f468c830c9a825275bfb96e080faf110e4f7c29d2f,2024-03,Hampshire Constabulary,Hampshire Constabulary,-1.278058,50.698966,On or near Beauchamp Drive,E01017332,Isle of Wight 008D,Other crime,Unable to prosecute suspect,
,2024-03,Hampshire Constabulary,Hampshire Constabulary,-1.282552,50.699578,On or near Manor Crescent,E01017332,Isle of Wight 008D,Anti-social behaviour,,
,2024-03,Hampshire Constabulary,Hampshire Constabulary,-1.275893,50.699788,On or near Saxon Close,E01017332,Isle of Wight 008D,Anti-social behaviour,,
1c180a419655160e8cde8e229746ab585c0b311cbf30207f723fbc5e128a58f6,2024-03,Hampshire Constabulary,Hampshire Constabulary,-1.278498,50.698932,On or near Wellesley Way,E01017332,Isle of Wight 008D,Burglary,Further investigation is not in the public interest,
13a6eeb16aab83dc32a4399259617e907a23a580891895df545d6cdb581d9b38,2024-03,Hampshire Constabulary,Hampshire Constabulary,-1.276571,50.698093,On or near Foundry Road,E01017332,Isle of Wight 008D,Criminal damage and arson,Investigation complete; no suspect identified,
6a770c3492e598d5a6437697c5b4a628ec4732a869479c47e1e4ff699ff31c3a,2024-03,Hampshire Constabulary,Hampshire Constabulary,-1.285394,50.696996,On or near Downs View Road,E01017332,Isle of Wight 008D,Criminal damage and arson,Investigation complete; no suspect identified,
080dd8109510739e8c960148cdb462e8eeb3e717d9288ff907cc9f473741f6da,2024-03,Hampshire Constabulary,Hampshire Constabulary,-1.283222,50.698332,On or near Furrlongs,E01017332,Isle of Wight 008D,Other theft,Investigation complete; no suspect identified,
03cf4681c2230d36455103fe42ba20b56ce34a5efc81612a92438f6bace865ff,2024-03,Hampshire Constabulary,Hampshire Constabulary,-1.278498,50.698932,On or near Wellesley Way,E01017332,Isle of Wight 008D,Possession of weapons,Formal action is not in the public interest,
60c1caa2a8f2c31b63a1a4b120439256d96702307a32f00f299f6e546b16d026,2024-03,Hampshire Constabulary,Hampshire Constabulary,-1.282552,50.699578,On or near Manor Crescent,E01017332,Isle of Wight 008D,Violence and sexual offences,Investigation complete; no suspect identified,
9116495bdd29b14421821cf18f19006fbab6c33b2be56fcf0adb914b9e76d332,2024-03,Hampshire Constabulary,Hampshire Constabulary,-1.278498,50.698932,On or near Wellesley Way,E01017332,Isle of Wight 008D,Violence and sexual offences,Action to be taken by another organisation,
8d562c1fbf81e1ec2cb34e78b5d9a46ee01e52b9d00711b8b6c5a5979580d633,2024-03,Hampshire Constabulary,Hampshire Constabulary,-1.279236,50.699692,On or near Meadowside,E01017332,Isle of Wight 008D,Violence and sexual offences,Unable to prosecute suspect,
13819505b907ae3065fb816f8ed8806da14076245d3221cda541abdc03382b1c,2024-03,Hampshire Constabulary,Hampshire Constabulary,-1.301330,50.710843,On or near Hospital,E01017334,Isle of Wight 008E,Public order,Court result unavailable,
c2e4800b090f0fc784a39c2a9cff201de3980083900f0b8930d0953fc909a113,2024-03,Hampshire Constabulary,Hampshire Constabulary,-1.294128,50.706582,On or near Bernard Way,E01017334,Isle of Wight 008E,Violence and sexual offences,Unable to prosecute suspect,
aac284e99c511ce0b2991f92ce25a4dd9d501a9c4416d0dcd2401070a0f83262,2024-03,Hampshire Constabulary,Hampshire Constabulary,-1.301330,50.710843,On or near Hospital,E01017334,Isle of Wight 008E,Violence and sexual offences,Unable to prosecute suspect,
af3eec1fdae5a4fffc4e7bca0c50c5f33d93d6f4df3e36e736980b2508f60a7e,2024-03,Hampshire Constabulary,Hampshire Constabulary,-1.301330,50.710843,On or near Hospital,E01017334,Isle of Wight 008E,Violence and sexual offences,Unable to prosecute suspect,
f3d14ae5118b2db49981d20de4be5ccf74838c308f0b9607b87ddce7fab5a176,2024-03,Hampshire Constabulary,Hampshire Constabulary,-1.301330,50.710843,On or near Hospital,E01017334,Isle of Wight 008E,Violence and sexual offences,Unable to prosecute suspect,
1f2b9b680b4e12ecee8c0db9ac074328f80ca6bbee6356e682a33e0112b6328e,2024-03,Hampshire Constabulary,Hampshire Constabulary,-1.301330,50.710843,On or near Hospital,E01017334,Isle of Wight 008E,Violence and sexual offences,Unable to prosecute suspect,
8244d38fa5d155ad5568131229ea6f6a8c056f8af3369521ebbbf1baa3645b22,2024-03,Hampshire Constabulary,Hampshire Constabulary,-1.301330,50.710843,On or near Hospital,E01017334,Isle of Wight 008E,Violence and sexual offences,Unable to prosecute suspect,
b88981854c378183746bb01422f0de2adaae83e3ac9a5f746574802b5cf54966,2024-03,Hampshire Constabulary,Hampshire Constabulary,-1.301330,50.710843,On or near Hospital,E01017334,Isle of Wight 008E,Violence and sexual offences,Unable to prosecute suspect,
7ce76b429337baab5d0f55b5fc7edf5cba762e6fc51edcdfb1eeb762c2083d20,2024-03,Hampshire Constabulary,Hampshire Constabulary,-1.305037,50.717790,On or near Nicholson Street,E01017334,Isle of Wight 008E,Violence and sexual offences,Unable to prosecute suspect,
fc29f20e2416807312cad8572b2f48795234830f65a7bde3860475b1bd8a7c25,2024-03,Hampshire Constabulary,Hampshire Constabulary,-1.305393,50.715741,On or near Lonsdale Avenue,E01017334,Isle of Wight 008E,Violence and sexual offences,Action to be taken by another organisation,
aed3c2592a3ada96cacbf6699cc26d4a8bcd95f51f36ed245863ff6e65826d41,2024-03,Hampshire Constabulary,Hampshire Constabulary,-1.304006,50.714717,On or near Hewitt Crescent,E01017334,Isle of Wight 008E,Violence and sexual offences,Action to be taken by another organisation,
7d28a62373c70eca320a895cd934bb4cb18aa10756ef27fd51b0b0b1fc974fd2,2024-03,Hampshire Constabulary,Hampshire Constabulary,-1.305393,50.715741,On or near Lonsdale Avenue,E01017334,Isle of Wight 008E,Violence and sexual offences,Awaiting court outcome,
b13dfee61791c0c991ca5b275054d5b0eeb48f24215ca91ff92e628051d8974c,2024-03,Hampshire Constabulary,Hampshire Constabulary,-1.293184,50.712871,On or near Monks Brook,E01017334,Isle of Wight 008E,Other crime,Awaiting court outcome,
972f10731ea7e8ec9e80344b2f409bfa16d22306299e21f21eabfbe3fda79b88,2024-03,Hampshire Constabulary,Hampshire Constabulary,-1.304006,50.714717,On or near Hewitt Crescent,E01017334,Isle of Wight 008E,Other crime,Formal action is not in the public interest,
,2024-03,Hampshire Constabulary,Hampshire Constabulary,-1.301330,50.710843,On or near Hospital,E01017334,Isle of Wight 008E,Anti-social behaviour,,
,2024-03,Hampshire Constabulary,Hampshire Constabulary,-1.303229,50.711718,On or near Parkhurst Road,E01017334,Isle of Wight 008E,Anti-social behaviour,,
6b32e4a92c75654d387b477f43cbb9372cd8c8c0db9525269eeb70d6575a95e5,2024-03,Hampshire Constabulary,Hampshire Constabulary,-1.304006,50.714717,On or near Hewitt Crescent,E01017334,Isle of Wight 008E,Criminal damage and arson,Status update unavailable,
bea3f669fbd75a7c8a00c34078adf3a1521a9b83b103d6fff602672c217ce0a4,2024-03,Hampshire Constabulary,Hampshire Constabulary,-1.305393,50.715741,On or near Lonsdale Avenue,E01017334,Isle of Wight 008E,Criminal damage and arson,Status update unavailable,
bb68cf84ddfdaa69ca916ee4cae7085008dfc3ca6679fd87d0cccf2cc17e2613,2024-03,Hampshire Constabulary,Hampshire Constabulary,-1.305393,50.715741,On or near Lonsdale Avenue,E01017334,Isle of Wight 008E,Public order,Unable to prosecute suspect,
606a83a06ec8f1de129040c8082b10be63717f9bb9d039337db47b422a6e15e2,2024-03,Hampshire Constabulary,Hampshire Constabulary,-1.293184,50.712871,On or near Monks Brook,E01017334,Isle of Wight 008E,Public order,Investigation complete; no suspect identified,
f3467679b3e5715dcae0e81819d0ed65b41317f1eddbdcdf0841323107c623c4,2024-03,Hampshire Constabulary,Hampshire Constabulary,-1.302829,50.715780,On or near Partridge Road,E01017334,Isle of Wight 008E,Public order,Unable to prosecute suspect,
f6342f2e9be5249618f00a4fc976ddf10f53ce665e7769e20182313eaa50c2bc,2024-03,Hampshire Constabulary,Hampshire Constabulary,-1.293184,50.712871,On or near Monks Brook,E01017334,Isle of Wight 008E,Violence and sexual offences,Investigation complete; no suspect identified,
777324acbac903d31884a8d4288d4f52235f6d4cdd7ac558f1030891b90f655c,2024-03,Hampshire Constabulary,Hampshire Constabulary,-1.301330,50.710843,On or near Hospital,E01017334,Isle of Wight 008E,Violence and sexual offences,Status update unavailable,
91d437c794df85b66f79d79b7d5aab3cc3d15b3b4c893744db4fbe5c66f5b0e1,2024-03,Hampshire Constabulary,Hampshire Constabulary,-1.296512,50.712882,On or near Dodnor Lane,E01017334,Isle of Wight 008E,Violence and sexual offences,Unable to prosecute suspect,
536dbf217cd4d5e50c8282ec04e8f8b3f10865beea104bee04e0843ba455e2ed,2024-03,Hampshire Constabulary,Hampshire Constabulary,-1.304006,50.714717,On or near Hewitt Crescent,E01017334,Isle of Wight 008E,Violence and sexual offences,Status update unavailable,
f4d7e52198d62dd09e1634379e793a61076e118d0974ec8b034a3b65062793ae,2024-03,Hampshire Constabulary,Hampshire Constabulary,-1.301330,50.710843,On or near Hospital,E01017334,Isle of Wight 008E,Violence and sexual offences,Unable to prosecute suspect,
616b0183627286d9f5380775adfb9a54d4deacec57b73876eec22676795a03ec,2024-03,Hampshire Constabulary,Hampshire Constabulary,-1.321982,50.697889,On or near Gunville West,E01017295,Isle of Wight 009A,Burglary,Court result unavailable,
5eaf76c12fd60f4df84cc2dfc23934bf3f7ab7be86bdfb16e314571b13a043cf,2024-03,Hampshire Constabulary,Hampshire Constabulary,-1.324080,50.699718,On or near Ash Close,E01017295,Isle of Wight 009A,Criminal damage and arson,Offender given a caution,
afce12bdf301f68a8016cd13b75cb8d6f0e4113cbb33a55e69ab9edf24bf8efe,2024-03,Hampshire Constabulary,Hampshire Constabulary,-1.324080,50.699718,On or near Ash Close,E01017295,Isle of Wight 009A,Violence and sexual offences,Offender given a caution,
,2024-03,Hampshire Constabulary,Hampshire Constabulary,-1.322910,50.699325,On or near Park Close,E01017295,Isle of Wight 009A,Anti-social behaviour,,
a06907d612e1defe08a88d6a3d5ab437de5633853062618000c2f8e28234eab9,2024-03,Hampshire Constabulary,Hampshire Constabulary,-1.322440,50.695635,On or near Alvington Manor View,E01017295,Isle of Wight 009A,Violence and sexual offences,Unable to prosecute suspect,
9a66b1fdef01444e03ce50cb13096de3f2486c8c74f4159a8690fbeaa715bdaf,2024-03,Hampshire Constabulary,Hampshire Constabulary,-1.294079,50.705152,On or near River Way,E01017325,Isle of Wight 009B,Burglary,Investigation complete; no suspect identified,
cb62c825e096f325940a6f7248c0b8e242308560561bfa8a3c8c866476ffa115,2024-03,Hampshire Constabulary,Hampshire Constabulary,-1.296331,50.700417,On or near Lugley Street,E01017325,Isle of Wight 009B,Criminal damage and arson,Local resolution,
2ff22d40ab2e1caaa6e63d4e25da43ee34c08c3bfe2577cc737d107a149de929,2024-03,Hampshire Constabulary,Hampshire Constabulary,-1.297587,50.702592,On or near Vicarage Walk,E01017325,Isle of Wight 009B,Robbery,Unable to prosecute suspect,
a2ce1e8bfa318e105d5e055552a0898981b4dc5f1747a5c02fd08321d7fa4e4f,2024-03,Hampshire Constabulary,Hampshire Constabulary,-1.294079,50.705152,On or near River Way,E01017325,Isle of Wight 009B,Robbery,Court result unavailable,
674f6d974fa279630fa7df2f41d259c00c74cfc64cbf1e3768983112dba868e6,2024-03,Hampshire Constabulary,Hampshire Constabulary,-1.299243,50.706451,On or near Wayside Drive,E01017325,Isle of Wight 009B,Shoplifting,Unable to prosecute suspect,
ae600de993c079e5c845933559c4e8e91c20746e5fdf031b3957efe1c1c6c95c,2024-03,Hampshire Constabulary,Hampshire Constabulary,-1.300066,50.701582,On or near Petrol Station,E01017325,Isle of Wight 009B,Shoplifting,Court result unavailable,
18bce70085d610a372082df7f9d71766ac947a99bf219e4031d18be5ebcb8293,2024-03,Hampshire Constabulary,Hampshire Constabulary,-1.297604,50.700470,On or near Parking Area,E01017325,Isle of Wight 009B,Violence and sexual offences,Unable to prosecute suspect,
daf4cea2497878ea35eabb3b1aeb759c01627a95830bd891cf2bd3f926f57ba7,2024-03,Hampshire Constabulary,Hampshire Constabulary,-1.298331,50.704926,On or near Hunny Hill,E01017325,Isle of Wight 009B,Violence and sexual offences,Investigation complete; no suspect identified,
1fde91e7efe6bf23ad1cafa52468c711a6466d5a7a6e1f1f538d686a2ff62398,2024-03,Hampshire Constabulary,Hampshire Constabulary,-1.298331,50.704926,On or near Hunny Hill,E01017325,Isle of Wight 009B,Violence and sexual offences,Unable to prosecute suspect,
ed7cebae68511592f8dfb4a6925de92e81fcd341a0a1c5e02616521f4de047ce,2024-03,Hampshire Constabulary,Hampshire Constabulary,-1.295455,50.704045,On or near Medina Way,E01017325,Isle of Wight 009B,Violence and sexual offences,Unable to prosecute suspect,
01420c7132aa744f7c14261f6470235bcfd25fba34b534922c7ca837ab1b8c9f,2024-03,Hampshire Constabulary,Hampshire Constabulary,-1.294079,50.705152,On or near River Way,E01017325,Isle of Wight 009B,Violence and sexual offences,Unable to prosecute suspect,
adbf2821d06bea436ca30bd8a4509dda2728b9118b7865a64d984e8f468f68b7,2024-03,Hampshire Constabulary,Hampshire Constabulary,-1.300615,50.706513,On or near Banner Lane,E01017325,Isle of Wight 009B,Violence and sexual offences,Unable to prosecute suspect,
,2024-03,Hampshire Constabulary,Hampshire Constabulary,-1.299243,50.706451,On or near Wayside Drive,E01017325,Isle of Wight 009B,Anti-social behaviour,,
a46c3262fb4f85be8f9d2e53ad913dc7b3fa03f676434f418bd17a834c4e2d2b,2024-03,Hampshire Constabulary,Hampshire Constabulary,-1.294079,50.705152,On or near River Way,E01017325,Isle of Wight 009B,Burglary,Investigation complete; no suspect identified,
200bf3790d0560f45cf42dce32c7c75654889827619a3edea4a9fae2e3bd36da,2024-03,Hampshire Constabulary,Hampshire Constabulary,-1.301408,50.701779,On or near Sycamore Gardens,E01017325,Isle of Wight 009B,Burglary,Court result unavailable,
1ae8bcf0abba731ca22e6f8aa5cbafe3ae4c6d8aec674c5e049fdb90f2216416,2024-03,Hampshire Constabulary,Hampshire Constabulary,-1.301408,50.701779,On or near Sycamore Gardens,E01017325,Isle of Wight 009B,Criminal damage and arson,Unable to prosecute suspect,
06b355e203b7fe3a6c05c659661b0082379542b14e8487213e3fe1730eaca112,2024-03,Hampshire Constabulary,Hampshire Constabulary,-1.297524,50.704858,On or near Hookes Way,E01017325,Isle of Wight 009B,Criminal damage and arson,Investigation complete; no suspect identified,
4ddc307b4cad36ebdb1945660e535b86a706df6091c0c591073095ddc41aa4ef,2024-03,Hampshire Constabulary,Hampshire Constabulary,-1.299419,50.701272,On or near Foxes Road,E01017325,Isle of Wight 009B,Criminal damage and arson,Unable to prosecute suspect,
debd989925d5993b7bf91094f697810473a871fc778b715fae4ef85aeb4d5f26,2024-03,Hampshire Constabulary,Hampshire Constabulary,-1.302121,50.701468,On or near Rowan Gardens,E01017325,Isle of Wight 009B,Other theft,Investigation complete; no suspect identified,
a728a25f142165b11afb5b8d818d66f8235e67d5bb4fdface38da6f44000dbce,2024-03,Hampshire Constabulary,Hampshire Constabulary,-1.298331,50.704926,On or near Hunny Hill,E01017325,Isle of Wight 009B,Violence and sexual offences,Unable to prosecute suspect,
144c6bc8e33c29ce4f9253961c4b0664adeea4a200df9cd505a24ef19be0b5af,2024-03,Hampshire Constabulary,Hampshire Constabulary,-1.300615,50.706513,On or near Banner Lane,E01017325,Isle of Wight 009B,Violence and sexual offences,Unable to prosecute suspect,
196e1b04acac7d31cb6374b2f5a01e12cfe4363d40a61898096e9ab053f5ed72,2024-03,Hampshire Constabulary,Hampshire Constabulary,-1.298331,50.704926,On or near Hunny Hill,E01017325,Isle of Wight 009B,Violence and sexual offences,Unable to prosecute suspect,
da3e5687de1adc5d10fcb7bb3161de1ca20271d87b4da3adb9dbb67d6fea8cac,2024-03,Hampshire Constabulary,Hampshire Constabulary,-1.299419,50.701272,On or near Foxes Road,E01017325,Isle of Wight 009B,Violence and sexual offences,Investigation complete; no suspect identified,
16c5a87ab1c6b978d121d37ba10e7442b3c48eb29429f8c8f386eb9cdc05125c,2024-03,Hampshire Constabulary,Hampshire Constabulary,-1.299466,50.699995,On or near Hearn Street,E01017326,Isle of Wight 009C,Burglary,Unable to prosecute suspect,
d08c679c57df97b8f849570472ff8f52974dd5dafa5b386cbdab5232603f4f2b,2024-03,Hampshire Constabulary,Hampshire Constabulary,-1.295729,50.699910,On or near St Jamess Street,E01017326,Isle of Wight 009C,Criminal damage and arson,Unable to prosecute suspect,
d9eab0fbbf7341600bee3bfd81e6ad7361572c35b2426048d3c7bb286070dcf8,2024-03,Hampshire Constabulary,Hampshire Constabulary,-1.292425,50.700277,On or near Nightclub,E01017326,Isle of Wight 009C,Criminal damage and arson,Investigation complete; no suspect identified,
661e9847e62364f61ec1da8f6fa213d4d8995e5d1bcd3835e22553f507f520d9,2024-03,Hampshire Constabulary,Hampshire Constabulary,-1.289758,50.699613,On or near East Street,E01017326,Isle of Wight 009C,Criminal damage and arson,Offender given a caution,
38a72b735a8157a2b6b3a3470a22ea39b6f80e7ed9f17ca70dcaa32e573048dd,2024-03,Hampshire Constabulary,Hampshire Constabulary,-1.291270,50.703597,On or near Little London,E01017326,Isle of Wight 009C,Criminal damage and arson,Investigation complete; no suspect identified,
b54e480188a9097d8a8b023d69e23db1327f3e3ec5e15db9733d418cdf5de7dd,2024-03,Hampshire Constabulary,Hampshire Constabulary,-1.292446,50.698820,On or near South Street,E01017326,Isle of Wight 009C,Drugs,Court result unavailable,
d1ef77ae10507e29e28b2c7d2f67641ab002aef0a5ad86077ef176278dc4d8f1,2024-03,Hampshire Constabulary,Hampshire Constabulary,-1.292425,50.700277,On or near Nightclub,E01017326,Isle of Wight 009C,Other theft,Unable to prosecute suspect,
632bdfb0ab95af2a3003c5fc477a1225af2718fc49f67a0429c479a26c97c16f,2024-03,Hampshire Constabulary,Hampshire Constabulary,-1.292425,50.700277,On or near Nightclub,E01017326,Isle of Wight 009C,Possession of weapons,Court result unavailable,
991f221b469acf6ade4119dc489bc2084aa62cf691d4b6d641a7e03215f55647,2024-03,Hampshire Constabulary,Hampshire Constabulary,-1.289758,50.699613,On or near East Street,E01017326,Isle of Wight 009C,Possession of weapons,Unable to prosecute suspect,
75315fd92142fd1ab666d08b18c0429d3d3bbf9a38b14624f2959d133b36d4a4,2024-03,Hampshire Constabulary,Hampshire Constabulary,-1.292600,50.700853,On or near Quay Street,E01017326,Isle of Wight 009C,Public order,Unable to prosecute suspect,
fd0ccf8482e427b3f343ebb3373e9b248879de7f307062b0dd2e65a9c00d7d90,2024-03,Hampshire Constabulary,Hampshire Constabulary,-1.296442,50.698655,On or near Scarrots Lane,E01017326,Isle of Wight 009C,Public order,Unable to prosecute suspect,
2419dbfbb6502f6b39a7b925613d2dd6abce5f5cf6c387310529f765ec0c34bb,2024-03,Hampshire Constabulary,Hampshire Constabulary,-1.296442,50.698655,On or near Scarrots Lane,E01017326,Isle of Wight 009C,Public order,Court result unavailable,
feb5d9cc5318137ff2242ccf66048ce108bb992bb89266a46910479ee2cf8883,2024-03,Hampshire Constabulary,Hampshire Constabulary,-1.295729,50.699910,On or near St Jamess Street,E01017326,Isle of Wight 009C,Shoplifting,Investigation complete; no suspect identified,
6a488e279a0154a0a74f90e14e88095f88be585aab26e900857ae6bf6b3637d0,2024-03,Hampshire Constabulary,Hampshire Constabulary,-1.293066,50.699049,On or near Town Lane,E01017326,Isle of Wight 009C,Shoplifting,Investigation complete; no suspect identified,
32307ebde86dbfe0ad882c3136b362c2219c81ac8aebf32918ebe338130620dd,2024-03,Hampshire Constabulary,Hampshire Constabulary,-1.295729,50.699910,On or near St Jamess Street,E01017326,Isle of Wight 009C,Shoplifting,Court result unavailable,
878cb8b98797d3b54de7ef4809edcad225c8568c6bdf8843e1afce2c83d078db,2024-03,Hampshire Constabulary,Hampshire Constabulary,-1.294594,50.700056,On or near High Street,E01017326,Isle of Wight 009C,Shoplifting,Local resolution,
aeb6a6fcc8040f2ccf26b078e4545befd9f090bd45250221b5abe71d78ef75c1,2024-03,Hampshire Constabulary,Hampshire Constabulary,-1.299281,50.699104,On or near Parking Area,E01017326,Isle of Wight 009C,Violence and sexual offences,Unable to prosecute suspect,
027f686fff9e65d7a221df7486f24990cd195fb8541b3d5462b57fb9a09f329e,2024-03,Hampshire Constabulary,Hampshire Constabulary,-1.290866,50.698487,On or near Prospect Road,E01017326,Isle of Wight 009C,Violence and sexual offences,Unable to prosecute suspect,
cfd4d46d71ea401782433d402f84640629b1835829a79bbdf71f8e3a7ac5ab56,2024-03,Hampshire Constabulary,Hampshire Constabulary,-1.290866,50.698487,On or near Prospect Road,E01017326,Isle of Wight 009C,Violence and sexual offences,Unable to prosecute suspect,
d01310269591c5d8f92137c8a2cae97c9394ced22c1fc8865801e730e64f91c0,2024-03,Hampshire Constabulary,Hampshire Constabulary,-1.289758,50.699613,On or near East Street,E01017326,Isle of Wight 009C,Violence and sexual offences,Unable to prosecute suspect,
153ea43e23a3ca43c6abf4d271b61c1f40004e41ce0d0d6eaab5e6b54737a387,2024-03,Hampshire Constabulary,Hampshire Constabulary,-1.295729,50.699910,On or near St Jamess Street,E01017326,Isle of Wight 009C,Violence and sexual offences,Court result unavailable,
b46fa6f93c42c906a49f6973f5af398be9a0504b1d5038dc835e094beea26bd4,2024-03,Hampshire Constabulary,Hampshire Constabulary,-1.289758,50.699613,On or near East Street,E01017326,Isle of Wight 009C,Violence and sexual offences,Unable to prosecute suspect,
22faba3182d6f5570e247ed20a4d4ce387fede1d5e3d54a61a0b909a380f748f,2024-03,Hampshire Constabulary,Hampshire Constabulary,-1.294464,50.699291,On or near Pyle Street,E01017326,Isle of Wight 009C,Violence and sexual offences,Unable to prosecute suspect,
059088a9eed73fe5a01a8e7dc61b95d430ccf27d3e58b2f86314596cef2e6567,2024-03,Hampshire Constabulary,Hampshire Constabulary,-1.294464,50.699291,On or near Pyle Street,E01017326,Isle of Wight 009C,Violence and sexual offences,Unable to prosecute suspect,
0098df62408ae7e5761ecb1d305b6cc46a3fa2a330d60572a51d65ffe502b050,2024-03,Hampshire Constabulary,Hampshire Constabulary,-1.292425,50.700277,On or near Nightclub,E01017326,Isle of Wight 009C,Violence and sexual offences,Unable to prosecute suspect,
451f6ca8caffa8c750e89616774a8a61a6e3b31bd9ac24e8fe6474976cc9bf0a,2024-03,Hampshire Constabulary,Hampshire Constabulary,-1.292425,50.700277,On or near Nightclub,E01017326,Isle of Wight 009C,Violence and sexual offences,Unable to prosecute suspect,
dae74f546fc129d22dbd4ef25695dd74b7b1a55b6fd02e66d14351604896e171,2024-03,Hampshire Constabulary,Hampshire Constabulary,-1.289758,50.699613,On or near East Street,E01017326,Isle of Wight 009C,Violence and sexual offences,Court result unavailable,
50436db2adc7a697ec5a5318287f239035c2e2df445ad866bb53a7bc4384493a,2024-03,Hampshire Constabulary,Hampshire Constabulary,-1.289758,50.699613,On or near East Street,E01017326,Isle of Wight 009C,Violence and sexual offences,Court result unavailable,
1d4a0a65679df5b30b1b62a4218d519fd1a739748856bdf86d7ecc75f2539b94,2024-03,Hampshire Constabulary,Hampshire Constabulary,-1.289758,50.699613,On or near East Street,E01017326,Isle of Wight 009C,Violence and sexual offences,Local resolution,
278f682ed6ae71b2c9ffbd14b6c1e8f37acd096963a06da0a0eb8c98a7f33861,2024-03,Hampshire Constabulary,Hampshire Constabulary,-1.289758,50.699613,On or near East Street,E01017326,Isle of Wight 009C,Violence and sexual offences,Unable to prosecute suspect,
c04b70458e29558d4ca232d0384aeec4b6eb656c28d9ddc82851f8a9030e7398,2024-03,Hampshire Constabulary,Hampshire Constabulary,-1.292600,50.700853,On or near Quay Street,E01017326,Isle of Wight 009C,Violence and sexual offences,Unable to prosecute suspect,
ed7b848501a91736c73243841eca709ab66ed75d394563aa5fbef32b60b7efdb,2024-03,Hampshire Constabulary,Hampshire Constabulary,-1.295444,50.701914,On or near St Cross Lane,E01017326,Isle of Wight 009C,Violence and sexual offences,Unable to prosecute suspect,
1c3f8a15195e54f6228818468fa6b1ae7a4d4a835bdfbb33cc14be5052aa040f,2024-03,Hampshire Constabulary,Hampshire Constabulary,-1.297730,50.697728,On or near New Street,E01017326,Isle of Wight 009C,Violence and sexual offences,Unable to prosecute suspect,
55ad8e0d6b0cf6bd9d2c8b5cdcada53d7d0f97dfd69e8e8bd0108e3865603865,2024-03,Hampshire Constabulary,Hampshire Constabulary,-1.296442,50.698655,On or near Scarrots Lane,E01017326,Isle of Wight 009C,Violence and sexual offences,Court result unavailable,
f90783f15f22d54f2f0ea5297aa4c054419ce4fa22abb727621d76b5266e4c99,2024-03,Hampshire Constabulary,Hampshire Constabulary,-1.289758,50.699613,On or near East Street,E01017326,Isle of Wight 009C,Violence and sexual offences,Court result unavailable,
27bf9f417ddacf695270d0afa0de9767eeacc40dac9a6ae4da64505d40c0a685,2024-03,Hampshire Constabulary,Hampshire Constabulary,-1.296442,50.698655,On or near Scarrots Lane,E01017326,Isle of Wight 009C,Other crime,Unable to prosecute suspect,
,2024-03,Hampshire Constabulary,Hampshire Constabulary,-1.296442,50.698655,On or near Scarrots Lane,E01017326,Isle of Wight 009C,Anti-social behaviour,,
,2024-03,Hampshire Constabulary,Hampshire Constabulary,-1.289758,50.699613,On or near East Street,E01017326,Isle of Wight 009C,Anti-social behaviour,,
,2024-03,Hampshire Constabulary,Hampshire Constabulary,-1.292546,50.699765,On or near Theatre/Concert Hall,E01017326,Isle of Wight 009C,Anti-social behaviour,,
,2024-03,Hampshire Constabulary,Hampshire Constabulary,-1.289758,50.699613,On or near East Street,E01017326,Isle of Wight 009C,Anti-social behaviour,,
,2024-03,Hampshire Constabulary,Hampshire Constabulary,-1.294594,50.700056,On or near High Street,E01017326,Isle of Wight 009C,Anti-social behaviour,,
,2024-03,Hampshire Constabulary,Hampshire Constabulary,-1.294797,50.702566,On or near Supermarket,E01017326,Isle of Wight 009C,Anti-social behaviour,,
,2024-03,Hampshire Constabulary,Hampshire Constabulary,-1.299281,50.699104,On or near Parking Area,E01017326,Isle of Wight 009C,Anti-social behaviour,,
,2024-03,Hampshire Constabulary,Hampshire Constabulary,-1.296442,50.698655,On or near Scarrots Lane,E01017326,Isle of Wight 009C,Anti-social behaviour,,
,2024-03,Hampshire Constabulary,Hampshire Constabulary,-1.296442,50.698655,On or near Scarrots Lane,E01017326,Isle of Wight 009C,Anti-social behaviour,,
,2024-03,Hampshire Constabulary,Hampshire Constabulary,-1.296442,50.698655,On or near Scarrots Lane,E01017326,Isle of Wight 009C,Anti-social behaviour,,
,2024-03,Hampshire Constabulary,Hampshire Constabulary,-1.293066,50.699049,On or near Town Lane,E01017326,Isle of Wight 009C,Anti-social behaviour,,
9d6ae4e31954f4fb4f04e32f7eb261df58852ccce343f14fad5f559c2a4d7e62,2024-03,Hampshire Constabulary,Hampshire Constabulary,-1.292425,50.700277,On or near Nightclub,E01017326,Isle of Wight 009C,Criminal damage and arson,Investigation complete; no suspect identified,
fbfd9900891e7cc36d714569a47cca9db6b4b6663b220ddb6f3cd8c55209bce5,2024-03,Hampshire Constabulary,Hampshire Constabulary,-1.299281,50.699104,On or near Parking Area,E01017326,Isle of Wight 009C,Criminal damage and arson,Investigation complete; no suspect identified,
63d0622245bab83c2264d5ebaaeb385fb4b66eecc347aef182634c9a86aae8c9,2024-03,Hampshire Constabulary,Hampshire Constabulary,-1.299466,50.699995,On or near Hearn Street,E01017326,Isle of Wight 009C,Criminal damage and arson,Unable to prosecute suspect,
ba0e92ea015f3c5d6080eeaa138d691bbf2e96d23388f94805bc7eec0f7f9d71,2024-03,Hampshire Constabulary,Hampshire Constabulary,-1.294154,50.699235,On or near Supermarket,E01017326,Isle of Wight 009C,Drugs,Local resolution,
ccfca15360f3b271dcd9a309ed9c6c608cee3bd53e92b851ad63c18706d5ab11,2024-03,Hampshire Constabulary,Hampshire Constabulary,-1.292446,50.698820,On or near South Street,E01017326,Isle of Wight 009C,Other theft,Investigation complete; no suspect identified,
3f19659770c82e95363e60170aabf5471c68bc715fc5eccf076f421e37648f5f,2024-03,Hampshire Constabulary,Hampshire Constabulary,-1.291951,50.701623,On or near Sea Street,E01017326,Isle of Wight 009C,Other theft,Investigation complete; no suspect identified,
d44e55cfebee798e62a897c744a18a8323cbc1b3887a7787ffeb90795cdc4564,2024-03,Hampshire Constabulary,Hampshire Constabulary,-1.294464,50.699291,On or near Pyle Street,E01017326,Isle of Wight 009C,Public order,Investigation complete; no suspect identified,
2c9af614b74f4172ae83b2df518e1850ae9cf8e9225e7f59c75956bfc2a5f4df,2024-03,Hampshire Constabulary,Hampshire Constabulary,-1.294154,50.699235,On or near Supermarket,E01017326,Isle of Wight 009C,Public order,Investigation complete; no suspect identified,
ecffd4f9cb57c801edb11b477da3630feefcf22b733cb76dd09aa46289d67425,2024-03,Hampshire Constabulary,Hampshire Constabulary,-1.294797,50.702566,On or near Supermarket,E01017326,Isle of Wight 009C,Public order,Investigation complete; no suspect identified,
86f4fc1dc637e7fb73b7c2b5167a80415bc85c7cb561994f84a88ffa71fc8e0b,2024-03,Hampshire Constabulary,Hampshire Constabulary,-1.295444,50.701914,On or near St Cross Lane,E01017326,Isle of Wight 009C,Public order,Local resolution,
3b51ec77018dec05d4e3a063ed55915d7314deab77acf1a1d08192839b98e739,2024-03,Hampshire Constabulary,Hampshire Constabulary,-1.291365,50.701026,On or near Parking Area,E01017326,Isle of Wight 009C,Public order,Investigation complete; no suspect identified,
8a1daa662c7504ab0d4576ea3fe059b6364b67ac6585e4c74d21d584506e1623,2024-03,Hampshire Constabulary,Hampshire Constabulary,-1.294154,50.699235,On or near Supermarket,E01017326,Isle of Wight 009C,Shoplifting,Status update unavailable,
e99090c3b64d922961043140505c20c7867060b0a197c2a9ecf164edf9575f12,2024-03,Hampshire Constabulary,Hampshire Constabulary,-1.294594,50.700056,On or near High Street,E01017326,Isle of Wight 009C,Shoplifting,Investigation complete; no suspect identified,
d059f11570e798291156f7a7894505debccc8e2968c9c444edb0a932f9647794,2024-03,Hampshire Constabulary,Hampshire Constabulary,-1.295729,50.699910,On or near St Jamess Street,E01017326,Isle of Wight 009C,Shoplifting,Investigation complete; no suspect identified,
dfb5faac04d05a21c10c5057b21e09fa0c9b0c6fd3ec1197403d5193fbe5e2b4,2024-03,Hampshire Constabulary,Hampshire Constabulary,-1.295729,50.699910,On or near St Jamess Street,E01017326,Isle of Wight 009C,Shoplifting,Investigation complete; no suspect identified,
0ff987c9c41bce891eabc0d1ed4e1e572f79eec49eddcbf665b43933fac958f0,2024-03,Hampshire Constabulary,Hampshire Constabulary,-1.292425,50.700277,On or near Nightclub,E01017326,Isle of Wight 009C,Theft from the person,Investigation complete; no suspect identified,
11f0afc5d61653ecdbf8ba82b85b5a652049db6526df73640d6136c0591f2e6f,2024-03,Hampshire Constabulary,Hampshire Constabulary,-1.289758,50.699613,On or near East Street,E01017326,Isle of Wight 009C,Violence and sexual offences,Unable to prosecute suspect,
416e8fafbd799a0577bf8665a2eb5f7f02ba86c7cc1fef58ff4475631ad8bbd1,2024-03,Hampshire Constabulary,Hampshire Constabulary,-1.289758,50.699613,On or near East Street,E01017326,Isle of Wight 009C,Violence and sexual offences,Investigation complete; no suspect identified,
70ad23262494efadbb05a727e0c528fefe44dddf7aca91cf64680d2a4e795c1f,2024-03,Hampshire Constabulary,Hampshire Constabulary,-1.289758,50.699613,On or near East Street,E01017326,Isle of Wight 009C,Violence and sexual offences,Unable to prosecute suspect,
a45ffc4d938128c59063fd28f03444949e34e47796109ed4952decb3db8ec40b,2024-03,Hampshire Constabulary,Hampshire Constabulary,-1.298494,50.697786,On or near Cross Street,E01017326,Isle of Wight 009C,Violence and sexual offences,Action to be taken by another organisation,
1cad52e9c334adb4b3d6e04ff6c544b0f9138a01a6a0e3a5ee37d36b02bb088a,2024-03,Hampshire Constabulary,Hampshire Constabulary,-1.293848,50.701652,On or near Holyrood Street,E01017326,Isle of Wight 009C,Violence and sexual offences,Status update unavailable,
cce17f03c11f1180bbdbe583b276efdcf3a4e7c5a2a58a690a0ad3cf2f106bd2,2024-03,Hampshire Constabulary,Hampshire Constabulary,-1.292425,50.700277,On or near Nightclub,E01017326,Isle of Wight 009C,Violence and sexual offences,Investigation complete; no suspect identified,
b439dfc1046c8458a6d1c74aabc725529d51d4e17b0eaf62f578c85adb4cd366,2024-03,Hampshire Constabulary,Hampshire Constabulary,-1.292425,50.700277,On or near Nightclub,E01017326,Isle of Wight 009C,Violence and sexual offences,Unable to prosecute suspect,
f88ab5f59d57cd444ec440e37ac6d20cd8c4c484c223f40c5407df58bcca2230,2024-03,Hampshire Constabulary,Hampshire Constabulary,-1.299281,50.699104,On or near Parking Area,E01017326,Isle of Wight 009C,Violence and sexual offences,Unable to prosecute suspect,
7ba2a0e3145b736f84800700c7bf6fd598c325700877fd17cd279f88153df833,2024-03,Hampshire Constabulary,Hampshire Constabulary,-1.294464,50.699291,On or near Pyle Street,E01017326,Isle of Wight 009C,Violence and sexual offences,Investigation complete; no suspect identified,
80283a1beb1a4c200eea9f2cbefca539a9f035f74e7b52484996f35249601c4b,2024-03,Hampshire Constabulary,Hampshire Constabulary,-1.301103,50.697541,On or near Cavendish Place,E01017328,Isle of Wight 009D,Criminal damage and arson,Further investigation is not in the public interest,
e61a403607f183781479cd4e53d1732e62567bfef4df15c146448d8eab2e7521,2024-03,Hampshire Constabulary,Hampshire Constabulary,-1.301281,50.698900,On or near Caesars Road,E01017328,Isle of Wight 009D,Violence and sexual offences,Unable to prosecute suspect,
184fb4a11a4c9e0d89c65e3f4cd6438a279ea440b5bd1768572812a1071a2959,2024-03,Hampshire Constabulary,Hampshire Constabulary,-1.299878,50.696104,On or near West View,E01017328,Isle of Wight 009D,Violence and sexual offences,Unable to prosecute suspect,
069f025f0d0a84038f6db4081a40ccc7208b533597ebb500976233f78a3fcd28,2024-03,Hampshire Constabulary,Hampshire Constabulary,-1.299040,50.696288,On or near Trafalgar Road,E01017328,Isle of Wight 009D,Violence and sexual offences,Unable to prosecute suspect,
58d711c526601bf8fc4af4d5d30fef60ef7fd5f4c15603b8d0dfa6cf600140fa,2024-03,Hampshire Constabulary,Hampshire Constabulary,-1.298962,50.697726,On or near West Street,E01017328,Isle of Wight 009D,Violence and sexual offences,Investigation complete; no suspect identified,
,2024-03,Hampshire Constabulary,Hampshire Constabulary,-1.299040,50.696288,On or near Trafalgar Road,E01017328,Isle of Wight 009D,Anti-social behaviour,,
,2024-03,Hampshire Constabulary,Hampshire Constabulary,-1.301281,50.698900,On or near Caesars Road,E01017328,Isle of Wight 009D,Anti-social behaviour,,
0c13fb50dd1f2ff63616f0c40297021d85bac60e1453f0c72bf0b3a16538bb23,2024-03,Hampshire Constabulary,Hampshire Constabulary,-1.296392,50.697279,On or near Union Street,E01017328,Isle of Wight 009D,Criminal damage and arson,Unable to prosecute suspect,
f7f755faff4a4015558ad322a81fbe2755f1059e66239c46bb8ce8d9e868bdd5,2024-03,Hampshire Constabulary,Hampshire Constabulary,-1.299040,50.696288,On or near Trafalgar Road,E01017328,Isle of Wight 009D,Criminal damage and arson,Unable to prosecute suspect,
7bd6aa0782f2228136879e9d9b42d9345d53cdfe8dd0fb184176bc89967986d3,2024-03,Hampshire Constabulary,Hampshire Constabulary,-1.302338,50.697306,On or near Field Place,E01017328,Isle of Wight 009D,Other theft,Investigation complete; no suspect identified,
b4184622250c54090f535c9d4b04c7c8b140339cbd2de93e23c94976eab586cd,2024-03,Hampshire Constabulary,Hampshire Constabulary,-1.299856,50.696634,On or near Portland Street,E01017328,Isle of Wight 009D,Public order,Investigation complete; no suspect identified,
16513af9fc266b7edcac5b6332df6b99fd5244d4f7a2514d94ed10043ca47238,2024-03,Hampshire Constabulary,Hampshire Constabulary,-1.300006,50.698902,On or near Drill Hall Road,E01017328,Isle of Wight 009D,Violence and sexual offences,Unable to prosecute suspect,
db228770dba4184ee9d74f613f8d7334782f33eb4d3fb96069ec618c39a6cfc9,2024-03,Hampshire Constabulary,Hampshire Constabulary,-1.300802,50.696838,On or near Bedford Row,E01017328,Isle of Wight 009D,Violence and sexual offences,Unable to prosecute suspect,
8d5cb492a17e63d9bcbbe09db807510761cb969b4e05752bcde8079fc69bcc34,2024-03,Hampshire Constabulary,Hampshire Constabulary,-1.298962,50.697726,On or near West Street,E01017328,Isle of Wight 009D,Violence and sexual offences,Unable to prosecute suspect,
4bfc21436bd8d69a334547ee3b56b5a8f37c00cce5c99a659721bf9dfd7ab088,2024-03,Hampshire Constabulary,Hampshire Constabulary,-1.305048,50.709417,On or near Sherwood Road,E01017333,Isle of Wight 009E,Criminal damage and arson,Investigation complete; no suspect identified,
5377ccf3232f39bed4bb822e88f960ff578c93c2f7a6bc4c47be16a74aaa604c,2024-03,Hampshire Constabulary,Hampshire Constabulary,-1.301494,50.706482,On or near Albany Road,E01017333,Isle of Wight 009E,Violence and sexual offences,Offender given a caution,
ae551e4ea78bd87425cfe428c71e75e1fae4f2bc5195e73d084bbcd3c770f777,2024-03,Hampshire Constabulary,Hampshire Constabulary,-1.307302,50.709242,On or near Argyle Road,E01017333,Isle of Wight 009E,Other theft,Investigation complete; no suspect identified,
6c4edc17972bf5b4c888168fc60ff0f2f2066bb3794e1e0e267979fb43b45c3a,2024-03,Hampshire Constabulary,Hampshire Constabulary,-1.321614,50.705792,On or near Forest Road,E01017333,Isle of Wight 009E,Possession of weapons,Court result unavailable,
e005c1653b5fa26f5d00e92a6f241423afcdaa829787fdb93bf10db227f9911f,2024-03,Hampshire Constabulary,Hampshire Constabulary,-1.092121,50.693484,On or near Harbour Strand,E01017284,Isle of Wight 010A,Possession of weapons,Awaiting court outcome,
68d1d15c5c859d5620a87de970e5d8d95ad9038ffaff58dfeff5e133eb4bdafe,2024-03,Hampshire Constabulary,Hampshire Constabulary,-1.086161,50.688312,On or near Foreland Road,E01017284,Isle of Wight 010A,Violence and sexual offences,Unable to prosecute suspect,
,2024-03,Hampshire Constabulary,Hampshire Constabulary,-1.084143,50.685104,On or near Sycamore Drive,E01017284,Isle of Wight 010A,Anti-social behaviour,,
43d11d941da7b198033a062f3f0c033187dbbe848bba45c5e640918e382a0c6f,2024-03,Hampshire Constabulary,Hampshire Constabulary,-1.084143,50.685104,On or near Sycamore Drive,E01017284,Isle of Wight 010A,Criminal damage and arson,Investigation complete; no suspect identified,
86b02678b16d37668b52a233d9e343936c5f1994d0e80d55a16639d5474868b1,2024-03,Hampshire Constabulary,Hampshire Constabulary,-1.089262,50.691205,On or near Sherbourne Street,E01017284,Isle of Wight 010A,Other theft,Action to be taken by another organisation,
cc1ae7db534ba5d7bfbe0a245b95093868e6bf4cb5483301787c4319bafaf320,2024-03,Hampshire Constabulary,Hampshire Constabulary,-1.091158,50.694232,On or near Beach Road,E01017284,Isle of Wight 010A,Public order,Investigation complete; no suspect identified,
3fbce85efbfee886605208ec620138bf4600e7b29c3ae80942da896f9f26b0f4,2024-03,Hampshire Constabulary,Hampshire Constabulary,-1.090402,50.690836,On or near Church Road,E01017284,Isle of Wight 010A,Violence and sexual offences,Investigation complete; no suspect identified,
83aaaa2d4d735824fde5053923985b21e1bc34d50862a3c47e49eae8add6672a,2024-03,Hampshire Constabulary,Hampshire Constabulary,-1.080213,50.687717,On or near Lane End Close,E01017285,Isle of Wight 010B,Shoplifting,Court result unavailable,
a0483b0bc096e6cb121789777b83d4cbd490222607d09175fa089559a3ab229b,2024-03,Hampshire Constabulary,Hampshire Constabulary,-1.080979,50.684755,On or near Walls Road,E01017285,Isle of Wight 010B,Violence and sexual offences,Unable to prosecute suspect,
3c417477da20632849a23540fedc70df4ad8c6b5cd886232da222ef1249efd5f,2024-03,Hampshire Constabulary,Hampshire Constabulary,-1.080979,50.684755,On or near Walls Road,E01017285,Isle of Wight 010B,Violence and sexual offences,Unable to prosecute suspect,
99d025dbd600a858c66ecd93aab66549ffdae4425778e4279d86dc2a1b6c2ae4,2024-03,Hampshire Constabulary,Hampshire Constabulary,-1.077890,50.687087,On or near Lane End Road,E01017285,Isle of Wight 010B,Drugs,Unable to prosecute suspect,
788d7648d2eba1928f5e92697ed326a608f713cb879730e20f102cfb2715c104,2024-03,Hampshire Constabulary,Hampshire Constabulary,-1.095975,50.677120,On or near Hillway Road,E01017285,Isle of Wight 010B,Violence and sexual offences,Unable to prosecute suspect,
b8f1102d5d8b0309a97331af69ed81292058f4024aa90c1c67dd33dfba211bb9,2024-03,Hampshire Constabulary,Hampshire Constabulary,-1.075575,50.683130,On or near Forelands Field Road,E01017285,Isle of Wight 010B,Violence and sexual offences,Unable to prosecute suspect,
,2024-03,Hampshire Constabulary,Hampshire Constabulary,-1.099531,50.701303,On or near Parking Area,E01017288,Isle of Wight 010C,Anti-social behaviour,,
54bab67c7d786b4c664571208f61d69a09d19957f7d45bdcf8b33f204cbf591c,2024-03,Hampshire Constabulary,Hampshire Constabulary,-1.119057,50.694563,On or near Carpenters Road,E01017288,Isle of Wight 010C,Public order,Further action is not in the public interest,
026bf4201b0da478edc89d545b45669d50062e0a9e78c675a959d7654f4e8104,2024-03,Hampshire Constabulary,Hampshire Constabulary,-1.099531,50.701303,On or near Parking Area,E01017288,Isle of Wight 010C,Violence and sexual offences,Unable to prosecute suspect,
bd6477794485f7e4c8d9b3469a24cbd6f4734e76db6499e01d51a59453826c37,2024-03,Hampshire Constabulary,Hampshire Constabulary,-1.099531,50.701303,On or near Parking Area,E01017288,Isle of Wight 010C,Violence and sexual offences,Investigation complete; no suspect identified,
a87d886e3c1bbb9fdbec06c691274714dc62e26334c2adcda379f7e1ad7b2e92,2024-03,Hampshire Constabulary,Hampshire Constabulary,-1.124771,50.724553,On or near Springvale Road,E01017351,Isle of Wight 010D,Burglary,Investigation complete; no suspect identified,
a33b6df77cfe78d99fb64a666383f2741c29c7ac62edb586e144e5d5ae322ab9,2024-03,Hampshire Constabulary,Hampshire Constabulary,-1.143873,50.712662,On or near Mulberry Way,E01017351,Isle of Wight 010D,Violence and sexual offences,Unable to prosecute suspect,
503d20b7af0a0d7a0cc824fada508ed86864beedc7e0de1adb9daf0308e12907,2024-03,Hampshire Constabulary,Hampshire Constabulary,-1.143873,50.712662,On or near Mulberry Way,E01017351,Isle of Wight 010D,Drugs,Local resolution,
3cadc5437b4b3529db030292454f15b70f33f8af7ff03c1b9610b20d85f7cdd6,2024-03,Hampshire Constabulary,Hampshire Constabulary,-1.143873,50.712662,On or near Mulberry Way,E01017351,Isle of Wight 010D,Other theft,Investigation complete; no suspect identified,
949b44a118c9f7b26daac9576277fa124cea12fd38a6506cf05779f1ab068106,2024-03,Hampshire Constabulary,Hampshire Constabulary,-1.143873,50.712662,On or near Mulberry Way,E01017351,Isle of Wight 010D,Other theft,Investigation complete; no suspect identified,
4aae911664296538381a1045ffaef2ac6a6a14f1e10520ee34f139c265742f1d,2024-03,Hampshire Constabulary,Hampshire Constabulary,-1.143873,50.712662,On or near Mulberry Way,E01017351,Isle of Wight 010D,Shoplifting,Investigation complete; no suspect identified,
714f57c8ea8592c201cab8e961c0ab67db83a15f3f8e4b1c5887607a74318025,2024-03,Hampshire Constabulary,Hampshire Constabulary,-1.108464,50.717118,On or near Pier Road,E01017351,Isle of Wight 010D,Violence and sexual offences,Unable to prosecute suspect,
2518bde58abf7974521ebe7d648e91a3a7212a36f459d3625c496c02bb8b7af6,2024-03,Hampshire Constabulary,Hampshire Constabulary,-1.143873,50.712662,On or near Mulberry Way,E01017351,Isle of Wight 010D,Violence and sexual offences,Unable to prosecute suspect,
061ccb0402b0a751ce945c20cfa630cdd84834e8eccc54380eb2a3bd151b2b09,2024-03,Hampshire Constabulary,Hampshire Constabulary,-1.304040,50.695221,On or near Carisbrooke Road,E01017292,Isle of Wight 011A,Criminal damage and arson,Court result unavailable,
c9bfc5144b9ed2104a95cbef38937431d557fc7e2e846b443144d28e69c66a3c,2024-03,Hampshire Constabulary,Hampshire Constabulary,-1.310109,50.694546,On or near Wellington Road,E01017292,Isle of Wight 011A,Violence and sexual offences,Unable to prosecute suspect,
1de370d75a0d03830c6c6513de567583f5704d68004228ed296cda98ad5c8caa,2024-03,Hampshire Constabulary,Hampshire Constabulary,-1.304212,50.700797,On or near Brickfield Close,E01017292,Isle of Wight 011A,Violence and sexual offences,Unable to prosecute suspect,
dbed199b34e8b0fb6eb4611e1674846eef06d2423dcd9b1f3bc4f30ce30c50cc,2024-03,Hampshire Constabulary,Hampshire Constabulary,-1.310109,50.694546,On or near Wellington Road,E01017292,Isle of Wight 011A,Other crime,Formal action is not in the public interest,
,2024-03,Hampshire Constabulary,Hampshire Constabulary,-1.308419,50.691038,On or near Cedar Hill,E01017292,Isle of Wight 011A,Anti-social behaviour,,
,2024-03,Hampshire Constabulary,Hampshire Constabulary,-1.308419,50.691038,On or near Cedar Hill,E01017292,Isle of Wight 011A,Anti-social behaviour,,
,2024-03,Hampshire Constabulary,Hampshire Constabulary,-1.308419,50.691038,On or near Cedar Hill,E01017292,Isle of Wight 011A,Anti-social behaviour,,
8570b5d5ec4d2b674eae077cd02ad1651685bebc16f294131bf0559fb89be174,2024-03,Hampshire Constabulary,Hampshire Constabulary,-1.302298,50.699023,On or near Westminster Lane,E01017292,Isle of Wight 011A,Violence and sexual offences,Unable to prosecute suspect,
bc6615cb176b0159df532a6753a72684897d3412d639328dd3fc8b74383f00de,2024-03,Hampshire Constabulary,Hampshire Constabulary,-1.310109,50.694546,On or near Wellington Road,E01017292,Isle of Wight 011A,Violence and sexual offences,Further investigation is not in the public interest,
a2dabf7da48c2c9c07757e379172b599ec9651ecf2584ddc16818aa77c0bce00,2024-03,Hampshire Constabulary,Hampshire Constabulary,-1.309681,50.690965,On or near Spring Lane,E01017292,Isle of Wight 011A,Violence and sexual offences,Unable to prosecute suspect,
75a5949216b7bb0274306ae53897eca43f1f22369fe21fff1cfe4c0eda0150fb,2024-03,Hampshire Constabulary,Hampshire Constabulary,-1.304212,50.700797,On or near Brickfield Close,E01017292,Isle of Wight 011A,Violence and sexual offences,Unable to prosecute suspect,
f52e15cdc2b3a3ea2b89ca09e537340209ab9cddd5e11b5bb879f5a0319a7406,2024-03,Hampshire Constabulary,Hampshire Constabulary,-1.310109,50.694546,On or near Wellington Road,E01017292,Isle of Wight 011A,Violence and sexual offences,Unable to prosecute suspect,
a732783c7faf2d6de55c79724583b4824d90954b3336a3f7333cd0f8ee2ee235,2024-03,Hampshire Constabulary,Hampshire Constabulary,-1.309681,50.690965,On or near Spring Lane,E01017292,Isle of Wight 011A,Violence and sexual offences,Action to be taken by another organisation,
03c9af78d1a371b2c14028e02791b14f94cedfe3222228a43a1314945a64400b,2024-03,Hampshire Constabulary,Hampshire Constabulary,-1.310109,50.694546,On or near Wellington Road,E01017292,Isle of Wight 011A,Other crime,Further investigation is not in the public interest,
68983a67ae09d2b1ef2429f645d20118cf9e4f092ae495aed93078642748cd3d,2024-03,Hampshire Constabulary,Hampshire Constabulary,-1.313637,50.695367,On or near Purdy Road,E01017293,Isle of Wight 011B,Violence and sexual offences,Unable to prosecute suspect,
2d605d9b5291c63f149438d0f88ef670205c78dade1b40ae29d8eb09205166ee,2024-03,Hampshire Constabulary,Hampshire Constabulary,-1.312359,50.694667,On or near Kinchington Road,E01017293,Isle of Wight 011B,Public order,Unable to prosecute suspect,
a2e8899b8f5ae3627aed84a7a8c0d2104c2c52cb22e8b204e4e813a21c5d87b8,2024-03,Hampshire Constabulary,Hampshire Constabulary,-1.314490,50.695157,On or near Redwing Close,E01017293,Isle of Wight 011B,Theft from the person,Investigation complete; no suspect identified,
4802e7033e12494f6b3ae71ace39a97431b6f6c65dedd52468a3ee0c9ea3b2cf,2024-03,Hampshire Constabulary,Hampshire Constabulary,-1.282692,50.648553,On or near Harts Lane,E01017296,Isle of Wight 011C,Public order,Unable to prosecute suspect,
d740cb23278cbc503d21c8ae4e8e563274f5bcf529e33af0aea91b90f0835b52,2024-03,Hampshire Constabulary,Hampshire Constabulary,-1.279202,50.652929,On or near Supermarket,E01017296,Isle of Wight 011C,Shoplifting,Court result unavailable,
58ab951619b2dd6391cdce9aefaa6c923a335147a2bb33e28a5bb8d2f677226f,2024-03,Hampshire Constabulary,Hampshire Constabulary,-1.250788,50.652651,On or near Budbridge Lane,E01017296,Isle of Wight 011C,Violence and sexual offences,Unable to prosecute suspect,
516ffb9c9d14db2fb79173b2cfdaf78092037856b52cf0796ecf8f1c7c04391a,2024-03,Hampshire Constabulary,Hampshire Constabulary,-1.250788,50.652651,On or near Budbridge Lane,E01017296,Isle of Wight 011C,Violence and sexual offences,Unable to prosecute suspect,
7fac6eef21fa1b6e73b68c0b5b4752194bbf290439d4ca6e35cd0c6588af6c3f,2024-03,Hampshire Constabulary,Hampshire Constabulary,-1.283287,50.653125,On or near Niton Road,E01017296,Isle of Wight 011C,Violence and sexual offences,Unable to prosecute suspect,
9cac7052f9b051d1f52012ad273293d816e25499c21c5a0e50c331b54fbe3d57,2024-03,Hampshire Constabulary,Hampshire Constabulary,-1.278127,50.653876,On or near Pritchetts Way,E01017296,Isle of Wight 011C,Violence and sexual offences,Court result unavailable,
268ab26c2aaabcd4ac31411995eb6eca728c1dbb88458cce361143a8bb1270c0,2024-03,Hampshire Constabulary,Hampshire Constabulary,-1.278127,50.653876,On or near Pritchetts Way,E01017296,Isle of Wight 011C,Violence and sexual offences,Court result unavailable,
e13ad15cfae25e93ecffeb0a3b15575258af717dfa393dec82e1daf19228d3db,2024-03,Hampshire Constabulary,Hampshire Constabulary,-1.288217,50.681057,On or near Sports/Recreation Area,E01017296,Isle of Wight 011C,Violence and sexual offences,Unable to prosecute suspect,
6e1c37840f3045e07202023dc77736d8ce2e5e00a330e2b83a93e57922b1f08d,2024-03,Hampshire Constabulary,Hampshire Constabulary,-1.244833,50.677410,On or near Sports/Recreation Area,E01017296,Isle of Wight 011C,Other crime,Investigation complete; no suspect identified,
589c18f79129cd79914b73536585505ff84f808abf9e9d40ad9b615f03d5f4c9,2024-03,Hampshire Constabulary,Hampshire Constabulary,-1.244833,50.677410,On or near Sports/Recreation Area,E01017296,Isle of Wight 011C,Criminal damage and arson,Investigation complete; no suspect identified,
0cbbf7c6e2e7014b0d419cc12cc475b914dcd43593d1b9c4cfb82d02369e2561,2024-03,Hampshire Constabulary,Hampshire Constabulary,-1.254978,50.662282,On or near Merstone Lane,E01017296,Isle of Wight 011C,Drugs,Local resolution,
dde7d6a2acdfdaba7b16d06cab9a69ac7b132fe9a32e6541cab811474db62b40,2024-03,Hampshire Constabulary,Hampshire Constabulary,-1.247649,50.681822,On or near Downend Road,E01017296,Isle of Wight 011C,Public order,Unable to prosecute suspect,
87c6b3b838de0771ed1ae1bc13bbaa997d1daf57f86234788ae7b1049330da82,2024-03,Hampshire Constabulary,Hampshire Constabulary,-1.282692,50.648553,On or near Harts Lane,E01017296,Isle of Wight 011C,Public order,Investigation complete; no suspect identified,
4784c36d52be0c883f28f0ae17c86a01eb1c230d9016f78ff39e16596be1b27e,2024-03,Hampshire Constabulary,Hampshire Constabulary,-1.279202,50.652929,On or near Supermarket,E01017296,Isle of Wight 011C,Other crime,Status update unavailable,
a98a8f814c5662197ec68d6467c7ed4d0efc033780e1ad460bb1cf75d04ebb5d,2024-03,Hampshire Constabulary,Hampshire Constabulary,-1.292735,50.692823,On or near Laburnam Close,E01017321,Isle of Wight 011D,Burglary,Unable to prosecute suspect,
6c48da8a5d85cf5eb86ecd4c10553a0152213571c1937cf21e9cd24d446e5789,2024-03,Hampshire Constabulary,Hampshire Constabulary,-1.305400,50.691326,On or near B3401,E01017321,Isle of Wight 011D,Other theft,Investigation complete; no suspect identified,
28ee2ede673bec154a7768ce79259c6134af05bbaabd9f55cbdfd2dfd1da0fcd,2024-03,Hampshire Constabulary,Hampshire Constabulary,-1.305400,50.691326,On or near B3401,E01017321,Isle of Wight 011D,Violence and sexual offences,Unable to prosecute suspect,
,2024-03,Hampshire Constabulary,Hampshire Constabulary,-1.302037,50.685146,On or near Nunnery Lane,E01017321,Isle of Wight 011D,Anti-social behaviour,,
e10cc3247db4c2f1f8d1976548978cacbca89284cca4537e38faf34d9a8422fd,2024-03,Hampshire Constabulary,Hampshire Constabulary,-1.301084,50.694052,On or near Nelson Road,E01017322,Isle of Wight 011E,Violence and sexual offences,Unable to prosecute suspect,
fe593af961605278f31f04a1a07a48d0668c373323da0892f39c8eaada4ded3e,2024-03,Hampshire Constabulary,Hampshire Constabulary,-1.303963,50.691803,On or near Chandler Close,E01017322,Isle of Wight 011E,Violence and sexual offences,Unable to prosecute suspect,
45371c7b0b83527035ec2a3692a1ac648be9753733a4b6f9df4c550491ecdf88,2024-03,Hampshire Constabulary,Hampshire Constabulary,-1.302111,50.692565,On or near Linden Road,E01017322,Isle of Wight 011E,Violence and sexual offences,Investigation complete; no suspect identified,
05f6ca83e3a56be5a6c525b40c2ef6a9130fb83b59b4f45c029514586909ace5,2024-03,Hampshire Constabulary,Hampshire Constabulary,-1.303963,50.691803,On or near Chandler Close,E01017322,Isle of Wight 011E,Violence and sexual offences,Unable to prosecute suspect,
79c98f198f1fcb030c97d1fe7ae6a2aaa16dad0ec43d836fb7194a272159f50b,2024-03,Hampshire Constabulary,Hampshire Constabulary,-1.301084,50.694052,On or near Nelson Road,E01017322,Isle of Wight 011E,Violence and sexual offences,Unable to prosecute suspect,
a8046e1ca124c70342405a3285f0b9b37ec8ce5cb0bf1cdaf814f45da34c8e8b,2024-03,Hampshire Constabulary,Hampshire Constabulary,-1.298951,50.695631,On or near South View,E01017322,Isle of Wight 011E,Public order,Further investigation is not in the public interest,
32bb7e75f0f3dcc56202d5ba5f9fe8d71ca26c2ae87bf61e045cda792178fb18,2024-03,Hampshire Constabulary,Hampshire Constabulary,-1.298951,50.695631,On or near South View,E01017322,Isle of Wight 011E,Public order,Further investigation is not in the public interest,
c96d82c696067ea71f0f9cca2591b239cfce273fc6c5d296d7bb55406060e33e,2024-03,Hampshire Constabulary,Hampshire Constabulary,-1.301084,50.694052,On or near Nelson Road,E01017322,Isle of Wight 011E,Violence and sexual offences,Investigation complete; no suspect identified,
06b443fd05b392b7b460a6b82d9b0c3c2762fb0c973ef1b3d9acfb90177c1d05,2024-03,Hampshire Constabulary,Hampshire Constabulary,-1.295742,50.697176,On or near Trafalgar Lane,E01017327,Isle of Wight 011F,Possession of weapons,Unable to prosecute suspect,
cb4b036cd80b0e73a55bcdd11a37e247c56e73ba59419026b31a59ebab0ecc07,2024-03,Hampshire Constabulary,Hampshire Constabulary,-1.294374,50.698035,On or near Bus/Coach Station,E01017327,Isle of Wight 011F,Shoplifting,Court result unavailable,
1fdd9e3dc2ad6faac0796128f6f7192a0ee26d9bf02f6e7abdc7f5a8c374f835,2024-03,Hampshire Constabulary,Hampshire Constabulary,-1.291060,50.696860,On or near Parking Area,E01017327,Isle of Wight 011F,Shoplifting,Court result unavailable,
e1d5ea2e07528f0809127564d3c4e3a737d91f97651e507a4d2ae04fadf08dd7,2024-03,Hampshire Constabulary,Hampshire Constabulary,-1.295742,50.697176,On or near Trafalgar Lane,E01017327,Isle of Wight 011F,Shoplifting,Unable to prosecute suspect,
fcd02d3e9c83f0e25b56e58b4641c08d1cfeed8fa02d09746d76ddae14853cc7,2024-03,Hampshire Constabulary,Hampshire Constabulary,-1.290670,50.697379,On or near Petrol Station,E01017327,Isle of Wight 011F,Shoplifting,Court result unavailable,
13fe6f4cc503ca322eae5de2088a7fcf8741fecc30fee4eb18054be503e813d6,2024-03,Hampshire Constabulary,Hampshire Constabulary,-1.294374,50.698035,On or near Bus/Coach Station,E01017327,Isle of Wight 011F,Shoplifting,Court result unavailable,
ac97e68f272f03a96dd0d95d686b2cb0f26c2b42b338da7850f5fec253067411,2024-03,Hampshire Constabulary,Hampshire Constabulary,-1.293187,50.698537,On or near Parking Area,E01017327,Isle of Wight 011F,Shoplifting,Investigation complete; no suspect identified,
8771b2ab2b638f80fabf893a9c91e8d820c48bed21429b4777dca0ddeb77a673,2024-03,Hampshire Constabulary,Hampshire Constabulary,-1.295742,50.697176,On or near Trafalgar Lane,E01017327,Isle of Wight 011F,Shoplifting,Court result unavailable,
6355b60dc5d72a60a234b1feb3db07486dc7701983232ee04ad02f29b3cc49ba,2024-03,Hampshire Constabulary,Hampshire Constabulary,-1.296447,50.696425,On or near Bignor Place,E01017327,Isle of Wight 011F,Violence and sexual offences,Unable to prosecute suspect,
787c633d9f541330cae484f42e806ad165a75af2810d15af7424ab522d760ce4,2024-03,Hampshire Constabulary,Hampshire Constabulary,-1.294374,50.698035,On or near Bus/Coach Station,E01017327,Isle of Wight 011F,Violence and sexual offences,Investigation complete; no suspect identified,
61736d9a564cc721c90a316de84fed7e7d0f3e9ecb3fff0020124b5c74b72312,2024-03,Hampshire Constabulary,Hampshire Constabulary,-1.295742,50.697176,On or near Trafalgar Lane,E01017327,Isle of Wight 011F,Violence and sexual offences,Court result unavailable,
e9f1201ec29a56f2999ab1fe33cd8fc39297a295949ce4f63658bea437ea8d7f,2024-03,Hampshire Constabulary,Hampshire Constabulary,-1.294374,50.698035,On or near Bus/Coach Station,E01017327,Isle of Wight 011F,Violence and sexual offences,Unable to prosecute suspect,
,2024-03,Hampshire Constabulary,Hampshire Constabulary,-1.294374,50.698035,On or near Bus/Coach Station,E01017327,Isle of Wight 011F,Anti-social behaviour,,
,2024-03,Hampshire Constabulary,Hampshire Constabulary,-1.294374,50.698035,On or near Bus/Coach Station,E01017327,Isle of Wight 011F,Anti-social behaviour,,
17b6827c45c173c0f9c3fe243dfd20371028bd8c956e623f74530556a8986379,2024-03,Hampshire Constabulary,Hampshire Constabulary,-1.292669,50.694352,On or near Wykeham Road,E01017327,Isle of Wight 011F,Other theft,Investigation complete; no suspect identified,
5f4109dd2a1b115e5d9901c5b2d926dc428ab4a2d43106a70119687ed4774ec6,2024-03,Hampshire Constabulary,Hampshire Constabulary,-1.291929,50.698385,On or near Supermarket,E01017327,Isle of Wight 011F,Other theft,Investigation complete; no suspect identified,
eb2b462042eefc7aebd7d77157c981703c1b1328e5673a46a5c57a0686cc53bc,2024-03,Hampshire Constabulary,Hampshire Constabulary,-1.293187,50.698537,On or near Parking Area,E01017327,Isle of Wight 011F,Public order,Unable to prosecute suspect,
aa7079ada3884f916acc00416afbf9e47b086537166def0258a07e67a14a13be,2024-03,Hampshire Constabulary,Hampshire Constabulary,-1.296447,50.696425,On or near Bignor Place,E01017327,Isle of Wight 011F,Public order,Investigation complete; no suspect identified,
05fbd417f2df5287d22c46f7a8078ee975263b55468658d7af9b07b9e7c61f1e,2024-03,Hampshire Constabulary,Hampshire Constabulary,-1.291929,50.698385,On or near Supermarket,E01017327,Isle of Wight 011F,Public order,Court result unavailable,
91645e4f4084f8c20bcfce0a4b5e96d6cf97ee63224f7a46fc6e44d1146366cb,2024-03,Hampshire Constabulary,Hampshire Constabulary,-1.293187,50.698537,On or near Parking Area,E01017327,Isle of Wight 011F,Public order,Local resolution,
71978a26ecdb56d3c8f9e2ed6e479ed307f4e7dd0a7b05e5f7ad5de376ed5c10,2024-03,Hampshire Constabulary,Hampshire Constabulary,-1.295742,50.697176,On or near Trafalgar Lane,E01017327,Isle of Wight 011F,Public order,Investigation complete; no suspect identified,
afa520c720058a06467ea5335fc61c1a2bcf6fac153c56d965a5fd44b839b169,2024-03,Hampshire Constabulary,Hampshire Constabulary,-1.293187,50.698537,On or near Parking Area,E01017327,Isle of Wight 011F,Shoplifting,Investigation complete; no suspect identified,
76c17aa70f04da735fc36015e93776e3634cd5313bf6a5bc68a483b2638e1906,2024-03,Hampshire Constabulary,Hampshire Constabulary,-1.293187,50.698537,On or near Parking Area,E01017327,Isle of Wight 011F,Shoplifting,Investigation complete; no suspect identified,
d6e445db18569a8419cc3b03896a048765e4f93ca447f8e1d324e3312c5ce4aa,2024-03,Hampshire Constabulary,Hampshire Constabulary,-1.293187,50.698537,On or near Parking Area,E01017327,Isle of Wight 011F,Shoplifting,Investigation complete; no suspect identified,
fb71a494d063d076595f52679ca79e65f55f734de1cd83f6e95bb6b43da98e97,2024-03,Hampshire Constabulary,Hampshire Constabulary,-1.291060,50.696860,On or near Parking Area,E01017327,Isle of Wight 011F,Shoplifting,Investigation complete; no suspect identified,
550925145db323a30d6b15f5f088de4c2ac18a31fd5afe4a3882ffc6a1675dd5,2024-03,Hampshire Constabulary,Hampshire Constabulary,-1.291929,50.698385,On or near Supermarket,E01017327,Isle of Wight 011F,Violence and sexual offences,Investigation complete; no suspect identified,
983e4938edd95e141a758d117f10b1f6e359ad520aa90d7a2bfe092565917a2c,2024-03,Hampshire Constabulary,Hampshire Constabulary,-1.291929,50.698385,On or near Supermarket,E01017327,Isle of Wight 011F,Violence and sexual offences,Unable to prosecute suspect,
1b0a3e8dd85872a9934810d1792777807237146bd71fdfa73cc5ccd636ea990a,2024-03,Hampshire Constabulary,Hampshire Constabulary,-1.290023,50.694264,On or near Medina Avenue,E01017327,Isle of Wight 011F,Violence and sexual offences,Unable to prosecute suspect,
dca1c80efd43585f779ec02fee799f7ed0c694966c348e8825222325961ca061,2024-03,Hampshire Constabulary,Hampshire Constabulary,-1.290023,50.694264,On or near Medina Avenue,E01017327,Isle of Wight 011F,Violence and sexual offences,Unable to prosecute suspect,
4ce880a6b32cf632b3ba4c8b784d5f1c728e61b00f543f7459b530729d4c1ed7,2024-03,Hampshire Constabulary,Hampshire Constabulary,-1.295742,50.697176,On or near Trafalgar Lane,E01017327,Isle of Wight 011F,Violence and sexual offences,Unable to prosecute suspect,
cd1c6447ef7651b1b479c3c05aa80dcc62723f295b53ef4c8f2ad578b4a88068,2024-03,Hampshire Constabulary,Hampshire Constabulary,-1.291929,50.698385,On or near Supermarket,E01017327,Isle of Wight 011F,Violence and sexual offences,Unable to prosecute suspect,
50f429ed826f443574ed89554781ad404fc7a9f6b741b693569a00d958b7a235,2024-03,Hampshire Constabulary,Hampshire Constabulary,-1.291929,50.698385,On or near Supermarket,E01017327,Isle of Wight 011F,Violence and sexual offences,Court result unavailable,
594db24586425921c3c5b6cdabd6026577829464af95246104ccea1af3dcbf4d,2024-03,Hampshire Constabulary,Hampshire Constabulary,-1.521360,50.682376,On or near School Green Road,E01017312,Isle of Wight 012A,Burglary,Investigation complete; no suspect identified,
8a52bbe58d0b542b522c7b73d99002be72beb49149e69c1a5494e9221a7bd5c3,2024-03,Hampshire Constabulary,Hampshire Constabulary,-1.527756,50.685307,On or near Coopers Close,E01017312,Isle of Wight 012A,Criminal damage and arson,Unable to prosecute suspect,
2c63de5517c3e4afd356c0baf44ccd4b2bb7d6dda1e63c0470a2887c578167f0,2024-03,Hampshire Constabulary,Hampshire Constabulary,-1.524188,50.679861,On or near Windmill Lane,E01017312,Isle of Wight 012A,Criminal damage and arson,Unable to prosecute suspect,
e8a8536c6fb35ece877b7e306134756314efbb32c71af051c109573a8eec4963,2024-03,Hampshire Constabulary,Hampshire Constabulary,-1.525000,50.682112,On or near Brookside Close,E01017312,Isle of Wight 012A,Shoplifting,Court result unavailable,
366fd5b0412a3868d001d0138a364373be823a26582a0e0c47f2645c1a18b82c,2024-03,Hampshire Constabulary,Hampshire Constabulary,-1.525000,50.682112,On or near Brookside Close,E01017312,Isle of Wight 012A,Shoplifting,Court result unavailable,
957628e14b58f443cfe148ed4593c1fa8b24349760f50d9051590880064a5929,2024-03,Hampshire Constabulary,Hampshire Constabulary,-1.519198,50.680587,On or near Jubilee Close,E01017312,Isle of Wight 012A,Violence and sexual offences,Action to be taken by another organisation,
fc3d07aea445e082b61f1928f37be00d764a1eb4860aa8314f9e2146107d47cc,2024-03,Hampshire Constabulary,Hampshire Constabulary,-1.527756,50.685307,On or near Coopers Close,E01017312,Isle of Wight 012A,Violence and sexual offences,Unable to prosecute suspect,
bcff1b911adc2d8b880bc7ffe3e364630fd386db76661b2dacad5c25203d4ef6,2024-03,Hampshire Constabulary,Hampshire Constabulary,-1.527756,50.685307,On or near Coopers Close,E01017312,Isle of Wight 012A,Violence and sexual offences,Unable to prosecute suspect,
acf7f1f1cc9be766bbf2eda6e68d2c3840a5527ea6623d75a98f512da629d983,2024-03,Hampshire Constabulary,Hampshire Constabulary,-1.527756,50.685307,On or near Coopers Close,E01017312,Isle of Wight 012A,Violence and sexual offences,Unable to prosecute suspect,
7886c5462b8c1de27291147890e0ca8a9d6107ec81835989601ee4a30a7272d7,2024-03,Hampshire Constabulary,Hampshire Constabulary,-1.527638,50.685819,On or near Coopers Close,E01017312,Isle of Wight 012A,Violence and sexual offences,Unable to prosecute suspect,
,2024-03,Hampshire Constabulary,Hampshire Constabulary,-1.523656,50.682026,On or near Parking Area,E01017312,Isle of Wight 012A,Anti-social behaviour,,
,2024-03,Hampshire Constabulary,Hampshire Constabulary,-1.524906,50.683002,On or near Longhalves,E01017312,Isle of Wight 012A,Anti-social behaviour,,
adc5b7fd007850c456ed064f9a5d2e0f8a749a522819d245811e2de45610e077,2024-03,Hampshire Constabulary,Hampshire Constabulary,-1.524906,50.683002,On or near Longhalves,E01017312,Isle of Wight 012A,Burglary,Investigation complete; no suspect identified,
a968ea9ad558adf001b4ea4e1fa3144c2f260998e1d321c33b36f94530c47a7a,2024-03,Hampshire Constabulary,Hampshire Constabulary,-1.524188,50.679861,On or near Windmill Lane,E01017312,Isle of Wight 012A,Public order,Investigation complete; no suspect identified,
231ea327fb40d386765ccfbce489c90267c5cb211a396b8ab718765ae021150e,2024-03,Hampshire Constabulary,Hampshire Constabulary,-1.521360,50.682376,On or near School Green Road,E01017312,Isle of Wight 012A,Public order,Investigation complete; no suspect identified,
2cb6c1639cf214f6e6eda03dadb8415e8a5a0a85b7e966a7415fe8e760d25263,2024-03,Hampshire Constabulary,Hampshire Constabulary,-1.524906,50.683002,On or near Longhalves,E01017312,Isle of Wight 012A,Shoplifting,Court result unavailable,
bf32a0a617aa75931db3b98ca02cb007c6d2a50c2fb0db279fd8076ec35c87e1,2024-03,Hampshire Constabulary,Hampshire Constabulary,-1.527756,50.685307,On or near Coopers Close,E01017312,Isle of Wight 012A,Theft from the person,Status update unavailable,
3b93aaba90ff0498a64b141c7bbd7b251c3dff326b1d90358b2b6448e0fdc81c,2024-03,Hampshire Constabulary,Hampshire Constabulary,-1.521760,50.679203,On or near Camp Road,E01017312,Isle of Wight 012A,Violence and sexual offences,Unable to prosecute suspect,
eaafcbfa2ad70989db08fa22db20d39462dc14d0b47de2746231967688a19fb2,2024-03,Hampshire Constabulary,Hampshire Constabulary,-1.527756,50.685307,On or near Coopers Close,E01017312,Isle of Wight 012A,Violence and sexual offences,Unable to prosecute suspect,
3de72ef8621ea00e3f4271d80c1c98b3e8b470d2f73d2bb78e07f2561af4e373,2024-03,Hampshire Constabulary,Hampshire Constabulary,-1.519198,50.680587,On or near Jubilee Close,E01017312,Isle of Wight 012A,Violence and sexual offences,Unable to prosecute suspect,
bca7322cf652ba1742c2186032293ccba8bf2f37da513feb21c47cf5544e6b05,2024-03,Hampshire Constabulary,Hampshire Constabulary,-1.527638,50.685819,On or near Coopers Close,E01017312,Isle of Wight 012A,Violence and sexual offences,Unable to prosecute suspect,
cb2c6383e953e71d46adcd99b833aa740c82651bade85851a84f0b73e9ebc662,2024-03,Hampshire Constabulary,Hampshire Constabulary,-1.521360,50.682376,On or near School Green Road,E01017312,Isle of Wight 012A,Violence and sexual offences,Unable to prosecute suspect,
fc90189f9752e652fafb3bc7298827bfc49f9fcdc470e378514fd113e2944295,2024-03,Hampshire Constabulary,Hampshire Constabulary,-1.525139,50.683794,On or near Sunset Close,E01017315,Isle of Wight 012D,Violence and sexual offences,Unable to prosecute suspect,
8ad6a809a3aa0aefa31aba7f999622ef1428562bee638bb886991b772b8240bf,2024-03,Hampshire Constabulary,Hampshire Constabulary,-1.530236,50.686522,On or near Solent Gardens,E01017315,Isle of Wight 012D,Violence and sexual offences,Unable to prosecute suspect,
30b9970b7a707412089ea1776ccc6cc369c98dbbb562aaf884216d6987984a9d,2024-03,Hampshire Constabulary,Hampshire Constabulary,-1.528256,50.687728,On or near The Sheilings,E01017315,Isle of Wight 012D,Violence and sexual offences,Investigation complete; no suspect identified,
64835ba270e0368c27f56a3209db68d5e59ed59dfaf7431a12aa28032bcd2c53,2024-03,Hampshire Constabulary,Hampshire Constabulary,-1.526968,50.687705,On or near The Sheilings,E01017315,Isle of Wight 012D,Violence and sexual offences,Unable to prosecute suspect,
f401165d3998114f5ef811db99c560dece3e15c5071ec3be07d283ffdad42b12,2024-03,Hampshire Constabulary,Hampshire Constabulary,-1.499150,50.705098,On or near St James' Street,E01017354,Isle of Wight 012E,Public order,Unable to prosecute suspect,
c3f2d2bb9b19bc4eb8a467317ea223300fa8439d8dc0f46106b647bb23dc7748,2024-03,Hampshire Constabulary,Hampshire Constabulary,-1.499974,50.706225,On or near Quay Street,E01017354,Isle of Wight 012E,Violence and sexual offences,Unable to prosecute suspect,
77a5894ec221d87ebdabe8ce97defed710b5976e10ebaf597c30ed19c8d595bc,2024-03,Hampshire Constabulary,Hampshire Constabulary,-1.498073,50.703852,On or near Mill Road,E01017354,Isle of Wight 012E,Criminal damage and arson,Unable to prosecute suspect,
73085e472dc7a5342c21dc04f3822a9fd192a1f0b08703c4b5a5f971a40ecf63,2024-03,Hampshire Constabulary,Hampshire Constabulary,-1.468801,50.696492,On or near Blacksmiths Lane,E01017354,Isle of Wight 012E,Criminal damage and arson,Investigation complete; no suspect identified,
44e8f176863afd6db42dbc343d58d59d72d6bba51beb2de4698d72b1024925e6,2024-03,Hampshire Constabulary,Hampshire Constabulary,-1.492703,50.705447,On or near The Mount,E01017354,Isle of Wight 012E,Other theft,Investigation complete; no suspect identified,
f5bfde55ec344e1f53744f96a9776758e38d4d4507b8198a408320178732f9ac,2024-03,Hampshire Constabulary,Hampshire Constabulary,-1.474226,50.706427,On or near Alexandra Road East,E01017354,Isle of Wight 012E,Violence and sexual offences,Unable to prosecute suspect,
45a5b39e4f8dce142d521baa7c2f9bcd9f663e4ee3e5d40842d44e421031af83,2024-03,Hampshire Constabulary,Hampshire Constabulary,-1.541794,50.678474,On or near Weston Road,E01017361,Isle of Wight 012F,Violence and sexual offences,Unable to prosecute suspect,
,2024-03,Hampshire Constabulary,Hampshire Constabulary,-1.566873,50.667833,On or near Parking Area,E01017361,Isle of Wight 012F,Anti-social behaviour,,
,2024-03,Hampshire Constabulary,Hampshire Constabulary,-1.540017,50.678034,On or near Sports/Recreation Area,E01017361,Isle of Wight 012F,Anti-social behaviour,,
c90fb506a7b315b8dbe7e72f0016c8ff7e90aaa3afabdb761998b4550c2dca62,2024-03,Hampshire Constabulary,Hampshire Constabulary,-1.532449,50.678860,On or near Court Road,E01017361,Isle of Wight 012F,Violence and sexual offences,Unable to prosecute suspect,
20b4c40700e63f3ac5cf3bd6ba33d109624baf0a7eddfdd1cb4f1e14851e08d6,2024-03,Hampshire Constabulary,Hampshire Constabulary,-1.543151,50.681564,On or near Madeira Road,E01017361,Isle of Wight 012F,Violence and sexual offences,Investigation complete; no suspect identified,
5aece53c7b0776ae247f184faad6ba95aa4f59e7de119e1a1a16581a11784e7b,2024-03,Hampshire Constabulary,Hampshire Constabulary,-1.535135,50.686255,On or near Park/Open Space,E01017362,Isle of Wight 012G,Criminal damage and arson,Investigation complete; no suspect identified,
c3f455131f5c89ec588f4a46c0d0c75c91555cce80f62c0f1ff0f0ed4bd9b9b1,2024-03,Hampshire Constabulary,Hampshire Constabulary,-1.532548,50.684553,On or near Westlands,E01017362,Isle of Wight 012G,Public order,Unable to prosecute suspect,
3bcb4be88983a6bded5fbbf0ff31329216af611f7fe9e170026c3959e1987f6a,2024-03,Hampshire Constabulary,Hampshire Constabulary,-1.529223,50.685843,On or near Colwell Lane,E01017362,Isle of Wight 012G,Public order,Unable to prosecute suspect,
2307465b7087f22e37e31b87ec12e2d7eacfe75c72f822f64eeb1e1003af5e69,2024-03,Hampshire Constabulary,Hampshire Constabulary,-1.536948,50.683338,On or near The Mall,E01017362,Isle of Wight 012G,Other crime,Unable to prosecute suspect,
,2024-03,Hampshire Constabulary,Hampshire Constabulary,-1.530794,50.685922,On or near Colwell Lane,E01017362,Isle of Wight 012G,Anti-social behaviour,,
8a6fc1357127036c5db7376765f9a65486d1080467475f72ac289c4af49b13f2,2024-03,Hampshire Constabulary,Hampshire Constabulary,-1.540349,50.680078,On or near Petrol Station,E01017362,Isle of Wight 012G,Criminal damage and arson,Investigation complete; no suspect identified,
ad542bd40893087e2d4c27f6d23ac2f31e4e484a69e94168ea5d58511db36f3e,2024-03,Hampshire Constabulary,Hampshire Constabulary,-1.539024,50.682384,On or near The Broadway,E01017362,Isle of Wight 012G,Shoplifting,Investigation complete; no suspect identified,
19c2abb96018f3938357ebfb8ca96141e03923feff55e1cdcccb31f6bdc43f67,2024-03,Hampshire Constabulary,Hampshire Constabulary,-1.539024,50.682384,On or near The Broadway,E01017362,Isle of Wight 012G,Shoplifting,Investigation complete; no suspect identified,
7353297e355dbf9211af8ff65d079731e2e32bebd42848b960574bdd5b83dd85,2024-03,Hampshire Constabulary,Hampshire Constabulary,-1.532105,50.699200,On or near Cliff End,E01033239,Isle of Wight 012H,Burglary,Unable to prosecute suspect,
bde68ca291e660f5531c5b74e91fd45809e542797a8b6ad83633d3716c37db61,2024-03,Hampshire Constabulary,Hampshire Constabulary,-1.534610,50.689399,On or near Small Horse Farm Close,E01033239,Isle of Wight 012H,Burglary,Unable to prosecute suspect,
316997428a9f8dc3e29af80e662740bfad7628feac499dcb58aac79fc4816533,2024-03,Hampshire Constabulary,Hampshire Constabulary,-1.527261,50.690907,On or near Colwell Road,E01033239,Isle of Wight 012H,Public order,Further investigation is not in the public interest,
0bf0cbba5316f9a0d464c49a1233befa385cc3c05e9e4b6e3850c546b60910a8,2024-03,Hampshire Constabulary,Hampshire Constabulary,-1.516172,50.681734,On or near Petrol Station,E01033239,Isle of Wight 012H,Violence and sexual offences,Investigation complete; no suspect identified,
1b00d9f5c054724cdfc0076f536714275e11dabb33336b849aa3b4b55255c008,2024-03,Hampshire Constabulary,Hampshire Constabulary,-1.535781,50.688316,On or near Chine Close,E01033239,Isle of Wight 012H,Violence and sexual offences,Unable to prosecute suspect,
98c790b28e7f6901f0224dc003828260759a29eed1b3223fda1eb97d150fbf29,2024-03,Hampshire Constabulary,Hampshire Constabulary,-1.532186,50.688211,On or near Birch Close,E01033239,Isle of Wight 012H,Violence and sexual offences,Unable to prosecute suspect,
,2024-03,Hampshire Constabulary,Hampshire Constabulary,-1.527261,50.690907,On or near Colwell Road,E01033239,Isle of Wight 012H,Anti-social behaviour,,
,2024-03,Hampshire Constabulary,Hampshire Constabulary,-1.527261,50.690907,On or near Colwell Road,E01033239,Isle of Wight 012H,Anti-social behaviour,,
584f703800973a56b7cc13f9f70fcb0cd03e02385db948e7541b4132d89b8921,2024-03,Hampshire Constabulary,Hampshire Constabulary,-1.532068,50.687339,On or near Martine Close,E01033239,Isle of Wight 012H,Criminal damage and arson,Investigation complete; no suspect identified,
2d4fac8f68dd0c813fa26f97c1ec19e3e08ccd1ae7dc60246203fae02c063e39,2024-03,Hampshire Constabulary,Hampshire Constabulary,-1.532068,50.687339,On or near Martine Close,E01033239,Isle of Wight 012H,Criminal damage and arson,Investigation complete; no suspect identified,
40a26873c10e94349d437c6d66694e2b64117d809080067a939d7883fbae06f9,2024-03,Hampshire Constabulary,Hampshire Constabulary,-1.521268,50.706701,On or near Parking Area,E01033239,Isle of Wight 012H,Criminal damage and arson,Investigation complete; no suspect identified,
62b9f3196fcd17167882aaf5d3fdf12affa5f5ef875f283da2bd234c255aacec,2024-03,Hampshire Constabulary,Hampshire Constabulary,-1.527642,50.695333,On or near Monks Lane,E01033239,Isle of Wight 012H,Criminal damage and arson,Investigation complete; no suspect identified,
47ddf3eb581a6c994a9768800ae0a6e0c591ffc0d6d8215a80ef77b46fc8940b,2024-03,Hampshire Constabulary,Hampshire Constabulary,-1.516172,50.681734,On or near Petrol Station,E01033239,Isle of Wight 012H,Drugs,Court result unavailable,
79a68a16f5da71d8f78811cdc8cb96a49c5032f3bb8cf78f420084837e039b27,2024-03,Hampshire Constabulary,Hampshire Constabulary,-1.518865,50.675828,On or near Everard Close,E01033239,Isle of Wight 012H,Other theft,Investigation complete; no suspect identified,
809f8f75ad72ca8e8449201c6e703c85fdee6ea1c9dbdc4b868615b012808ef1,2024-03,Hampshire Constabulary,Hampshire Constabulary,-1.506028,50.675828,On or near Manor Road,E01033239,Isle of Wight 012H,Other theft,Investigation complete; no suspect identified,
1e823b8fc7e6bf7bd8880ab54fcf9433382f58d3f0c10a17711c596ee6d948ec,2024-03,Hampshire Constabulary,Hampshire Constabulary,-1.527261,50.690907,On or near Colwell Road,E01033239,Isle of Wight 012H,Public order,Investigation complete; no suspect identified,
df825ff3484217f0c8cf71d36a73c3d56293c18f057631831442f0470d33765a,2024-03,Hampshire Constabulary,Hampshire Constabulary,-1.527261,50.690907,On or near Colwell Road,E01033239,Isle of Wight 012H,Violence and sexual offences,Unable to prosecute suspect,
696fcaece45a522579292128a9f078e16760e29bf72231cd3bca7e703e09b133,2024-03,Hampshire Constabulary,Hampshire Constabulary,-1.521022,50.691871,On or near Golden Hill Fort Road,E01033239,Isle of Wight 012H,Violence and sexual offences,Unable to prosecute suspect,
f181512eca988a32a68fbcdd957a965274dbe3240156fa38b2bd183e1f1c08c2,2024-03,Hampshire Constabulary,Hampshire Constabulary,-1.521268,50.706701,On or near Parking Area,E01033239,Isle of Wight 012H,Violence and sexual offences,Unable to prosecute suspect,
9d94b1f2ae0ab2eea4c1e4e4bd5d1c8a12799a444ede2514229932bf2855d3c0,2024-03,Hampshire Constabulary,Hampshire Constabulary,-1.521268,50.706701,On or near Parking Area,E01033239,Isle of Wight 012H,Violence and sexual offences,Unable to prosecute suspect,
83be126f7d66a7a89c870a4d3b51cf939b902f6d03af828754b28d120b36df52,2024-03,Hampshire Constabulary,Hampshire Constabulary,-1.527261,50.690907,On or near Colwell Road,E01033239,Isle of Wight 012H,Violence and sexual offences,Action to be taken by another organisation,
6a73e738cbcfcd60d4fb8e3407f2ae0c6c2dd4a352a4ce0df7ef6e42440ce79b,2024-03,Hampshire Constabulary,Hampshire Constabulary,-1.532068,50.687339,On or near Martine Close,E01033239,Isle of Wight 012H,Violence and sexual offences,Investigation complete; no suspect identified,
6f28c951ebcf2ae632d81c3b45670a6c898ff68300e48abf2191cab28558b9b6,2024-03,Hampshire Constabulary,Hampshire Constabulary,-1.358286,50.730109,On or near Thorness Lane,E01017290,Isle of Wight 013A,Other theft,Unable to prosecute suspect,
0482575c1167d62afeb6d85ea75f45c768e3bba864510bbc57262711e17e77d3,2024-03,Hampshire Constabulary,Hampshire Constabulary,-1.358286,50.730109,On or near Thorness Lane,E01017290,Isle of Wight 013A,Violence and sexual offences,Unable to prosecute suspect,
2daf1f9806d8807d92c00024be204e454d27e8fd20e4b2f1fb876ce16960e12f,2024-03,Hampshire Constabulary,Hampshire Constabulary,-1.400658,50.690640,On or near Elm Lane,E01017290,Isle of Wight 013A,Public order,Unable to prosecute suspect,
942694a1a2bef9cfdf8f82c3bad624c06bc02f902ae52041b958225f7df72572,2024-03,Hampshire Constabulary,Hampshire Constabulary,-1.395225,50.643031,On or near St Mary'S Court,E01017291,Isle of Wight 013B,Public order,Investigation complete; no suspect identified,
4c56d6872bd3f547f612ffc7d764a7b162f9ea86f40ea2807bcb81cb1294f452,2024-03,Hampshire Constabulary,Hampshire Constabulary,-1.396730,50.642526,On or near Parking Area,E01017291,Isle of Wight 013B,Violence and sexual offences,Court result unavailable,
,2024-03,Hampshire Constabulary,Hampshire Constabulary,-1.400184,50.638992,On or near Mill Lane,E01017291,Isle of Wight 013B,Anti-social behaviour,,
888b5cced427b548830475e1196df787d36077cb96d712d3e27d44903a44401e,2024-03,Hampshire Constabulary,Hampshire Constabulary,-1.312488,50.691647,On or near Supermarket,E01017294,Isle of Wight 013C,Violence and sexual offences,Unable to prosecute suspect,
291cdc58d8af901d1393abebf0d8015ca15254d863d2b32ce29ae3784abfd308,2024-03,Hampshire Constabulary,Hampshire Constabulary,-1.320013,50.690117,On or near Nodgham Lane,E01017294,Isle of Wight 013C,Violence and sexual offences,Unable to prosecute suspect,
,2024-03,Hampshire Constabulary,Hampshire Constabulary,-1.312140,50.689297,On or near Castle Lane,E01017294,Isle of Wight 013C,Anti-social behaviour,,
,2024-03,Hampshire Constabulary,Hampshire Constabulary,-1.312140,50.689297,On or near Castle Lane,E01017294,Isle of Wight 013C,Anti-social behaviour,,
,2024-03,Hampshire Constabulary,Hampshire Constabulary,-1.312140,50.689297,On or near Castle Lane,E01017294,Isle of Wight 013C,Anti-social behaviour,,
,2024-03,Hampshire Constabulary,Hampshire Constabulary,-1.312140,50.689297,On or near Castle Lane,E01017294,Isle of Wight 013C,Anti-social behaviour,,
dfc6b878a40dc8cf8b0799ca9ecdcbf5fa231a25bd5b49900a8c50121d540199,2024-03,Hampshire Constabulary,Hampshire Constabulary,-1.317233,50.685604,On or near Froglands Lane,E01017294,Isle of Wight 013C,Criminal damage and arson,Investigation complete; no suspect identified,
fce6e184559856aa970a5cbf53946c3fc47543d21e68c125f902df95baa92d70,2024-03,Hampshire Constabulary,Hampshire Constabulary,-1.342209,50.689273,On or near Calbourne Road,E01017294,Isle of Wight 013C,Other theft,Investigation complete; no suspect identified,
a6bffb429b376ad0f6e762919e0e20b801cbbc72d0f58052c5e37a59a53e46ac,2024-03,Hampshire Constabulary,Hampshire Constabulary,-1.318752,50.692187,On or near Alvington Close,E01017294,Isle of Wight 013C,Violence and sexual offences,Unable to prosecute suspect,
33b47165f586158a204ee8bb87bc4b35d9c6b1dc932e84b19ab4a89af247cee7,2024-03,Hampshire Constabulary,Hampshire Constabulary,-1.313408,50.690708,On or near Castle Street,E01017294,Isle of Wight 013C,Violence and sexual offences,Investigation complete; no suspect identified,
75862283e46e7c9904ee9b654c8c547ea698fa41d925a2c0d7f2778953bf6a3a,2024-03,Hampshire Constabulary,Hampshire Constabulary,-1.312488,50.691647,On or near Supermarket,E01017294,Isle of Wight 013C,Other crime,Investigation complete; no suspect identified,
0da4e5ba6131e7b9e33fd4b98a0a8cad645bd11b7fae4b064ae53ddd123554d2,2024-03,Hampshire Constabulary,Hampshire Constabulary,-1.430503,50.688137,On or near Main Road,E01017353,Isle of Wight 013D,Violence and sexual offences,Unable to prosecute suspect,
52c2499279f59552c7c8476aa4c491dceb641f01418b14dc3cd4d253c6d4f49e,2024-03,Hampshire Constabulary,Hampshire Constabulary,-1.420825,50.700391,On or near Fleet Way,E01017353,Isle of Wight 013D,Violence and sexual offences,Unable to prosecute suspect,
0c011e353e74dfa6471b34d3b02dee23db099a8bf4588c0ffcde4e7e80127a6d,2024-03,Hampshire Constabulary,Hampshire Constabulary,-1.418815,50.700390,On or near Bankside,E01017353,Isle of Wight 013D,Violence and sexual offences,Investigation complete; no suspect identified,
a7afc2119c1265e737c6827b97bcfb5539c850adf3c744966b367c529645703d,2024-03,Hampshire Constabulary,Hampshire Constabulary,-1.422896,50.701229,On or near Burt Close,E01017353,Isle of Wight 013D,Violence and sexual offences,Unable to prosecute suspect,
14a4c99cde116aab73064cdc998ff80f6278eb4edf51bf4efcc989f3efddd599,2024-03,Hampshire Constabulary,Hampshire Constabulary,-1.146639,50.672610,On or near Hadrians Way,E01017289,Isle of Wight 014A,Violence and sexual offences,Unable to prosecute suspect,
e92effd5dedecf0888f18f786b2c46d701e2dc3d45952fbe9f5b66251c3566dc,2024-03,Hampshire Constabulary,Hampshire Constabulary,-1.162556,50.672842,On or near Upper Road,E01017289,Isle of Wight 014A,Other theft,Investigation complete; no suspect identified,
31e688c32fa95c1f67d81af938dda2b639d029a3cadadd89e92f317d75ef2454,2024-03,Hampshire Constabulary,Hampshire Constabulary,-1.144597,50.695437,On or near Beaper Shute,E01017289,Isle of Wight 014A,Shoplifting,Investigation complete; no suspect identified,
3c0142d8188192a9c183e41574e3d41d424a2e447cc8e6799b1513fc42688c21,2024-03,Hampshire Constabulary,Hampshire Constabulary,-1.150051,50.658462,On or near Chesham Terrace,E01017347,Isle of Wight 014B,Burglary,Unable to prosecute suspect,
9ab8cbe4380e2339f9b9ea7872c9c55397c073b39c4d6165d5ecbfbd6b4c8a65,2024-03,Hampshire Constabulary,Hampshire Constabulary,-1.154052,50.659372,On or near Queen'S Road,E01017347,Isle of Wight 014B,Burglary,Investigation complete; no suspect identified,
cff7d1e551d96cd26547b08e7e9e45f2d1e541511edb96fb72f47bfc0ddef27f,2024-03,Hampshire Constabulary,Hampshire Constabulary,-1.150051,50.658462,On or near Chesham Terrace,E01017347,Isle of Wight 014B,Criminal damage and arson,Further investigation is not in the public interest,
75fea64bd11ebca792502f860d9c4b9e4b07848d8ca6fe23209688ef260f160f,2024-03,Hampshire Constabulary,Hampshire Constabulary,-1.150051,50.658462,On or near Chesham Terrace,E01017347,Isle of Wight 014B,Public order,Unable to prosecute suspect,
59291345890667c8b795f6007514c1c9360b562b0cd8702fd45d7af785b61101,2024-03,Hampshire Constabulary,Hampshire Constabulary,-1.150822,50.662775,On or near East Yar Road,E01017347,Isle of Wight 014B,Violence and sexual offences,Unable to prosecute suspect,
b6773f1e7ac8f3e48a98697a2aae5d8e8160f817cdce124d015bb369d61d52da,2024-03,Hampshire Constabulary,Hampshire Constabulary,-1.150051,50.658462,On or near Chesham Terrace,E01017347,Isle of Wight 014B,Violence and sexual offences,Unable to prosecute suspect,
a6273eb6b74a38f46dd1c068089467678035187388c42c6524653d38d89ac465,2024-03,Hampshire Constabulary,Hampshire Constabulary,-1.148430,50.656571,On or near B3395,E01017347,Isle of Wight 014B,Violence and sexual offences,Offender given a caution,
b81ce6b1d17ce97c71de5f7ba843dbb01893cd0f4d7c583c8fa83df152e26dd3,2024-03,Hampshire Constabulary,Hampshire Constabulary,-1.150051,50.658462,On or near Chesham Terrace,E01017347,Isle of Wight 014B,Violence and sexual offences,Unable to prosecute suspect,
f3b9c620ac96959dc139edffcfac762e5133cfd5c2949ac970ff4b230588117c,2024-03,Hampshire Constabulary,Hampshire Constabulary,-1.150051,50.658462,On or near Chesham Terrace,E01017347,Isle of Wight 014B,Violence and sexual offences,Unable to prosecute suspect,
59ea42ca47f08dba413d32e3a3f84261290767acac715768533b7b1f1b3f5ab5,2024-03,Hampshire Constabulary,Hampshire Constabulary,-1.150051,50.658462,On or near Chesham Terrace,E01017347,Isle of Wight 014B,Violence and sexual offences,Unable to prosecute suspect,
376e216aaa6e073ea14822f6ae3bd42b3c871f4a2dfce479c7980670a005b1ea,2024-03,Hampshire Constabulary,Hampshire Constabulary,-1.150051,50.658462,On or near Chesham Terrace,E01017347,Isle of Wight 014B,Violence and sexual offences,Unable to prosecute suspect,
ea5e66195f4af6fe39d9eb167892bd1b5b876771dff3e175eaf80b024f1d3f60,2024-03,Hampshire Constabulary,Hampshire Constabulary,-1.148430,50.656571,On or near B3395,E01017347,Isle of Wight 014B,Violence and sexual offences,Unable to prosecute suspect,
d9734a9bc4576a973f0c8c100fd31ed028576a62dd548679f31dd81114662cb0,2024-03,Hampshire Constabulary,Hampshire Constabulary,-1.150051,50.658462,On or near Chesham Terrace,E01017347,Isle of Wight 014B,Violence and sexual offences,Investigation complete; no suspect identified,
306b14172c91b5635665532ae41b00b0dbc995387af13c0a142d8ebb13c1f485,2024-03,Hampshire Constabulary,Hampshire Constabulary,-1.154052,50.659372,On or near Queen'S Road,E01017347,Isle of Wight 014B,Violence and sexual offences,Unable to prosecute suspect,
50383a4e1a2b54cbbc8ab022151075821f7efe563a06d1f2fdf6f1761fc74248,2024-03,Hampshire Constabulary,Hampshire Constabulary,-1.150997,50.660124,On or near Avenue Road,E01017347,Isle of Wight 014B,Violence and sexual offences,Unable to prosecute suspect,
48efb9d1c1d3c35d90db2b954de8a3d46d791967ea7bbda99a1554bcabd71776,2024-03,Hampshire Constabulary,Hampshire Constabulary,-1.156360,50.660055,On or near Foxes Close,E01017347,Isle of Wight 014B,Violence and sexual offences,Unable to prosecute suspect,
b227d3779fd747bad780f1540712553ed3d882101ecdd95cd039b86a017b6524,2024-03,Hampshire Constabulary,Hampshire Constabulary,-1.150341,50.661207,On or near College Close,E01017347,Isle of Wight 014B,Violence and sexual offences,Unable to prosecute suspect,
,2024-03,Hampshire Constabulary,Hampshire Constabulary,-1.145253,50.657802,On or near Parking Area,E01017347,Isle of Wight 014B,Anti-social behaviour,,
,2024-03,Hampshire Constabulary,Hampshire Constabulary,-1.150051,50.658462,On or near Chesham Terrace,E01017347,Isle of Wight 014B,Anti-social behaviour,,
f58d6dabb31c16b1dfb93b5d8658b4586ebb4d03e13a590e6f63495debf1f9f7,2024-03,Hampshire Constabulary,Hampshire Constabulary,-1.151897,50.662019,On or near Petrol Station,E01017347,Isle of Wight 014B,Burglary,Court result unavailable,
cd3f3bd0bf98538f06d5e23ce4788f117c5b95867d5f5da1d3d1fb03d7c14c67,2024-03,Hampshire Constabulary,Hampshire Constabulary,-1.145253,50.657802,On or near Parking Area,E01017347,Isle of Wight 014B,Criminal damage and arson,Investigation complete; no suspect identified,
b7aebde7c1765e6bea93d5991767e4a5ec60471361ffb59561f0f0c69aa8a586,2024-03,Hampshire Constabulary,Hampshire Constabulary,-1.148430,50.656571,On or near B3395,E01017347,Isle of Wight 014B,Other theft,Investigation complete; no suspect identified,
54a57d491d16b5bdb90046522fde2325eb8000013acf1bfdfca9bcc8d1785f44,2024-03,Hampshire Constabulary,Hampshire Constabulary,-1.154875,50.661609,On or near Parsonage Road,E01017347,Isle of Wight 014B,Public order,Investigation complete; no suspect identified,
f8f3448eeb6b0c21dd2d6cd8d9e5dacf75b2492356f42f47f4adaf6224c4bd72,2024-03,Hampshire Constabulary,Hampshire Constabulary,-1.133471,50.664563,On or near Yaverland Road,E01017347,Isle of Wight 014B,Public order,Investigation complete; no suspect identified,
23466f3d106d151dda67416bbb726e78183afff2d09ec09ca4f411cbb96b0720,2024-03,Hampshire Constabulary,Hampshire Constabulary,-1.151897,50.662019,On or near Petrol Station,E01017347,Isle of Wight 014B,Shoplifting,Court result unavailable,
3c223bfaf4fc10a965150bb31b05ace47f06181a514a8fa3f073c03dfe8ee814,2024-03,Hampshire Constabulary,Hampshire Constabulary,-1.156360,50.660055,On or near Foxes Close,E01017347,Isle of Wight 014B,Violence and sexual offences,Unable to prosecute suspect,
06f7578b1bded7045fd11213cbbac6b7887fc5c404f27d73275bfceef2664eb3,2024-03,Hampshire Constabulary,Hampshire Constabulary,-1.148903,50.659317,On or near Brickfields Way,E01017347,Isle of Wight 014B,Violence and sexual offences,Unable to prosecute suspect,
dfe67827b6d477e05e208877c631b6e7f6e78181a3cb1a82ef33faf97ce43f7b,2024-03,Hampshire Constabulary,Hampshire Constabulary,-1.150051,50.658462,On or near Chesham Terrace,E01017347,Isle of Wight 014B,Violence and sexual offences,Unable to prosecute suspect,
172f57ecf156d7bee15054523a45368b43344716364bff4540f9f92e55de8c2e,2024-03,Hampshire Constabulary,Hampshire Constabulary,-1.150041,50.659802,On or near Fort Mews,E01017347,Isle of Wight 014B,Violence and sexual offences,Unable to prosecute suspect,
d67d7cb59b15658473b096eacef3010fb2f57c37d8f5edf9fa78561163057678,2024-03,Hampshire Constabulary,Hampshire Constabulary,-1.150051,50.658462,On or near Chesham Terrace,E01017347,Isle of Wight 014B,Violence and sexual offences,Status update unavailable,
ad1a4e80cad5ea7fc1b2ce6b6bab9511e797981aacb0399f8e45304a3a7aed96,2024-03,Hampshire Constabulary,Hampshire Constabulary,-1.150041,50.659802,On or near Fort Mews,E01017347,Isle of Wight 014B,Violence and sexual offences,Further investigation is not in the public interest,
f292c85439a60962b58f908d28148b523554584d42cdb5b2f9ff7bc5681797c9,2024-03,Hampshire Constabulary,Hampshire Constabulary,-1.150041,50.659802,On or near Fort Mews,E01017347,Isle of Wight 014B,Other crime,Unable to prosecute suspect,
ed65b531b049cba14c7de29d6ae49f8ac9db7edc3fa8891b4e17a6d3c1062191,2024-03,Hampshire Constabulary,Hampshire Constabulary,-1.152693,50.659408,On or near St John'S Crescent,E01017347,Isle of Wight 014B,Other crime,Unable to prosecute suspect,
3adde11a55853e39e8894c46913f2b1d47962fd2a39ea2b9a61a7ef0068eee39,2024-03,Hampshire Constabulary,Hampshire Constabulary,-1.161161,50.657427,On or near Park Mews,E01017348,Isle of Wight 014C,Other theft,Unable to prosecute suspect,
8a87c5a433160a08715ef29e4be690bf091f0fcd55a25fba578f61d0944e50ba,2024-03,Hampshire Constabulary,Hampshire Constabulary,-1.149047,50.656872,On or near Crescent Road,E01017348,Isle of Wight 014C,Violence and sexual offences,Local resolution,
ae184b6df1b82ee9d5af5f51e28d4f9abda1fada9b43437f42c0e870cfe604b4,2024-03,Hampshire Constabulary,Hampshire Constabulary,-1.156664,50.658879,On or near Seagrove Drive,E01017348,Isle of Wight 014C,Violence and sexual offences,Unable to prosecute suspect,
03aae7bc1f7bf4487b6f89c795ef8c312bfe264ba2a0ad8f46678f8f1f41701e,2024-03,Hampshire Constabulary,Hampshire Constabulary,-1.161161,50.657427,On or near Park Mews,E01017348,Isle of Wight 014C,Violence and sexual offences,Unable to prosecute suspect,
68d4f4486e7298b3cd56ca5ad20f7ea541d661b0547b04c0711418aa24514be1,2024-03,Hampshire Constabulary,Hampshire Constabulary,-1.161161,50.657427,On or near Park Mews,E01017348,Isle of Wight 014C,Violence and sexual offences,Unable to prosecute suspect,
8450a68fbc7651d137ec4284f9b09972f3ff7df70d9d77f4a40f6d5f4a059598,2024-03,Hampshire Constabulary,Hampshire Constabulary,-1.151802,50.658601,On or near Cross Street,E01017348,Isle of Wight 014C,Violence and sexual offences,Unable to prosecute suspect,
,2024-03,Hampshire Constabulary,Hampshire Constabulary,-1.152149,50.656616,On or near Victoria Road,E01017348,Isle of Wight 014C,Anti-social behaviour,,
,2024-03,Hampshire Constabulary,Hampshire Constabulary,-1.156664,50.658879,On or near Seagrove Drive,E01017348,Isle of Wight 014C,Anti-social behaviour,,
ff932de9c5ad72be95fdcc56cce15d031707bd6d4a7d8cb066d8ec356640b0f6,2024-03,Hampshire Constabulary,Hampshire Constabulary,-1.151471,50.655792,On or near Albion Road,E01017348,Isle of Wight 014C,Burglary,Unable to prosecute suspect,
8fb73402c19f1416b668943add80bae552ac2d77036c20a95e35cc2ad12d08f5,2024-03,Hampshire Constabulary,Hampshire Constabulary,-1.157300,50.657364,On or near Winchester Park Road,E01017348,Isle of Wight 014C,Criminal damage and arson,Investigation complete; no suspect identified,
eddc546c113d800cf0aca3798fb89f65cceed5b8e8b8154a74fdb1ec2de02146,2024-03,Hampshire Constabulary,Hampshire Constabulary,-1.149999,50.655836,On or near Avenue Slipway,E01017348,Isle of Wight 014C,Criminal damage and arson,Investigation complete; no suspect identified,
3f51881c22a7877c25f290c1d527aaefd13ac83eb6189daef0dba2ad8a37ac74,2024-03,Hampshire Constabulary,Hampshire Constabulary,-1.149047,50.656872,On or near Crescent Road,E01017348,Isle of Wight 014C,Other theft,Unable to prosecute suspect,
7c6fbfae647529080b9841fc2c0f3758f70c4b9c67634ad1078795ba9eb44dce,2024-03,Hampshire Constabulary,Hampshire Constabulary,-1.153536,50.658191,On or near Carter Street,E01017348,Isle of Wight 014C,Violence and sexual offences,Unable to prosecute suspect,
b4d99f7169fc595663e48a97c1fd3d89dcf0348744e5df4cd45157d7c62444ac,2024-03,Hampshire Constabulary,Hampshire Constabulary,-1.151471,50.655792,On or near Albion Road,E01017348,Isle of Wight 014C,Violence and sexual offences,Unable to prosecute suspect,
572067e287383a85d175b511274f08616a501ce1cf0b33905f9e3b77bf71436a,2024-03,Hampshire Constabulary,Hampshire Constabulary,-1.152149,50.656616,On or near Victoria Road,E01017348,Isle of Wight 014C,Violence and sexual offences,Unable to prosecute suspect,
3fa70991c4df7a7c7432c116260d09fec11ee1e06781d493a94e155fac4ffe56,2024-03,Hampshire Constabulary,Hampshire Constabulary,-1.155751,50.652982,On or near Pier Street,E01017349,Isle of Wight 014D,Bicycle theft,Investigation complete; no suspect identified,
6a66265a05407cb4c1224e01c7df6310d74db04b324632304569f0979d60b5a2,2024-03,Hampshire Constabulary,Hampshire Constabulary,-1.155751,50.652982,On or near Pier Street,E01017349,Isle of Wight 014D,Criminal damage and arson,Unable to prosecute suspect,
2cbd47e7ce0650d372af2b377ae84610656601bc78f1639358ce9be6c3fa7a7b,2024-03,Hampshire Constabulary,Hampshire Constabulary,-1.158094,50.656479,On or near Broadway,E01017349,Isle of Wight 014D,Possession of weapons,Unable to prosecute suspect,
8b33f82314583214d22207ac199ef6ec4877b006a30e8d369b75da09b5a729b7,2024-03,Hampshire Constabulary,Hampshire Constabulary,-1.157153,50.654503,On or near Grafton Lane,E01017349,Isle of Wight 014D,Public order,Unable to prosecute suspect,
e8511f017dfca244b7d370756ed4b8271e04ebf6a2d7d25be079ab8acbeda5e0,2024-03,Hampshire Constabulary,Hampshire Constabulary,-1.154506,50.653773,On or near Guadeloupe Road,E01017349,Isle of Wight 014D,Shoplifting,Unable to prosecute suspect,
a48c1460c9c756cbf48480384630c43a1582a2f5b96dee48e52b770e5a99c5ed,2024-03,Hampshire Constabulary,Hampshire Constabulary,-1.153014,50.654967,On or near Supermarket,E01017349,Isle of Wight 014D,Shoplifting,Court result unavailable,
01e3dbe4289569c5d434bfa02e05c331a0a422d6c8b2a071b4a1d5c744bd3757,2024-03,Hampshire Constabulary,Hampshire Constabulary,-1.153014,50.654967,On or near Supermarket,E01017349,Isle of Wight 014D,Shoplifting,Court result unavailable,
57abd8d10dc2e171e527c64517510706a124b7839b7367bd55f1a71d2a7802a9,2024-03,Hampshire Constabulary,Hampshire Constabulary,-1.158062,50.653475,On or near Royal Street,E01017349,Isle of Wight 014D,Violence and sexual offences,Unable to prosecute suspect,
905cd0a3f645323a7644c5e51a484be34faeb92dbc47cafef5c4310fa4c7e976,2024-03,Hampshire Constabulary,Hampshire Constabulary,-1.154506,50.653773,On or near Guadeloupe Road,E01017349,Isle of Wight 014D,Violence and sexual offences,Unable to prosecute suspect,
f8f5aad34782b6d44c2a1f37b692a145661391d97ee2dabf1b321f5a6329e215,2024-03,Hampshire Constabulary,Hampshire Constabulary,-1.154506,50.653773,On or near Guadeloupe Road,E01017349,Isle of Wight 014D,Violence and sexual offences,Unable to prosecute suspect,
9c9d383329349b7f0fc8fcd1a0075202b3aeb25c3ce63e34710f8ff4d17fc39f,2024-03,Hampshire Constabulary,Hampshire Constabulary,-1.157153,50.654503,On or near Grafton Lane,E01017349,Isle of Wight 014D,Violence and sexual offences,Unable to prosecute suspect,
e08c3be40d56341c9954126cc029b98f75c95a61c197738568884f7c4513506e,2024-03,Hampshire Constabulary,Hampshire Constabulary,-1.156345,50.656188,On or near Fitzroy Street,E01017349,Isle of Wight 014D,Violence and sexual offences,Unable to prosecute suspect,
090c74f3d4e683c5761d88c3977d2280adc235b7fb4c7291f3e2ccb0efe91c9f,2024-03,Hampshire Constabulary,Hampshire Constabulary,-1.155978,50.654521,On or near Benjamen Mews,E01017349,Isle of Wight 014D,Other crime,Court result unavailable,
,2024-03,Hampshire Constabulary,Hampshire Constabulary,-1.153014,50.654967,On or near Supermarket,E01017349,Isle of Wight 014D,Anti-social behaviour,,
,2024-03,Hampshire Constabulary,Hampshire Constabulary,-1.153014,50.654967,On or near Supermarket,E01017349,Isle of Wight 014D,Anti-social behaviour,,
,2024-03,Hampshire Constabulary,Hampshire Constabulary,-1.158008,50.652557,On or near Ferncliff Road,E01017349,Isle of Wight 014D,Anti-social behaviour,,
,2024-03,Hampshire Constabulary,Hampshire Constabulary,-1.154506,50.653773,On or near Guadeloupe Road,E01017349,Isle of Wight 014D,Anti-social behaviour,,
,2024-03,Hampshire Constabulary,Hampshire Constabulary,-1.155978,50.654521,On or near Benjamen Mews,E01017349,Isle of Wight 014D,Anti-social behaviour,,
,2024-03,Hampshire Constabulary,Hampshire Constabulary,-1.157841,50.654786,On or near Grafton Street,E01017349,Isle of Wight 014D,Anti-social behaviour,,
,2024-03,Hampshire Constabulary,Hampshire Constabulary,-1.156058,50.654792,On or near George Street,E01017349,Isle of Wight 014D,Anti-social behaviour,,
05efa59d9590a16c00a9ef479171f22b47b61d9df546339a43d32d5f47ef9bff,2024-03,Hampshire Constabulary,Hampshire Constabulary,-1.157841,50.654786,On or near Grafton Street,E01017349,Isle of Wight 014D,Burglary,Investigation complete; no suspect identified,
96495b80f6eae67c510e5be18699f7a5b3d995ff4fdb075e81417b8fcb30c3c2,2024-03,Hampshire Constabulary,Hampshire Constabulary,-1.154178,50.655506,On or near Parking Area,E01017349,Isle of Wight 014D,Criminal damage and arson,Court result unavailable,
094d521bb6427f38c01ea4398f202fef1f61a95960fe1bae32422e98179fc37f,2024-03,Hampshire Constabulary,Hampshire Constabulary,-1.155978,50.654521,On or near Benjamen Mews,E01017349,Isle of Wight 014D,Criminal damage and arson,Unable to prosecute suspect,
6e6124379968020928ec5350aa38a35f301624254c86f748c32a975474ebc0d7,2024-03,Hampshire Constabulary,Hampshire Constabulary,-1.158062,50.653475,On or near Royal Street,E01017349,Isle of Wight 014D,Drugs,Local resolution,
9277ff5f85b4556f58f7e833b12f6186b507c0d98d5dfcefaedbcc799e00b4c5,2024-03,Hampshire Constabulary,Hampshire Constabulary,-1.158062,50.653475,On or near Royal Street,E01017349,Isle of Wight 014D,Drugs,Local resolution,
6b8b8ba83aa863b4e14eb65c83eaa3a16adb604111d34545206b26c572b92b1c,2024-03,Hampshire Constabulary,Hampshire Constabulary,-1.155978,50.654521,On or near Benjamen Mews,E01017349,Isle of Wight 014D,Public order,Investigation complete; no suspect identified,
17c2a0b45a5c14d12b81f4ea4ccf893a0d10f12450d3b0ea758fd1517c4ac0f0,2024-03,Hampshire Constabulary,Hampshire Constabulary,-1.155751,50.652982,On or near Pier Street,E01017349,Isle of Wight 014D,Public order,Investigation complete; no suspect identified,
5762511f360b46c6b8257502ff6fdf75fe84b4a1bb2257a34e8c6f426276affe,2024-03,Hampshire Constabulary,Hampshire Constabulary,-1.154506,50.653773,On or near Guadeloupe Road,E01017349,Isle of Wight 014D,Public order,Unable to prosecute suspect,
370940015df2067e5c4cd4be3ed9284f4ff3868c37ffe86a815f3997d0fde735,2024-03,Hampshire Constabulary,Hampshire Constabulary,-1.154506,50.653773,On or near Guadeloupe Road,E01017349,Isle of Wight 014D,Shoplifting,Investigation complete; no suspect identified,
7eb08fa9ebd988fdbdf60ffedb503c178bf1b821fd65311565439de4fff80b1e,2024-03,Hampshire Constabulary,Hampshire Constabulary,-1.158062,50.653475,On or near Royal Street,E01017349,Isle of Wight 014D,Violence and sexual offences,Unable to prosecute suspect,
eb9b3b0111a9b8b83725befa3380ff2311d38bc2644549a9ce8eee7ff094a05a,2024-03,Hampshire Constabulary,Hampshire Constabulary,-1.158062,50.653475,On or near Royal Street,E01017349,Isle of Wight 014D,Violence and sexual offences,Unable to prosecute suspect,
43edbb9939cb8e6b78ec77cc94f0edf872d70b7521681996947ae83522e8b553,2024-03,Hampshire Constabulary,Hampshire Constabulary,-1.153014,50.654967,On or near Supermarket,E01017349,Isle of Wight 014D,Violence and sexual offences,Unable to prosecute suspect,
d065862766bf159115232d800e3a4d9131fee9fb9d588df15a51c2abeb12179f,2024-03,Hampshire Constabulary,Hampshire Constabulary,-1.155978,50.654521,On or near Benjamen Mews,E01017349,Isle of Wight 014D,Violence and sexual offences,Status update unavailable,
aade808aa704bcdeba6b7baefdde743d0c23f01e8f22cb3b72020c4c8eb8efa3,2024-03,Hampshire Constabulary,Hampshire Constabulary,-1.159827,50.660808,On or near Downsview,E01017350,Isle of Wight 014E,Shoplifting,Formal action is not in the public interest,
71904b49513a5cae68ee1aae91b847e338ef2c40d6cef8d3ea49251f7c3304cc,2024-03,Hampshire Constabulary,Hampshire Constabulary,-1.159827,50.660808,On or near Downsview,E01017350,Isle of Wight 014E,Shoplifting,Formal action is not in the public interest,
53906e9254cfa61a8072a2a840b25aac2f7a96f9210c94aaa85268dfd781db19,2024-03,Hampshire Constabulary,Hampshire Constabulary,-1.162006,50.656840,On or near Sandown,E01017350,Isle of Wight 014E,Violence and sexual offences,Local resolution,
98fb81891ab92ef77923b0cb3cf3b1d75e710f051aa01afbf39a905014a5e880,2024-03,Hampshire Constabulary,Hampshire Constabulary,-1.160984,50.660223,On or near Perowne Way,E01017350,Isle of Wight 014E,Violence and sexual offences,Court result unavailable,
b58526ca88a0751153583a0bf8af386c30a66c21a02eed0bfa966c4671ea291c,2024-03,Hampshire Constabulary,Hampshire Constabulary,-1.159827,50.660808,On or near Downsview,E01017350,Isle of Wight 014E,Violence and sexual offences,Formal action is not in the public interest,
8e5731cff2e3282704448061a469e9efde156874651046dff963f33a9f91187b,2024-03,Hampshire Constabulary,Hampshire Constabulary,-1.159543,50.661642,On or near Stower Place,E01017350,Isle of Wight 014E,Violence and sexual offences,Local resolution,
,2024-03,Hampshire Constabulary,Hampshire Constabulary,-1.159827,50.660808,On or near Downsview,E01017350,Isle of Wight 014E,Anti-social behaviour,,
,2024-03,Hampshire Constabulary,Hampshire Constabulary,-1.159827,50.660808,On or near Downsview,E01017350,Isle of Wight 014E,Anti-social behaviour,,
0223303aebdf5d60c9bb061dc9b9fc325bae7555d18e1ec161e965747b197c69,2024-03,Hampshire Constabulary,Hampshire Constabulary,-1.160566,50.655849,On or near Hill Street,E01017350,Isle of Wight 014E,Criminal damage and arson,Investigation complete; no suspect identified,
00569708b5ffc50725f0486c47f42589b5ffab069484965b9a25c8699421c18e,2024-03,Hampshire Constabulary,Hampshire Constabulary,-1.153747,50.663759,On or near Willow Way,E01017350,Isle of Wight 014E,Criminal damage and arson,Status update unavailable,
49e7c88dcfc447838cf8e45b59690cb13c5a7c4cbd0d5e4d39da926083891e1e,2024-03,Hampshire Constabulary,Hampshire Constabulary,-1.160566,50.655849,On or near Hill Street,E01017350,Isle of Wight 014E,Public order,Unable to prosecute suspect,
f113e781c53d0c5b0ae3e02d0905982d7221f7c692a5b8d5361b6d9fca329d3b,2024-03,Hampshire Constabulary,Hampshire Constabulary,-1.159379,50.659744,On or near Salisbury Way,E01017350,Isle of Wight 014E,Public order,Unable to prosecute suspect,
6a38b6091928eaefd9f8ff7d9db08ec3b46e2bcea706233f3a6fcd96eebc62f3,2024-03,Hampshire Constabulary,Hampshire Constabulary,-1.161800,50.662063,On or near Sandham Close,E01017350,Isle of Wight 014E,Violence and sexual offences,Unable to prosecute suspect,
683dcc9aeb8aeb8d6f558197f2966dd10bc27c7b0ff74732c737713d30150856,2024-03,Hampshire Constabulary,Hampshire Constabulary,-1.159388,50.660050,On or near Chichester Close,E01017350,Isle of Wight 014E,Violence and sexual offences,Unable to prosecute suspect,
f0ee2ec2a8950697c39b306f4cd7b45269e5868f93f0b2bda005f12cc2fb4227,2024-03,Hampshire Constabulary,Hampshire Constabulary,-1.160310,50.659094,On or near Bishops Close,E01017350,Isle of Wight 014E,Violence and sexual offences,Unable to prosecute suspect,
e02e67314ab5ce02bf277fd005ec41ebd1ad5b673aaa11f1fdbfcab6b975d521,2024-03,Hampshire Constabulary,Hampshire Constabulary,-1.155706,50.661831,On or near Jeal'S Lane,E01017350,Isle of Wight 014E,Violence and sexual offences,Unable to prosecute suspect,
1ba643f19b973ea06af20dc462b7a0f46cf1797c9d4b2a4b638b724622b45942,2024-03,Hampshire Constabulary,Hampshire Constabulary,-1.160566,50.655849,On or near Hill Street,E01017350,Isle of Wight 014E,Violence and sexual offences,Unable to prosecute suspect,
1e183854c369ada416475078d1f4a8d87ffd9633dbb246a1a1022e68b6826c89,2024-03,Hampshire Constabulary,Hampshire Constabulary,-1.160310,50.659094,On or near Bishops Close,E01017350,Isle of Wight 014E,Violence and sexual offences,Unable to prosecute suspect,
9aa387f24062960c04c4839ba36b055572e64f04c3c1d153108635215aefedd3,2024-03,Hampshire Constabulary,Hampshire Constabulary,-1.155706,50.661831,On or near Jeal'S Lane,E01017350,Isle of Wight 014E,Other crime,Unable to prosecute suspect,
2870b576388bcf36f0aed7ef27a8f3b8352c9fb2ede38084f75d0660059046e6,2024-03,Hampshire Constabulary,Hampshire Constabulary,-1.159827,50.660808,On or near Downsview,E01017350,Isle of Wight 014E,Other crime,Action to be taken by another organisation,
909cf1814622860ab1431f64a297e18e0bd5cc2560d8bd4a5fe51b4dbf8ec387,2024-03,Hampshire Constabulary,Hampshire Constabulary,-1.167531,50.650782,On or near Millennium Way,E01017317,Isle of Wight 015A,Shoplifting,Court result unavailable,
e9d204525dd9a090b70142b7c8b48e33f100c4aa188910b110bae7e0a0fe1b34,2024-03,Hampshire Constabulary,Hampshire Constabulary,-1.171288,50.652343,On or near Park/Open Space,E01017317,Isle of Wight 015A,Violence and sexual offences,Unable to prosecute suspect,
d9fad3223816e8168c64e000865f289d9d7b1a7c33ceb90aa09b88132e879b39,2024-03,Hampshire Constabulary,Hampshire Constabulary,-1.164383,50.649645,On or near Newcomen Road,E01017317,Isle of Wight 015A,Criminal damage and arson,Investigation complete; no suspect identified,
de6f947f59b6bb8ef378764438627a47599ed8dfc11ed2e1cb5ae7c472333085,2024-03,Hampshire Constabulary,Hampshire Constabulary,-1.164383,50.649645,On or near Newcomen Road,E01017317,Isle of Wight 015A,Criminal damage and arson,Investigation complete; no suspect identified,
2ddd9c5d7240926533024eebd1c65b9f6832ac02eecde426611bcc559cd14d35,2024-03,Hampshire Constabulary,Hampshire Constabulary,-1.167787,50.654732,On or near Linkside,E01017317,Isle of Wight 015A,Other theft,Investigation complete; no suspect identified,
f3f69c0d4b1d97852b6f82a4be702bcd38d736fac8a74bd186e6f7c4fb9385d4,2024-03,Hampshire Constabulary,Hampshire Constabulary,-1.167531,50.650782,On or near Millennium Way,E01017317,Isle of Wight 015A,Shoplifting,Investigation complete; no suspect identified,
23d9d446b7687753e3eafdad92f6507c5fc133990223785d4d008936a0a45753,2024-03,Hampshire Constabulary,Hampshire Constabulary,-1.171288,50.652343,On or near Park/Open Space,E01017317,Isle of Wight 015A,Violence and sexual offences,Unable to prosecute suspect,
4198a37797a4c86a1d02c51bb027f5de40d614d76a139ab8e133e9256d8a0fce,2024-03,Hampshire Constabulary,Hampshire Constabulary,-1.166563,50.649516,On or near Denness Road,E01017317,Isle of Wight 015A,Violence and sexual offences,Unable to prosecute suspect,
e898590eb2f48a74d608bc3aba8a400f8c164b81189b5c304bb9e6963a843385,2024-03,Hampshire Constabulary,Hampshire Constabulary,-1.178810,50.644783,On or near Blackpan Close,E01017320,Isle of Wight 015B,Other theft,Investigation complete; no suspect identified,
8bdb528aa922578474222fed203bd3d6cf830aa9eea3f9329aeb0500a55d2a34,2024-03,Hampshire Constabulary,Hampshire Constabulary,-1.178810,50.644783,On or near Blackpan Close,E01017320,Isle of Wight 015B,Other theft,Investigation complete; no suspect identified,
1f00652947b78311d0908eb70b34bd8674fdb1ed09c928abcb38dcd3c67c733c,2024-03,Hampshire Constabulary,Hampshire Constabulary,-1.178810,50.644783,On or near Blackpan Close,E01017320,Isle of Wight 015B,Theft from the person,Investigation complete; no suspect identified,
,2024-03,Hampshire Constabulary,Hampshire Constabulary,-1.203108,50.654844,On or near Cupressus Avenue,E01017323,Isle of Wight 015C,Anti-social behaviour,,
ec09a5c5113148d573bbde9a2a99709c81c501716cd4ab016d0cc9358d552ba7,2024-03,Hampshire Constabulary,Hampshire Constabulary,-1.210433,50.650829,On or near Winford Road,E01017324,Isle of Wight 015D,Violence and sexual offences,Unable to prosecute suspect,
1e193301ce459f100df37c41f6451f23336017c0889ed241f0213a39a72ea25b,2024-03,Hampshire Constabulary,Hampshire Constabulary,-1.201907,50.652282,On or near Woods Drive,E01017324,Isle of Wight 015D,Public order,Status update unavailable,
a7c10ec172deabd919cc13f53bda1663f7a6f6ca9cc37740f2c676d1024076af,2024-03,Hampshire Constabulary,Hampshire Constabulary,-1.183378,50.635031,On or near Newbridge Close,E01017355,Isle of Wight 015E,Bicycle theft,Unable to prosecute suspect,
512fc746d0221f517b5f87dabc506ee610f09b64311b565305b2b23d47cb733d,2024-03,Hampshire Constabulary,Hampshire Constabulary,-1.194992,50.631424,On or near Upper Hyde Farm Lane,E01017355,Isle of Wight 015E,Criminal damage and arson,Unable to prosecute suspect,
61bd3e1740933459bf7ed13206b8aac4cee6212fe5fd13d0d7390533604928d7,2024-03,Hampshire Constabulary,Hampshire Constabulary,-1.183647,50.632569,On or near Hyde Road,E01017355,Isle of Wight 015E,Criminal damage and arson,Court result unavailable,
5fc3a8f1d2a9611922581df19677d15652f75a7290aa0ef495c383a2af52a22c,2024-03,Hampshire Constabulary,Hampshire Constabulary,-1.191630,50.630439,On or near Blythe Way,E01017355,Isle of Wight 015E,Public order,Unable to prosecute suspect,
13eef51a291da4195916f85b19048b17596cbf3ebf2a619d5cf18eb93f1576f3,2024-03,Hampshire Constabulary,Hampshire Constabulary,-1.180281,50.631817,On or near Supermarket,E01017355,Isle of Wight 015E,Public order,Unable to prosecute suspect,
99fa8d57518f08e94ba331ec9d892755fc878745681bd67d0adbe1c177991416,2024-03,Hampshire Constabulary,Hampshire Constabulary,-1.183647,50.632569,On or near Hyde Road,E01017355,Isle of Wight 015E,Public order,Unable to prosecute suspect,
452d6d9fcb171e29f960a6f36d58c664598c3c63bf5f5ad98912c3c3a1f6c51d,2024-03,Hampshire Constabulary,Hampshire Constabulary,-1.180281,50.631817,On or near Supermarket,E01017355,Isle of Wight 015E,Shoplifting,Unable to prosecute suspect,
0936d1e514ce359e88c3e1e8fecb9f40f9a833b8061a6e3b284511227bc1147b,2024-03,Hampshire Constabulary,Hampshire Constabulary,-1.186830,50.630855,On or near Brockwood Drive,E01017355,Isle of Wight 015E,Violence and sexual offences,Unable to prosecute suspect,
386cf16a69bbca5fb773b1195619e17d89567a8729ab4d390622b4e907e9394c,2024-03,Hampshire Constabulary,Hampshire Constabulary,-1.183647,50.632569,On or near Hyde Road,E01017355,Isle of Wight 015E,Violence and sexual offences,Unable to prosecute suspect,
f5af3acbc7c56541c87f44c3b8f2ff52c8403c21e1101db95a88fc00a84e57b0,2024-03,Hampshire Constabulary,Hampshire Constabulary,-1.183647,50.632569,On or near Hyde Road,E01017355,Isle of Wight 015E,Violence and sexual offences,Unable to prosecute suspect,
95b4621b99ade311c1b42bb0f2f3102a238f3282e8a5661c92aa4f58fb545100,2024-03,Hampshire Constabulary,Hampshire Constabulary,-1.183647,50.632569,On or near Hyde Road,E01017355,Isle of Wight 015E,Violence and sexual offences,Unable to prosecute suspect,
99f108bb178ec2a2c8ff67f802444c9a28d2f585272cefff0995785a573417a4,2024-03,Hampshire Constabulary,Hampshire Constabulary,-1.183378,50.635031,On or near Newbridge Close,E01017355,Isle of Wight 015E,Violence and sexual offences,Unable to prosecute suspect,
659c2a83ae8fa7332cf2af8b2d3dca0d21ab168cbfc15108c2bc9f28e94e66f1,2024-03,Hampshire Constabulary,Hampshire Constabulary,-1.183647,50.632569,On or near Hyde Road,E01017355,Isle of Wight 015E,Violence and sexual offences,Local resolution,
81c1e43d199beeb4108f6ccb031841aafc0202b0ed24522cb620985d200c0bbe,2024-03,Hampshire Constabulary,Hampshire Constabulary,-1.183378,50.635031,On or near Newbridge Close,E01017355,Isle of Wight 015E,Violence and sexual offences,Unable to prosecute suspect,
082792f9c0f85d454c6d1a694a8daac386e677037d1075dcf5aa62d725811fe5,2024-03,Hampshire Constabulary,Hampshire Constabulary,-1.194259,50.627984,On or near East Mead,E01017355,Isle of Wight 015E,Criminal damage and arson,Unable to prosecute suspect,
29c4d9cc39881046c02013230328656b0abeded8c9f86466eb778d5e17d1003c,2024-03,Hampshire Constabulary,Hampshire Constabulary,-1.186465,50.631500,On or near Carter Avenue,E01017355,Isle of Wight 015E,Drugs,Court result unavailable,
b34573ba4d2d5d61dbe420be590801e2202ab132aa25018a25e02b43d3d9b2c0,2024-03,Hampshire Constabulary,Hampshire Constabulary,-1.183647,50.632569,On or near Hyde Road,E01017355,Isle of Wight 015E,Public order,Unable to prosecute suspect,
b4f81115cbd327381a57f8590d3eda02c1b89a24f566e2f58b750bec7964144b,2024-03,Hampshire Constabulary,Hampshire Constabulary,-1.191630,50.630439,On or near Blythe Way,E01017355,Isle of Wight 015E,Public order,Unable to prosecute suspect,
60f7405600a42f495711401d4141f80431efc8df349b6ee1b73586af613b4656,2024-03,Hampshire Constabulary,Hampshire Constabulary,-1.182434,50.633999,On or near Atherley Park Close,E01017355,Isle of Wight 015E,Public order,Unable to prosecute suspect,
07e92c1f2cffcd457cfb0143bc39b079dc37f90a036387e1ae257cf15bcab71d,2024-03,Hampshire Constabulary,Hampshire Constabulary,-1.180281,50.631817,On or near Supermarket,E01017355,Isle of Wight 015E,Shoplifting,Investigation complete; no suspect identified,
9dda16e6accc98a782653a4d35c562c6a6deaa6f9349a928ebd3ea8d3e5caa77,2024-03,Hampshire Constabulary,Hampshire Constabulary,-1.180281,50.631817,On or near Supermarket,E01017355,Isle of Wight 015E,Shoplifting,Investigation complete; no suspect identified,
908f59171cacb817a3edad09b767922648915f4af976375d17df1138f26c31a6,2024-03,Hampshire Constabulary,Hampshire Constabulary,-1.183647,50.632569,On or near Hyde Road,E01017355,Isle of Wight 015E,Violence and sexual offences,Investigation complete; no suspect identified,
b1c08aa7531d858d8259217c9a24ff0f068a5096976bceac014ff2b62a82748e,2024-03,Hampshire Constabulary,Hampshire Constabulary,-1.183378,50.635031,On or near Newbridge Close,E01017355,Isle of Wight 015E,Violence and sexual offences,Investigation complete; no suspect identified,
8a98879f4312ee31ad26ff6b3c1d52bc8140131284d218706da61d897d65f601,2024-03,Hampshire Constabulary,Hampshire Constabulary,-1.196882,50.629207,On or near Worsley View,E01017355,Isle of Wight 015E,Violence and sexual offences,Unable to prosecute suspect,
f493633e29c9c1638d271ce839064dc4c259426e0d4f9b079dac0c72ed74fcda,2024-03,Hampshire Constabulary,Hampshire Constabulary,-1.196882,50.629207,On or near Worsley View,E01017355,Isle of Wight 015E,Violence and sexual offences,Unable to prosecute suspect,
7d42e56b3b3c6f9935ca0e81c9ee132a9aa8387fb3e03a31348390081c23fc85,2024-03,Hampshire Constabulary,Hampshire Constabulary,-1.183378,50.635031,On or near Newbridge Close,E01017355,Isle of Wight 015E,Violence and sexual offences,Investigation complete; no suspect identified,
5dc34214672b82ff7f3d193c835d7e8a1e84a0d542b6dec94e7578e40abd33e4,2024-03,Hampshire Constabulary,Hampshire Constabulary,-1.178855,50.637328,On or near Witbank Gardens,E01017358,Isle of Wight 015F,Violence and sexual offences,Local resolution,
7dbb626d6d0e9cc7725e610f218955f5b545fc0c1546a0abe4666af5f2d66db5,2024-03,Hampshire Constabulary,Hampshire Constabulary,-1.178855,50.637328,On or near Witbank Gardens,E01017358,Isle of Wight 015F,Violence and sexual offences,Local resolution,
7587f5885bd9dacaedf455fa76021b038850e6252fb8a86649f326f9a01662a5,2024-03,Hampshire Constabulary,Hampshire Constabulary,-1.180214,50.634811,On or near Lucerne Road,E01017358,Isle of Wight 015F,Violence and sexual offences,Unable to prosecute suspect,
abfbffc5d2ab9cc33c6fca3cb4eefa89c625b6c19eed5fef78db0f581a5e4c67,2024-03,Hampshire Constabulary,Hampshire Constabulary,-1.180026,50.639108,On or near Sandy Lane,E01017358,Isle of Wight 015F,Violence and sexual offences,Offender given a caution,
c0357cf76141de801e045cbfdc97be5656d87f8637df93e51ac329df795db674,2024-03,Hampshire Constabulary,Hampshire Constabulary,-1.180026,50.639108,On or near Sandy Lane,E01017358,Isle of Wight 015F,Drugs,Local resolution,
7d331086af5909a5e5b7aae1b64d17800797c0b62687a5ed891d521c5f31877c,2024-03,Hampshire Constabulary,Hampshire Constabulary,-1.179966,50.643415,On or near Lark Rise,E01017358,Isle of Wight 015F,Public order,Unable to prosecute suspect,
0cbaebc3083252af2ae0453a1f0538f3a449faddf769d4d1346ece0533b3ff5c,2024-03,Hampshire Constabulary,Hampshire Constabulary,-1.179966,50.643415,On or near Lark Rise,E01017358,Isle of Wight 015F,Violence and sexual offences,Unable to prosecute suspect,
959471a498cb1ece36f404ac445c1dbb524ea5eb74453c0969a15e4fdbb19367,2024-03,Hampshire Constabulary,Hampshire Constabulary,-1.172176,50.650465,On or near Lea Road,E01017318,Isle of Wight 016A,Violence and sexual offences,Action to be taken by another organisation,
e0d3a791025c17d2fc5e697dabc67d4ed590162af7606c75e8dcabb494696210,2024-03,Hampshire Constabulary,Hampshire Constabulary,-1.173251,50.648898,On or near Manor Road,E01017318,Isle of Wight 016A,Violence and sexual offences,Further action is not in the public interest,
71e37d90ffff9b585ec73ffe450279743f1659ed9add399cd9a2e659751a9289,2024-03,Hampshire Constabulary,Hampshire Constabulary,-1.173251,50.648898,On or near Manor Road,E01017318,Isle of Wight 016A,Violence and sexual offences,Further action is not in the public interest,
de8898b3bd3ab70c37d560f77b8a2bd7bca335e153464b1a6bbae5650efeeb2a,2024-03,Hampshire Constabulary,Hampshire Constabulary,-1.173251,50.648898,On or near Manor Road,E01017318,Isle of Wight 016A,Violence and sexual offences,Further action is not in the public interest,
0894aef85a7e5a07986036090a7a7aa5c9cdfc5e66c0fac3ea71549d876dcddf,2024-03,Hampshire Constabulary,Hampshire Constabulary,-1.173092,50.650678,On or near Desmond Price Close,E01017318,Isle of Wight 016A,Violence and sexual offences,Local resolution,
9f10ba993be0c05437584b7aa05304514ea5bf004c4c3ace81f494f78e2e8e55,2024-03,Hampshire Constabulary,Hampshire Constabulary,-1.171438,50.648238,On or near Alfred Road,E01017318,Isle of Wight 016A,Violence and sexual offences,Unable to prosecute suspect,
58c5d456c0930e453758368fba237c97cf664f482aa1fc6e7f30bd33e5685dc0,2024-03,Hampshire Constabulary,Hampshire Constabulary,-1.168968,50.644686,On or near Haig Close,E01017319,Isle of Wight 016B,Possession of weapons,Offender given a caution,
3bf0b5680932da886727dbd190e5b6b8a0c249d4f06570965a1bb3e1d097fa0c,2024-03,Hampshire Constabulary,Hampshire Constabulary,-1.162383,50.648353,On or near Cliff Road,E01017319,Isle of Wight 016B,Public order,Investigation complete; no suspect identified,
2da83627b8735c931319163f6dd1cf278110672337ae137039511a5fa968ae5e,2024-03,Hampshire Constabulary,Hampshire Constabulary,-1.173214,50.631623,On or near Crescent Road,E01017356,Isle of Wight 016C,Burglary,Court result unavailable,
2cf9be439d84ccfb3a61b359b1b502c319d7b0b931d4f600c66cf88a3c00a52d,2024-03,Hampshire Constabulary,Hampshire Constabulary,-1.177142,50.633386,On or near Atherley Road,E01017356,Isle of Wight 016C,Burglary,Unable to prosecute suspect,
77f4f332e42043a79e7e04f821d6a038e47fee5fc719e2159610be2c46d7b847,2024-03,Hampshire Constabulary,Hampshire Constabulary,-1.177142,50.633386,On or near Atherley Road,E01017356,Isle of Wight 016C,Burglary,Unable to prosecute suspect,
4a3ac725f8795f4b6a302bb58a29a3a060c591b799fe0ad76c0a877efa80366f,2024-03,Hampshire Constabulary,Hampshire Constabulary,-1.178961,50.631286,On or near Falcon Cross Road,E01017356,Isle of Wight 016C,Criminal damage and arson,Court result unavailable,
c24635f543d270766447029319f52fb21e280a6157a97c24c54cd78d6e33c767,2024-03,Hampshire Constabulary,Hampshire Constabulary,-1.173214,50.631623,On or near Crescent Road,E01017356,Isle of Wight 016C,Other theft,Investigation complete; no suspect identified,
be99c32735e51faeb7036f3121f3760aa4b0dabdd9119036a5bce7993dd43949,2024-03,Hampshire Constabulary,Hampshire Constabulary,-1.173214,50.631623,On or near Crescent Road,E01017356,Isle of Wight 016C,Public order,Unable to prosecute suspect,
51491dcdfe0a0586c074c4a52a0ff211538c87dc57d179f131807d931c0018d6,2024-03,Hampshire Constabulary,Hampshire Constabulary,-1.178961,50.631286,On or near Falcon Cross Road,E01017356,Isle of Wight 016C,Violence and sexual offences,Investigation complete; no suspect identified,
216cda8e5af91f756f43f00de6291dc9ecc235e9fc1ed954fabef3a84bfb2b6d,2024-03,Hampshire Constabulary,Hampshire Constabulary,-1.176901,50.631811,On or near Spring Gardens,E01017356,Isle of Wight 016C,Violence and sexual offences,Local resolution,
4a93e4d54bfc572fcf5cd7d9f8fd7d662146acb1abe1f9d657200533ed6aa855,2024-03,Hampshire Constabulary,Hampshire Constabulary,-1.175878,50.632946,On or near Atherley Cross Road,E01017356,Isle of Wight 016C,Violence and sexual offences,Unable to prosecute suspect,
92f4ec4b26d947aea6e2bf69b69e0b18e59b382806cc02b3650e57ba4494f786,2024-03,Hampshire Constabulary,Hampshire Constabulary,-1.174319,50.634769,On or near Arthur'S Hill,E01017356,Isle of Wight 016C,Violence and sexual offences,Awaiting court outcome,
14f37b2e6560c8389963f62c4acc354710f4bc60d26a020e30431d549b5b5043,2024-03,Hampshire Constabulary,Hampshire Constabulary,-1.174319,50.634769,On or near Arthur'S Hill,E01017356,Isle of Wight 016C,Violence and sexual offences,Unable to prosecute suspect,
5d6e35a7f294d1b99464d81a16f775a05128ab1f189272a8fac9175e49c504b9,2024-03,Hampshire Constabulary,Hampshire Constabulary,-1.178961,50.631286,On or near Falcon Cross Road,E01017356,Isle of Wight 016C,Burglary,Unable to prosecute suspect,
3f1d81f1ebab307cde1d018d10e240e0ae702ec2c094e184b7b094af8446f32e,2024-03,Hampshire Constabulary,Hampshire Constabulary,-1.175878,50.632946,On or near Atherley Cross Road,E01017356,Isle of Wight 016C,Public order,Investigation complete; no suspect identified,
9590def67c655194ab51da20e924d7b02512a60d89b98b60050ae7cc049d0a8b,2024-03,Hampshire Constabulary,Hampshire Constabulary,-1.179438,50.632305,On or near Police Station,E01017356,Isle of Wight 016C,Robbery,Unable to prosecute suspect,
298bace3a03ed83a83875108934a01f7183cebdf344504dcdac87da0cdc75dde,2024-03,Hampshire Constabulary,Hampshire Constabulary,-1.179665,50.633089,On or near Marine Cross Road,E01017356,Isle of Wight 016C,Violence and sexual offences,Unable to prosecute suspect,
bdf7516fecc46c7b2262346d9bd05eec8dbff0552e93db2027364ade2a3ff1a8,2024-03,Hampshire Constabulary,Hampshire Constabulary,-1.178581,50.631993,On or near Regent Street,E01017356,Isle of Wight 016C,Violence and sexual offences,Investigation complete; no suspect identified,
6c3647f0a171376dff6a143be3542c4082bc229ba8113fad23b4906e7b8ded92,2024-03,Hampshire Constabulary,Hampshire Constabulary,-1.174319,50.634769,On or near Arthur'S Hill,E01017356,Isle of Wight 016C,Violence and sexual offences,Investigation complete; no suspect identified,
d06c839e71fe03a9b849b419122df1882d98926b4ef9805938dd0993341b699b,2024-03,Hampshire Constabulary,Hampshire Constabulary,-1.174171,50.637556,On or near Wilton Road,E01017357,Isle of Wight 016D,Violence and sexual offences,Unable to prosecute suspect,
5d0c3ca326387b12b7007645e3b3cf670bfa90df5128b786eae63aaf67474026,2024-03,Hampshire Constabulary,Hampshire Constabulary,-1.173041,50.635039,On or near St Boniface Cliff Road,E01017357,Isle of Wight 016D,Other crime,Further investigation is not in the public interest,
f9dc7ab157e1af53cff06a01cd62cf1d25c64d450b64f3cb844ba29e506bd424,2024-03,Hampshire Constabulary,Hampshire Constabulary,-1.173041,50.635039,On or near St Boniface Cliff Road,E01017357,Isle of Wight 016D,Violence and sexual offences,Unable to prosecute suspect,
3190c2a0ae283e997c444de78dea4bb4099a1dfbcdba08f113cde4424aa1a820,2024-03,Hampshire Constabulary,Hampshire Constabulary,-1.176039,50.640717,On or near The Rogers,E01017357,Isle of Wight 016D,Violence and sexual offences,Investigation complete; no suspect identified,
735ba2c1eac4c3f1a9737b46a62e218070f0d66e0008e1d732dfcf2e35fa8a79,2024-03,Hampshire Constabulary,Hampshire Constabulary,-1.174061,50.640568,On or near Wheeler Way,E01017357,Isle of Wight 016D,Violence and sexual offences,Unable to prosecute suspect,
e97ce8ba7c8a2aa1fd79c505c541a6f7bd41b2635c6db8a088286580bfc4fcb5,2024-03,Hampshire Constabulary,Hampshire Constabulary,-1.174061,50.640568,On or near Wheeler Way,E01017357,Isle of Wight 016D,Violence and sexual offences,Investigation complete; no suspect identified,
d09c66f3b9933417119a17f54290eff9d5924403ed84b5ed0c70a37f1a4905fc,2024-03,Hampshire Constabulary,Hampshire Constabulary,-1.183033,50.628832,On or near Furze Hill Road,E01017359,Isle of Wight 016E,Theft from the person,Local resolution,
,2024-03,Hampshire Constabulary,Hampshire Constabulary,-1.182035,50.629320,On or near Albert Road,E01017359,Isle of Wight 016E,Anti-social behaviour,,
91f8d44854f466eb178b6b1b1f11f856c1a0d6aa8f39ceaaf599d6452faa20b2,2024-03,Hampshire Constabulary,Hampshire Constabulary,-1.180287,50.626583,On or near Pomona Road,E01017360,Isle of Wight 016F,Violence and sexual offences,Unable to prosecute suspect,
5cbc53b51e91a69087b792db61c5126a3522d0506803c4d48c5bd76c4fe85789,2024-03,Hampshire Constabulary,Hampshire Constabulary,-1.174980,50.626842,On or near Everton Lane,E01017360,Isle of Wight 016F,Violence and sexual offences,Unable to prosecute suspect,
aa39afec58ca9dcaaac17c73eaeb4902c55a49fd9d8e0dcc3fa39bfb042e01de,2024-03,Hampshire Constabulary,Hampshire Constabulary,-1.177787,50.629668,On or near Cross Street,E01017360,Isle of Wight 016F,Violence and sexual offences,Unable to prosecute suspect,
2e8fc766af2f78fe685e2c598d0a9819b8f42b48262ad3bc5966936a3110b6d7,2024-03,Hampshire Constabulary,Hampshire Constabulary,-1.178509,50.630823,On or near Supermarket,E01017360,Isle of Wight 016F,Violence and sexual offences,Unable to prosecute suspect,
,2024-03,Hampshire Constabulary,Hampshire Constabulary,-1.177375,50.630609,On or near Scinde Crescent,E01017360,Isle of Wight 016F,Anti-social behaviour,,
af2728e19158fe10d5b1616de1c89a750b83b165736b3d1dd3501181acce8cea,2024-03,Hampshire Constabulary,Hampshire Constabulary,-1.178509,50.630823,On or near Supermarket,E01017360,Isle of Wight 016F,Criminal damage and arson,Court result unavailable,
5644838641d81a8d26f2d38c8148842547c2b08ef5b1f5a91b989e285bac94ed,2024-03,Hampshire Constabulary,Hampshire Constabulary,-1.180504,50.627079,On or near Salem Road,E01017360,Isle of Wight 016F,Drugs,Formal action is not in the public interest,
1ba2d5549e5e882b649e5a4e4f63f05851ef2b3f0b06011261960c3277770cbd,2024-03,Hampshire Constabulary,Hampshire Constabulary,-1.180620,50.628527,On or near Parking Area,E01017360,Isle of Wight 016F,Other theft,Status update unavailable,
67fda7ddac913ef724db0d9c585c7927ce841a9a747cbec127882e48f57a1968,2024-03,Hampshire Constabulary,Hampshire Constabulary,-1.181368,50.626986,On or near Paddock Road,E01017360,Isle of Wight 016F,Other theft,Investigation complete; no suspect identified,
73f5987db9a8bcc8a97235185fc5f48da915825d053970a6cdd2cb87da82be8d,2024-03,Hampshire Constabulary,Hampshire Constabulary,-1.178827,50.630017,On or near Parking Area,E01017360,Isle of Wight 016F,Public order,Investigation complete; no suspect identified,
c364942019dc627ef31e936412ec32c79a3de89c7bd8c5d36cf9546a8b0ed45e,2024-03,Hampshire Constabulary,Hampshire Constabulary,-1.180218,50.628911,On or near Orchardleigh Mews,E01017360,Isle of Wight 016F,Violence and sexual offences,Unable to prosecute suspect,
80c5bf2999554a1375478e745642b452a4e5e960e8ac4a793643c940caf59fc1,2024-03,Hampshire Constabulary,Hampshire Constabulary,-1.177808,50.628481,On or near Prospect Road,E01017360,Isle of Wight 016F,Violence and sexual offences,Unable to prosecute suspect,
bc8595fb851d73b9e1cc49a72c8ea621beb7c083e818cd6fc2f871c2a9b73ee7,2024-03,Hampshire Constabulary,Hampshire Constabulary,-1.178172,50.626253,On or near Parking Area,E01017360,Isle of Wight 016F,Violence and sexual offences,Unable to prosecute suspect,
22ceb2e85ce26cd4688b8f5dc90fcf2b5c91b65386a1130712264b9dc1b1383f,2024-03,Hampshire Constabulary,Hampshire Constabulary,-1.356346,50.642049,On or near Westcourt Close,E01017297,Isle of Wight 017A,Other theft,Unable to prosecute suspect,
fa758ccafd070d6bfeb3900c017c336d29b1caa16f16f0c8dfa9b6daff8fd3d7,2024-03,Hampshire Constabulary,Hampshire Constabulary,-1.320691,50.625471,On or near Emmett Hill,E01017297,Isle of Wight 017A,Public order,Unable to prosecute suspect,
550a6a27d1e82ce848dec5df5e6a637f459fcedc2c5c4f2864ed919b66c3ebbe,2024-03,Hampshire Constabulary,Hampshire Constabulary,-1.354899,50.641331,On or near Starks Close,E01017297,Isle of Wight 017A,Violence and sexual offences,Unable to prosecute suspect,
,2024-03,Hampshire Constabulary,Hampshire Constabulary,-1.275176,50.651645,On or near Main Road,E01017297,Isle of Wight 017A,Anti-social behaviour,,
a9bf648735a6058e1ca365e4eed179511dcb8a8acd7ba4563c9e447c272b140c,2024-03,Hampshire Constabulary,Hampshire Constabulary,-1.272651,50.646638,On or near Chequers Inn Road,E01017297,Isle of Wight 017A,Criminal damage and arson,Unable to prosecute suspect,
ff7598e4bc974becea924e99517c133fc693ef0b7c2318a826157f1c43f2a03b,2024-03,Hampshire Constabulary,Hampshire Constabulary,-1.356346,50.642049,On or near Westcourt Close,E01017297,Isle of Wight 017A,Violence and sexual offences,Unable to prosecute suspect,
b7d535b6908473e921e63e72a64e5197ce459b90d02f49a7746db5ab46d02f58,2024-03,Hampshire Constabulary,Hampshire Constabulary,-1.356346,50.642049,On or near Westcourt Close,E01017297,Isle of Wight 017A,Violence and sexual offences,Unable to prosecute suspect,
1c312adfd708c8d3a66e70d1a12940294acd0216e0627980a60a17702ba0e6e6,2024-03,Hampshire Constabulary,Hampshire Constabulary,-1.272651,50.646638,On or near Chequers Inn Road,E01017297,Isle of Wight 017A,Violence and sexual offences,Unable to prosecute suspect,
4abbba134675d9ca646b0571529bffdf04a21d1fb083b945957784ea8b48c333,2024-03,Hampshire Constabulary,Hampshire Constabulary,-1.258146,50.602185,On or near Nettlecombe Lane,E01017298,Isle of Wight 017B,Public order,Investigation complete; no suspect identified,
8e2376daf0b802f6dd3df60edd896ef138122c42c8b8ff2efe2a25a33e6096c1,2024-03,Hampshire Constabulary,Hampshire Constabulary,-1.302993,50.619620,On or near Appleford Road,E01017299,Isle of Wight 017C,Violence and sexual offences,Unable to prosecute suspect,
a29f0284cf9501f0fe638c096695c3263bfa492299857a477878cb7542d96173,2024-03,Hampshire Constabulary,Hampshire Constabulary,-1.317413,50.615587,On or near Spanners Close,E01017299,Isle of Wight 017C,Violence and sexual offences,Unable to prosecute suspect,
4a48febb7574e5ed51a797103cb3e3cf135db492c363a18a8c1df23942463cbf,2024-03,Hampshire Constabulary,Hampshire Constabulary,-1.314891,50.616957,On or near Appleford Road,E01017299,Isle of Wight 017C,Violence and sexual offences,Court result unavailable,
0b313a887aee6d8d45042818db3a9a5a92571415db40ea2b99073354a4382985,2024-03,Hampshire Constabulary,Hampshire Constabulary,-1.259589,50.638993,On or near May Close,E01017369,Isle of Wight 017D,Violence and sexual offences,Unable to prosecute suspect,
,2024-03,Hampshire Constabulary,Hampshire Constabulary,-1.259887,50.635308,On or near West Street,E01017369,Isle of Wight 017D,Anti-social behaviour,,
9e2b60f1fef775df096697b8d4c761edbfbb58e88dd6fbc727a0c2a30bd0270d,2024-03,Hampshire Constabulary,Hampshire Constabulary,-1.257947,50.622948,On or near Sheepwash Lane,E01017369,Isle of Wight 017D,Violence and sexual offences,Unable to prosecute suspect,
2c8c4fb7d024ccd89c5f732dafc69fa9101d00170899e82751a3e84abfb1f5e3,2024-03,Hampshire Constabulary,Hampshire Constabulary,-1.254724,50.633656,On or near High Street,E01017369,Isle of Wight 017D,Violence and sexual offences,Unable to prosecute suspect,
d8b1f6075690e0f9d2e72beb1b1d5c4cd5ab01ec4196707679d992566bdd7372,2024-03,Hampshire Constabulary,Hampshire Constabulary,-1.201177,50.594326,On or near Buona Vista Road,E01017363,Isle of Wight 018A,Burglary,Unable to prosecute suspect,
76e99cc88451bb4c1a846ba5babce5b52e8d4ced92f0dfd06a5d7e54afa20dba,2024-03,Hampshire Constabulary,Hampshire Constabulary,-1.202509,50.594110,On or near Dudley Road,E01017363,Isle of Wight 018A,Public order,Unable to prosecute suspect,
1caa3e5aabbd6fe7068e4450d726d8f095dd416d3180dd2bcfb7b86d296cf291,2024-03,Hampshire Constabulary,Hampshire Constabulary,-1.202509,50.594110,On or near Dudley Road,E01017363,Isle of Wight 018A,Robbery,Unable to prosecute suspect,
73c3d969902f2d1586ee591a2effd6866e8f0b3af251dabf38449acaa16cdaf6,2024-03,Hampshire Constabulary,Hampshire Constabulary,-1.202509,50.594110,On or near Dudley Road,E01017363,Isle of Wight 018A,Robbery,Unable to prosecute suspect,
bba5303ec7d6467d686b19d845c30870400ea867972b11f946ae6100a7a1c10d,2024-03,Hampshire Constabulary,Hampshire Constabulary,-1.205420,50.594930,On or near Supermarket,E01017363,Isle of Wight 018A,Shoplifting,Court result unavailable,
40f57d09514128d756fe5348b1f0e6e58a2b06c69e9d655c13e618113f1039e7,2024-03,Hampshire Constabulary,Hampshire Constabulary,-1.205420,50.594930,On or near Supermarket,E01017363,Isle of Wight 018A,Shoplifting,Court result unavailable,
29f805cd951ca60216edfeb6c392a3db8a25311a3ea8efabf86c2dba5582925f,2024-03,Hampshire Constabulary,Hampshire Constabulary,-1.205420,50.594930,On or near Supermarket,E01017363,Isle of Wight 018A,Shoplifting,Unable to prosecute suspect,
24f6bbfcd4990b5909d2726e6fd26984a4e143002979f906b0d792738e555e95,2024-03,Hampshire Constabulary,Hampshire Constabulary,-1.201177,50.594326,On or near Buona Vista Road,E01017363,Isle of Wight 018A,Violence and sexual offences,Unable to prosecute suspect,
c5ac74bb449c2f3a9c6680581acea6e8a6ff5046710590340dfe57889a627e6c,2024-03,Hampshire Constabulary,Hampshire Constabulary,-1.204990,50.594451,On or near Pier Street,E01017363,Isle of Wight 018A,Violence and sexual offences,Unable to prosecute suspect,
d18d98f08b1e833b68afc96d6514731070247485b62a06d319319cc5e74ce320,2024-03,Hampshire Constabulary,Hampshire Constabulary,-1.203893,50.594983,On or near Pound Lane,E01017363,Isle of Wight 018A,Violence and sexual offences,Unable to prosecute suspect,
d75fe2b1dea2f129ef5407bac719b166789951ff9ce9628d864a5f7d03890d0b,2024-03,Hampshire Constabulary,Hampshire Constabulary,-1.202509,50.594110,On or near Dudley Road,E01017363,Isle of Wight 018A,Violence and sexual offences,Unable to prosecute suspect,
e831c499cdcc907225bd6c4f2cdf50d4284d73c429c6e256976463a233f2ec9f,2024-03,Hampshire Constabulary,Hampshire Constabulary,-1.203147,50.596471,On or near Spring Hill,E01017363,Isle of Wight 018A,Violence and sexual offences,Court result unavailable,
6c8fb1fbad3adc5ead1be076fa5e1384ace7b35511dddec1023a942c7fa4e439,2024-03,Hampshire Constabulary,Hampshire Constabulary,-1.205295,50.597286,On or near Macrocarpa Road,E01017363,Isle of Wight 018A,Violence and sexual offences,Unable to prosecute suspect,
3acffc739eda937928a692360b94d92ee32a26b3f17fd8d08f20bcffa1a58c4f,2024-03,Hampshire Constabulary,Hampshire Constabulary,-1.204750,50.597759,On or near Mitchell Avenue,E01017363,Isle of Wight 018A,Violence and sexual offences,Unable to prosecute suspect,
,2024-03,Hampshire Constabulary,Hampshire Constabulary,-1.203893,50.594983,On or near Pound Lane,E01017363,Isle of Wight 018A,Anti-social behaviour,,
86bc37888e95dc7cd45c769ffeca2fc9d809be1bfb0170837fcbc7814ea7a06e,2024-03,Hampshire Constabulary,Hampshire Constabulary,-1.203876,50.595127,On or near Parking Area,E01017363,Isle of Wight 018A,Burglary,Unable to prosecute suspect,
d76bbd7e5fb51d34042e278a7169f4f7cf6e7e756a83bb35983c4402a384c726,2024-03,Hampshire Constabulary,Hampshire Constabulary,-1.206881,50.595399,On or near Marlborough Road,E01017363,Isle of Wight 018A,Other theft,Investigation complete; no suspect identified,
eb79bc866c8dfb6f954e7645cfefeba6780be2df592b64462d2f4713dae6a78b,2024-03,Hampshire Constabulary,Hampshire Constabulary,-1.203442,50.597444,On or near Altofts Gardens,E01017363,Isle of Wight 018A,Other theft,Investigation complete; no suspect identified,
4dc745e79e5b87614d57479f8eeb826137bffc6f3ed4371c6a2c8030dd21c8ec,2024-03,Hampshire Constabulary,Hampshire Constabulary,-1.201712,50.595301,On or near Victoria Street,E01017363,Isle of Wight 018A,Public order,Investigation complete; no suspect identified,
6bf24994b6402ba79ce0c82f3421a6b374086e3d65245c8821b687cbc1a05d25,2024-03,Hampshire Constabulary,Hampshire Constabulary,-1.205420,50.594930,On or near Supermarket,E01017363,Isle of Wight 018A,Shoplifting,Court result unavailable,
bc726440953502b0a8945609bd3858cbc2cd88b9911cfd039b315574ce7a97b6,2024-03,Hampshire Constabulary,Hampshire Constabulary,-1.205420,50.594930,On or near Supermarket,E01017363,Isle of Wight 018A,Shoplifting,Investigation complete; no suspect identified,
605ca393cb587bc013a5fc7188eb6c18accb081d5b3ee4b8cc2fc4891a0f9217,2024-03,Hampshire Constabulary,Hampshire Constabulary,-1.205420,50.594930,On or near Supermarket,E01017363,Isle of Wight 018A,Shoplifting,Investigation complete; no suspect identified,
ff8d8dfcf62c0e5602f8c433d2965baee90c0706bd6af79641016e1cdd5ee682,2024-03,Hampshire Constabulary,Hampshire Constabulary,-1.203147,50.596471,On or near Spring Hill,E01017363,Isle of Wight 018A,Violence and sexual offences,Unable to prosecute suspect,
3168b9bf1aa32d563aa9fd0821a364d84520919d70706724cdd4586e89c0d63f,2024-03,Hampshire Constabulary,Hampshire Constabulary,-1.203456,50.595789,On or near Parking Area,E01017363,Isle of Wight 018A,Other crime,Further investigation is not in the public interest,
d3670731d6e151c95fccc2019657174afc0bcd7f0d56f64d5c1bc27fb9aa22b1,2024-03,Hampshire Constabulary,Hampshire Constabulary,-1.185533,50.601124,On or near Bonchurch Shute,E01017364,Isle of Wight 018B,Criminal damage and arson,Unable to prosecute suspect,
b45cf5757ee31f487e09849678355ae04f005e0fac61e168bf0c1acb360ae72b,2024-03,Hampshire Constabulary,Hampshire Constabulary,-1.187905,50.597112,On or near Parking Area,E01017364,Isle of Wight 018B,Criminal damage and arson,Investigation complete; no suspect identified,
a84015e6b64e5d42c4193f26c0b863c281eaf78e092a188a7e86cf6df481bb0f,2024-03,Hampshire Constabulary,Hampshire Constabulary,-1.195185,50.596911,On or near Spring Gardens,E01017364,Isle of Wight 018B,Public order,Unable to prosecute suspect,
1c002371ad96f9bb50842ea5d2daa2e29e016624bea55d76d7d3d6fa79284a36,2024-03,Hampshire Constabulary,Hampshire Constabulary,-1.198602,50.596206,On or near Clarence Road,E01017364,Isle of Wight 018B,Violence and sexual offences,Status update unavailable,
79bb48260fb61bd412623ff3b874d9384230cf71ccf7d5e77098d553a99ee41f,2024-03,Hampshire Constabulary,Hampshire Constabulary,-1.248676,50.585460,On or near Spindlers Road,E01017365,Isle of Wight 018C,Public order,Investigation complete; no suspect identified,
583a404fd320b3b8c126cc672e7d170298274943525c17c876ebccabd98646fe,2024-03,Hampshire Constabulary,Hampshire Constabulary,-1.219895,50.591890,On or near Undercliff Gardens,E01017365,Isle of Wight 018C,Violence and sexual offences,Unable to prosecute suspect,
,2024-03,Hampshire Constabulary,Hampshire Constabulary,-1.215202,50.592892,On or near Park Avenue,E01017365,Isle of Wight 018C,Anti-social behaviour,,
c836a0e4fcc70c33cf92d97b924a26f17bb7827a36f3643e2f5b7dfd86c4a7f7,2024-03,Hampshire Constabulary,Hampshire Constabulary,-1.216283,50.595858,On or near Steephill Down Road,E01017366,Isle of Wight 018D,Criminal damage and arson,Court result unavailable,
79cb53e10e5570e8e47c68a54c960dc3c915ad4f43865b4b94d9f179df34ce34,2024-03,Hampshire Constabulary,Hampshire Constabulary,-1.217317,50.594858,On or near Gill'S Cliff Road,E01017366,Isle of Wight 018D,Violence and sexual offences,Unable to prosecute suspect,
8eef059e33cc88d4b28b8df22b61383f3cfd025d122e43239fb3fa02d133dc3e,2024-03,Hampshire Constabulary,Hampshire Constabulary,-1.216478,50.599466,On or near Lowtherville Road,E01017366,Isle of Wight 018D,Violence and sexual offences,Unable to prosecute suspect,
80b4bcc441413d57091a3fff589fbd5db8c15f153f01a2213f57b00ef2b0a9d9,2024-03,Hampshire Constabulary,Hampshire Constabulary,-1.217039,50.597968,On or near York Road,E01017366,Isle of Wight 018D,Violence and sexual offences,Investigation complete; no suspect identified,
23039571451e1cfc2946131996aaf35a6c7ac27a3632647f0c389ba4e2fe2d2d,2024-03,Hampshire Constabulary,Hampshire Constabulary,-1.218913,50.600894,On or near St Margarets Glade,E01017366,Isle of Wight 018D,Violence and sexual offences,Court result unavailable,
0b01e6a153d61eb6c6278580d9aa36875e8d5051585b53b420a5c7a557dada19,2024-03,Hampshire Constabulary,Hampshire Constabulary,-1.217069,50.598732,On or near Newport Road,E01017366,Isle of Wight 018D,Violence and sexual offences,Unable to prosecute suspect,
d79cefd88ba5ef53ef0dd5f730f3025703d0ab4b75ed77a38f114536c21320f6,2024-03,Hampshire Constabulary,Hampshire Constabulary,-1.217069,50.598732,On or near Newport Road,E01017366,Isle of Wight 018D,Violence and sexual offences,Unable to prosecute suspect,
,2024-03,Hampshire Constabulary,Hampshire Constabulary,-1.217236,50.599723,On or near Rayners,E01017366,Isle of Wight 018D,Anti-social behaviour,,
739aadf02fbd1023b81a5384187c99e1327429ab6cae246ec5ce2260cf6bd909,2024-03,Hampshire Constabulary,Hampshire Constabulary,-1.217236,50.599723,On or near Rayners,E01017366,Isle of Wight 018D,Violence and sexual offences,Court result unavailable,
3529fbf634932d5c7319e30b03f4098d58b630a87fb00083dbfad0811f187944,2024-03,Hampshire Constabulary,Hampshire Constabulary,-1.216030,50.597511,On or near Cornwall Road,E01017366,Isle of Wight 018D,Violence and sexual offences,Investigation complete; no suspect identified,
0f2623827d8bf6351c0e8b8a92150ebd8bbb950876928de385ab79453d62feab,2024-03,Hampshire Constabulary,Hampshire Constabulary,-1.219195,50.598369,On or near Rew Close,E01017366,Isle of Wight 018D,Violence and sexual offences,Investigation complete; no suspect identified,
4a29bb0a0f9722d6c77fd7de6e16972b391b5d4839ee39cdbfe5e70934af338c,2024-03,Hampshire Constabulary,Hampshire Constabulary,-1.218913,50.600894,On or near St Margarets Glade,E01017366,Isle of Wight 018D,Violence and sexual offences,Status update unavailable,
7310701a733f44ecffaee5fb084fafffcb1979b39f5fe3cdefefe37550b8221f,2024-03,Hampshire Constabulary,Hampshire Constabulary,-1.219195,50.598369,On or near Rew Close,E01017366,Isle of Wight 018D,Violence and sexual offences,Unable to prosecute suspect,
0e61b5e7a9efbb694209635861cef83e9cb62e65a1d189d8e6e7485a318c2c95,2024-03,Hampshire Constabulary,Hampshire Constabulary,-1.221480,50.614832,On or near Brookside Crescent,E01017370,Isle of Wight 018E,Criminal damage and arson,Offender given a caution,
795348d1e4bbf0ad39078958218068fd53cfc02eee46603aac5d38b5b0567370,2024-03,Hampshire Constabulary,Hampshire Constabulary,-1.223415,50.614944,On or near Wallis Close,E01017370,Isle of Wight 018E,Shoplifting,Unable to prosecute suspect,
94950141ec8880ec47d716d25357f2868ddbc6f3b738131b04591bef63506fdd,2024-03,Hampshire Constabulary,Hampshire Constabulary,-1.223678,50.612689,On or near Clarence Road,E01017370,Isle of Wight 018E,Violence and sexual offences,Unable to prosecute suspect,
479b04443863612af7e41ac946900cc41901fe7c269cba9e7a9e9773e55d297f,2024-03,Hampshire Constabulary,Hampshire Constabulary,-1.219034,50.615778,On or near Badgers Close,E01017370,Isle of Wight 018E,Violence and sexual offences,Further investigation is not in the public interest,
fdbb524f340617c4433f58469cb0d56ac5698b99e7bbcb7b54be5ec1513446b6,2024-03,Hampshire Constabulary,Hampshire Constabulary,-1.221480,50.614832,On or near Brookside Crescent,E01017370,Isle of Wight 018E,Violence and sexual offences,Unable to prosecute suspect,
1a4c66dc294e88ee787a82d0d0100c591055d2a00024f97c6198f0472aeff662,2024-03,Hampshire Constabulary,Hampshire Constabulary,-1.222312,50.614092,On or near B3327,E01017370,Isle of Wight 018E,Violence and sexual offences,Unable to prosecute suspect,
d95fd858455734a16a395a12a83219342c135ad87847a01c0d688721e6cea69d,2024-03,Hampshire Constabulary,Hampshire Constabulary,-1.222252,50.629907,On or near Parking Area,E01017370,Isle of Wight 018E,Burglary,Investigation complete; no suspect identified,
9d35e3b9eb708a8d590f0910fdf8a639f2e345a63f0bde30c62066515e11a5f7,2024-03,Hampshire Constabulary,Hampshire Constabulary,-1.224796,50.614360,On or near West Street,E01017370,Isle of Wight 018E,Violence and sexual offences,Unable to prosecute suspect,
8cc533882e3d54cc99f52fde60caf621a7b767189108f7e11b795454dcdd6a82,2024-03,Hampshire Constabulary,Hampshire Constabulary,-1.221480,50.614832,On or near Brookside Crescent,E01017370,Isle of Wight 018E,Violence and sexual offences,Unable to prosecute suspect,
e218328cfff414fe3ac39976991938d165b89cb3ae697dd8f4eead411227f4a1,2024-03,Hampshire Constabulary,Hampshire Constabulary,-1.219034,50.615778,On or near Badgers Close,E01017370,Isle of Wight 018E,Violence and sexual offences,Unable to prosecute suspect,
be57fcadb8c6c8ba63814a41f70ba6c851536fe3857c3c70681d107683580c51,2024-03,Hampshire Constabulary,Hampshire Constabulary,-1.822312,50.951731,On or near Clack Lane,E01023011,New Forest 001A,Criminal damage and arson,Local resolution,
f08e35a6663582b1c95b2bc6e3ddb1483117d37a5d60730709b1e93d52577362,2024-03,Hampshire Constabulary,Hampshire Constabulary,-1.909286,50.977719,On or near Townsend Lane,E01023011,New Forest 001A,Criminal damage and arson,Investigation complete; no suspect identified,
9042bcc61397cd331da1d73e2129c9d35121b3a59fe52e76bc42bc025700f590,2024-03,Hampshire Constabulary,Hampshire Constabulary,-1.919267,50.971684,On or near Parking Area,E01023011,New Forest 001A,Vehicle crime,Investigation complete; no suspect identified,
13f375317112165d617440bffa1a0bda724ed82af4190426839bb774adfeec63,2024-03,Hampshire Constabulary,Hampshire Constabulary,-1.732715,50.958466,On or near Parking Area,E01023012,New Forest 001B,Burglary,Investigation complete; no suspect identified,
7d5416b3552ee63062c5309524dde696679d02c9a9ee630d2eef65832798197c,2024-03,Hampshire Constabulary,Hampshire Constabulary,-1.774969,50.959338,On or near Salisbury Road,E01023012,New Forest 001B,Burglary,Investigation complete; no suspect identified,
,2024-03,Hampshire Constabulary,Hampshire Constabulary,-1.789966,50.964833,On or near Rookery Lane,E01023012,New Forest 001B,Anti-social behaviour,,
74c03ed43f058b3b3c7c84c6739b5309e06f0b942137a8ac4f08a14d25248caa,2024-03,Hampshire Constabulary,Hampshire Constabulary,-1.779971,50.960205,On or near Sports/Recreation Area,E01023012,New Forest 001B,Public order,Investigation complete; no suspect identified,
9d8de71f3da8691e14942022dc7da5dd2c6e13c974e122638f2dd0adf1998424,2024-03,Hampshire Constabulary,Hampshire Constabulary,-1.814168,50.930397,On or near Mayfield Road,E01023021,New Forest 001C,Criminal damage and arson,Unable to prosecute suspect,
c22f7d04a314bf38c194a4b8e9ea831d8becf2bc2405edaafc88c8e3378087ac,2024-03,Hampshire Constabulary,Hampshire Constabulary,-1.814168,50.930397,On or near Mayfield Road,E01023021,New Forest 001C,Criminal damage and arson,Status update unavailable,
1fdca29232ee8f412bd91409922e932b6daf98a75cd95ab8ef939f128753e741,2024-03,Hampshire Constabulary,Hampshire Constabulary,-1.806086,50.930384,On or near Downwood Close,E01023021,New Forest 001C,Criminal damage and arson,Investigation complete; no suspect identified,
8c9b8f654cbb45aa180bece42fbdc98b8018b66ae270fbb2994de67d7182d16a,2024-03,Hampshire Constabulary,Hampshire Constabulary,-1.831183,50.935423,On or near Tanners Lane,E01023021,New Forest 001C,Other theft,Investigation complete; no suspect identified,
c1725faafa6673570b91fed078ea993b6f5809917301ba33df2bee93fc08af91,2024-03,Hampshire Constabulary,Hampshire Constabulary,-1.791749,50.927135,On or near Supermarket,E01023022,New Forest 001D,Public order,Court result unavailable,
bff32c774eecb0ea1807455ffdbd5de2dcb47382944cffda8d00a7753f540b4f,2024-03,Hampshire Constabulary,Hampshire Constabulary,-1.790304,50.927650,On or near Round Hill,E01023022,New Forest 001D,Public order,Unable to prosecute suspect,
f3c7591bce507e64407d3e453a67031f31cc0dee0cc51c43d64dfb34847a4edd,2024-03,Hampshire Constabulary,Hampshire Constabulary,-1.790304,50.927650,On or near Round Hill,E01023022,New Forest 001D,Public order,Unable to prosecute suspect,
687c2ec45094e2926c2b4a2eea804306f4922b3dd3e381bfdf17635687dd3fc7,2024-03,Hampshire Constabulary,Hampshire Constabulary,-1.791749,50.927135,On or near Supermarket,E01023022,New Forest 001D,Shoplifting,Local resolution,
4fb3d975f61a583d3c05bd7eaa3160cb1f89079a475e08852b16e41bf4d9c9c6,2024-03,Hampshire Constabulary,Hampshire Constabulary,-1.791749,50.927135,On or near Supermarket,E01023022,New Forest 001D,Shoplifting,Offender given a caution,
bdd24b1551abb164adbf8b3c3a341f30f73ec1738b51fd62469abb56269f8cf2,2024-03,Hampshire Constabulary,Hampshire Constabulary,-1.791749,50.927135,On or near Supermarket,E01023022,New Forest 001D,Shoplifting,Investigation complete; no suspect identified,
da6ff6cfb6b0c6191e135238690cd42cff4dd81589807700d4351ab9ccbd8b06,2024-03,Hampshire Constabulary,Hampshire Constabulary,-1.791749,50.927135,On or near Supermarket,E01023022,New Forest 001D,Shoplifting,Court result unavailable,
e25d0b99e4b93e492cc06747230d35ec22abee2af95edbce3a18b678d74d7715,2024-03,Hampshire Constabulary,Hampshire Constabulary,-1.791749,50.927135,On or near Supermarket,E01023022,New Forest 001D,Shoplifting,Awaiting court outcome,
47b7c4851db0f0b55e93ca89125309d1e005cc2495e8930b42a8102a90a9f90f,2024-03,Hampshire Constabulary,Hampshire Constabulary,-1.788172,50.926963,On or near Bridge Street,E01023022,New Forest 001D,Vehicle crime,Unable to prosecute suspect,
f7ff76e39c13e713812eb405c6f882eaee1d4cf69c35be888d2e0743a2f5adfa,2024-03,Hampshire Constabulary,Hampshire Constabulary,-1.795605,50.925843,On or near West Street,E01023022,New Forest 001D,Violence and sexual offences,Unable to prosecute suspect,
bf6d0f10397783add619025c0e38c6ba11614cbf8bd29a638d4d533d9af9ed9d,2024-03,Hampshire Constabulary,Hampshire Constabulary,-1.794170,50.925256,On or near B3078,E01023022,New Forest 001D,Violence and sexual offences,Unable to prosecute suspect,
cba4a62bbccd0091070d1a63afdcbbaeaeaaf5e001fa4c150872ea91b177bc25,2024-03,Hampshire Constabulary,Hampshire Constabulary,-1.794170,50.925256,On or near B3078,E01023022,New Forest 001D,Violence and sexual offences,Unable to prosecute suspect,
e467aa075a47661dbb78a014172cd6ba7a9849cfdb3ccdb23494035a8fede856,2024-03,Hampshire Constabulary,Hampshire Constabulary,-1.797463,50.927186,On or near Station Road,E01023022,New Forest 001D,Violence and sexual offences,Unable to prosecute suspect,
2bc97ad8886e8b7953b19b5d2235b4d2b694464e6be76a6b1ddb564eaa8c17e5,2024-03,Hampshire Constabulary,Hampshire Constabulary,-1.797463,50.927186,On or near Station Road,E01023022,New Forest 001D,Violence and sexual offences,Unable to prosecute suspect,
21e0eae263663dd5a15954c9e01e1a46318d8d1301fdb3434968691e656c1b52,2024-03,Hampshire Constabulary,Hampshire Constabulary,-1.797463,50.927186,On or near Station Road,E01023022,New Forest 001D,Violence and sexual offences,Unable to prosecute suspect,
7278b349e967b956382f760bc3f31527ac24a0ee63bfb08f67b5172202e6fb13,2024-03,Hampshire Constabulary,Hampshire Constabulary,-1.790304,50.927650,On or near Round Hill,E01023022,New Forest 001D,Violence and sexual offences,Unable to prosecute suspect,
,2024-03,Hampshire Constabulary,Hampshire Constabulary,-1.789362,50.928188,On or near Salisbury Street,E01023022,New Forest 001D,Anti-social behaviour,,
,2024-03,Hampshire Constabulary,Hampshire Constabulary,-1.796530,50.925692,On or near West Mills Road,E01023022,New Forest 001D,Anti-social behaviour,,
,2024-03,Hampshire Constabulary,Hampshire Constabulary,-1.792524,50.927564,On or near Parking Area,E01023022,New Forest 001D,Anti-social behaviour,,
f031a750867882d3b8e46d02c46202955c1affc788019c8bb3b9a93f062a4f67,2024-03,Hampshire Constabulary,Hampshire Constabulary,-1.792524,50.927564,On or near Parking Area,E01023022,New Forest 001D,Criminal damage and arson,Investigation complete; no suspect identified,
794c13c3c9f7022dce0a05f8962087b84d1476140d4fc2ca63f3421a3518f031,2024-03,Hampshire Constabulary,Hampshire Constabulary,-1.794749,50.926291,On or near Saddlers Close,E01023022,New Forest 001D,Criminal damage and arson,Unable to prosecute suspect,
7b24c06cce742f6bc07fa6a7c16e86131006b7d85b78c3548909c01a402f54b1,2024-03,Hampshire Constabulary,Hampshire Constabulary,-1.794667,50.925590,On or near Orchard Gardens,E01023022,New Forest 001D,Public order,Investigation complete; no suspect identified,
2fcf9e1de4c94b2f61c069068237e296a4ac7d901292d70e82a4d675d0f72a80,2024-03,Hampshire Constabulary,Hampshire Constabulary,-1.790995,50.928856,On or near The Bartons,E01023022,New Forest 001D,Public order,Unable to prosecute suspect,
04a1b8fda44035e5b983ade78f9b8c65fb3892c1ec804e31789d65567dfb47ae,2024-03,Hampshire Constabulary,Hampshire Constabulary,-1.794170,50.925256,On or near B3078,E01023022,New Forest 001D,Violence and sexual offences,Investigation complete; no suspect identified,
a053a8299dd89b935fdea4e03c38d17f57b6de781429690d8c65a35f5ed3fa9c,2024-03,Hampshire Constabulary,Hampshire Constabulary,-1.795605,50.925843,On or near West Street,E01023022,New Forest 001D,Violence and sexual offences,Unable to prosecute suspect,
5cd4be8246c83407dd7022c03018a6a0d91ae556e55f1caefd418a62b34a0d60,2024-03,Hampshire Constabulary,Hampshire Constabulary,-1.789307,50.927711,On or near Riverside Place,E01023022,New Forest 001D,Violence and sexual offences,Investigation complete; no suspect identified,
85b0f40f959e14046d1f1121d2023f6f9f8ffeaf5ed2f7a730b8889e5b2c6a77,2024-03,Hampshire Constabulary,Hampshire Constabulary,-1.792396,50.930792,On or near Picket Close,E01023023,New Forest 001E,Vehicle crime,Investigation complete; no suspect identified,
2c5a56c0c1f7676464bc6fa490872ab79dbd34d9d5f82da883bf3f57769bd6d5,2024-03,Hampshire Constabulary,Hampshire Constabulary,-1.787615,50.930631,On or near Bruyn Road,E01023023,New Forest 001E,Vehicle crime,Investigation complete; no suspect identified,
615e8669f1d156cefcd574dbcc708864073f46d386edb3c69304ab2233428475,2024-03,Hampshire Constabulary,Hampshire Constabulary,-1.789804,50.931246,On or near Alexandra Road,E01023023,New Forest 001E,Vehicle crime,Investigation complete; no suspect identified,
acff568de2115080a7399ac157c13cd4030c374f4f7be3967127dfde9d4ad840,2024-03,Hampshire Constabulary,Hampshire Constabulary,-1.792216,50.932788,On or near Whitsbury Road,E01023023,New Forest 001E,Vehicle crime,Investigation complete; no suspect identified,
,2024-03,Hampshire Constabulary,Hampshire Constabulary,-1.787532,50.936359,On or near Burgate Fields,E01023023,New Forest 001E,Anti-social behaviour,,
,2024-03,Hampshire Constabulary,Hampshire Constabulary,-1.787367,50.932042,On or near Lyster Road,E01023023,New Forest 001E,Anti-social behaviour,,
87d5b85447cef2b8c68235ff9db66195580d3bdfc59e8e9853c90bccb4059e4f,2024-03,Hampshire Constabulary,Hampshire Constabulary,-1.792984,50.929750,On or near Parsonage Close,E01023023,New Forest 001E,Criminal damage and arson,Investigation complete; no suspect identified,
7bd672bbe77b09d405944c6c9efc81b0e5327b787a2012c53d1c56e40ac3e5c0,2024-03,Hampshire Constabulary,Hampshire Constabulary,-1.783368,50.926010,On or near Stuckton Road,E01023023,New Forest 001E,Other theft,Investigation complete; no suspect identified,
38cbd92283b2a82fae810a788f01e8c5575eb9c9dd6c0c15b0fceda53c5252a8,2024-03,Hampshire Constabulary,Hampshire Constabulary,-1.783368,50.926010,On or near Stuckton Road,E01023023,New Forest 001E,Other theft,Investigation complete; no suspect identified,
82f077aa84551121013a65cb2d89137b7307cdca86a17ec211236d2a2250787e,2024-03,Hampshire Constabulary,Hampshire Constabulary,-1.790622,50.935996,On or near Penny'S Crescent,E01023023,New Forest 001E,Public order,Investigation complete; no suspect identified,
d81e87454c921c48c30e0a6820234a84ffba6ea53fbfd90e52497a27e9932d97,2024-03,Hampshire Constabulary,Hampshire Constabulary,-1.789346,50.935004,On or near Waverley Road,E01023023,New Forest 001E,Vehicle crime,Investigation complete; no suspect identified,
d3392943d2a66c870e1a701b55eda392bfb7560c49f6038ff698d3872b9f90c1,2024-03,Hampshire Constabulary,Hampshire Constabulary,-1.792984,50.929750,On or near Parsonage Close,E01023023,New Forest 001E,Vehicle crime,Investigation complete; no suspect identified,
6199d57ad06abd734d0d13c12d87b3b080040b5e98335080fa8644c01436991c,2024-03,Hampshire Constabulary,Hampshire Constabulary,-1.792396,50.930792,On or near Picket Close,E01023023,New Forest 001E,Vehicle crime,Investigation complete; no suspect identified,
d6ba59e85ab457ad573f2de5c89f664f9f66c693f145cbc4a89d9bd9eb267de9,2024-03,Hampshire Constabulary,Hampshire Constabulary,-1.786172,50.935007,On or near Langley Garden,E01023024,New Forest 001F,Violence and sexual offences,Unable to prosecute suspect,
456da137a6ad80b60b9507d605280a1b1fbabfbe266438f39870925d4c017b81,2024-03,Hampshire Constabulary,Hampshire Constabulary,-1.796305,50.931554,On or near Oaklands Close,E01023024,New Forest 001F,Violence and sexual offences,Local resolution,
c7b686076efac68419f1642aef6b2b9a204a64d7de318cc2eeb60fe298b4c487,2024-03,Hampshire Constabulary,Hampshire Constabulary,-1.796305,50.931554,On or near Oaklands Close,E01023024,New Forest 001F,Violence and sexual offences,Local resolution,
54bb67a6f2ad359a96cec4275eb2139513844e79eede2b46bf67be8d000217c7,2024-03,Hampshire Constabulary,Hampshire Constabulary,-1.798721,50.932251,On or near Allen Water Drive,E01023024,New Forest 001F,Violence and sexual offences,Investigation complete; no suspect identified,
,2024-03,Hampshire Constabulary,Hampshire Constabulary,-1.798403,50.939993,On or near Puddleslosh Lane,E01023024,New Forest 001F,Anti-social behaviour,,
,2024-03,Hampshire Constabulary,Hampshire Constabulary,-1.793288,50.935002,On or near Merton Close,E01023024,New Forest 001F,Anti-social behaviour,,
48b619852d4d86e8ee6b425d93ad4c696b7c5be871ffb3cb7457d2aff6437941,2024-03,Hampshire Constabulary,Hampshire Constabulary,-1.784252,50.940867,On or near Salisbury Road,E01023024,New Forest 001F,Criminal damage and arson,Investigation complete; no suspect identified,
8887276134d04dbf890296b19624ac46ff2191839604e2172ae9d1a34733e3ec,2024-03,Hampshire Constabulary,Hampshire Constabulary,-1.794200,50.937899,On or near Augustus Avenue,E01023024,New Forest 001F,Other theft,Investigation complete; no suspect identified,
9eab4df703b191eac72869f6344ce172e7c27b88f79fe9c46d4d313ac21ddcd6,2024-03,Hampshire Constabulary,Hampshire Constabulary,-1.797695,50.932780,On or near Pealsham Gardens,E01023024,New Forest 001F,Vehicle crime,Investigation complete; no suspect identified,
16a4c6858f6502cc331ea332e617e696381ee598b8f40850e598c179dd333d2a,2024-03,Hampshire Constabulary,Hampshire Constabulary,-1.797236,50.933633,On or near Avon Meade,E01023024,New Forest 001F,Vehicle crime,Investigation complete; no suspect identified,
4e7c9005e741f912922a07a63012a6f770b287a35b75468e565b972ab8ddcf91,2024-03,Hampshire Constabulary,Hampshire Constabulary,-1.795239,50.931382,On or near Meadow Court,E01023024,New Forest 001F,Violence and sexual offences,Unable to prosecute suspect,
c84459019564d28ff6f2ad8ba21eda58a7742935610c55073761d04f1c7b2d48,2024-03,Hampshire Constabulary,Hampshire Constabulary,-1.769801,50.915993,On or near Hyde Lane,E01023025,New Forest 001G,Public order,Unable to prosecute suspect,
,2024-03,Hampshire Constabulary,Hampshire Constabulary,-1.772195,50.906385,On or near Ringwood Road,E01023025,New Forest 001G,Anti-social behaviour,,
,2024-03,Hampshire Constabulary,Hampshire Constabulary,-1.761712,50.906508,On or near Parking Area,E01023025,New Forest 001G,Anti-social behaviour,,
c2e5aad6ec7af27702373f959cce8a078b35733c1ad7d5ec206f51aae57f9edb,2024-03,Hampshire Constabulary,Hampshire Constabulary,-1.759448,50.931925,On or near The Pines,E01023025,New Forest 001G,Public order,Investigation complete; no suspect identified,
4e0ee2ba20410e68554554c32b963a45e578c4be7a0b962ddb560e0102371a1e,2024-03,Hampshire Constabulary,Hampshire Constabulary,-1.775821,50.903533,On or near Lawrence Lane,E01023025,New Forest 001G,Vehicle crime,Investigation complete; no suspect identified,
369425a67f0e971437fa6fcc008824510abb353e707909b05f21f0743a35c996,2024-03,Hampshire Constabulary,Hampshire Constabulary,-1.773867,50.919337,On or near Stuckton Road,E01023025,New Forest 001G,Violence and sexual offences,Unable to prosecute suspect,
f54ee782edb95a60322015d06a5c717a4ad88cc1d0439289fa6a307e46a55e39,2024-03,Hampshire Constabulary,Hampshire Constabulary,-1.498925,50.925289,On or near A36,E01023076,New Forest 002A,Violence and sexual offences,Unable to prosecute suspect,
0ab6b3ab8ba852adf2ce81383858e65ea514b3d235102fc86eb32c3e780b1bec,2024-03,Hampshire Constabulary,Hampshire Constabulary,-1.504339,50.925139,On or near Sports/Recreation Area,E01023076,New Forest 002A,Violence and sexual offences,Further investigation is not in the public interest,
bd9aa9097e5cbc0e4fbb28bbbfe8717246a1cc7dca8e485f66b04134ee7b6a7b,2024-03,Hampshire Constabulary,Hampshire Constabulary,-1.504339,50.925139,On or near Sports/Recreation Area,E01023076,New Forest 002A,Violence and sexual offences,Further investigation is not in the public interest,
,2024-03,Hampshire Constabulary,Hampshire Constabulary,-1.500076,50.922785,On or near Hammonds Close,E01023076,New Forest 002A,Anti-social behaviour,,
116106372d618cbceddb2c44b573c2af32eeb7d7645b4b22e92b180afbc22343,2024-03,Hampshire Constabulary,Hampshire Constabulary,-1.511805,50.926270,On or near Seymour Close,E01023082,New Forest 002B,Criminal damage and arson,Unable to prosecute suspect,
fec38bc2ab0a613f9c6863d796b51367cecf4580d6fec8bd45c45d0449dd4a08,2024-03,Hampshire Constabulary,Hampshire Constabulary,-1.517786,50.928534,On or near Richmond Close,E01023082,New Forest 002B,Public order,Unable to prosecute suspect,
609d9472e1d65b9d59ea6ded1ded4023f5d9173ad4533d4982224b9c18390871,2024-03,Hampshire Constabulary,Hampshire Constabulary,-1.515377,50.928992,On or near Nutshalling Close,E01023082,New Forest 002B,Public order,Investigation complete; no suspect identified,
e8472f03fec142c547e630c90ee637c18e3921b24b09726260d0f0894a48482e,2024-03,Hampshire Constabulary,Hampshire Constabulary,-1.515377,50.928992,On or near Nutshalling Close,E01023082,New Forest 002B,Public order,Investigation complete; no suspect identified,
d55a13bad0925e3f7a6a4f302ddf545bafb50fb6784509074f463610d53656d8,2024-03,Hampshire Constabulary,Hampshire Constabulary,-1.515377,50.928992,On or near Nutshalling Close,E01023082,New Forest 002B,Shoplifting,Investigation complete; no suspect identified,
e627ba17187e91133c1ef07e7de5d4d49b7dc92c994333a055edd74081d7d718,2024-03,Hampshire Constabulary,Hampshire Constabulary,-1.517103,50.925797,On or near The Spinney,E01023082,New Forest 002B,Violence and sexual offences,Unable to prosecute suspect,
151c277cdf7c527e016a2f0c11d406d9d96306d02f884b7a07ab16014e309ac5,2024-03,Hampshire Constabulary,Hampshire Constabulary,-1.512194,50.925822,On or near Parking Area,E01023082,New Forest 002B,Burglary,Investigation complete; no suspect identified,
71af3beec6442fd923d2058f3cee837729a11b845e1d83188dbd642898046d4f,2024-03,Hampshire Constabulary,Hampshire Constabulary,-1.511805,50.926270,On or near Seymour Close,E01023082,New Forest 002B,Criminal damage and arson,Action to be taken by another organisation,
28705eb1091e90cce3f730deccacb827f40443afbf266c5ef6604e079fd9f88a,2024-03,Hampshire Constabulary,Hampshire Constabulary,-1.511805,50.926270,On or near Seymour Close,E01023082,New Forest 002B,Other theft,Unable to prosecute suspect,
1acecac55f2576f8e30c27c05f2d8eca273d2d40c48c928875934df8fcb773a6,2024-03,Hampshire Constabulary,Hampshire Constabulary,-1.516714,50.929051,On or near Calmore Drive,E01023082,New Forest 002B,Other theft,Unable to prosecute suspect,
c747bdd45b8547ad57b6b5318134b46118813abd93715f0c732090fc4a66fef0,2024-03,Hampshire Constabulary,Hampshire Constabulary,-1.515377,50.928992,On or near Nutshalling Close,E01023082,New Forest 002B,Shoplifting,Status update unavailable,
bad8d0bb25d39f79377742f61a015a7aad583139ff0c2a825a6c529cdc747953,2024-03,Hampshire Constabulary,Hampshire Constabulary,-1.510912,50.930079,On or near The Croft,E01023083,New Forest 002C,Drugs,Court result unavailable,
0b9ca966c4dbd6e5370a87f63f038d029697b8ddd832b54358e40631e5019363,2024-03,Hampshire Constabulary,Hampshire Constabulary,-1.508398,50.925527,On or near Haltons Close,E01023083,New Forest 002C,Public order,Local resolution,
e36a0417449e6f4b6a8cc2913ec054219d0417b81de78c80f01f647acd3e9320,2024-03,Hampshire Constabulary,Hampshire Constabulary,-1.508398,50.925527,On or near Haltons Close,E01023083,New Forest 002C,Violence and sexual offences,Local resolution,
db1d2a40255650dfe4680bd033dde5a044be2c39f53b90eee675b8ae2cd69ad4,2024-03,Hampshire Constabulary,Hampshire Constabulary,-1.508398,50.925527,On or near Haltons Close,E01023083,New Forest 002C,Violence and sexual offences,Unable to prosecute suspect,
7a9d22e24689914bb13d21049120bd89f56cf7a8fd4e5826a91ba151283cc3f9,2024-03,Hampshire Constabulary,Hampshire Constabulary,-1.508110,50.927262,On or near Shraveshill Close,E01023083,New Forest 002C,Burglary,Investigation complete; no suspect identified,
b58db741808c801a75e5a629b8b0cd74f8f425bd0746fee02ff352f1a6fc9af5,2024-03,Hampshire Constabulary,Hampshire Constabulary,-1.505965,50.926875,On or near Honeywood Close,E01023083,New Forest 002C,Vehicle crime,Investigation complete; no suspect identified,
a437a594e6fc28d9a540eb1676d5e0dce511675117529874a7b1b93d04ea3d0b,2024-03,Hampshire Constabulary,Hampshire Constabulary,-1.507244,50.927015,On or near Allerton Close,E01023083,New Forest 002C,Other crime,Further action is not in the public interest,
4d69067af4b25ab58876a47b745ae40ff0ad53954066d7c20e52536b93252a3c,2024-03,Hampshire Constabulary,Hampshire Constabulary,-1.511853,50.923078,On or near Chepstow Close,E01023088,New Forest 002D,Burglary,Unable to prosecute suspect,
7667d17f2c53e17784c89da3ce6cef00b4620a5075a1c2085ce913502f641987,2024-03,Hampshire Constabulary,Hampshire Constabulary,-1.507301,50.920289,On or near Boniface Close,E01023088,New Forest 002D,Violence and sexual offences,Unable to prosecute suspect,
d7ed435cc578a47235f46df1be09d57f1246c9d5dd045d94fc5953b87c977aac,2024-03,Hampshire Constabulary,Hampshire Constabulary,-1.503868,50.920688,On or near Montgomery Avenue,E01023088,New Forest 002D,Violence and sexual offences,Local resolution,
94f7974260ee19882f26671dc80ffed48803fde84440f2700794802e9df924d4,2024-03,Hampshire Constabulary,Hampshire Constabulary,-1.507055,50.918040,On or near Ashby Road,E01023088,New Forest 002D,Violence and sexual offences,Local resolution,
6720c77a910960f9c1ca4ddd2deacdfdc8ff5d5f1f585885633aea7c7c028faa,2024-03,Hampshire Constabulary,Hampshire Constabulary,-1.507055,50.918040,On or near Ashby Road,E01023088,New Forest 002D,Violence and sexual offences,Local resolution,
8bc327fc823519c04001b20a618a169762e8707767ef0b174bfcc69115fdf4e2,2024-03,Hampshire Constabulary,Hampshire Constabulary,-1.511019,50.922553,On or near Haydock Close,E01023088,New Forest 002D,Violence and sexual offences,Court result unavailable,
104093985ec79ece5110f4f407111962450918c1a8ea5917155b44adb1b852bb,2024-03,Hampshire Constabulary,Hampshire Constabulary,-1.511019,50.922553,On or near Haydock Close,E01023088,New Forest 002D,Violence and sexual offences,Court result unavailable,
0f545120c15e6b73a1d26d0859cd0f605f5d9a2ff21e251f38733782e107a374,2024-03,Hampshire Constabulary,Hampshire Constabulary,-1.508250,50.920819,On or near Further/Higher Educational Building,E01023088,New Forest 002D,Violence and sexual offences,Local resolution,
b7e8c049898e6bfdc3869c7df06945ed4cf49e00d404fdfb158a97506d35bdb4,2024-03,Hampshire Constabulary,Hampshire Constabulary,-1.507301,50.920289,On or near Boniface Close,E01023088,New Forest 002D,Violence and sexual offences,Unable to prosecute suspect,
c38109502020596dd6d2f58139fff8ae4b13e164f06811d2c73832382afcec23,2024-03,Hampshire Constabulary,Hampshire Constabulary,-1.507301,50.920289,On or near Boniface Close,E01023088,New Forest 002D,Violence and sexual offences,Unable to prosecute suspect,
aabf089ef2a73ee8aa75b540d74ba362522b0260ca497caad10c5a48c730a10a,2024-03,Hampshire Constabulary,Hampshire Constabulary,-1.507055,50.918040,On or near Ashby Road,E01023088,New Forest 002D,Burglary,Status update unavailable,
27f30901fc4628f4a205cd6fd086912ca627e38604a160e73f220738765d6c25,2024-03,Hampshire Constabulary,Hampshire Constabulary,-1.507055,50.918040,On or near Ashby Road,E01023088,New Forest 002D,Possession of weapons,Unable to prosecute suspect,
ae9c3416ed92e025d72ef3fc97963c1cb982b9fc27715ebba96ff26303c336c2,2024-03,Hampshire Constabulary,Hampshire Constabulary,-1.507055,50.918040,On or near Ashby Road,E01023088,New Forest 002D,Public order,Investigation complete; no suspect identified,
e5986e19eadeae48f2f5e43ea4453c4051defb801b339045ac13baa2332c6c57,2024-03,Hampshire Constabulary,Hampshire Constabulary,-1.503868,50.920688,On or near Montgomery Avenue,E01023088,New Forest 002D,Public order,Unable to prosecute suspect,
050e16c1b37c3c99fafd6139cd3dd9ab24f48900403307e76ffef46516aaf6ba,2024-03,Hampshire Constabulary,Hampshire Constabulary,-1.511458,50.922753,On or near Wetherby Gardens,E01023088,New Forest 002D,Violence and sexual offences,Investigation complete; no suspect identified,
684618535ba8c2ed3f097da52d3beb0e9fa384e1f9be7bbe21bd9eaa7cab74e3,2024-03,Hampshire Constabulary,Hampshire Constabulary,-1.507301,50.920289,On or near Boniface Close,E01023088,New Forest 002D,Violence and sexual offences,Unable to prosecute suspect,
fcbc411b0a662a71db1b0daeecbf7aedc02c6fa456f668cc462fe2bfb930093a,2024-03,Hampshire Constabulary,Hampshire Constabulary,-1.517518,50.914622,On or near Swallow Close,E01023073,New Forest 003A,Public order,Investigation complete; no suspect identified,
272d45f91d1ad51ed3a4a06f8310330f852267b5b79e55725ae2e642a05971cd,2024-03,Hampshire Constabulary,Hampshire Constabulary,-1.515433,50.914019,On or near Applewood Place,E01023073,New Forest 003A,Violence and sexual offences,Unable to prosecute suspect,
be2d0bb5969f70f2a301d10be2267571da1220143782d461f0ee3988732a5aa3,2024-03,Hampshire Constabulary,Hampshire Constabulary,-1.511485,50.914758,On or near Ethelred Gardens,E01023073,New Forest 003A,Violence and sexual offences,Unable to prosecute suspect,
979dc6e51d6b768c94fad3c44a00b484bacbbbdebc8516d7434e16e950f8e553,2024-03,Hampshire Constabulary,Hampshire Constabulary,-1.512330,50.915553,On or near Redwood Gardens,E01023073,New Forest 003A,Public order,Unable to prosecute suspect,
993a60ff1e5f00b2325b136261d59b72cd31ab5beaacf15f18cec063ccf7dcaf,2024-03,Hampshire Constabulary,Hampshire Constabulary,-1.511485,50.914758,On or near Ethelred Gardens,E01023073,New Forest 003A,Violence and sexual offences,Unable to prosecute suspect,
0c42c820db9e0683ac3b0107482a269b286766927a80ef1d02977c36ed1a4c6e,2024-03,Hampshire Constabulary,Hampshire Constabulary,-1.510645,50.912075,On or near Chillenden Court,E01023073,New Forest 003A,Violence and sexual offences,Investigation complete; no suspect identified,
90d2f3560b1c1b086510c06b254555ff04c46dc048f858d53141d09653bff9aa,2024-03,Hampshire Constabulary,Hampshire Constabulary,-1.508768,50.932282,On or near Longbridge Close,E01023080,New Forest 003B,Burglary,Investigation complete; no suspect identified,
f6546358595afdff52aff36246168c51c404300c01cc3020b89c47a76565b2d3,2024-03,Hampshire Constabulary,Hampshire Constabulary,-1.510288,50.934169,On or near Sports/Recreation Area,E01023080,New Forest 003B,Burglary,Investigation complete; no suspect identified,
80b7ec3e7e353b26990b629e6e874265221681afe87efbecd0756e33e0530395,2024-03,Hampshire Constabulary,Hampshire Constabulary,-1.518683,50.932620,On or near Pauletts Lane,E01023080,New Forest 003B,Criminal damage and arson,Unable to prosecute suspect,
b31631b439983240d76d417aa0cfad3d570e9afeb791652828b4fffd269f67f7,2024-03,Hampshire Constabulary,Hampshire Constabulary,-1.510361,50.931021,On or near Beechdale Close,E01023080,New Forest 003B,Violence and sexual offences,Unable to prosecute suspect,
207802ef0e18b00eaaf99747464c5fad8d8989c26824c079c72091e92103d44b,2024-03,Hampshire Constabulary,Hampshire Constabulary,-1.519275,50.931777,On or near Farm Close,E01023080,New Forest 003B,Violence and sexual offences,Unable to prosecute suspect,
986a10d0b216b9bcba3225f7ec77edc10bef0111016623faefc784683e5227d6,2024-03,Hampshire Constabulary,Hampshire Constabulary,-1.509190,50.931466,On or near Embley Close,E01023080,New Forest 003B,Violence and sexual offences,Unable to prosecute suspect,
,2024-03,Hampshire Constabulary,Hampshire Constabulary,-1.510361,50.931021,On or near Beechdale Close,E01023080,New Forest 003B,Anti-social behaviour,,
d19333bed4c656a7d83426c2066ffc1df029bae206b7e8b4fbd088ebe4ba10a0,2024-03,Hampshire Constabulary,Hampshire Constabulary,-1.503328,50.931369,On or near Nutsey Avenue,E01023080,New Forest 003B,Public order,Investigation complete; no suspect identified,
1c5f1c60197010ccd9323df0882aa782b34332c048280cf0f319df53978f3fb4,2024-03,Hampshire Constabulary,Hampshire Constabulary,-1.510186,50.932783,On or near Court Close,E01023080,New Forest 003B,Vehicle crime,Investigation complete; no suspect identified,
c461ebc49df483dbf5dc2fc63bee95bdae29283cb5710a7d4fe118c76edfd175,2024-03,Hampshire Constabulary,Hampshire Constabulary,-1.514034,50.930856,On or near Wildburn Close,E01023080,New Forest 003B,Violence and sexual offences,Unable to prosecute suspect,
b18d175e37c9b50cf619b86407bb10634101b9562fa33f8643957c5881ba6893,2024-03,Hampshire Constabulary,Hampshire Constabulary,-1.515784,50.924038,On or near Tudor Close,E01023081,New Forest 003C,Other theft,Unable to prosecute suspect,
24fc8fa298735c32ff994d3129f39162121f0559d3e16eaeb3c30f9d6a336a85,2024-03,Hampshire Constabulary,Hampshire Constabulary,-1.518704,50.927845,On or near Wood Lodge,E01023081,New Forest 003C,Violence and sexual offences,Unable to prosecute suspect,
a9b860b55c46b11c2d08a43dc3818b849c8ddf55296770190fd593237e9d6b8a,2024-03,Hampshire Constabulary,Hampshire Constabulary,-1.521520,50.929341,On or near Loperwood Lane,E01023081,New Forest 003C,Violence and sexual offences,Investigation complete; no suspect identified,
011852490e8658a8a8442a5594dd5368e5b734ab50603c8987864b21053f0ef5,2024-03,Hampshire Constabulary,Hampshire Constabulary,-1.521520,50.929341,On or near Loperwood Lane,E01023081,New Forest 003C,Violence and sexual offences,Unable to prosecute suspect,
aff66da7156d133ac92134e71bbee50c8c8ce17f30695750b66ad41ffe9c160b,2024-03,Hampshire Constabulary,Hampshire Constabulary,-1.515784,50.924038,On or near Tudor Close,E01023081,New Forest 003C,Violence and sexual offences,Unable to prosecute suspect,
8199bdfc86cefa307f3f1eb7655d351a5703c7614e959a545cb13aed0e228301,2024-03,Hampshire Constabulary,Hampshire Constabulary,-1.521691,50.925133,On or near California Close,E01023081,New Forest 003C,Violence and sexual offences,Unable to prosecute suspect,
78c734659e23463b067417ff204507acd70fecb84c3011865e0ad63325e35a77,2024-03,Hampshire Constabulary,Hampshire Constabulary,-1.518704,50.927845,On or near Wood Lodge,E01023081,New Forest 003C,Violence and sexual offences,Unable to prosecute suspect,
793806204dc5906cdd6aa3da02c2a01f3b933fb50ca0cf6a2e91e2b53381aa83,2024-03,Hampshire Constabulary,Hampshire Constabulary,-1.520378,50.922834,On or near Michigan Way,E01023081,New Forest 003C,Bicycle theft,Investigation complete; no suspect identified,
4e5562fe291bd994ae1a2e465d9b535a77a9410388a4a328752eff4842cc2c9e,2024-03,Hampshire Constabulary,Hampshire Constabulary,-1.518704,50.927845,On or near Wood Lodge,E01023081,New Forest 003C,Violence and sexual offences,Status update unavailable,
,2024-03,Hampshire Constabulary,Hampshire Constabulary,-1.509268,50.918625,On or near Calmore Gardens,E01023089,New Forest 003D,Anti-social behaviour,,
6b9d7725e8c7f45c95899287ca2fdca2bc3de7991bc51d941d79185fbecfaf9f,2024-03,Hampshire Constabulary,Hampshire Constabulary,-1.507548,50.918465,On or near Hayward Close,E01023089,New Forest 003D,Burglary,Investigation complete; no suspect identified,
eeaa3ef94bc7240d6b2db2732c3341e24df5620f5a7dcf02abe138e4f9a024ec,2024-03,Hampshire Constabulary,Hampshire Constabulary,-1.507548,50.918465,On or near Hayward Close,E01023089,New Forest 003D,Violence and sexual offences,Unable to prosecute suspect,
87ed0f66bb3172b6458bb11de64d95d21fd26ed7a77e759bc3071605a450d959,2024-03,Hampshire Constabulary,Hampshire Constabulary,-1.512281,50.917477,On or near Magpie Drive,E01023089,New Forest 003D,Violence and sexual offences,Unable to prosecute suspect,
7df0bedcf145df9f7d9936e2af41e022170d45340fa0f93e93481d235097cc62,2024-03,Hampshire Constabulary,Hampshire Constabulary,-1.522351,50.922654,On or near Supermarket,E01023090,New Forest 003E,Shoplifting,Court result unavailable,
597eaf63e0999add5e1ab06d078acd4e39d080142a6ce983740f8a1890e5c5ee,2024-03,Hampshire Constabulary,Hampshire Constabulary,-1.522351,50.922654,On or near Supermarket,E01023090,New Forest 003E,Shoplifting,Local resolution,
c26df5acde966235457489d6cf94abcfd615bbca92716b45e351a8dba2f3e84d,2024-03,Hampshire Constabulary,Hampshire Constabulary,-1.522351,50.922654,On or near Supermarket,E01023090,New Forest 003E,Shoplifting,Local resolution,
adc50204001c411fe4b72b5eaa974435a3397cf731406e76393ee459166002c8,2024-03,Hampshire Constabulary,Hampshire Constabulary,-1.522351,50.922654,On or near Supermarket,E01023090,New Forest 003E,Shoplifting,Local resolution,
f856dc079fdbcea804ff92336a5ce567afc79a8abe76c11e087084893b14c0e1,2024-03,Hampshire Constabulary,Hampshire Constabulary,-1.522351,50.922654,On or near Supermarket,E01023090,New Forest 003E,Shoplifting,Court result unavailable,
985a0b2138bcd83bc25f71bde5607ab7791836031fe0b5e90d619dac901d4e83,2024-03,Hampshire Constabulary,Hampshire Constabulary,-1.522351,50.922654,On or near Supermarket,E01023090,New Forest 003E,Shoplifting,Court result unavailable,
391834d16cbf71e4fa39fbc701492aa558547e96afb67e18f262b857c9b6c6d2,2024-03,Hampshire Constabulary,Hampshire Constabulary,-1.522262,50.915262,On or near Ringwood Road,E01023090,New Forest 003E,Violence and sexual offences,Unable to prosecute suspect,
a3d9d0f3fb2168ceff2cf8b5f1c4430040f9ae90777d5a2a814a64e78a00f562,2024-03,Hampshire Constabulary,Hampshire Constabulary,-1.522351,50.922654,On or near Supermarket,E01023090,New Forest 003E,Bicycle theft,Investigation complete; no suspect identified,
5f6e7277ef945bffca388769116f1014e5db75ab3f552ea76855ebbb2e2c9577,2024-03,Hampshire Constabulary,Hampshire Constabulary,-1.518854,50.920202,On or near Dales Way,E01023090,New Forest 003E,Bicycle theft,Investigation complete; no suspect identified,
0a958889fdb3ee6abea24166b4b8d2ee285d7fa4779972ce2396e878168e8f08,2024-03,Hampshire Constabulary,Hampshire Constabulary,-1.522351,50.922654,On or near Supermarket,E01023090,New Forest 003E,Other theft,Investigation complete; no suspect identified,
92962780f0bf33fca0bb84322e82dbac864fb1c264c62c9c0ba5d09ac12a92f9,2024-03,Hampshire Constabulary,Hampshire Constabulary,-1.522351,50.922654,On or near Supermarket,E01023090,New Forest 003E,Other theft,Investigation complete; no suspect identified,
2c30fa3850bbe97a967dfb65364db2d69f0559fcc524e54b5d5eb8fe516cd23e,2024-03,Hampshire Constabulary,Hampshire Constabulary,-1.522351,50.922654,On or near Supermarket,E01023090,New Forest 003E,Other theft,Investigation complete; no suspect identified,
09beaa8e500f3576958978d7baa603d15e64d1e86ea90d64a3fccf8c91861b85,2024-03,Hampshire Constabulary,Hampshire Constabulary,-1.522351,50.922654,On or near Supermarket,E01023090,New Forest 003E,Other theft,Investigation complete; no suspect identified,
29021ce9c6699596989ef47a58dce89b2282c5ac7447490925a7113b99d1bec3,2024-03,Hampshire Constabulary,Hampshire Constabulary,-1.522351,50.922654,On or near Supermarket,E01023090,New Forest 003E,Other theft,Investigation complete; no suspect identified,
109b6be637283fe331d3f78a77edcc7c269a422ade4f5c989630885bb98508e0,2024-03,Hampshire Constabulary,Hampshire Constabulary,-1.524035,50.922723,On or near Spruce Drive,E01023090,New Forest 003E,Other theft,Further investigation is not in the public interest,
4a02a19c8c1255f66f2c05d53c203b65808a7b14399f747af9e70e4276515c73,2024-03,Hampshire Constabulary,Hampshire Constabulary,-1.522351,50.922654,On or near Supermarket,E01023090,New Forest 003E,Other theft,Investigation complete; no suspect identified,
f1abb779dcf042f3599584043d42566e4a34218a4ac01add640755189098fe6f,2024-03,Hampshire Constabulary,Hampshire Constabulary,-1.522351,50.922654,On or near Supermarket,E01023090,New Forest 003E,Other theft,Investigation complete; no suspect identified,
cab82a067ecfe9527f33c1e863937d093f8023f1f8ca356d3110082273165a22,2024-03,Hampshire Constabulary,Hampshire Constabulary,-1.522351,50.922654,On or near Supermarket,E01023090,New Forest 003E,Other theft,Investigation complete; no suspect identified,
9f2cb619dafb900eb6b65411c9cff38a2bf93ddd42bd928d6b4612b2dc73993f,2024-03,Hampshire Constabulary,Hampshire Constabulary,-1.522351,50.922654,On or near Supermarket,E01023090,New Forest 003E,Other theft,Investigation complete; no suspect identified,
820d614294a2fb4deeac07040f580224487ec919881f5e7b7a07f3a8ce5102e6,2024-03,Hampshire Constabulary,Hampshire Constabulary,-1.522351,50.922654,On or near Supermarket,E01023090,New Forest 003E,Public order,Unable to prosecute suspect,
de6edee379bd40e6953e43d489180b99d42b32bc6d02b644be4f9d07c7b6fbff,2024-03,Hampshire Constabulary,Hampshire Constabulary,-1.516517,50.916416,On or near Cypress Gardens,E01023090,New Forest 003E,Violence and sexual offences,Status update unavailable,
12fd9c5b7e4393439ebd46a85ddaed71361bc855c92cdddc3c4fa26c7974faee,2024-03,Hampshire Constabulary,Hampshire Constabulary,-1.521306,50.915518,On or near Pickwick Close,E01023090,New Forest 003E,Violence and sexual offences,Unable to prosecute suspect,
393a8b707c989e504f3f545e115cccd3544782d60ffadf4844bc4a952677c8ef,2024-03,Hampshire Constabulary,Hampshire Constabulary,-1.522351,50.922654,On or near Supermarket,E01023090,New Forest 003E,Violence and sexual offences,Unable to prosecute suspect,
e9892da792f89a5d6fafb750f967dcddbe6bc5ffd16bab2294509ff55bb08bf3,2024-03,Hampshire Constabulary,Hampshire Constabulary,-1.494673,50.921125,On or near Oaklands Mead,E01023074,New Forest 004A,Criminal damage and arson,Investigation complete; no suspect identified,
ebe264b81f8683363b38d16f331c451b6b57f03cce0739b528c7340b2aa1c487,2024-03,Hampshire Constabulary,Hampshire Constabulary,-1.493569,50.918018,On or near Haselbury Road,E01023074,New Forest 004A,Drugs,Investigation complete; no suspect identified,
e2176129916eb8920671f9c484b4d908918a12a93ce232405e00dce0155fa1d4,2024-03,Hampshire Constabulary,Hampshire Constabulary,-1.495723,50.921373,On or near Mayfield Avenue,E01023074,New Forest 004A,Violence and sexual offences,Offender given a caution,
fd596dd662a3d2d45dec49842674d3497b16093a9b807b4349639a31115a6efb,2024-03,Hampshire Constabulary,Hampshire Constabulary,-1.491246,50.918413,On or near Popes Lane,E01023074,New Forest 004A,Violence and sexual offences,Unable to prosecute suspect,
2ab24585dc8d6678f2368980ef7a3b2ac4d5defd0a46b59877fb13c37e4e7acb,2024-03,Hampshire Constabulary,Hampshire Constabulary,-1.493569,50.918018,On or near Haselbury Road,E01023074,New Forest 004A,Burglary,Investigation complete; no suspect identified,
143164ce7363ebbd2a532a2acd85b353ebf3a9998bfc1b7119959caabbd251c6,2024-03,Hampshire Constabulary,Hampshire Constabulary,-1.492586,50.919453,On or near Parking Area,E01023074,New Forest 004A,Criminal damage and arson,Investigation complete; no suspect identified,
9c1fb22e879b68d1da3ecbb8f7c09c19dea3f2b441f27ea437630d56005bfdf8,2024-03,Hampshire Constabulary,Hampshire Constabulary,-1.495723,50.921373,On or near Mayfield Avenue,E01023074,New Forest 004A,Violence and sexual offences,Status update unavailable,
3a16e0cdd806ddd9585d8923ed085f9feefb6f6a1c4a518a1ab83cf3c03f7814,2024-03,Hampshire Constabulary,Hampshire Constabulary,-1.494673,50.921125,On or near Oaklands Mead,E01023074,New Forest 004A,Violence and sexual offences,Action to be taken by another organisation,
ba7f245f5f348b5261f017f14888303340281bf678a74a9ecb3dbdf2cbb375d3,2024-03,Hampshire Constabulary,Hampshire Constabulary,-1.489956,50.919243,On or near South Parade,E01023077,New Forest 004B,Bicycle theft,Investigation complete; no suspect identified,
b971435bc01a929fe7494e41c60e766c1a4e7e5d6fcde407e6be2f0ff0511b62,2024-03,Hampshire Constabulary,Hampshire Constabulary,-1.485584,50.915798,On or near B3076,E01023077,New Forest 004B,Drugs,Local resolution,
747b9234429cc6e5b1814ae632b0e414bbb5f9712dff6f64fc57fd70e262c5b9,2024-03,Hampshire Constabulary,Hampshire Constabulary,-1.487862,50.919522,On or near Parking Area,E01023077,New Forest 004B,Drugs,Local resolution,
a38450ac4767318daa69108dc8c50fdf06295d4998a07913d38c5046535aa649,2024-03,Hampshire Constabulary,Hampshire Constabulary,-1.491237,50.917615,On or near Petrol Station,E01023077,New Forest 004B,Other theft,Investigation complete; no suspect identified,
661a0f16c3d45a4b1335b7ccc1ced4e0b27841dfd6b0e1e051048eb176474346,2024-03,Hampshire Constabulary,Hampshire Constabulary,-1.482343,50.918149,On or near Station Road North,E01023077,New Forest 004B,Public order,Local resolution,
b45a42b1fc131e5cda56abc84ecab023e295620aee9ce56fe33c28083ecadeea,2024-03,Hampshire Constabulary,Hampshire Constabulary,-1.489281,50.917226,On or near Maynard Road,E01023077,New Forest 004B,Shoplifting,Local resolution,
c581d96b573775bf5cb95830b84cacb6d0a8aa09c1f4bfc8969e9253ffaed876,2024-03,Hampshire Constabulary,Hampshire Constabulary,-1.489281,50.917226,On or near Maynard Road,E01023077,New Forest 004B,Shoplifting,Court result unavailable,
c81ace1c46202b7306dd1799f8b0076996a1e04926d64944cc2cf6798484c4c7,2024-03,Hampshire Constabulary,Hampshire Constabulary,-1.487528,50.914961,On or near Rumbridge Street,E01023077,New Forest 004B,Shoplifting,Court result unavailable,
111a50671d7d3e1baa5ee6d336d0a9af9fdacd0ac5b8a5566c98204e57de2d86,2024-03,Hampshire Constabulary,Hampshire Constabulary,-1.485937,50.915361,On or near Supermarket,E01023077,New Forest 004B,Shoplifting,Investigation complete; no suspect identified,
ff8af9762e6558c8c078f57acff4c372971c0d969c1257f12fe96974c2a33617,2024-03,Hampshire Constabulary,Hampshire Constabulary,-1.485937,50.915361,On or near Supermarket,E01023077,New Forest 004B,Shoplifting,Investigation complete; no suspect identified,
36cc71bac71de5be35cb13e6bd68e43f14430f59ebe91d84b37467bd3cdbb1c9,2024-03,Hampshire Constabulary,Hampshire Constabulary,-1.485937,50.915361,On or near Supermarket,E01023077,New Forest 004B,Shoplifting,Investigation complete; no suspect identified,
5e01f9f4bd2dc88b3f41f2de58e1738f72a919959916ba70d679fb10e484c4a6,2024-03,Hampshire Constabulary,Hampshire Constabulary,-1.487862,50.919522,On or near Parking Area,E01023077,New Forest 004B,Shoplifting,Investigation complete; no suspect identified,
15adaee4f4d52e7967364916b20f40f1894d449d0fd88df429cd34c7d2cd6bd7,2024-03,Hampshire Constabulary,Hampshire Constabulary,-1.487862,50.919522,On or near Parking Area,E01023077,New Forest 004B,Shoplifting,Investigation complete; no suspect identified,
f182ec4912813055d6457c675ad34c8f1614780b37342fbe4d12878390cfa1f9,2024-03,Hampshire Constabulary,Hampshire Constabulary,-1.486582,50.919525,On or near Beaumont Road,E01023077,New Forest 004B,Vehicle crime,Unable to prosecute suspect,
cbdc6d3ca1e1998be6acb63956d61ffe3c860807a266c778c8a3edfc90629570,2024-03,Hampshire Constabulary,Hampshire Constabulary,-1.490226,50.914092,On or near Parking Area,E01023077,New Forest 004B,Violence and sexual offences,Unable to prosecute suspect,
7d87137028653961011ed7ffdeb375b236c2a7d00f9e1ea484dfb1292e6b54dc,2024-03,Hampshire Constabulary,Hampshire Constabulary,-1.490226,50.914092,On or near Parking Area,E01023077,New Forest 004B,Violence and sexual offences,Unable to prosecute suspect,
ea1de88f5ab208bac472c7557a0e2a2488740fc82a7430e72f877ea4a6440732,2024-03,Hampshire Constabulary,Hampshire Constabulary,-1.490226,50.914092,On or near Parking Area,E01023077,New Forest 004B,Violence and sexual offences,Unable to prosecute suspect,
c5b8ab0ed6fe1be2b812abe24baefe280932ed3e42f0a6437c2b52f3786c56f9,2024-03,Hampshire Constabulary,Hampshire Constabulary,-1.485324,50.914916,On or near Totton By-Pass,E01023077,New Forest 004B,Violence and sexual offences,Unable to prosecute suspect,
18f07c9eee0b11b7a81b29826adb8392ea4bd43f2d99267ea6253e77ed794ec8,2024-03,Hampshire Constabulary,Hampshire Constabulary,-1.486247,50.916314,On or near Osborne Road,E01023077,New Forest 004B,Violence and sexual offences,Unable to prosecute suspect,
046a6a0592902728e19f26a4917416dcb7d171400741537e764ccd8015b5fc31,2024-03,Hampshire Constabulary,Hampshire Constabulary,-1.483303,50.916229,On or near Parking Area,E01023077,New Forest 004B,Violence and sexual offences,Action to be taken by another organisation,
1392c808b13af3481f77d6add0f42a0b17b073c8212304791530a251d60fdbda,2024-03,Hampshire Constabulary,Hampshire Constabulary,-1.486450,50.917304,On or near Junction Road,E01023077,New Forest 004B,Violence and sexual offences,Unable to prosecute suspect,
b021cbb044be53815b4da59430bfd443bf1c57cb07c1854e11f68fc6c65a40bd,2024-03,Hampshire Constabulary,Hampshire Constabulary,-1.486450,50.917304,On or near Junction Road,E01023077,New Forest 004B,Violence and sexual offences,Court result unavailable,
deae84dc336ffd75b9ecd3e44b5a9e74a8cd970e9d9bcff686f502982d362fd0,2024-03,Hampshire Constabulary,Hampshire Constabulary,-1.482343,50.918149,On or near Station Road North,E01023077,New Forest 004B,Violence and sexual offences,Unable to prosecute suspect,
a5a34c93b8acd3574281bdf820aac706ed127aad71e63eb0803fbe6269132c60,2024-03,Hampshire Constabulary,Hampshire Constabulary,-1.482343,50.918149,On or near Station Road North,E01023077,New Forest 004B,Violence and sexual offences,Unable to prosecute suspect,
519ef32671a8037ee4e478e132c876b329aebfa96bc74fa5bd07bbba81dbe1eb,2024-03,Hampshire Constabulary,Hampshire Constabulary,-1.482343,50.918149,On or near Station Road North,E01023077,New Forest 004B,Violence and sexual offences,Unable to prosecute suspect,
c795219d76a1ca19ea98c84f41edb63bbc276f708b6bf06c044445ccff01f440,2024-03,Hampshire Constabulary,Hampshire Constabulary,-1.482343,50.918149,On or near Station Road North,E01023077,New Forest 004B,Violence and sexual offences,Unable to prosecute suspect,
8418e87be263bd9e7498f43517856c3204a3bc7628b5f221a378672e32aab249,2024-03,Hampshire Constabulary,Hampshire Constabulary,-1.482343,50.918149,On or near Station Road North,E01023077,New Forest 004B,Violence and sexual offences,Local resolution,
5b1aec3d38b4fbc8d80dcaac9be9f097d3808db2b34600f0f47ba0e94b1feb3c,2024-03,Hampshire Constabulary,Hampshire Constabulary,-1.486608,50.922277,On or near The Mallards,E01023077,New Forest 004B,Violence and sexual offences,Unable to prosecute suspect,
15c3491871a0526679a5861b18a4cc899e047759a029a7c6ea3d0ec33c02f3be,2024-03,Hampshire Constabulary,Hampshire Constabulary,-1.486608,50.922277,On or near The Mallards,E01023077,New Forest 004B,Violence and sexual offences,Unable to prosecute suspect,
eb951c7615f3a10e7d0cb0ab3ebdd0fe00862f2bf3c75ac065c1e02c565a51a2,2024-03,Hampshire Constabulary,Hampshire Constabulary,-1.485584,50.915798,On or near B3076,E01023077,New Forest 004B,Violence and sexual offences,Local resolution,
92ee448255384124a8e8eafb5ccae614783e14ac991929e4204f332b6b2071b3,2024-03,Hampshire Constabulary,Hampshire Constabulary,-1.485937,50.915361,On or near Supermarket,E01023077,New Forest 004B,Violence and sexual offences,Investigation complete; no suspect identified,
26ed63cc3535e225de58c617385ddcb1413645a578c9792fb4f9e38c75c301fe,2024-03,Hampshire Constabulary,Hampshire Constabulary,-1.485584,50.915798,On or near B3076,E01023077,New Forest 004B,Violence and sexual offences,Unable to prosecute suspect,
1fbaeac5b4ff866fdb6994b8af0c7d12ef15331296040baf7ab998519197aff4,2024-03,Hampshire Constabulary,Hampshire Constabulary,-1.487862,50.919522,On or near Parking Area,E01023077,New Forest 004B,Violence and sexual offences,Awaiting court outcome,
6fc792b18d02f7cc0fd5ae8c35ef888c96da06f6241c1de482afbe0d693866a8,2024-03,Hampshire Constabulary,Hampshire Constabulary,-1.487862,50.919522,On or near Parking Area,E01023077,New Forest 004B,Violence and sexual offences,Unable to prosecute suspect,
,2024-03,Hampshire Constabulary,Hampshire Constabulary,-1.489281,50.917226,On or near Maynard Road,E01023077,New Forest 004B,Anti-social behaviour,,
,2024-03,Hampshire Constabulary,Hampshire Constabulary,-1.484887,50.918403,On or near Commercial Road,E01023077,New Forest 004B,Anti-social behaviour,,
d021d12645d38d6d137de0fa1b3c6554690d50f775b1ba01c7e1594d26636b8b,2024-03,Hampshire Constabulary,Hampshire Constabulary,-1.489956,50.919243,On or near South Parade,E01023077,New Forest 004B,Criminal damage and arson,Investigation complete; no suspect identified,
a36cad5756f68cca660079e7f53dd2d7de8b6275fcabe6c631f1be772f2951c5,2024-03,Hampshire Constabulary,Hampshire Constabulary,-1.489956,50.919243,On or near South Parade,E01023077,New Forest 004B,Drugs,Status update unavailable,
f6ee4b34329e067642628c75a3fa32029e814ce1fc712489175f074ab42880d7,2024-03,Hampshire Constabulary,Hampshire Constabulary,-1.491237,50.917615,On or near Petrol Station,E01023077,New Forest 004B,Other theft,Investigation complete; no suspect identified,
7bda3671869e4e64ac79b309dbbe75c2573e86fa5bd3774377816fa2e71ed7ff,2024-03,Hampshire Constabulary,Hampshire Constabulary,-1.491237,50.917615,On or near Petrol Station,E01023077,New Forest 004B,Other theft,Investigation complete; no suspect identified,
47ebcc88a04b1416b7cbaa130003264a485ce145e11cd3b9963aeead5d3533f2,2024-03,Hampshire Constabulary,Hampshire Constabulary,-1.491237,50.917615,On or near Petrol Station,E01023077,New Forest 004B,Other theft,Investigation complete; no suspect identified,
1488b05d67971ebbe7d3040b15b749c7cfb49f8256ffe486f05fbcde2d708359,2024-03,Hampshire Constabulary,Hampshire Constabulary,-1.491237,50.917615,On or near Petrol Station,E01023077,New Forest 004B,Other theft,Investigation complete; no suspect identified,
24df61929012069974d3388cc03cecc8479bfec4228efc14b37cf76086ffa87b,2024-03,Hampshire Constabulary,Hampshire Constabulary,-1.491237,50.917615,On or near Petrol Station,E01023077,New Forest 004B,Other theft,Investigation complete; no suspect identified,
02085f090fb993d5a7cab115972532b686b7d929bbaf80433944c2c4258e9ec1,2024-03,Hampshire Constabulary,Hampshire Constabulary,-1.491237,50.917615,On or near Petrol Station,E01023077,New Forest 004B,Other theft,Investigation complete; no suspect identified,
ac5a4bf99a2264d8c0105f594d16948526795da59767a873b60e77dba62028db,2024-03,Hampshire Constabulary,Hampshire Constabulary,-1.491237,50.917615,On or near Petrol Station,E01023077,New Forest 004B,Other theft,Investigation complete; no suspect identified,
b2e68a9f322097ced94c6a012e82bfe9db1b65ac8b1f4722ca4a45a9d446dd30,2024-03,Hampshire Constabulary,Hampshire Constabulary,-1.491237,50.917615,On or near Petrol Station,E01023077,New Forest 004B,Other theft,Investigation complete; no suspect identified,
30ae7ee658f92ead0e15e849fc6b3ac7c7e2cd6949caeef87f4194d7c2cf95b9,2024-03,Hampshire Constabulary,Hampshire Constabulary,-1.491237,50.917615,On or near Petrol Station,E01023077,New Forest 004B,Other theft,Investigation complete; no suspect identified,
a689820a969518c25c4e179ac5f046e3fdb4ba2d00102a84486cb9c3b1205b17,2024-03,Hampshire Constabulary,Hampshire Constabulary,-1.487862,50.919522,On or near Parking Area,E01023077,New Forest 004B,Shoplifting,Investigation complete; no suspect identified,
d738909c515c8168d53f8c62a2653c00b059229ead8ab1721881398217023bce,2024-03,Hampshire Constabulary,Hampshire Constabulary,-1.485937,50.915361,On or near Supermarket,E01023077,New Forest 004B,Shoplifting,Investigation complete; no suspect identified,
cd48706f3477a858eccfc70c2aede0f236623b9da017c1babab604751009e5c7,2024-03,Hampshire Constabulary,Hampshire Constabulary,-1.491237,50.917615,On or near Petrol Station,E01023077,New Forest 004B,Shoplifting,Investigation complete; no suspect identified,
39119b5a5ab921b3988138d449b62e90f352cb474e92228bf995fd9f072ebd03,2024-03,Hampshire Constabulary,Hampshire Constabulary,-1.482343,50.918149,On or near Station Road North,E01023077,New Forest 004B,Violence and sexual offences,Investigation complete; no suspect identified,
647b174745d8496df915c27fbca817483ba3cc65aa1f6e944c9e942db368885f,2024-03,Hampshire Constabulary,Hampshire Constabulary,-1.489281,50.917226,On or near Maynard Road,E01023077,New Forest 004B,Violence and sexual offences,Unable to prosecute suspect,
744e17adabae1e263907404cbab0ef892e0ff3db16103db969ff7ed31ca5a405,2024-03,Hampshire Constabulary,Hampshire Constabulary,-1.482343,50.918149,On or near Station Road North,E01023077,New Forest 004B,Violence and sexual offences,Status update unavailable,
58306a3d352e84ad58bcd69128b7f91b03d75d3afb9760e2d69ae182b6b80b3d,2024-03,Hampshire Constabulary,Hampshire Constabulary,-1.485584,50.915798,On or near B3076,E01023077,New Forest 004B,Violence and sexual offences,Unable to prosecute suspect,
45e92879fce4d37eebddd9f6108db590f66b0c6a36327be452f91cca33fe547a,2024-03,Hampshire Constabulary,Hampshire Constabulary,-1.485584,50.915798,On or near B3076,E01023077,New Forest 004B,Violence and sexual offences,Investigation complete; no suspect identified,
1b4841d2e8bbb6c1e4340002ce36e9d029c00e9c40acbb52911b2edfba6bc392,2024-03,Hampshire Constabulary,Hampshire Constabulary,-1.485937,50.915361,On or near Supermarket,E01023077,New Forest 004B,Violence and sexual offences,Investigation complete; no suspect identified,
2719ed6a1c2eb8a25d844ee164f2ec8053b07dfa01b85948aa9584248df6a803,2024-03,Hampshire Constabulary,Hampshire Constabulary,-1.483303,50.916229,On or near Parking Area,E01023077,New Forest 004B,Violence and sexual offences,Unable to prosecute suspect,
f8f2e308dac22be97f5e72b9f33baf8d58e86b05087a661ce07157847693476b,2024-03,Hampshire Constabulary,Hampshire Constabulary,-1.489281,50.917226,On or near Maynard Road,E01023077,New Forest 004B,Violence and sexual offences,Unable to prosecute suspect,
bcaeb0d0b22b20877aeb6eafb09fe58a843e923487642a5c276bc38bacc264cf,2024-03,Hampshire Constabulary,Hampshire Constabulary,-1.489956,50.919243,On or near South Parade,E01023077,New Forest 004B,Violence and sexual offences,Unable to prosecute suspect,
9744fa605be4eaf4800e11cb6c9c07f71671e9a2acf37ebf88e74e7043ec2469,2024-03,Hampshire Constabulary,Hampshire Constabulary,-1.489198,50.922226,On or near Stannington Way,E01023078,New Forest 004C,Public order,Unable to prosecute suspect,
5f01230592da1c7259fc210ed4a70b0b9064b21cc8d9b21cd27255fcfb2d9902,2024-03,Hampshire Constabulary,Hampshire Constabulary,-1.487777,50.923406,On or near York Close,E01023078,New Forest 004C,Violence and sexual offences,Unable to prosecute suspect,
c23559a4a06fc5f13b83eea473d6026025fe9ab6312ccc230665307194250bb1,2024-03,Hampshire Constabulary,Hampshire Constabulary,-1.496237,50.925215,On or near Greenfields Close,E01023078,New Forest 004C,Violence and sexual offences,Unable to prosecute suspect,
1cab63f7f207482541e8006723fcb1d2a40fc83f9c79878d6908e96bf4b2481f,2024-03,Hampshire Constabulary,Hampshire Constabulary,-1.487441,50.922856,On or near Arundel Road,E01023078,New Forest 004C,Violence and sexual offences,Investigation complete; no suspect identified,
9687f4450301837f5eca6d87414795aa0c7031c9596625a113562840796e2256,2024-03,Hampshire Constabulary,Hampshire Constabulary,-1.496237,50.925215,On or near Greenfields Close,E01023078,New Forest 004C,Violence and sexual offences,Unable to prosecute suspect,
1819fa7b3335ddfee15209b2d8e2cfcf9f28e8ee40a3c0371bba6194b80b04a3,2024-03,Hampshire Constabulary,Hampshire Constabulary,-1.498038,50.927039,On or near Hamtun Gardens,E01023079,New Forest 004D,Criminal damage and arson,Investigation complete; no suspect identified,
2946fdcb22a5b1e55fa67d169324b7525cd1f69fd31be5e2a467769edfddd4c8,2024-03,Hampshire Constabulary,Hampshire Constabulary,-1.498038,50.927039,On or near Hamtun Gardens,E01023079,New Forest 004D,Violence and sexual offences,Court result unavailable,
c46e0f73fa1cd148249cdca294115444e6c4f6f65aef9c52d8915a9a6cce00c3,2024-03,Hampshire Constabulary,Hampshire Constabulary,-1.502840,50.927716,On or near Sutton Road,E01023079,New Forest 004D,Violence and sexual offences,Unable to prosecute suspect,
61a0e0d018501dc9caf09730f8adefb494d0731509056986be03369699aff8de,2024-03,Hampshire Constabulary,Hampshire Constabulary,-1.497232,50.927881,On or near Hawkers Close,E01023079,New Forest 004D,Violence and sexual offences,Unable to prosecute suspect,
0fb8813b8310dc6ae94ece9220cc093e52a1aaa62a99a3a962574787296f67d1,2024-03,Hampshire Constabulary,Hampshire Constabulary,-1.497232,50.927881,On or near Hawkers Close,E01023079,New Forest 004D,Violence and sexual offences,Unable to prosecute suspect,
c1dd4530d000c186d82963f0202d39150fb22231e67bf97d2e3e5f0103d6134e,2024-03,Hampshire Constabulary,Hampshire Constabulary,-1.506655,50.928910,On or near Tennyson Road,E01023079,New Forest 004D,Violence and sexual offences,Unable to prosecute suspect,
fd76a577d0b98949837896019cfdd10d5732ebe0b6e96ddabb3bfb8349b4d7c8,2024-03,Hampshire Constabulary,Hampshire Constabulary,-1.502466,50.929477,On or near Ivy Close,E01023079,New Forest 004D,Violence and sexual offences,Unable to prosecute suspect,
9c47ddae89a1f78a5cc87d942319b32a03029344732a6306dc1e6c3cb89155e0,2024-03,Hampshire Constabulary,Hampshire Constabulary,-1.501169,50.928329,On or near Testwood Avenue,E01023079,New Forest 004D,Violence and sexual offences,Unable to prosecute suspect,
8b822622a84f54d336cb27b9e22c405c3a3911f0b0264ea9e474bca2bca57333,2024-03,Hampshire Constabulary,Hampshire Constabulary,-1.497232,50.927881,On or near Hawkers Close,E01023079,New Forest 004D,Other theft,Investigation complete; no suspect identified,
6ea2d98c3ff167d94e1c81b036f52183d51103d655fe99c6ead4d3f8319d7792,2024-03,Hampshire Constabulary,Hampshire Constabulary,-1.506655,50.928910,On or near Tennyson Road,E01023079,New Forest 004D,Violence and sexual offences,Investigation complete; no suspect identified,
1d77cb695c2bbc9dfd7e2b7e037b2b9b44174f413dcf1aff1864ce2509091e68,2024-03,Hampshire Constabulary,Hampshire Constabulary,-1.506655,50.928910,On or near Tennyson Road,E01023079,New Forest 004D,Violence and sexual offences,Unable to prosecute suspect,
8e7316d6ca71704ac91b59ddb11b414ddbe61fe7f7a86359b77883bdf9777e25,2024-03,Hampshire Constabulary,Hampshire Constabulary,-1.506655,50.928910,On or near Tennyson Road,E01023079,New Forest 004D,Other crime,Unable to prosecute suspect,
0c9e6e44f725a0ab9526fcf212726624399b0349c31a142bddbb4e0bf1a1692d,2024-03,Hampshire Constabulary,Hampshire Constabulary,-1.483679,50.911824,On or near Lexby Road,E01023085,New Forest 004E,Drugs,Local resolution,
f0f7537b6b50d5f2529b2fd26a7cc4b519c935eb6643e232da25bca87c943f93,2024-03,Hampshire Constabulary,Hampshire Constabulary,-1.489638,50.909314,On or near Parkside,E01023085,New Forest 004E,Violence and sexual offences,Unable to prosecute suspect,
f1b22ce650d73c62b8305dc7fb1d10975546befb84241b0b5c3048a0d37a265b,2024-03,Hampshire Constabulary,Hampshire Constabulary,-1.489638,50.909314,On or near Parkside,E01023085,New Forest 004E,Violence and sexual offences,Unable to prosecute suspect,
23e43144c94c834c9e855155584e313070c9e1383b7f6ee076f9b551c9e8a6f0,2024-03,Hampshire Constabulary,Hampshire Constabulary,-1.483679,50.911824,On or near Lexby Road,E01023085,New Forest 004E,Violence and sexual offences,Court result unavailable,
,2024-03,Hampshire Constabulary,Hampshire Constabulary,-1.490097,50.906358,On or near Kirk Gardens,E01023085,New Forest 004E,Anti-social behaviour,,
38129a3a2c9ffada1b8cccb65731ab38a1d32762aaa844b7515db087d78d9922,2024-03,Hampshire Constabulary,Hampshire Constabulary,-1.476114,50.906593,On or near Bury Lane,E01023085,New Forest 004E,Other theft,Investigation complete; no suspect identified,
66b3d6f98d720167e75b857e48d36d6c2468a7352fdf8d8dd28b0a0a8053edef,2024-03,Hampshire Constabulary,Hampshire Constabulary,-1.482115,50.911790,On or near Boothby Close,E01023085,New Forest 004E,Robbery,Status update unavailable,
1204240a0fde2b7a617950e79c928a47f6645df97e54db283bdff4e1b6329697,2024-03,Hampshire Constabulary,Hampshire Constabulary,-1.490097,50.906358,On or near Kirk Gardens,E01023085,New Forest 004E,Violence and sexual offences,Status update unavailable,
cf61f989f5a5375f102c7a8f89e1136c424e58d749712b63fa9c670f1bd8ca88,2024-03,Hampshire Constabulary,Hampshire Constabulary,-1.471009,50.904025,On or near Marchwood Road,E01023085,New Forest 004E,Violence and sexual offences,Status update unavailable,
96e6961c4de75b321be24263705bff3a2fdde451fd5a9b901bf4811199fb042a,2024-03,Hampshire Constabulary,Hampshire Constabulary,-1.490097,50.906358,On or near Kirk Gardens,E01023085,New Forest 004E,Violence and sexual offences,Unable to prosecute suspect,
d77699e5a4fc5a4256c4d65560587f966b0d7ba2228c6f29d67587e39d0e6047,2024-03,Hampshire Constabulary,Hampshire Constabulary,-1.471009,50.904025,On or near Marchwood Road,E01023085,New Forest 004E,Violence and sexual offences,Unable to prosecute suspect,
8529bde3ce20f0142adb18daeec8108f8b02dc787b926e6330e42d12a1c1bd21,2024-03,Hampshire Constabulary,Hampshire Constabulary,-1.505818,50.915256,On or near Silkin Gardens,E01023072,New Forest 005A,Public order,Unable to prosecute suspect,
b07f1121193b43ca13ea8046d853368e3d0657722b1d24ce8ede8bec1b0d14b6,2024-03,Hampshire Constabulary,Hampshire Constabulary,-1.505818,50.915256,On or near Silkin Gardens,E01023072,New Forest 005A,Violence and sexual offences,Unable to prosecute suspect,
3e00811ad89fc173ecc63b60c82bb9392004adc8de688b349ed91ae26e72f6eb,2024-03,Hampshire Constabulary,Hampshire Constabulary,-1.504764,50.914038,On or near Pipers Close,E01023072,New Forest 005A,Other theft,Investigation complete; no suspect identified,
5718bad54a2f78c94cdf85d48179404e3d7d7dcc9cdf347880b1160c7f12f170,2024-03,Hampshire Constabulary,Hampshire Constabulary,-1.509311,50.915873,On or near Galsworthy Road,E01023072,New Forest 005A,Vehicle crime,Investigation complete; no suspect identified,
0a82f46f25d61954796d0ad68a693a1551bbbbfbfd40517fecbea4d4b1020e1b,2024-03,Hampshire Constabulary,Hampshire Constabulary,-1.503482,50.916874,On or near Longstock Crescent,E01023075,New Forest 005B,Shoplifting,Unable to prosecute suspect,
ab770dd9ebe90cb972c157ed8161aa68f280624af7b6eed0eefd19d53dd1bb5e,2024-03,Hampshire Constabulary,Hampshire Constabulary,-1.501325,50.915039,On or near Salcombe Crescent,E01023075,New Forest 005B,Vehicle crime,Unable to prosecute suspect,
6d87c9e4d5122255288a81bf6c7d453eba47da9cd844ace78c74c233ecc8b238,2024-03,Hampshire Constabulary,Hampshire Constabulary,-1.503482,50.916874,On or near Longstock Crescent,E01023075,New Forest 005B,Violence and sexual offences,Unable to prosecute suspect,
3a70af02dbeb105a9e92aaf545f3b5eccff0af568f1a4b5e790ace048eab5bf1,2024-03,Hampshire Constabulary,Hampshire Constabulary,-1.500080,50.915717,On or near Brunswick Place,E01023075,New Forest 005B,Other theft,Investigation complete; no suspect identified,
c5680eb553d36a2d754151c70efb2e56f500cbb37cc75806cc4aea98eff58ba9,2024-03,Hampshire Constabulary,Hampshire Constabulary,-1.492278,50.912482,On or near A35,E01023084,New Forest 005C,Drugs,Local resolution,
ed781c1ea2a59db30b6df884054de0562f3de449de0b84b3e0f14a3a45f4ed2f,2024-03,Hampshire Constabulary,Hampshire Constabulary,-1.488253,50.912690,On or near Sports/Recreation Area,E01023084,New Forest 005C,Bicycle theft,Status update unavailable,
be0a8495ce19c226cef7234671d7a42b3a402b97f0cb39b9db141c72f105fb7e,2024-03,Hampshire Constabulary,Hampshire Constabulary,-1.485098,50.912163,On or near Down'S Park Avenue,E01023084,New Forest 005C,Burglary,Investigation complete; no suspect identified,
ee4e525df829c0a2fcfc701221055c2fccc53728b771d1c57c35c55a37635a92,2024-03,Hampshire Constabulary,Hampshire Constabulary,-1.492278,50.912482,On or near A35,E01023084,New Forest 005C,Possession of weapons,Investigation complete; no suspect identified,
04813cc693af7f97e928ff3c0e2c9a4fc8c457de6f52b1090068e3d6736265c9,2024-03,Hampshire Constabulary,Hampshire Constabulary,-1.492278,50.912482,On or near A35,E01023084,New Forest 005C,Violence and sexual offences,Court result unavailable,
d38821b570a5d0e98ff361203f9ef24ae63a1316f5bcd8966a198b7c14e6f771,2024-03,Hampshire Constabulary,Hampshire Constabulary,-1.491391,50.911597,On or near Marchwood By-Pass,E01023084,New Forest 005C,Violence and sexual offences,Investigation complete; no suspect identified,
1eb1a5286ccb7fe16bd36ebe41b87d7cb155db2b4ac34c73ca32a2e3c96475a5,2024-03,Hampshire Constabulary,Hampshire Constabulary,-1.493319,50.910868,On or near Roberts Road,E01023086,New Forest 005D,Violence and sexual offences,Unable to prosecute suspect,
0f3c6689783fe613b7339fce40d7f04b9cf6e1ea1b7d21e063028b6897b1cb08,2024-03,Hampshire Constabulary,Hampshire Constabulary,-1.498983,50.910623,On or near Rushington Lane,E01023086,New Forest 005D,Violence and sexual offences,Unable to prosecute suspect,
6fc321444154821d66cc2b1ffe27d1c0832a2ab70f7cd62be0d9fc23d6b5022a,2024-03,Hampshire Constabulary,Hampshire Constabulary,-1.493319,50.910868,On or near Roberts Road,E01023086,New Forest 005D,Violence and sexual offences,Local resolution,
c1547dc29903cf0b0de203b550586f3c7b5ddd015122368df8d6eebc406905ba,2024-03,Hampshire Constabulary,Hampshire Constabulary,-1.502678,50.908229,On or near Mill Way,E01023087,New Forest 005E,Burglary,Investigation complete; no suspect identified,
70974ac17bb1c72db0f77044c81d3feb865e9dc5bc5a1a261513d16950a39ce6,2024-03,Hampshire Constabulary,Hampshire Constabulary,-1.502678,50.908229,On or near Mill Way,E01023087,New Forest 005E,Vehicle crime,Investigation complete; no suspect identified,
,2024-03,Hampshire Constabulary,Hampshire Constabulary,-1.500130,50.907148,On or near Chapel Lane,E01023087,New Forest 005E,Anti-social behaviour,,
6a958b39d79a273ca453c2646f8ec528ec3368a7ecc7180b23450c5b845021a8,2024-03,Hampshire Constabulary,Hampshire Constabulary,-1.502678,50.908229,On or near Mill Way,E01023087,New Forest 005E,Criminal damage and arson,Investigation complete; no suspect identified,
fa061489ac4e07042bf1434dd82454b1c4c7b4ace89a074e9b7d6bbe679d03da,2024-03,Hampshire Constabulary,Hampshire Constabulary,-1.502120,50.911194,On or near Roseleigh Drive,E01023087,New Forest 005E,Violence and sexual offences,Status update unavailable,
b3804a648fec6d02aa7d363d84c4372cc89533853b14fef1ef877537167b0bd2,2024-03,Hampshire Constabulary,Hampshire Constabulary,-1.524026,50.891565,On or near Parking Area,E01022977,New Forest 006A,Burglary,Investigation complete; no suspect identified,
eaae8115d9125f8343ee05ef90493b3755d694c70fc1fc4a66831c987449746f,2024-03,Hampshire Constabulary,Hampshire Constabulary,-1.524026,50.891565,On or near Parking Area,E01022977,New Forest 006A,Burglary,Investigation complete; no suspect identified,
edb2ad555a434282a27b13550f93d7da599f128172a1372edc7343789b31a7f8,2024-03,Hampshire Constabulary,Hampshire Constabulary,-1.517923,50.895991,On or near Knightwood Close,E01022977,New Forest 006A,Violence and sexual offences,Unable to prosecute suspect,
c42ebaa27157fe4685aacb7287383a5bf571a3cd2653cc065574bdb76da7a090,2024-03,Hampshire Constabulary,Hampshire Constabulary,-1.521697,50.894082,On or near Holly Road,E01022977,New Forest 006A,Violence and sexual offences,Unable to prosecute suspect,
0b41434af84d023d23ebec58b5dfbd78817d050f97da0ec5eee01f8b9b862eea,2024-03,Hampshire Constabulary,Hampshire Constabulary,-1.524026,50.891565,On or near Parking Area,E01022977,New Forest 006A,Burglary,Investigation complete; no suspect identified,
299dbba647d09f4afed8faca7120d6fcdab28d8b9d3288514867ae4f9a6fb547,2024-03,Hampshire Constabulary,Hampshire Constabulary,-1.516371,50.900337,On or near Rye Dale,E01022977,New Forest 006A,Burglary,Investigation complete; no suspect identified,
b30dae6f09df1a3ad09ad295c72bed49285ba7dae33c58078170f778b71c0677,2024-03,Hampshire Constabulary,Hampshire Constabulary,-1.524026,50.891565,On or near Parking Area,E01022977,New Forest 006A,Criminal damage and arson,Investigation complete; no suspect identified,
7ad17dd60b09475e530fd2c8c9996d25f015a9649475cd1e0bfede536f84ffda,2024-03,Hampshire Constabulary,Hampshire Constabulary,-1.524026,50.891565,On or near Parking Area,E01022977,New Forest 006A,Other theft,Investigation complete; no suspect identified,
22cae83e4c011d8649f9482156f9c7d909fc6cc4d1a32565d42b8a702456b34d,2024-03,Hampshire Constabulary,Hampshire Constabulary,-1.523365,50.890829,On or near Hospital,E01022977,New Forest 006A,Violence and sexual offences,Status update unavailable,
92c022bb3230aba9df1ebb4e0779f1669af334ce7147db74e38b7ed567d6aa09,2024-03,Hampshire Constabulary,Hampshire Constabulary,-1.577989,50.923112,On or near Petrol Station,E01022978,New Forest 006B,Burglary,Unable to prosecute suspect,
83fdb185d8df6e98b551d817c74d915f0af33a5e55536d461732dd9244da1520,2024-03,Hampshire Constabulary,Hampshire Constabulary,-1.585253,50.921347,On or near Cadnam Lane,E01022978,New Forest 006B,Drugs,Local resolution,
a9bea64b59a08f1b26ea1aea4e406970f71f04e50e5678f11dfba469602604a7,2024-03,Hampshire Constabulary,Hampshire Constabulary,-1.579675,50.921417,On or near White Hart Lane,E01022978,New Forest 006B,Other theft,Unable to prosecute suspect,
2f31b9e1afaaf2cb9107d53d4734ad1c6a2a9f41d5429d214b7e138244b3ec6c,2024-03,Hampshire Constabulary,Hampshire Constabulary,-1.567124,50.918746,On or near Kennington Lane,E01022978,New Forest 006B,Shoplifting,Investigation complete; no suspect identified,
4c749d59d8b1ff7bc0b75df56e4c57827d7f87039fd74b73eab2981a26c5fe7b,2024-03,Hampshire Constabulary,Hampshire Constabulary,-1.567124,50.918746,On or near Kennington Lane,E01022978,New Forest 006B,Shoplifting,Investigation complete; no suspect identified,
a6c5e8653a99dde2d7611dcfbc2fa27dc24ee62d21a677bd2dbffb73eb6d10b5,2024-03,Hampshire Constabulary,Hampshire Constabulary,-1.567124,50.918746,On or near Kennington Lane,E01022978,New Forest 006B,Violence and sexual offences,Unable to prosecute suspect,
7b476d2e2fe06c6b2c094a9c927acbebb211993f03523890555fa97909d0889e,2024-03,Hampshire Constabulary,Hampshire Constabulary,-1.556638,50.915820,On or near Parking Area,E01022978,New Forest 006B,Violence and sexual offences,Unable to prosecute suspect,
a372b9bffbaa3c2af084a6c052666b4cc681eda51754e2246c47c12b529948aa,2024-03,Hampshire Constabulary,Hampshire Constabulary,-1.567124,50.918746,On or near Kennington Lane,E01022978,New Forest 006B,Shoplifting,Status update unavailable,
2eda42921b79e58953fb1fe6d599ebd855e64ec620066deafbe1545a17ef53ef,2024-03,Hampshire Constabulary,Hampshire Constabulary,-1.576746,50.922854,On or near Old Lyndhurst Road,E01022978,New Forest 006B,Vehicle crime,Investigation complete; no suspect identified,
70b9a2138d0dc32115b54ba60d7aaf93165bb932bd62b930bca46794c995a601,2024-03,Hampshire Constabulary,Hampshire Constabulary,-1.566804,50.911811,On or near Brockishill Road,E01022978,New Forest 006B,Vehicle crime,Investigation complete; no suspect identified,
3fb527399b776ab7f54939c57cc4ceddabdcbf1022d55c3ab5e34f850b53e18a,2024-03,Hampshire Constabulary,Hampshire Constabulary,-1.566804,50.911811,On or near Brockishill Road,E01022978,New Forest 006B,Vehicle crime,Investigation complete; no suspect identified,
020ec88179b29b5aac8b5e05aec69615b2ded2deece4a0df26fe7781f326e698,2024-03,Hampshire Constabulary,Hampshire Constabulary,-1.560455,50.912399,On or near Shepherds Close,E01022979,New Forest 006C,Public order,Unable to prosecute suspect,
,2024-03,Hampshire Constabulary,Hampshire Constabulary,-1.560455,50.912399,On or near Shepherds Close,E01022979,New Forest 006C,Anti-social behaviour,,
557523eb4fcaa29f7a9b27896cae5dcc7385f6cc763a34e2dc6426074f79d571,2024-03,Hampshire Constabulary,Hampshire Constabulary,-1.514404,50.944499,On or near Hill Street,E01022980,New Forest 006D,Other theft,Unable to prosecute suspect,
67d4a664c1e372676e3f42cdf3d530431c8211c187d499a538b4ce1de6bb3bfc,2024-03,Hampshire Constabulary,Hampshire Constabulary,-1.530081,50.932882,On or near Sports/Recreation Area,E01022980,New Forest 006D,Public order,Action to be taken by another organisation,
c38c01646d8f5db033d1bea0a75ccb308f14f41bedc7ae911c5c28060f16b0c0,2024-03,Hampshire Constabulary,Hampshire Constabulary,-1.530081,50.932882,On or near Sports/Recreation Area,E01022980,New Forest 006D,Public order,Local resolution,
68c50bb45b056103b9e1a9cea20b46176f6662c3c5c6142892c7a159e8e6c57b,2024-03,Hampshire Constabulary,Hampshire Constabulary,-1.516506,50.942242,On or near Green Lane,E01022980,New Forest 006D,Vehicle crime,Investigation complete; no suspect identified,
326200a7e66f249d0a3366bb8706a2d5c955e90ec8d428557899bd900171254a,2024-03,Hampshire Constabulary,Hampshire Constabulary,-1.530081,50.932882,On or near Sports/Recreation Area,E01022980,New Forest 006D,Violence and sexual offences,Unable to prosecute suspect,
55e172a26f08c227e72577e8aa8f66ab8959a89e01f5ad979b41f0d8cf65baf0,2024-03,Hampshire Constabulary,Hampshire Constabulary,-1.516506,50.942242,On or near Green Lane,E01022980,New Forest 006D,Violence and sexual offences,Formal action is not in the public interest,
d61a576bd791af09e2540e90fbb7e19e70b5b3ff53dabafe45c460290f05988f,2024-03,Hampshire Constabulary,Hampshire Constabulary,-1.530081,50.932882,On or near Sports/Recreation Area,E01022980,New Forest 006D,Violence and sexual offences,Offender given a caution,
78d8143b1668bece02cd5b92dbce1f183c9d125cd6d7203b8490dbac84bc0658,2024-03,Hampshire Constabulary,Hampshire Constabulary,-1.525415,50.931613,On or near Hospital,E01022980,New Forest 006D,Violence and sexual offences,Offender given a caution,
6261aaef6a2e6bd0dbbbad9d8e41d3678fc584ca90c9d7678efd4b0f3e1fb226,2024-03,Hampshire Constabulary,Hampshire Constabulary,-1.525415,50.931613,On or near Hospital,E01022980,New Forest 006D,Violence and sexual offences,Offender given a caution,
4e11ecbbc7afec255ab3f0c2142cd738c1a36db0196b7ffecb71e39293cd697d,2024-03,Hampshire Constabulary,Hampshire Constabulary,-1.525415,50.931613,On or near Hospital,E01022980,New Forest 006D,Violence and sexual offences,Offender given a caution,
32c8142bb3b112e441014a8611f65a90b2ce42b90eec1d961c259efbd7542aac,2024-03,Hampshire Constabulary,Hampshire Constabulary,-1.511676,50.904679,On or near Foxhills,E01022980,New Forest 006D,Burglary,Investigation complete; no suspect identified,
594db3a3c7a442cdac228a784c80bf6eb9bf012f3a7ad772e1e175a7f97e033e,2024-03,Hampshire Constabulary,Hampshire Constabulary,-1.530081,50.932882,On or near Sports/Recreation Area,E01022980,New Forest 006D,Burglary,Investigation complete; no suspect identified,
7f0b5f5244808b45ab763a54874587689141d094857853ab3a71c815fec49512,2024-03,Hampshire Constabulary,Hampshire Constabulary,-1.529721,50.914752,On or near Priestlands Close,E01022980,New Forest 006D,Other theft,Investigation complete; no suspect identified,
d3a1215b4254553aeb38e2ba495351e547ae6d40caf45e653d9df7fccde601c4,2024-03,Hampshire Constabulary,Hampshire Constabulary,-1.530081,50.932882,On or near Sports/Recreation Area,E01022980,New Forest 006D,Public order,Further investigation is not in the public interest,
f4c1a00d599efa93f1c16c97fb92c555fff22c2d341111f7ac6aaa5f945eee41,2024-03,Hampshire Constabulary,Hampshire Constabulary,-1.530081,50.932882,On or near Sports/Recreation Area,E01022980,New Forest 006D,Vehicle crime,Investigation complete; no suspect identified,
93aa218f68127dbfee263a08e66fb2444d9ae6e3ca7f78a7d74ccd5830ebd31e,2024-03,Hampshire Constabulary,Hampshire Constabulary,-1.530081,50.932882,On or near Sports/Recreation Area,E01022980,New Forest 006D,Violence and sexual offences,Status update unavailable,
9e1f4222223f3a5de089dd468cd3c59c545a21629a3c73e6016237709b545e65,2024-03,Hampshire Constabulary,Hampshire Constabulary,-1.532505,50.910897,On or near Woodlands Road,E01022980,New Forest 006D,Violence and sexual offences,Unable to prosecute suspect,
13fe9ab35f30001fda6c253da01ec056e898f9ec342b9b22bdccc49c0031ea0f,2024-03,Hampshire Constabulary,Hampshire Constabulary,-1.530081,50.932882,On or near Sports/Recreation Area,E01022980,New Forest 006D,Violence and sexual offences,Unable to prosecute suspect,
e9956752be4775e8b90152be7af8880cb3cbd20f2aa871117e430dee254a35cc,2024-03,Hampshire Constabulary,Hampshire Constabulary,-1.530081,50.932882,On or near Sports/Recreation Area,E01022980,New Forest 006D,Violence and sexual offences,Action to be taken by another organisation,
00ceb80635f8abd999c99bd8b4cf32b75b3f2dd2a165236fb45c540cfa14f859,2024-03,Hampshire Constabulary,Hampshire Constabulary,-1.530081,50.932882,On or near Sports/Recreation Area,E01022980,New Forest 006D,Violence and sexual offences,Investigation complete; no suspect identified,
38c5b4e14740e485782e2c0feaf3d8732a1d02d34c91cd1fc0518945e91e7310,2024-03,Hampshire Constabulary,Hampshire Constabulary,-1.530081,50.932882,On or near Sports/Recreation Area,E01022980,New Forest 006D,Violence and sexual offences,Further investigation is not in the public interest,
e38f8dcbce86eecb395886d4bc2c89bccb774f04be163f12bcc4a4e33e884887,2024-03,Hampshire Constabulary,Hampshire Constabulary,-1.516506,50.942242,On or near Green Lane,E01022980,New Forest 006D,Violence and sexual offences,Unable to prosecute suspect,
4ae76c02ec98a67ee7b43c62d9105b867e10473c3cf09ba3460d19be8032a165,2024-03,Hampshire Constabulary,Hampshire Constabulary,-1.535011,50.954951,On or near Parking Area,E01022992,New Forest 007A,Theft from the person,Investigation complete; no suspect identified,
02c8e9e06e0037f524d544bef47fd9c4d2d22f752efaf052efaa62fddc8ffa82,2024-03,Hampshire Constabulary,Hampshire Constabulary,-1.572234,50.962049,On or near Park/Open Space,E01022992,New Forest 007A,Vehicle crime,Investigation complete; no suspect identified,
4e529dfb5da78512867cbec96238050bf4bd0fe9df44b92660736e0b9dc6077c,2024-03,Hampshire Constabulary,Hampshire Constabulary,-1.547759,50.948482,On or near Park/Open Space,E01022992,New Forest 007A,Violence and sexual offences,Unable to prosecute suspect,
9e6d6a18d27aafe6ff865b452246e8b5e37e15cad6bf1d8221ef8ee47653c9d0,2024-03,Hampshire Constabulary,Hampshire Constabulary,-1.547034,50.940581,On or near Sports/Recreation Area,E01022992,New Forest 007A,Burglary,Investigation complete; no suspect identified,
17b8ae47eda87677a7742fcc5f10264426077fc4cb1633781c9d526d7b71dee1,2024-03,Hampshire Constabulary,Hampshire Constabulary,-1.535011,50.954951,On or near Parking Area,E01022992,New Forest 007A,Public order,Investigation complete; no suspect identified,
bc4df9c2c7241caba899985cf43a06001d22415e4167cc0a30fb68624d9b63c4,2024-03,Hampshire Constabulary,Hampshire Constabulary,-1.559095,50.931341,On or near Pound Lane,E01022992,New Forest 007A,Public order,Status update unavailable,
cb21d6f6e01aa0518cc9a5c4d568bcaeae78a6defbe4cdb11acbbea85ddb02a9,2024-03,Hampshire Constabulary,Hampshire Constabulary,-1.537958,50.952023,On or near Old Salisbury Road,E01022992,New Forest 007A,Violence and sexual offences,Unable to prosecute suspect,
01ac7354cbef0d635a5227ff4dd4ada2c7673d774020a6aba20dd67d0495a928,2024-03,Hampshire Constabulary,Hampshire Constabulary,-1.650981,50.921346,On or near Parking Area,E01022993,New Forest 007B,Public order,Investigation complete; no suspect identified,
,2024-03,Hampshire Constabulary,Hampshire Constabulary,-1.650981,50.921346,On or near Parking Area,E01022993,New Forest 007B,Anti-social behaviour,,
72fffbe932e276f4caaf5628e88718fd2ae20dc1f71258559a3843447e3de27d,2024-03,Hampshire Constabulary,Hampshire Constabulary,-1.664517,50.911531,On or near Parking Area,E01022993,New Forest 007B,Public order,Investigation complete; no suspect identified,
35bfd6174447a1c7ebee265039b2b68d89a6fda99a03441b92c2e526f52b913d,2024-03,Hampshire Constabulary,Hampshire Constabulary,-1.593065,50.945672,On or near Furzley Road,E01022993,New Forest 007B,Vehicle crime,Investigation complete; no suspect identified,
b2879ba73c45dbc36c02f9b23c383644096375ede9e3b06f039f1d19383f740c,2024-03,Hampshire Constabulary,Hampshire Constabulary,-1.620848,50.886344,On or near Parking Area,E01022993,New Forest 007B,Violence and sexual offences,Investigation complete; no suspect identified,
a1e2fa4561929144466fd4986310932413f2535eebd08cdd9d83be152432a1ef,2024-03,Hampshire Constabulary,Hampshire Constabulary,-1.575035,50.873228,On or near Wellands Road,E01023045,New Forest 007C,Violence and sexual offences,Offender given a caution,
01771186b37c1c90be7474fd3c06fbf22b962dd5867bbf3672efb907c81d6cc1,2024-03,Hampshire Constabulary,Hampshire Constabulary,-1.575035,50.873228,On or near Wellands Road,E01023045,New Forest 007C,Violence and sexual offences,Investigation complete; no suspect identified,
c18f751148e0e03dcbc806cdb09dbd9c1e180d3d16f817d1280d1db8425faaf9,2024-03,Hampshire Constabulary,Hampshire Constabulary,-1.571146,50.863331,On or near Hillary Close,E01023046,New Forest 007D,Public order,Action to be taken by another organisation,
ce434987c19a33d802de2abb4712045f5a213ae9e54a42662be0729ec69f0fcc,2024-03,Hampshire Constabulary,Hampshire Constabulary,-1.574685,50.871910,On or near Shopping Area,E01023046,New Forest 007D,Violence and sexual offences,Unable to prosecute suspect,
040254693d9cf3029b007346db894e929cce2f74e62c0952c3a453cc8b0b2df2,2024-03,Hampshire Constabulary,Hampshire Constabulary,-1.571146,50.863331,On or near Hillary Close,E01023046,New Forest 007D,Violence and sexual offences,Action to be taken by another organisation,
3e7bea00e4b473a2bc7edd952b16d8d2e5409818836f4e850cea26259dd7e059,2024-03,Hampshire Constabulary,Hampshire Constabulary,-1.571146,50.863331,On or near Hillary Close,E01023046,New Forest 007D,Violence and sexual offences,Action to be taken by another organisation,
,2024-03,Hampshire Constabulary,Hampshire Constabulary,-1.573858,50.871434,On or near Southview,E01023046,New Forest 007D,Anti-social behaviour,,
a51c798f675cec0f82f2509931cd31b6ab69528caeb1052600dbdf08c68b9ee6,2024-03,Hampshire Constabulary,Hampshire Constabulary,-1.576452,50.872163,On or near Church Lane,E01023046,New Forest 007D,Burglary,Investigation complete; no suspect identified,
11a4a0d731399e3d126a7097b7de26326b21676962a2eea8877d74465b627bbc,2024-03,Hampshire Constabulary,Hampshire Constabulary,-1.576452,50.872163,On or near Church Lane,E01023046,New Forest 007D,Public order,Unable to prosecute suspect,
28f693e67762a37d9e17a3e3a925122ab9793fcd04d37424d3f3ff3f2fd69ee1,2024-03,Hampshire Constabulary,Hampshire Constabulary,-1.571146,50.863331,On or near Hillary Close,E01023046,New Forest 007D,Violence and sexual offences,Status update unavailable,
6bbd37e0c4cf147d4167be1738372388b95c92ac02a2b2a2a267f32931ca5030,2024-03,Hampshire Constabulary,Hampshire Constabulary,-1.571146,50.863331,On or near Hillary Close,E01023046,New Forest 007D,Violence and sexual offences,Unable to prosecute suspect,
2939bb72edf647a929b9e5fdc72b53f5e2eda0760574b7e43bec0ebbdb426157,2024-03,Hampshire Constabulary,Hampshire Constabulary,-1.571146,50.863331,On or near Hillary Close,E01023046,New Forest 007D,Other crime,Unable to prosecute suspect,
89001c895ba1e078be005d1ad45da73e7aec6f8beb2b259d02f0e831651a8493,2024-03,Hampshire Constabulary,Hampshire Constabulary,-1.427858,50.865927,On or near Broomy Close,E01023007,New Forest 008A,Public order,Unable to prosecute suspect,
3121b5e47b01dd3f7c954b6fdd20b2ec847e864642f82549c828160f991c1131,2024-03,Hampshire Constabulary,Hampshire Constabulary,-1.427858,50.865927,On or near Broomy Close,E01023007,New Forest 008A,Public order,Unable to prosecute suspect,
2505e85947ec7aaec908c846c7ff439b5b7a8959d809dd1b4aa937fac364fb3f,2024-03,Hampshire Constabulary,Hampshire Constabulary,-1.424287,50.863913,On or near Cambria Drive,E01023010,New Forest 008B,Other theft,Unable to prosecute suspect,
93adad9b08e8db98badfb4cda09623e33ed6eba7f6686ae28be621c9d9c8e626,2024-03,Hampshire Constabulary,Hampshire Constabulary,-1.433247,50.863364,On or near Supermarket,E01023010,New Forest 008B,Theft from the person,Investigation complete; no suspect identified,
d09d4b27bbb9cd1060ee630b21fa8f74d8c64746430771622c07a8cb96e27285,2024-03,Hampshire Constabulary,Hampshire Constabulary,-1.433247,50.863364,On or near Supermarket,E01023010,New Forest 008B,Theft from the person,Local resolution,
039de8a53638f725d9f22e80371fee908b3ace31c74d3f7a6479bdbdec2e6a26,2024-03,Hampshire Constabulary,Hampshire Constabulary,-1.429505,50.866034,On or near Eyeworth Walk,E01023010,New Forest 008B,Vehicle crime,Unable to prosecute suspect,
54955494eac6302863cb2a4c913bc9b065c7b7a0f1eba4523d67b4d158032a89,2024-03,Hampshire Constabulary,Hampshire Constabulary,-1.433247,50.863364,On or near Supermarket,E01023010,New Forest 008B,Violence and sexual offences,Local resolution,
38f599060140557d258bf04191a20d9e9c7c30dc93b67d32b988d3db2917b312,2024-03,Hampshire Constabulary,Hampshire Constabulary,-1.425305,50.864332,On or near Canterbury Drive,E01023010,New Forest 008B,Violence and sexual offences,Unable to prosecute suspect,
,2024-03,Hampshire Constabulary,Hampshire Constabulary,-1.433247,50.863364,On or near Supermarket,E01023010,New Forest 008B,Anti-social behaviour,,
,2024-03,Hampshire Constabulary,Hampshire Constabulary,-1.424377,50.862439,On or near The Orchard,E01023010,New Forest 008B,Anti-social behaviour,,
,2024-03,Hampshire Constabulary,Hampshire Constabulary,-1.433247,50.863364,On or near Supermarket,E01023010,New Forest 008B,Anti-social behaviour,,
,2024-03,Hampshire Constabulary,Hampshire Constabulary,-1.431354,50.863498,On or near Claypits Lane,E01023010,New Forest 008B,Anti-social behaviour,,
,2024-03,Hampshire Constabulary,Hampshire Constabulary,-1.433247,50.863364,On or near Supermarket,E01023010,New Forest 008B,Anti-social behaviour,,
,2024-03,Hampshire Constabulary,Hampshire Constabulary,-1.431493,50.864965,On or near Rooksbridge,E01023010,New Forest 008B,Anti-social behaviour,,
9aa6d6fb2b3f70d27be67ab0433cf5624cfa5ce66a2b677d341b22e05ae8af43,2024-03,Hampshire Constabulary,Hampshire Constabulary,-1.433247,50.863364,On or near Supermarket,E01023010,New Forest 008B,Burglary,Investigation complete; no suspect identified,
550732701533f429cf0adba307fca9e416ae69d2f2987fe782062dcb996a1faa,2024-03,Hampshire Constabulary,Hampshire Constabulary,-1.423967,50.864568,On or near Cumberland Way,E01023010,New Forest 008B,Other theft,Investigation complete; no suspect identified,
212f79726ad016d3be99f13b2acb78d7989110e84c91537dbef9cbfcef5d1106,2024-03,Hampshire Constabulary,Hampshire Constabulary,-1.451457,50.890734,On or near Supermarket,E01023047,New Forest 008C,Shoplifting,Investigation complete; no suspect identified,
9a9c9dcbaf509ea564f3eaba196d24682272d5100a0dd71e59fad7f5e2cf9aca,2024-03,Hampshire Constabulary,Hampshire Constabulary,-1.449837,50.890366,On or near St Johns Court,E01023047,New Forest 008C,Violence and sexual offences,Unable to prosecute suspect,
1a396f64105e0ff5cbba8425cba44063b308a9c04025050de1f95e414dc82ba9,2024-03,Hampshire Constabulary,Hampshire Constabulary,-1.451457,50.890734,On or near Supermarket,E01023047,New Forest 008C,Violence and sexual offences,Unable to prosecute suspect,
,2024-03,Hampshire Constabulary,Hampshire Constabulary,-1.453090,50.891316,On or near Sports/Recreation Area,E01023047,New Forest 008C,Anti-social behaviour,,
,2024-03,Hampshire Constabulary,Hampshire Constabulary,-1.451457,50.890734,On or near Supermarket,E01023047,New Forest 008C,Anti-social behaviour,,
a1f5012b71308c2c6447e0ae31f855e24ce47ad896f6adafcf32b6cb89dc2336,2024-03,Hampshire Constabulary,Hampshire Constabulary,-1.449837,50.890366,On or near St Johns Court,E01023047,New Forest 008C,Other theft,Investigation complete; no suspect identified,
519d652cc6fdbb5488385001afb56c053c3696460cc87aa81245059ed94bd0de,2024-03,Hampshire Constabulary,Hampshire Constabulary,-1.456974,50.889177,On or near Moon Close,E01023048,New Forest 008D,Violence and sexual offences,Unable to prosecute suspect,
e5fcbf387fa5fbf4deb30e0207b6a541e4259311022f951e829b2ec681193154,2024-03,Hampshire Constabulary,Hampshire Constabulary,-1.456974,50.889177,On or near Moon Close,E01023048,New Forest 008D,Violence and sexual offences,Unable to prosecute suspect,
be1baedb9924af5bf926506f727db0bd573e1c86dc6e2be3fa1f364bbe4fc89d,2024-03,Hampshire Constabulary,Hampshire Constabulary,-1.470524,50.894095,On or near Trotts Lane,E01023048,New Forest 008D,Violence and sexual offences,Investigation complete; no suspect identified,
,2024-03,Hampshire Constabulary,Hampshire Constabulary,-1.456565,50.891342,On or near Woodpecker Drive,E01023048,New Forest 008D,Anti-social behaviour,,
8121654faa6b5a98a2e0aca67d1a674c14745fd2d1804897fd96db0efc8146a0,2024-03,Hampshire Constabulary,Hampshire Constabulary,-1.455373,50.892398,On or near Kingfisher Way,E01023048,New Forest 008D,Criminal damage and arson,Investigation complete; no suspect identified,
d8a4424452a6ebfe279247b1c97bb44eaf9f832b8d527d4c91500662c812ea71,2024-03,Hampshire Constabulary,Hampshire Constabulary,-1.452593,50.894228,On or near The Rushes,E01023049,New Forest 008E,Violence and sexual offences,Investigation complete; no suspect identified,
ce88455936114dfc18a011221a848e85b5c84613cfe99c63798341831e8fdb0f,2024-03,Hampshire Constabulary,Hampshire Constabulary,-1.445018,50.899894,On or near Wavecrest Close,E01023049,New Forest 008E,Violence and sexual offences,Unable to prosecute suspect,
fafdcec28be4f4083fc09fa10204139d8fdd55e168b0d3b3a32175fc979980e6,2024-03,Hampshire Constabulary,Hampshire Constabulary,-1.450710,50.895928,On or near The Gulls,E01023049,New Forest 008E,Violence and sexual offences,Unable to prosecute suspect,
,2024-03,Hampshire Constabulary,Hampshire Constabulary,-1.445319,50.900902,On or near Boardwalk Way,E01023049,New Forest 008E,Anti-social behaviour,,
,2024-03,Hampshire Constabulary,Hampshire Constabulary,-1.445319,50.900902,On or near Boardwalk Way,E01023049,New Forest 008E,Anti-social behaviour,,
18a8f3da5e426d8e00d7a6ec5445365bdf1db0432dc9cfbd2e66c83186a49675,2024-03,Hampshire Constabulary,Hampshire Constabulary,-1.445252,50.900560,On or near Maritime Avenue,E01023049,New Forest 008E,Public order,Investigation complete; no suspect identified,
3c93b1fd1250b53e9a866b929c1f26949a56743636bdcf02642e80da7d864c54,2024-03,Hampshire Constabulary,Hampshire Constabulary,-1.454209,50.888544,On or near Plantation Drive,E01023050,New Forest 008F,Violence and sexual offences,Unable to prosecute suspect,
,2024-03,Hampshire Constabulary,Hampshire Constabulary,-1.447312,50.888664,On or near Brittany Close,E01023050,New Forest 008F,Anti-social behaviour,,
87a5cda9690915516fe2df08e6881b68f239a396d63db29d8c08ed61beee45e2,2024-03,Hampshire Constabulary,Hampshire Constabulary,-1.447312,50.888664,On or near Brittany Close,E01023050,New Forest 008F,Drugs,Status update unavailable,
0d766f81d818ebe950475f13b06fc382520ef8617669463a486363ac59f24652,2024-03,Hampshire Constabulary,Hampshire Constabulary,-1.452927,50.885147,On or near St Contest Way,E01023050,New Forest 008F,Violence and sexual offences,Unable to prosecute suspect,
b726517967bb7a3f08a3b8bdced9ce20ee5dc75e76ddce08671fc1d36c686d7f,2024-03,Hampshire Constabulary,Hampshire Constabulary,-1.397686,50.868413,On or near Supermarket,E01023008,New Forest 009A,Possession of weapons,Court result unavailable,
e4bdf3ef383e19e21dd5d054ffd79ab8cd1594b6acd38f914de00f920a921896,2024-03,Hampshire Constabulary,Hampshire Constabulary,-1.398904,50.867616,On or near New Road,E01023008,New Forest 009A,Public order,Unable to prosecute suspect,
6e33e3c8302e7c62122cbb4b9ec45af7449f5e46c599421390ad344ec3919b1d,2024-03,Hampshire Constabulary,Hampshire Constabulary,-1.397651,50.870074,On or near The Promenade,E01023008,New Forest 009A,Shoplifting,Investigation complete; no suspect identified,
a5f97c23bdea32c30b72cdc960e5d4426074f8025cff074c06f0db7c31225c81,2024-03,Hampshire Constabulary,Hampshire Constabulary,-1.399373,50.869867,On or near The Marsh,E01023008,New Forest 009A,Violence and sexual offences,Unable to prosecute suspect,
445af0e1a5fb3d2a6755af66bf800853ea3fec56a1b35524767c3893a66dd39b,2024-03,Hampshire Constabulary,Hampshire Constabulary,-1.399373,50.869867,On or near The Marsh,E01023008,New Forest 009A,Violence and sexual offences,Unable to prosecute suspect,
a6ba6b9b203e34321dafedf205d0ddd5016589384d4d0df647624d3a7b6b3a22,2024-03,Hampshire Constabulary,Hampshire Constabulary,-1.400794,50.869901,On or near Parking Area,E01023008,New Forest 009A,Violence and sexual offences,Unable to prosecute suspect,
2ece2db54fc8c0b2fa4184ed7132f59c47b3dbba248796747696e5ff23ed02f5,2024-03,Hampshire Constabulary,Hampshire Constabulary,-1.397686,50.868413,On or near Supermarket,E01023008,New Forest 009A,Violence and sexual offences,Unable to prosecute suspect,
3495701c98204cc6ccb7f48f2eb6d07164119a99f32b398eeb3ca718b51be1d3,2024-03,Hampshire Constabulary,Hampshire Constabulary,-1.399903,50.873979,On or near Velsheda Court,E01023008,New Forest 009A,Violence and sexual offences,Unable to prosecute suspect,
09afa679c809f10983f1e67a87f4b149ac49d444caa647cc636065e79399408e,2024-03,Hampshire Constabulary,Hampshire Constabulary,-1.397651,50.870074,On or near The Promenade,E01023008,New Forest 009A,Shoplifting,Investigation complete; no suspect identified,
f769c2967cd9276fb3a7bb898ba22c023d20f9c7527c8f8ae3237bca1f875710,2024-03,Hampshire Constabulary,Hampshire Constabulary,-1.398942,50.870233,On or near High Street,E01023008,New Forest 009A,Shoplifting,Investigation complete; no suspect identified,
0880fd7bb6098779adae70bd4a8879dfaf6311417431bde696a837dd37686420,2024-03,Hampshire Constabulary,Hampshire Constabulary,-1.399373,50.869867,On or near The Marsh,E01023008,New Forest 009A,Theft from the person,Status update unavailable,
ee8020db3ef93b4df759cccc0e5562b13b0aff87c71ea104d0387e919675973e,2024-03,Hampshire Constabulary,Hampshire Constabulary,-1.399373,50.869867,On or near The Marsh,E01023008,New Forest 009A,Violence and sexual offences,Investigation complete; no suspect identified,
cb565cd94fd3a2615152016980dea41879748832ccd5dacdb8fe17e811a7d2d4,2024-03,Hampshire Constabulary,Hampshire Constabulary,-1.422677,50.862008,On or near The Sylvans,E01023009,New Forest 009B,Other theft,Local resolution,
c67354bde4c4492a4ff8f4bbb447bba691bcad4a41836eb5caecf21d6e8d18c6,2024-03,Hampshire Constabulary,Hampshire Constabulary,-1.425095,50.860626,On or near Oakenbrow,E01023009,New Forest 009B,Public order,Unable to prosecute suspect,
3a9daf59d25e9bf0cd6cff29c94eec5436ddfdb900a0c34a77741c5e2770095a,2024-03,Hampshire Constabulary,Hampshire Constabulary,-1.420533,50.860684,On or near Kensington Fields,E01023009,New Forest 009B,Violence and sexual offences,Unable to prosecute suspect,
25e1cecec2c02861277fdca7cd1a5431491278c6386cf15affc242f6b2b932af,2024-03,Hampshire Constabulary,Hampshire Constabulary,-1.432102,50.861649,On or near Roman Road,E01023009,New Forest 009B,Violence and sexual offences,Action to be taken by another organisation,
362b5e2d04be63f3ab595784932b2ad6e74fc41ff4c3ef1b7e225672982992b1,2024-03,Hampshire Constabulary,Hampshire Constabulary,-1.432102,50.861649,On or near Roman Road,E01023009,New Forest 009B,Violence and sexual offences,Local resolution,
d321abf35c208fb77ab18b1992a78b1f2cd9d6bea3953488d2521cb97f02a701,2024-03,Hampshire Constabulary,Hampshire Constabulary,-1.432102,50.861649,On or near Roman Road,E01023009,New Forest 009B,Violence and sexual offences,Formal action is not in the public interest,
02195f933daa5eafa750a7a34d28ca31f4b633e7b890bcf52dce0192c1705987,2024-03,Hampshire Constabulary,Hampshire Constabulary,-1.432102,50.861649,On or near Roman Road,E01023009,New Forest 009B,Other crime,Further action is not in the public interest,
1dab6a2d5122eca59e7fe69b3c2394dcf6407d86b2950222463547cf86b74b36,2024-03,Hampshire Constabulary,Hampshire Constabulary,-1.407936,50.861359,On or near Sunningdale,E01023038,New Forest 009C,Vehicle crime,Investigation complete; no suspect identified,
3471e4a4578f131a6b18949627191166782172f585b4c353b0d09d4cfc6b35a1,2024-03,Hampshire Constabulary,Hampshire Constabulary,-1.405637,50.858910,On or near Beaulieu Road,E01023038,New Forest 009C,Other theft,Investigation complete; no suspect identified,
bebedaae7c6b25fa4c5f67d21fd941fc7d2461035663d63bc56fcac607a5db2b,2024-03,Hampshire Constabulary,Hampshire Constabulary,-1.403530,50.859250,On or near Fairview Parade,E01023039,New Forest 009D,Shoplifting,Investigation complete; no suspect identified,
6283542882c9e7e7a577abd68c0dc4993df8c11e1648e6506480d2de8fc4d620,2024-03,Hampshire Constabulary,Hampshire Constabulary,-1.404026,50.864945,On or near Hollybank Close,E01023039,New Forest 009D,Burglary,Investigation complete; no suspect identified,
1c4f27c1fdc3d3e7f285a882718ae0b941a05c2a0e42e36fb2f68f1ee766a555,2024-03,Hampshire Constabulary,Hampshire Constabulary,-1.404026,50.864945,On or near Hollybank Close,E01023039,New Forest 009D,Burglary,Investigation complete; no suspect identified,
6d06567ff2e16a5c1b15d3a96173ccbc085e55c70ce618bda88a0a981d6d0326,2024-03,Hampshire Constabulary,Hampshire Constabulary,-1.403530,50.859250,On or near Fairview Parade,E01023039,New Forest 009D,Violence and sexual offences,Unable to prosecute suspect,
fd9abf192df02bd72687e41dd0472ae0df9715b8352410bfa226f149612f68ae,2024-03,Hampshire Constabulary,Hampshire Constabulary,-1.411890,50.867880,On or near Lower Mullin'S Lane,E01023040,New Forest 009E,Violence and sexual offences,Unable to prosecute suspect,
8ff4fb09ee25eb917c1f6ac96d865e7f985b515b6c277bce144191b60ac6da74,2024-03,Hampshire Constabulary,Hampshire Constabulary,-1.410302,50.860777,On or near The Wicket,E01023040,New Forest 009E,Other theft,Status update unavailable,
583ac71bb000ada6dd277d341069281a7f010333187a6de4f48b369ed6b94a62,2024-03,Hampshire Constabulary,Hampshire Constabulary,-1.412123,50.860588,On or near Marlborough Court,E01023040,New Forest 009E,Public order,Investigation complete; no suspect identified,
fa8de776b6c1860186d0d02aed27ad7b10c54aaa1121398d6590fa49f0226216,2024-03,Hampshire Constabulary,Hampshire Constabulary,-1.769400,50.861651,On or near Highwood Lane,E01023026,New Forest 010A,Violence and sexual offences,Local resolution,
88c26bff217beee8e4b64088ee513059463fdd94de8f17c3861ae2989eebd818,2024-03,Hampshire Constabulary,Hampshire Constabulary,-1.771260,50.891123,On or near Newtown Lane,E01023026,New Forest 010A,Burglary,Investigation complete; no suspect identified,
14bc99343c70b27b3a815cddb0fddf1b80bb99599e891f08e34f9751ad9104f7,2024-03,Hampshire Constabulary,Hampshire Constabulary,-1.788379,50.859158,On or near Petrol Station,E01023026,New Forest 010A,Burglary,Status update unavailable,
33f923b372eba7f4d783966be56e7dfbaa1eb948e6b6cee6848276cf6f9a5a1e,2024-03,Hampshire Constabulary,Hampshire Constabulary,-1.780089,50.863749,On or near Snails Lane,E01023026,New Forest 010A,Criminal damage and arson,Investigation complete; no suspect identified,
e77b07da26b0318276452088f99a206e8560313c3a8fd558e208fb7fe596cf56,2024-03,Hampshire Constabulary,Hampshire Constabulary,-1.777674,50.890749,On or near Ibsley Drove,E01023026,New Forest 010A,Other theft,Investigation complete; no suspect identified,
ba9a7d379d0d1614a683225a621705f8d602fd00b47e92e9c669b7f5b8c3e9ba,2024-03,Hampshire Constabulary,Hampshire Constabulary,-1.788379,50.859158,On or near Petrol Station,E01023026,New Forest 010A,Other theft,Investigation complete; no suspect identified,
07b54bd61d144d036628779a126aa01850959669190fef2c7d594f5173b01152,2024-03,Hampshire Constabulary,Hampshire Constabulary,-1.738978,50.882396,On or near Parking Area,E01023026,New Forest 010A,Public order,Investigation complete; no suspect identified,
c8603b713d417dc7aecd64995d47cf3f903e5e3bc0e8e137a30ab7caf56346bb,2024-03,Hampshire Constabulary,Hampshire Constabulary,-1.788379,50.859158,On or near Petrol Station,E01023026,New Forest 010A,Shoplifting,Investigation complete; no suspect identified,
95938afdcff541afc06054376bcc5ab8a567f34adc27570011287136241d0bf7,2024-03,Hampshire Constabulary,Hampshire Constabulary,-1.781444,50.874983,On or near Park/Open Space,E01023026,New Forest 010A,Vehicle crime,Investigation complete; no suspect identified,
dd46986a7ce1c04058ecc9c81be5d1fcadd06760f1c1528dac7ef01655a2a77a,2024-03,Hampshire Constabulary,Hampshire Constabulary,-1.750375,50.864238,On or near Highwood Lane,E01023026,New Forest 010A,Violence and sexual offences,Investigation complete; no suspect identified,
908a4d26bdf4be8caffad45e64f1f92cce7b27e09b41225af9efdd7cd7f8cf45,2024-03,Hampshire Constabulary,Hampshire Constabulary,-1.768394,50.895488,On or near Brookside,E01023026,New Forest 010A,Violence and sexual offences,Further investigation is not in the public interest,
30031b64fd0398aff40f5be11426b31b90a08c8f4b47a657895a44afaff66545,2024-03,Hampshire Constabulary,Hampshire Constabulary,-1.768394,50.895488,On or near Brookside,E01023026,New Forest 010A,Violence and sexual offences,Further investigation is not in the public interest,
052d6a656cb3843125637b6ae4504662e3a14ffd78bfd62e8f70e23f7e735dc6,2024-03,Hampshire Constabulary,Hampshire Constabulary,-1.768394,50.895488,On or near Brookside,E01023026,New Forest 010A,Violence and sexual offences,Unable to prosecute suspect,
412ed2238275c24c29eb1d5ff304012feba7d810f3202b8edcd0565d14515292,2024-03,Hampshire Constabulary,Hampshire Constabulary,-1.751685,50.842299,On or near Forest Lane,E01023062,New Forest 010B,Violence and sexual offences,Unable to prosecute suspect,
81e24f0832ad1f95440aa8c0bb2ebc171933623f6419ed69034fc6a8bd9d1e85,2024-03,Hampshire Constabulary,Hampshire Constabulary,-1.771447,50.844057,On or near Ash Grove,E01023062,New Forest 010B,Other crime,Formal action is not in the public interest,
,2024-03,Hampshire Constabulary,Hampshire Constabulary,-1.744317,50.849639,On or near Hightown Hill,E01023062,New Forest 010B,Anti-social behaviour,,
042bb8de582483ae2a5ed386d527573d72e1e2ef46d0a8d73b936ed9debaeef7,2024-03,Hampshire Constabulary,Hampshire Constabulary,-1.741463,50.849282,On or near Picket Hill,E01023062,New Forest 010B,Burglary,Investigation complete; no suspect identified,
e52cfba118f87a90fcc33d9f94dd349567118995fd2ee3879d660dbdb830da21,2024-03,Hampshire Constabulary,Hampshire Constabulary,-1.771447,50.844057,On or near Ash Grove,E01023062,New Forest 010B,Violence and sexual offences,Unable to prosecute suspect,
d8469c9cab329d6aa5ecd701b64b3c0748c4a76cabea7e6a867844bb0c43d194,2024-03,Hampshire Constabulary,Hampshire Constabulary,-1.768965,50.854771,On or near Poulner Park,E01023064,New Forest 010C,Public order,Unable to prosecute suspect,
223ace4fc740e5d06b2b7d964929dd434a70885a7aa2d74e50c5e9458de1f795,2024-03,Hampshire Constabulary,Hampshire Constabulary,-1.771024,50.852141,On or near Whitehart Fields,E01023064,New Forest 010C,Violence and sexual offences,Unable to prosecute suspect,
dc4b1a5bfdcb91fd8c724d9821824420d75e1023ed4abc0caf8cac3b842f8e71,2024-03,Hampshire Constabulary,Hampshire Constabulary,-1.771024,50.852141,On or near Whitehart Fields,E01023064,New Forest 010C,Violence and sexual offences,Investigation complete; no suspect identified,
117711057bcf6d8cecb4e68d6e9bd98f787cbafa365dc24e5af76a2588ce0722,2024-03,Hampshire Constabulary,Hampshire Constabulary,-1.769415,50.852929,On or near Cunningham Close,E01023064,New Forest 010C,Violence and sexual offences,Unable to prosecute suspect,
54bc4f1a2d557d30073e4f72df54112ec19ceabb41ec36238dea5440f6be81e2,2024-03,Hampshire Constabulary,Hampshire Constabulary,-1.778531,50.850815,On or near Beechcroft Mews,E01023066,New Forest 010D,Public order,Unable to prosecute suspect,
4b634daf8a2ebceef373544d74838ff9a76fa4c0052ed6be92cfb7aa1b1b87f0,2024-03,Hampshire Constabulary,Hampshire Constabulary,-1.782736,50.850823,On or near Georgian Close,E01023066,New Forest 010D,Violence and sexual offences,Action to be taken by another organisation,
,2024-03,Hampshire Constabulary,Hampshire Constabulary,-1.783173,50.851372,On or near Highfield Road,E01023066,New Forest 010D,Anti-social behaviour,,
733f61a25674326cfc6fba1067eb79233bdfdc565514d0ddef3da7ba430f64ee,2024-03,Hampshire Constabulary,Hampshire Constabulary,-1.778996,50.857605,On or near Waterside Close,E01023066,New Forest 010D,Criminal damage and arson,Investigation complete; no suspect identified,
c5d7d1c2c7b750346ccec91ca29c9a372299593e66d200b7e6cb4b988a952a39,2024-03,Hampshire Constabulary,Hampshire Constabulary,-1.788217,50.851328,On or near Gravel Lane,E01023066,New Forest 010D,Criminal damage and arson,Investigation complete; no suspect identified,
3162111f8ff22ed1de209e5782c171116bc86008a9057773b7ea56fca356d469,2024-03,Hampshire Constabulary,Hampshire Constabulary,-1.774592,50.857543,On or near Kingfisher Way,E01023067,New Forest 010E,Drugs,Status update unavailable,
0939325225dfd75773e4988bf7bdbedbcdc6f26c1ba6d71ba298c84caa0fa5f4,2024-03,Hampshire Constabulary,Hampshire Constabulary,-1.770506,50.859307,On or near Lin Brook Drive,E01023067,New Forest 010E,Other theft,Investigation complete; no suspect identified,
9fd139d1d6c72b2233bd01e426858a80ec1679a32dffbe147633bcfb4174620b,2024-03,Hampshire Constabulary,Hampshire Constabulary,-1.770506,50.859307,On or near Lin Brook Drive,E01023067,New Forest 010E,Vehicle crime,Investigation complete; no suspect identified,
faf5b475a08c824524df979f466d9b1abc9b9ac95f69063adcad1ee1a1f40fe6,2024-03,Hampshire Constabulary,Hampshire Constabulary,-1.770506,50.859307,On or near Lin Brook Drive,E01023067,New Forest 010E,Vehicle crime,Investigation complete; no suspect identified,
ce6395d93bb63f8ebda35ff6e52a187eda46bd268b8e86349fc0317cb22d7c60,2024-03,Hampshire Constabulary,Hampshire Constabulary,-1.768401,50.856937,On or near Dene Close,E01023067,New Forest 010E,Violence and sexual offences,Unable to prosecute suspect,
e1e712a48b5340730fa47c5203b49bbabbfddf22ed6fcdb974f12d7bfba2aced,2024-03,Hampshire Constabulary,Hampshire Constabulary,-1.415580,50.859122,On or near Water Lane,E01023003,New Forest 011A,Violence and sexual offences,Unable to prosecute suspect,
928ce033fae4d1ae09c6a64fde22f65a3711aa0bcc9dd84f55ab691e80576c8f,2024-03,Hampshire Constabulary,Hampshire Constabulary,-1.412570,50.852138,On or near Crete Cottages,E01023003,New Forest 011A,Violence and sexual offences,Unable to prosecute suspect,
8b05d74a8f9f0f31ab91116de57ca5103e5ddad66f9af16ac364cef38eca63d6,2024-03,Hampshire Constabulary,Hampshire Constabulary,-1.419559,50.853333,On or near Depden Gardens,E01023003,New Forest 011A,Violence and sexual offences,Unable to prosecute suspect,
8c264006275fa7424d214904c5a7fd54bf919237ca71a6ca5d17030d060753d5,2024-03,Hampshire Constabulary,Hampshire Constabulary,-1.419559,50.853333,On or near Depden Gardens,E01023003,New Forest 011A,Violence and sexual offences,Unable to prosecute suspect,
,2024-03,Hampshire Constabulary,Hampshire Constabulary,-1.412307,50.852730,On or near Watermans Lane,E01023003,New Forest 011A,Anti-social behaviour,,
,2024-03,Hampshire Constabulary,Hampshire Constabulary,-1.413868,50.854060,On or near Lawnswood Close,E01023003,New Forest 011A,Anti-social behaviour,,
,2024-03,Hampshire Constabulary,Hampshire Constabulary,-1.415580,50.859122,On or near Water Lane,E01023003,New Forest 011A,Anti-social behaviour,,
,2024-03,Hampshire Constabulary,Hampshire Constabulary,-1.417283,50.855830,On or near North Road,E01023003,New Forest 011A,Anti-social behaviour,,
de774842ea77cb37afcd4e2210b8831998e9e0b2900629311fb4790f2af3a5d4,2024-03,Hampshire Constabulary,Hampshire Constabulary,-1.415121,50.854938,On or near Haynes Way,E01023003,New Forest 011A,Burglary,Investigation complete; no suspect identified,
2735de5ce93863e77969b26ea4f893965f1545db3705a231d7ad5603bff2c7da,2024-03,Hampshire Constabulary,Hampshire Constabulary,-1.417829,50.853072,On or near Oak Road,E01023003,New Forest 011A,Criminal damage and arson,Investigation complete; no suspect identified,
74eb78eef44991c96ce714f8e2be4307e82bb2c852dc228d4f37de86efd0dd82,2024-03,Hampshire Constabulary,Hampshire Constabulary,-1.401901,50.852236,On or near Wildground Lane,E01023004,New Forest 011B,Public order,Unable to prosecute suspect,
da640a3ee714ac332cf641014e61f3e10d24c0fe0ed5a29266a2d47d5e69f6dd,2024-03,Hampshire Constabulary,Hampshire Constabulary,-1.399620,50.850633,On or near Ashleigh Close,E01023004,New Forest 011B,Violence and sexual offences,Unable to prosecute suspect,
8bb184b4eac3165553ad30f41cf3ed8daa837d0c1625ea2e5e59e4428e6995c5,2024-03,Hampshire Constabulary,Hampshire Constabulary,-1.400192,50.851436,On or near Yelverton Avenue,E01023004,New Forest 011B,Criminal damage and arson,Investigation complete; no suspect identified,
7c3818d21ca6266d3730f3fba9467e4c7a46762273e8878e34124b724f31d663,2024-03,Hampshire Constabulary,Hampshire Constabulary,-1.399620,50.850633,On or near Ashleigh Close,E01023004,New Forest 011B,Criminal damage and arson,Investigation complete; no suspect identified,
3adf4a8301de3d510dfb5b20d66db6d11507b8c67a7db5a4875d98e84547199c,2024-03,Hampshire Constabulary,Hampshire Constabulary,-1.402449,50.849308,On or near Buttsash Avenue,E01023004,New Forest 011B,Criminal damage and arson,Unable to prosecute suspect,
36ad19c1938cbca5c0926f60c1c11254b5c9803dc56e050797c0a9671a372141,2024-03,Hampshire Constabulary,Hampshire Constabulary,-1.400869,50.854021,On or near Northbourne Close,E01023004,New Forest 011B,Criminal damage and arson,Investigation complete; no suspect identified,
afb9bdf20bb2748940da924f2ec44240dcadb34dc5bb627a5e5c702e8fc9a6ae,2024-03,Hampshire Constabulary,Hampshire Constabulary,-1.402449,50.849308,On or near Buttsash Avenue,E01023004,New Forest 011B,Other theft,Investigation complete; no suspect identified,
98546d437fee4f0efeec7712c188101cfc492b8e8295902994cd784495684e93,2024-03,Hampshire Constabulary,Hampshire Constabulary,-1.402512,50.853283,On or near Wildground Lane,E01023004,New Forest 011B,Public order,Status update unavailable,
606064435561288dae2a50b83b184f2aea211cd9a47f1ace95af2ff13ce83c71,2024-03,Hampshire Constabulary,Hampshire Constabulary,-1.399953,50.854564,On or near Buttercup Close,E01023004,New Forest 011B,Public order,Unable to prosecute suspect,
c3c22312f070624158121f80e030674e084cf4a91114fc70739d6357a9172b56,2024-03,Hampshire Constabulary,Hampshire Constabulary,-1.403517,50.851363,On or near Fir Tree Grove,E01023004,New Forest 011B,Violence and sexual offences,Unable to prosecute suspect,
22c9d0db7235a2d9d91de1273fb273e7bbbb5736a316035d2a56bcce0073a92f,2024-03,Hampshire Constabulary,Hampshire Constabulary,-1.407327,50.851104,On or near Arnwood Avenue,E01023005,New Forest 011C,Criminal damage and arson,Investigation complete; no suspect identified,
,2024-03,Hampshire Constabulary,Hampshire Constabulary,-1.409984,50.852214,On or near Crete Road,E01023005,New Forest 011C,Anti-social behaviour,,
,2024-03,Hampshire Constabulary,Hampshire Constabulary,-1.408269,50.853033,On or near Armitage Avenue,E01023005,New Forest 011C,Anti-social behaviour,,
81fef0625c9d6956891db3b692bb25d1d7c897eec4737788679289d76ad2e905,2024-03,Hampshire Constabulary,Hampshire Constabulary,-1.410923,50.855501,On or near Amberslade Walk,E01023005,New Forest 011C,Burglary,Investigation complete; no suspect identified,
e5b9844ade42b81d044bea2b80fffa8014536356040f86c777ee70d5094b92de,2024-03,Hampshire Constabulary,Hampshire Constabulary,-1.407327,50.851104,On or near Arnwood Avenue,E01023005,New Forest 011C,Criminal damage and arson,Investigation complete; no suspect identified,
c700efaa807be71b08c9b5378af92555f93aefca682231bfafe3c1c2c730b845,2024-03,Hampshire Constabulary,Hampshire Constabulary,-1.403508,50.853189,On or near Andrew Close,E01023005,New Forest 011C,Criminal damage and arson,Investigation complete; no suspect identified,
4a72dba3aae1939d133fa141d8b5fd2e17d5cb870de6eac63e5f806014ac0d10,2024-03,Hampshire Constabulary,Hampshire Constabulary,-1.408269,50.853033,On or near Armitage Avenue,E01023005,New Forest 011C,Violence and sexual offences,Status update unavailable,
bdacdafe45d2f96ebc1f4eae1437786fcf98d1d25cdbfc7d6035b368b2922c25,2024-03,Hampshire Constabulary,Hampshire Constabulary,-1.407283,50.850115,On or near Butts Ash Lane,E01023005,New Forest 011C,Violence and sexual offences,Unable to prosecute suspect,
d29ea545f5fba3e01730a667ab4a76a9d8d43b1a1a1b0b309c0f35ab741faf6b,2024-03,Hampshire Constabulary,Hampshire Constabulary,-1.409984,50.852214,On or near Crete Road,E01023005,New Forest 011C,Violence and sexual offences,Investigation complete; no suspect identified,
9ac902389024a86e66095c8528dc05d3ecc013198c384019dca167b50ba2051b,2024-03,Hampshire Constabulary,Hampshire Constabulary,-1.409984,50.852214,On or near Crete Road,E01023005,New Forest 011C,Other crime,Further action is not in the public interest,
44064464f8e391f13d7bad612b398381ced596ceed6cfddd3b9013c09b0c2bc4,2024-03,Hampshire Constabulary,Hampshire Constabulary,-1.397068,50.846942,On or near Cedar Road,E01023006,New Forest 011D,Criminal damage and arson,Investigation complete; no suspect identified,
26b3fd7ea1ca00ad401aec67f39cb2b1ee85ef16a63b288190dbd85c5b0512a7,2024-03,Hampshire Constabulary,Hampshire Constabulary,-1.398918,50.846628,On or near Forsythia Close,E01023006,New Forest 011D,Other theft,Unable to prosecute suspect,
ebda1770b010fe7a187b67b840e03e86b872d5f39ec35fb64c894f9d2b646f92,2024-03,Hampshire Constabulary,Hampshire Constabulary,-1.397128,50.847751,On or near Laburnum Crescent,E01023006,New Forest 011D,Possession of weapons,Court result unavailable,
7c1add92e55779492aa71bf65afd52c1eb936cb987d3132cb407c8b8ede1088d,2024-03,Hampshire Constabulary,Hampshire Constabulary,-1.397128,50.847751,On or near Laburnum Crescent,E01023006,New Forest 011D,Possession of weapons,Court result unavailable,
ce79b4a8bea48597afa88698da372d2d7ea0f0d86e7b401341a0f1fd4be8e9e2,2024-03,Hampshire Constabulary,Hampshire Constabulary,-1.397068,50.846942,On or near Cedar Road,E01023006,New Forest 011D,Public order,Investigation complete; no suspect identified,
e382515943d4da73922d730461da83eb63b4e4bd7d638564f4628781b5469769,2024-03,Hampshire Constabulary,Hampshire Constabulary,-1.395424,50.848804,On or near Hamilton Road,E01023006,New Forest 011D,Violence and sexual offences,Unable to prosecute suspect,
cac215e1ecedcc41e7d53eafdeee0b202ef5bfac75658093bbd0fb7d9659ebab,2024-03,Hampshire Constabulary,Hampshire Constabulary,-1.401559,50.846722,On or near Sports/Recreation Area,E01023006,New Forest 011D,Violence and sexual offences,Awaiting court outcome,
e34ff64fc0812ddf81f7b7663b2694978e785916f7b93887565694a594645bfa,2024-03,Hampshire Constabulary,Hampshire Constabulary,-1.400956,50.847250,On or near Holly Close,E01023006,New Forest 011D,Violence and sexual offences,Offender given a caution,
84a2f8a666cbad908a26590c1f1a3951ce3a55566a625c6408a306240c05d91e,2024-03,Hampshire Constabulary,Hampshire Constabulary,-1.397851,50.849014,On or near Beech Crescent,E01023006,New Forest 011D,Violence and sexual offences,Unable to prosecute suspect,
0372e003d547ce804d1892232eb3736f2ef37c682787611cabf77aa9c01d6929,2024-03,Hampshire Constabulary,Hampshire Constabulary,-1.397851,50.849014,On or near Beech Crescent,E01023006,New Forest 011D,Violence and sexual offences,Unable to prosecute suspect,
237a4e7d0d22b7f2dcf544943b8aafdcfe8626e70602309f09278abf2a7fb051,2024-03,Hampshire Constabulary,Hampshire Constabulary,-1.395424,50.848804,On or near Hamilton Road,E01023006,New Forest 011D,Violence and sexual offences,Unable to prosecute suspect,
30cb46eccb7474712cebecc652b61bf507bb368ddeab3295d442652dffae944b,2024-03,Hampshire Constabulary,Hampshire Constabulary,-1.397851,50.849014,On or near Beech Crescent,E01023006,New Forest 011D,Violence and sexual offences,Unable to prosecute suspect,
68a44c232df0e7f2436227fb5376b469f5c1256740f7f9e6453e22e83b54631a,2024-03,Hampshire Constabulary,Hampshire Constabulary,-1.397851,50.849014,On or near Beech Crescent,E01023006,New Forest 011D,Violence and sexual offences,Unable to prosecute suspect,
,2024-03,Hampshire Constabulary,Hampshire Constabulary,-1.397068,50.846942,On or near Cedar Road,E01023006,New Forest 011D,Anti-social behaviour,,
,2024-03,Hampshire Constabulary,Hampshire Constabulary,-1.398349,50.847866,On or near Stokesay Close,E01023006,New Forest 011D,Anti-social behaviour,,
8553b8d8f1df9cece0c045155d0c23d06c510b9ed779ae1dbf96bdb38f2a8bb9,2024-03,Hampshire Constabulary,Hampshire Constabulary,-1.395018,50.848343,On or near Maple Road,E01023006,New Forest 011D,Criminal damage and arson,Status update unavailable,
f012060e07edfc28a0fa260436eff0de8e02971528be0303f918db737499d0f9,2024-03,Hampshire Constabulary,Hampshire Constabulary,-1.397128,50.847751,On or near Laburnum Crescent,E01023006,New Forest 011D,Possession of weapons,Status update unavailable,
4d5b61c0a3c9580900baf787f1e675c73c9721aa609abb51dfbcb0f798d6c9f4,2024-03,Hampshire Constabulary,Hampshire Constabulary,-1.401559,50.846722,On or near Sports/Recreation Area,E01023006,New Forest 011D,Violence and sexual offences,Status update unavailable,
3db1bc93e1f80d94833c7aa19fa5dc23039898bc55d225c5d1f0352eafdda793,2024-03,Hampshire Constabulary,Hampshire Constabulary,-1.395018,50.848343,On or near Maple Road,E01023006,New Forest 011D,Violence and sexual offences,Status update unavailable,
c178af8f6d2f7e24da9bd19d341fddcde28a5d6c83d7c168ed86e1cfdde7eb4e,2024-03,Hampshire Constabulary,Hampshire Constabulary,-1.392803,50.855957,On or near Hamilton Mews,E01023028,New Forest 011E,Burglary,Unable to prosecute suspect,
244ed5010df301515af2d44d1ea36fa6de69c11a014b6cf4a6cd55770e4a26e1,2024-03,Hampshire Constabulary,Hampshire Constabulary,-1.398390,50.860105,On or near Adams Road,E01023028,New Forest 011E,Criminal damage and arson,Court result unavailable,
91a57cf3cd8a35332764b947d813a0d3252478e47cc77389196c1fa77ac2c0c0,2024-03,Hampshire Constabulary,Hampshire Constabulary,-1.398293,50.861039,On or near Deerleap Way,E01023028,New Forest 011E,Criminal damage and arson,Unable to prosecute suspect,
c8d80012e5a24b8983b44c2435d357e36041e1762b7b6a575e5a67a1f1c2bf9f,2024-03,Hampshire Constabulary,Hampshire Constabulary,-1.400446,50.858254,On or near Rose Close,E01023028,New Forest 011E,Other theft,Unable to prosecute suspect,
6310798eb7e04e14a7a1d014794cf82deae8b83f93781f0ccec024f3b84edadd,2024-03,Hampshire Constabulary,Hampshire Constabulary,-1.391623,50.857165,On or near Spinney Dale,E01023028,New Forest 011E,Violence and sexual offences,Unable to prosecute suspect,
0d813d49816d6baf88cf1d2a7f72fa74d2a250c3bd982fad626cf598849eccaa,2024-03,Hampshire Constabulary,Hampshire Constabulary,-1.393753,50.859370,On or near Bluebell Gardens,E01023028,New Forest 011E,Violence and sexual offences,Unable to prosecute suspect,
106c15dcc1b9de6e6b9dd6c72f23bc88ea3de4479644d11b30da02fb1759f1f4,2024-03,Hampshire Constabulary,Hampshire Constabulary,-1.398390,50.860105,On or near Adams Road,E01023028,New Forest 011E,Violence and sexual offences,Local resolution,
29e5051c6a8b4591b8601dba99cab18b84153e9c754c454fa6566bdc52d988b1,2024-03,Hampshire Constabulary,Hampshire Constabulary,-1.392803,50.855957,On or near Hamilton Mews,E01023028,New Forest 011E,Violence and sexual offences,Unable to prosecute suspect,
,2024-03,Hampshire Constabulary,Hampshire Constabulary,-1.400446,50.858254,On or near Rose Close,E01023028,New Forest 011E,Anti-social behaviour,,
,2024-03,Hampshire Constabulary,Hampshire Constabulary,-1.395379,50.858902,On or near Furzey Avenue,E01023028,New Forest 011E,Anti-social behaviour,,
,2024-03,Hampshire Constabulary,Hampshire Constabulary,-1.398917,50.855602,On or near Buttsbridge Road,E01023028,New Forest 011E,Anti-social behaviour,,
e560d78be60ff69d1cd08d2cb800a5b206de4ac772bfcf1105a4a518cd8f7e1c,2024-03,Hampshire Constabulary,Hampshire Constabulary,-1.398500,50.859251,On or near Ladycross Road,E01023028,New Forest 011E,Criminal damage and arson,Investigation complete; no suspect identified,
bce7206b640c05097312fa89be7bee7d13ef8c8c995e8e00861e9f9e124b0e56,2024-03,Hampshire Constabulary,Hampshire Constabulary,-1.397659,50.857322,On or near Rosebery Avenue,E01023028,New Forest 011E,Public order,Unable to prosecute suspect,
b869dc0ca0dc5b0d2f33ad37fff95b950f19c496138fdf7d20c45717e1edfb98,2024-03,Hampshire Constabulary,Hampshire Constabulary,-1.390579,50.856593,On or near Frost Lane,E01023028,New Forest 011E,Violence and sexual offences,Unable to prosecute suspect,
41567eb59bf4d2795d92235bbdb58c20be237d80e1f0df7d3ab41399e142de06,2024-03,Hampshire Constabulary,Hampshire Constabulary,-1.398390,50.860105,On or near Adams Road,E01023028,New Forest 011E,Violence and sexual offences,Unable to prosecute suspect,
31d20ec92a0308740ee0b68e788aab14bdbaed77b351628e526f0c48bcac7366,2024-03,Hampshire Constabulary,Hampshire Constabulary,-1.396297,50.867072,On or near Dominy Close,E01023037,New Forest 011F,Burglary,Investigation complete; no suspect identified,
a81f71479190fb9438af09e60dccd6151ce01f59673152f00c995fb128f5ca1a,2024-03,Hampshire Constabulary,Hampshire Constabulary,-1.396297,50.867072,On or near Dominy Close,E01023037,New Forest 011F,Criminal damage and arson,Unable to prosecute suspect,
a5cdd12e0e0ef82297db073e929ed149db2f27771eacc94e671ecfd7804c0467,2024-03,Hampshire Constabulary,Hampshire Constabulary,-1.396297,50.867072,On or near Dominy Close,E01023037,New Forest 011F,Public order,Unable to prosecute suspect,
3f27070503fd3e65e1d22ed941df8ff477f1fc9410182ca3057ac9b4179bcb23,2024-03,Hampshire Constabulary,Hampshire Constabulary,-1.395789,50.860190,On or near Burnett Close,E01023037,New Forest 011F,Public order,Action to be taken by another organisation,
5195da69b7de2ad4db6690d9bd64061f645a2ed968cc3117711de23a52cb4c07,2024-03,Hampshire Constabulary,Hampshire Constabulary,-1.396123,50.868402,On or near Sir Christopher Court,E01023037,New Forest 011F,Robbery,Investigation complete; no suspect identified,
774779c1eb8fdc10131b2d8c1c65bba8de1b4283f6c982873696823b90683ebd,2024-03,Hampshire Constabulary,Hampshire Constabulary,-1.396297,50.867072,On or near Dominy Close,E01023037,New Forest 011F,Violence and sexual offences,Unable to prosecute suspect,
9feb5df3160d82b29e7804a3b361ffd1844e0a061cd625d01b378c202e43ad15,2024-03,Hampshire Constabulary,Hampshire Constabulary,-1.395789,50.860190,On or near Burnett Close,E01023037,New Forest 011F,Violence and sexual offences,Formal action is not in the public interest,
f132115ae9ca9366557fb004d02f8f0701d5844e03dbd449bfd46966e147eb64,2024-03,Hampshire Constabulary,Hampshire Constabulary,-1.401000,50.860424,On or near Knightstone Grange,E01023037,New Forest 011F,Violence and sexual offences,Local resolution,
d071b4ac2db834a1493f5930686afded3f59aaea32ebfa5738caca0986e6d9ca,2024-03,Hampshire Constabulary,Hampshire Constabulary,-1.400401,50.860628,On or near Croft Close,E01023037,New Forest 011F,Violence and sexual offences,Unable to prosecute suspect,
af56bc31c208e29c40ee2e1ef34f034c78394f9b1ef860ef566ee251e9b62cf5,2024-03,Hampshire Constabulary,Hampshire Constabulary,-1.398997,50.865962,On or near South Street,E01023037,New Forest 011F,Violence and sexual offences,Investigation complete; no suspect identified,
7134757fb9172e7d1eb0619bc203bfaab8c1d40708b5f73d544509100024a056,2024-03,Hampshire Constabulary,Hampshire Constabulary,-1.396297,50.867072,On or near Dominy Close,E01023037,New Forest 011F,Violence and sexual offences,Unable to prosecute suspect,
c60e72f3bcfbdb916168ae143520cff12cfaa49026e40914557d476e9565e819,2024-03,Hampshire Constabulary,Hampshire Constabulary,-1.396297,50.867072,On or near Dominy Close,E01023037,New Forest 011F,Violence and sexual offences,Unable to prosecute suspect,
fac684802f33a8b68ed61f6487b13d0efcfd5336dff2d2621ce92e4d472efcab,2024-03,Hampshire Constabulary,Hampshire Constabulary,-1.394086,50.867672,On or near Wadmore Close,E01023037,New Forest 011F,Violence and sexual offences,Unable to prosecute suspect,
ca2936197e57fcfdf60bb64ab4e0863eeeed670d82c27b5cfd9c9e4066563c79,2024-03,Hampshire Constabulary,Hampshire Constabulary,-1.394608,50.867963,On or near Scott-Paine Drive,E01023037,New Forest 011F,Violence and sexual offences,Unable to prosecute suspect,
977cfe734bad9bbae85c9e2e23b2005598f173ef7eff5ac2f3728ccfa3602667,2024-03,Hampshire Constabulary,Hampshire Constabulary,-1.396598,50.865743,On or near Park Close,E01023037,New Forest 011F,Criminal damage and arson,Investigation complete; no suspect identified,
eee0b0e353ebd2d401f0d45bcee620f354c78780e536f626c33f68a5db844c10,2024-03,Hampshire Constabulary,Hampshire Constabulary,-1.395789,50.860190,On or near Burnett Close,E01023037,New Forest 011F,Criminal damage and arson,Investigation complete; no suspect identified,
42bc88b42869334a8e0618bdda4380ef56e3f7cb413b73b430f16bc642d46d77,2024-03,Hampshire Constabulary,Hampshire Constabulary,-1.396297,50.867072,On or near Dominy Close,E01023037,New Forest 011F,Drugs,Local resolution,
478db6e003e4ff20d724d3f89ed4b202962e3bb047f240820faf87f17cd75df6,2024-03,Hampshire Constabulary,Hampshire Constabulary,-1.400401,50.860628,On or near Croft Close,E01023037,New Forest 011F,Other theft,Investigation complete; no suspect identified,
29c061b15eb30b04f5cc971e452218603086d92ab5dcf047df033a6731d43dad,2024-03,Hampshire Constabulary,Hampshire Constabulary,-1.398997,50.865962,On or near South Street,E01023037,New Forest 011F,Violence and sexual offences,Investigation complete; no suspect identified,
201a7ddc6995254e9b72540ecf82cb2306d35d3d5a70cc661ab0002350f611ba,2024-03,Hampshire Constabulary,Hampshire Constabulary,-1.401000,50.860424,On or near Knightstone Grange,E01023037,New Forest 011F,Violence and sexual offences,Unable to prosecute suspect,
1df86e7d44516f1a86838dbbf6466a44cfad4d1b8e22487a22490b31326d0145,2024-03,Hampshire Constabulary,Hampshire Constabulary,-1.396297,50.867072,On or near Dominy Close,E01023037,New Forest 011F,Violence and sexual offences,Unable to prosecute suspect,
d17a504fa5f944f5f7512b85cf4bcbcd0785b23ee23103c55c99c2a91b87d2b2,2024-03,Hampshire Constabulary,Hampshire Constabulary,-1.774355,50.850798,On or near Wessex Estate,E01023065,New Forest 012A,Violence and sexual offences,Unable to prosecute suspect,
,2024-03,Hampshire Constabulary,Hampshire Constabulary,-1.768010,50.849671,On or near Chaffey Close,E01023065,New Forest 012A,Anti-social behaviour,,
,2024-03,Hampshire Constabulary,Hampshire Constabulary,-1.774355,50.850798,On or near Wessex Estate,E01023065,New Forest 012A,Anti-social behaviour,,
a4c04602bdc82089a81a0eed09b218589b818192555830fd3aa50c9d4640e40a,2024-03,Hampshire Constabulary,Hampshire Constabulary,-1.777272,50.849671,On or near Winston Way,E01023065,New Forest 012A,Burglary,Investigation complete; no suspect identified,
577ddc758705416fd3c844e961100c62caf0b491ef5349b629a34b7db27e22db,2024-03,Hampshire Constabulary,Hampshire Constabulary,-1.777272,50.849671,On or near Winston Way,E01023065,New Forest 012A,Burglary,Investigation complete; no suspect identified,
9dde9be7bd58472dc500c6720bbc1f17d465ca180f918fbb3df180a55d3b1293,2024-03,Hampshire Constabulary,Hampshire Constabulary,-1.774355,50.850798,On or near Wessex Estate,E01023065,New Forest 012A,Shoplifting,Status update unavailable,
abcbb29d3ddcd078c7ad7c300e3bfa3eaca35b8ea2cfa0074f7345b6318ae22a,2024-03,Hampshire Constabulary,Hampshire Constabulary,-1.767509,50.850488,On or near The Mount,E01023065,New Forest 012A,Violence and sexual offences,Status update unavailable,
9abfdbe61c31ea67d66902117e70e60904e63f5cfc109e031f4a8633a1df5011,2024-03,Hampshire Constabulary,Hampshire Constabulary,-1.779260,50.846878,On or near Parsonage Barn Lane,E01023068,New Forest 012B,Public order,Unable to prosecute suspect,
792cb74dc414a54d3462ba46b5fd6676cc3feb6a910fb03d2248cfa3421f8485,2024-03,Hampshire Constabulary,Hampshire Constabulary,-1.779260,50.846878,On or near Parsonage Barn Lane,E01023068,New Forest 012B,Shoplifting,Local resolution,
7646a21a2583e777e29f39c5a04e2adb9b4ccd41ff8046a2dfaf184e3e9ed814,2024-03,Hampshire Constabulary,Hampshire Constabulary,-1.775273,50.845800,On or near Poplar Crescent,E01023068,New Forest 012B,Violence and sexual offences,Unable to prosecute suspect,
109a25f138c1706e0ce8a40e44ab81e931a11d8abecd9e4992c0adc37ee48249,2024-03,Hampshire Constabulary,Hampshire Constabulary,-1.774476,50.846149,On or near Poplar Way,E01023068,New Forest 012B,Violence and sexual offences,Unable to prosecute suspect,
a5089b49f7e903e282a23af2e70ffb02d3eff8696cbe10576c890dfd6951f58b,2024-03,Hampshire Constabulary,Hampshire Constabulary,-1.774476,50.846149,On or near Poplar Way,E01023068,New Forest 012B,Violence and sexual offences,Unable to prosecute suspect,
6794ccc28620bd9cf7374bcd8a887c00580cef7f1e682bbd648fbdb67b92b4e9,2024-03,Hampshire Constabulary,Hampshire Constabulary,-1.781935,50.848834,On or near Bishop Court,E01023068,New Forest 012B,Violence and sexual offences,Unable to prosecute suspect,
6a41ea9c9f197965fceb212a286310a423ab6dcdd103ed540074baed988cbf85,2024-03,Hampshire Constabulary,Hampshire Constabulary,-1.775460,50.848417,On or near Keppel Close,E01023068,New Forest 012B,Violence and sexual offences,Unable to prosecute suspect,
e1d3df8c062992395510cdad660af17a4136f0c3e85318a2f2f81fa08c564b8a,2024-03,Hampshire Constabulary,Hampshire Constabulary,-1.782661,50.842298,On or near Charing Close,E01023069,New Forest 012C,Violence and sexual offences,Unable to prosecute suspect,
00894f66dd641fd521605483d9ecce39c16330cc39886e700bfe40a76d9601d5,2024-03,Hampshire Constabulary,Hampshire Constabulary,-1.782200,50.846901,On or near Parking Area,E01023069,New Forest 012C,Violence and sexual offences,Action to be taken by another organisation,
,2024-03,Hampshire Constabulary,Hampshire Constabulary,-1.787085,50.847813,On or near Sports/Recreation Area,E01023069,New Forest 012C,Anti-social behaviour,,
,2024-03,Hampshire Constabulary,Hampshire Constabulary,-1.779811,50.844316,On or near Addison Square,E01023069,New Forest 012C,Anti-social behaviour,,
,2024-03,Hampshire Constabulary,Hampshire Constabulary,-1.779811,50.844316,On or near Addison Square,E01023069,New Forest 012C,Anti-social behaviour,,
1026945a172e1e3bc1edd658b6558c7d92b2737d24b4a66e0720f25da2b44d59,2024-03,Hampshire Constabulary,Hampshire Constabulary,-1.774634,50.842975,On or near Gardner Road,E01023069,New Forest 012C,Burglary,Investigation complete; no suspect identified,
ea1efd0c6cbdddf9ff8f5a13811d8e96c2cc7e7afef5d769e62e7ba658a9971a,2024-03,Hampshire Constabulary,Hampshire Constabulary,-1.774634,50.842975,On or near Gardner Road,E01023069,New Forest 012C,Burglary,Investigation complete; no suspect identified,
916162a2d86822a259be99d48eca8f93f3f16421dabd05e60f2e2350d4ae187f,2024-03,Hampshire Constabulary,Hampshire Constabulary,-1.774634,50.842975,On or near Gardner Road,E01023069,New Forest 012C,Criminal damage and arson,Investigation complete; no suspect identified,
259471c8147f79ce7e229ff9a018b7c344dbbb0f10b6bf7a95d48c193a47ec84,2024-03,Hampshire Constabulary,Hampshire Constabulary,-1.787685,50.846453,On or near Carvers Lane,E01023069,New Forest 012C,Drugs,Status update unavailable,
cc4ad497e992ce6a66f2af3bbd68a417b4f228683a4630f584695c85a70647b4,2024-03,Hampshire Constabulary,Hampshire Constabulary,-1.787085,50.847813,On or near Sports/Recreation Area,E01023069,New Forest 012C,Other crime,Investigation complete; no suspect identified,
4298332803b018a529e36cf5db4ee2aac0725db7288474e42f85d0d90cc4f07b,2024-03,Hampshire Constabulary,Hampshire Constabulary,-1.791326,50.845200,On or near Kingsbury'S Lane,E01023070,New Forest 012D,Criminal damage and arson,Investigation complete; no suspect identified,
ba2d17275ddcc2577c2b06107dc37d0e8c795b22bc82e5ef30f181c336f2b40d,2024-03,Hampshire Constabulary,Hampshire Constabulary,-1.791768,50.846761,On or near Supermarket,E01023070,New Forest 012D,Criminal damage and arson,Investigation complete; no suspect identified,
a805e8a3e6900fec8ef89bd635b91da23fbfef1947a8339f807f7830eb045bb8,2024-03,Hampshire Constabulary,Hampshire Constabulary,-1.789726,50.844271,On or near Bickerley Gardens,E01023070,New Forest 012D,Other theft,Investigation complete; no suspect identified,
a56c3cdd0b9657dec74f3bc347f2e46981d42ebd201db5b181e6a856b25a153d,2024-03,Hampshire Constabulary,Hampshire Constabulary,-1.791768,50.846761,On or near Supermarket,E01023070,New Forest 012D,Other theft,Unable to prosecute suspect,
8b2508a1c7a671193558d844484b79ba4317aabd2e57e20d14b0ad40cdbdfb6b,2024-03,Hampshire Constabulary,Hampshire Constabulary,-1.797544,50.845958,On or near The Bridges,E01023070,New Forest 012D,Other theft,Unable to prosecute suspect,
d45a718c20d48ac6bd219915b5c70a0f5a70143a72b6f40bcfc93c96c9b99cea,2024-03,Hampshire Constabulary,Hampshire Constabulary,-1.791326,50.845200,On or near Kingsbury'S Lane,E01023070,New Forest 012D,Public order,Unable to prosecute suspect,
63706845b3c756d93cac52e3c6ca7a9dba6a7ea18859fe3c562f3bdbe7f5e88a,2024-03,Hampshire Constabulary,Hampshire Constabulary,-1.792675,50.845293,On or near Kings Arms Row,E01023070,New Forest 012D,Public order,Investigation complete; no suspect identified,
2955afe45e00b97ca9108072e75e0254667b8a3a21115c96641712c17893421a,2024-03,Hampshire Constabulary,Hampshire Constabulary,-1.791768,50.846761,On or near Supermarket,E01023070,New Forest 012D,Shoplifting,Formal action is not in the public interest,
0020354933104b8bf80e15511d9acb644ff92c1ce7b425e6559e1896ac3bd7da,2024-03,Hampshire Constabulary,Hampshire Constabulary,-1.791768,50.846761,On or near Supermarket,E01023070,New Forest 012D,Shoplifting,Investigation complete; no suspect identified,
b2b3711692bf338dccada1b1664379a7aeb7f85c06ccda6e3ab9ac59ef7adfbb,2024-03,Hampshire Constabulary,Hampshire Constabulary,-1.793636,50.847855,On or near Supermarket,E01023070,New Forest 012D,Shoplifting,Offender given a caution,
874daeb63f6c31ab656b5f55e2547afe931a03b17f6be1c46ebbcbd01429cf32,2024-03,Hampshire Constabulary,Hampshire Constabulary,-1.797544,50.845958,On or near The Bridges,E01023070,New Forest 012D,Shoplifting,Awaiting court outcome,
27daf00884b04c632b17c3972153a5ebdafdbb005b05fa0034f106556eccbdce,2024-03,Hampshire Constabulary,Hampshire Constabulary,-1.797544,50.845958,On or near The Bridges,E01023070,New Forest 012D,Shoplifting,Unable to prosecute suspect,
da88ad7093b46e435eb75b2701cdb49a2eab0e5c8a649f5af166248b3b1ff610,2024-03,Hampshire Constabulary,Hampshire Constabulary,-1.790290,50.848202,On or near Furlong Mews,E01023070,New Forest 012D,Vehicle crime,Investigation complete; no suspect identified,
4fc5a43feba8882a29bdb7aea9d08b6afe274cb77484275e7de60fd160f6866d,2024-03,Hampshire Constabulary,Hampshire Constabulary,-1.791768,50.846761,On or near Supermarket,E01023070,New Forest 012D,Violence and sexual offences,Court result unavailable,
8b76288851e05c64099734ac02e269e5c2d4d04cb3fe9e3e3b0674cf2ccfb7d4,2024-03,Hampshire Constabulary,Hampshire Constabulary,-1.791326,50.845200,On or near Kingsbury'S Lane,E01023070,New Forest 012D,Violence and sexual offences,Unable to prosecute suspect,
82a36fee530eadf6cba2a529c175f6a0e43b69116ba9e8775e08e45f6ebf88a8,2024-03,Hampshire Constabulary,Hampshire Constabulary,-1.791326,50.845200,On or near Kingsbury'S Lane,E01023070,New Forest 012D,Violence and sexual offences,Unable to prosecute suspect,
8dabecfe950fb84e57716b78a076968d19f427ec521e4bcf7a810afca6e2afd1,2024-03,Hampshire Constabulary,Hampshire Constabulary,-1.791768,50.846761,On or near Supermarket,E01023070,New Forest 012D,Violence and sexual offences,Court result unavailable,
9d3b1332662c3757acbb55d45ead25b7e29cbffcb928252aa359045304b732de,2024-03,Hampshire Constabulary,Hampshire Constabulary,-1.791768,50.846761,On or near Supermarket,E01023070,New Forest 012D,Violence and sexual offences,Investigation complete; no suspect identified,
031b14ae61fbf6bece1c406609b744392201a43c45a244eb4ddcd6e85fdd4c8d,2024-03,Hampshire Constabulary,Hampshire Constabulary,-1.788130,50.848549,On or near Frampton Place,E01023070,New Forest 012D,Violence and sexual offences,Unable to prosecute suspect,
,2024-03,Hampshire Constabulary,Hampshire Constabulary,-1.787729,50.842829,On or near Coxstone Lane,E01023070,New Forest 012D,Anti-social behaviour,,
,2024-03,Hampshire Constabulary,Hampshire Constabulary,-1.789092,50.846168,On or near The Close,E01023070,New Forest 012D,Anti-social behaviour,,
,2024-03,Hampshire Constabulary,Hampshire Constabulary,-1.790381,50.847069,On or near Mansfield Road,E01023070,New Forest 012D,Anti-social behaviour,,
,2024-03,Hampshire Constabulary,Hampshire Constabulary,-1.791768,50.846761,On or near Supermarket,E01023070,New Forest 012D,Anti-social behaviour,,
,2024-03,Hampshire Constabulary,Hampshire Constabulary,-1.791768,50.846761,On or near Supermarket,E01023070,New Forest 012D,Anti-social behaviour,,
,2024-03,Hampshire Constabulary,Hampshire Constabulary,-1.791768,50.846761,On or near Supermarket,E01023070,New Forest 012D,Anti-social behaviour,,
,2024-03,Hampshire Constabulary,Hampshire Constabulary,-1.790381,50.847069,On or near Mansfield Road,E01023070,New Forest 012D,Anti-social behaviour,,
cdce98d682f28651a75d8610a071450669c8e451425555fe42482000c1fa1f2c,2024-03,Hampshire Constabulary,Hampshire Constabulary,-1.790381,50.847069,On or near Mansfield Road,E01023070,New Forest 012D,Public order,Investigation complete; no suspect identified,
cfe79a7f4335369e857fdff1c91a8905ba070d7476de2b44e8bf90d5577ca0c8,2024-03,Hampshire Constabulary,Hampshire Constabulary,-1.791768,50.846761,On or near Supermarket,E01023070,New Forest 012D,Public order,Unable to prosecute suspect,
a9c10a95f5f51b2de8fa1773d450d4b9f3faa945f3414ed4b3f0828393d79ff6,2024-03,Hampshire Constabulary,Hampshire Constabulary,-1.785107,50.844901,On or near College Road,E01023070,New Forest 012D,Vehicle crime,Investigation complete; no suspect identified,
165dc2b89222b5b066aaaf98f8adba3d1c09a304e27d6ce48e2859029f33af49,2024-03,Hampshire Constabulary,Hampshire Constabulary,-1.794572,50.846807,On or near Market Place,E01023070,New Forest 012D,Vehicle crime,Status update unavailable,
23d031321842153291ea7dcf8c92627d3584ef5a64392a6ba3ba26a555b44a84,2024-03,Hampshire Constabulary,Hampshire Constabulary,-1.791768,50.846761,On or near Supermarket,E01023070,New Forest 012D,Violence and sexual offences,Investigation complete; no suspect identified,
bbd61374e00b6d4c7ce5c6194b1ded8b2003ce2f949cdd0c8f0f323722b6e1e4,2024-03,Hampshire Constabulary,Hampshire Constabulary,-1.794273,50.846941,On or near Star Lane,E01023070,New Forest 012D,Violence and sexual offences,Status update unavailable,
254f5486bfe322807d493642c901cc1f3aafefd6827112ecd808e13df253b6d0,2024-03,Hampshire Constabulary,Hampshire Constabulary,-1.782315,50.834303,On or near Moortown Lane,E01023071,New Forest 012E,Burglary,Awaiting court outcome,
45868af6f16e1f0660e67c171dcac75cb4bd8f6b4e44f07584c5f4d9cbef0365,2024-03,Hampshire Constabulary,Hampshire Constabulary,-1.772446,50.840093,On or near Hopclover Way,E01023071,New Forest 012E,Burglary,Investigation complete; no suspect identified,
7173929dbe9dec6dd9df9750dd425993bf2f61fe09cb9898ff8a0fe8ee85d1c4,2024-03,Hampshire Constabulary,Hampshire Constabulary,-1.782140,50.838277,On or near Willow Drive,E01023071,New Forest 012E,Criminal damage and arson,Investigation complete; no suspect identified,
d16f6a893c3a3b30d6e173e83a3ea01866f33a83bfd8aa5da6fd4ba45c589da1,2024-03,Hampshire Constabulary,Hampshire Constabulary,-1.783511,50.839863,On or near Supermarket,E01023071,New Forest 012E,Public order,Local resolution,
9289c6db6205d01bb3c5cb450d901810764b61a2784fd2a028ec6088b703c19d,2024-03,Hampshire Constabulary,Hampshire Constabulary,-1.783511,50.839863,On or near Supermarket,E01023071,New Forest 012E,Public order,Local resolution,
4f4da8d2164aac0efbc4588399d1600610666c63aafb8c3cb2cebb19639ab4da,2024-03,Hampshire Constabulary,Hampshire Constabulary,-1.782766,50.834471,On or near Petrol Station,E01023071,New Forest 012E,Shoplifting,Investigation complete; no suspect identified,
c005ed8a4b8b89ef714a50d70e5084c95d5cb00893ff7548c8b8e2b334b4dc43,2024-03,Hampshire Constabulary,Hampshire Constabulary,-1.778481,50.840357,On or near Crow Arch Lane,E01023071,New Forest 012E,Violence and sexual offences,Unable to prosecute suspect,
a84eb377a3583114f182d1a45be9e2fb7491adc275a927a17ff700396ce0337d,2024-03,Hampshire Constabulary,Hampshire Constabulary,-1.772446,50.840093,On or near Hopclover Way,E01023071,New Forest 012E,Burglary,Investigation complete; no suspect identified,
838ff1e1235c0357520dbf1067e37436a56f474f25379ee26ad708e26d20e68b,2024-03,Hampshire Constabulary,Hampshire Constabulary,-1.782315,50.834303,On or near Moortown Lane,E01023071,New Forest 012E,Burglary,Status update unavailable,
597a40d7c8b626060a0e678c9d6a9be150f65f49806ab7413f35d109df765d96,2024-03,Hampshire Constabulary,Hampshire Constabulary,-1.770084,50.815099,On or near Dragon Lane,E01023071,New Forest 012E,Burglary,Investigation complete; no suspect identified,
8220efd68f410e6b907a52ce18e2f09c8323753d82fe21eeee4597c4b15388f9,2024-03,Hampshire Constabulary,Hampshire Constabulary,-1.785195,50.841125,On or near New Street,E01023071,New Forest 012E,Drugs,Status update unavailable,
abe52c20b062a952a1fdcccb5164e1dde49b1c425384c6cbb60d75194fc6f4bc,2024-03,Hampshire Constabulary,Hampshire Constabulary,-1.782404,50.839663,On or near Wellworthy Way,E01023071,New Forest 012E,Other theft,Unable to prosecute suspect,
d1952fb5853ccc25a325ac013fe5341854592c8d4d5c821e015c4eeb3ce71ad1,2024-03,Hampshire Constabulary,Hampshire Constabulary,-1.782140,50.838277,On or near Willow Drive,E01023071,New Forest 012E,Public order,Status update unavailable,
b0765f1c4f7484439698e3d5432b1fa4b323d5578ee1d163f36061600d5f18ce,2024-03,Hampshire Constabulary,Hampshire Constabulary,-1.793352,50.843280,On or near Riverside,E01023071,New Forest 012E,Public order,Investigation complete; no suspect identified,
abf50fe620f0d7fb6f83c5c34dd278935c0dfc48580e4baf448da2975c6e4428,2024-03,Hampshire Constabulary,Hampshire Constabulary,-1.783843,50.838667,On or near Christchurch Road,E01023071,New Forest 012E,Public order,Investigation complete; no suspect identified,
5e38294c6e30d82ac8c99be528091988d0391914818ebd3c6abbfcf915e0814e,2024-03,Hampshire Constabulary,Hampshire Constabulary,-1.782140,50.838277,On or near Willow Drive,E01023071,New Forest 012E,Vehicle crime,Investigation complete; no suspect identified,
ce50da011732ab7d14ece3f084d18adb64cb9c1ca787d25ff1c6ef792adef348,2024-03,Hampshire Constabulary,Hampshire Constabulary,-1.785195,50.841125,On or near New Street,E01023071,New Forest 012E,Violence and sexual offences,Action to be taken by another organisation,
57a12baf6214de2c26741dc67f4cd31c654142fb8fced0bb162a9d8e4dc285bc,2024-03,Hampshire Constabulary,Hampshire Constabulary,-1.778481,50.840357,On or near Crow Arch Lane,E01023071,New Forest 012E,Violence and sexual offences,Status update unavailable,
53a18fd1f5d84f4d6133ce10f457ea75791fff1a97de49afd63fc9050722ecaf,2024-03,Hampshire Constabulary,Hampshire Constabulary,-1.366909,50.820901,On or near Fourshells Close,E01023029,New Forest 013A,Other theft,Unable to prosecute suspect,
86cf3f7e02f3384a51837c2cb01673caa8409e24cf6e83aa19e05e3ae84e7986,2024-03,Hampshire Constabulary,Hampshire Constabulary,-1.372526,50.819196,On or near Pendleton Gardens,E01023029,New Forest 013A,Public order,Investigation complete; no suspect identified,
ad2f4b734e44a3ae3fb28ab4826266504fac5dbec74da2d0a27ec68557af1f8e,2024-03,Hampshire Constabulary,Hampshire Constabulary,-1.366909,50.820901,On or near Fourshells Close,E01023029,New Forest 013A,Public order,Unable to prosecute suspect,
6b05d232acffc165e5cc5571c8b842c482d92227cecce9c72423162b9af4efec,2024-03,Hampshire Constabulary,Hampshire Constabulary,-1.372526,50.819196,On or near Pendleton Gardens,E01023029,New Forest 013A,Shoplifting,Investigation complete; no suspect identified,
1d49821292266e2aa958ad196cec6dd28adb6cecfb7ad4e24f10682dcf3eeaf6,2024-03,Hampshire Constabulary,Hampshire Constabulary,-1.365031,50.822240,On or near Toomer Close,E01023029,New Forest 013A,Violence and sexual offences,Unable to prosecute suspect,
df2d273b5856f8315138be6c11c3e0fd14e7ed33e260d2bf001dbb36bba356ae,2024-03,Hampshire Constabulary,Hampshire Constabulary,-1.365031,50.822240,On or near Toomer Close,E01023029,New Forest 013A,Violence and sexual offences,Offender given a caution,
,2024-03,Hampshire Constabulary,Hampshire Constabulary,-1.369306,50.820069,On or near Valley Close,E01023029,New Forest 013A,Anti-social behaviour,,
,2024-03,Hampshire Constabulary,Hampshire Constabulary,-1.366909,50.820901,On or near Fourshells Close,E01023029,New Forest 013A,Anti-social behaviour,,
,2024-03,Hampshire Constabulary,Hampshire Constabulary,-1.369074,50.821417,On or near Foresters Road,E01023029,New Forest 013A,Anti-social behaviour,,
,2024-03,Hampshire Constabulary,Hampshire Constabulary,-1.373521,50.821216,On or near The Greenwich,E01023029,New Forest 013A,Anti-social behaviour,,
,2024-03,Hampshire Constabulary,Hampshire Constabulary,-1.363619,50.821675,On or near Smith Close,E01023029,New Forest 013A,Anti-social behaviour,,
,2024-03,Hampshire Constabulary,Hampshire Constabulary,-1.363300,50.822231,On or near Bevis Close,E01023029,New Forest 013A,Anti-social behaviour,,
,2024-03,Hampshire Constabulary,Hampshire Constabulary,-1.369074,50.821417,On or near Foresters Road,E01023029,New Forest 013A,Anti-social behaviour,,
,2024-03,Hampshire Constabulary,Hampshire Constabulary,-1.372526,50.819196,On or near Pendleton Gardens,E01023029,New Forest 013A,Anti-social behaviour,,
fc8c7a66230b96883e86d6cedf28173aa55af1d5e83896daf939fdf13ed08f07,2024-03,Hampshire Constabulary,Hampshire Constabulary,-1.372526,50.819196,On or near Pendleton Gardens,E01023029,New Forest 013A,Criminal damage and arson,Investigation complete; no suspect identified,
431017f1bbcd4da668a89898d908cf47f89751dca17bb430e1527ba4fc9c0a10,2024-03,Hampshire Constabulary,Hampshire Constabulary,-1.372528,50.820077,On or near Wilverley Place,E01023029,New Forest 013A,Other theft,Investigation complete; no suspect identified,
130f0f826e088280c7ed7925afa8f1e36366e77a6fda8dca66ea15eadef6e971,2024-03,Hampshire Constabulary,Hampshire Constabulary,-1.365649,50.819654,On or near Hedley Close,E01023029,New Forest 013A,Public order,Unable to prosecute suspect,
9767e2725c7b38a9021f4a26ae9c8d20406a1b693ab3969150415780d33438a2,2024-03,Hampshire Constabulary,Hampshire Constabulary,-1.373521,50.821216,On or near The Greenwich,E01023029,New Forest 013A,Violence and sexual offences,Status update unavailable,
12176ddfb7c3eaa2a8f2bad7a154cbce7476f0f759c66b4690497b78deca1465,2024-03,Hampshire Constabulary,Hampshire Constabulary,-1.369074,50.821417,On or near Foresters Road,E01023029,New Forest 013A,Violence and sexual offences,Investigation complete; no suspect identified,
4f2aa0072ffbad22bfdd94dd6c3bdb589b0ed2d122e6c494646411e86e1d9a93,2024-03,Hampshire Constabulary,Hampshire Constabulary,-1.373521,50.821216,On or near The Greenwich,E01023029,New Forest 013A,Violence and sexual offences,Status update unavailable,
7360ef9956c0a7d59775e665c8bb57bacc19a920a01098f9c22bf1d277f87654,2024-03,Hampshire Constabulary,Hampshire Constabulary,-1.389490,50.830014,On or near Studley Avenue,E01023030,New Forest 013B,Violence and sexual offences,Unable to prosecute suspect,
,2024-03,Hampshire Constabulary,Hampshire Constabulary,-1.388714,50.830784,On or near The Precinct,E01023030,New Forest 013B,Anti-social behaviour,,
2c92a4b36fa632cf630d24e80ec9e9f4adf2068553e2b272894ce2dbe507dda2,2024-03,Hampshire Constabulary,Hampshire Constabulary,-1.390814,50.829760,On or near Ridley Close,E01023030,New Forest 013B,Other theft,Investigation complete; no suspect identified,
694fcc12754f02b97c19395f2f5a63d05880481e11b5af2f4ada3656d192f155,2024-03,Hampshire Constabulary,Hampshire Constabulary,-1.386823,50.826610,On or near Perrywood Close,E01023033,New Forest 013D,Burglary,Investigation complete; no suspect identified,
d833e3751a579c662d5b6991a80f1d5723b3862dacc64516b426dfbeaed4c7a9,2024-03,Hampshire Constabulary,Hampshire Constabulary,-1.385359,50.825649,On or near Fernside Close,E01023033,New Forest 013D,Violence and sexual offences,Unable to prosecute suspect,
0bb40fd26a8f403f0da674e57b350995b94e367e2d41b45ed9f01beb0374e7e9,2024-03,Hampshire Constabulary,Hampshire Constabulary,-1.385359,50.825649,On or near Fernside Close,E01023033,New Forest 013D,Violence and sexual offences,Unable to prosecute suspect,
53993f6404de109a0ad138d59069a4036f1b1ffde0327abe19b24b0ef0ccbe23,2024-03,Hampshire Constabulary,Hampshire Constabulary,-1.384061,50.827162,On or near Beechwood Road,E01023033,New Forest 013D,Criminal damage and arson,Status update unavailable,
d3f2aafd26640972d0f548feafe6d1e4df22f1ad551beb8b5950f75cf6a5dc4e,2024-03,Hampshire Constabulary,Hampshire Constabulary,-1.388910,50.826621,On or near Trenley Close,E01023033,New Forest 013D,Violence and sexual offences,Unable to prosecute suspect,
2f5e033175ecb89a95fa126af55fee40c87a321056c9006b3be62e4fd889e7be,2024-03,Hampshire Constabulary,Hampshire Constabulary,-1.384438,50.825545,On or near Bramble Close,E01023033,New Forest 013D,Violence and sexual offences,Investigation complete; no suspect identified,
57fcc8fd1112fa7ad76d51c2b3a9f085c9019b442ab5ef83d5fe295aba185730,2024-03,Hampshire Constabulary,Hampshire Constabulary,-1.365952,50.811904,On or near Walker'S Lane South,E01023013,New Forest 014A,Violence and sexual offences,Unable to prosecute suspect,
cc16651e1baea90d5d753b0ddf1d82cdd4a446b299aa673dda01834173a28e89,2024-03,Hampshire Constabulary,Hampshire Constabulary,-1.372016,50.818015,On or near Petrol Station,E01023014,New Forest 014B,Criminal damage and arson,Investigation complete; no suspect identified,
c9a522a793e4fed3db6c3e78a5fa2808d0f697186005638cf8738e577c10f696,2024-03,Hampshire Constabulary,Hampshire Constabulary,-1.370103,50.814606,On or near Mulberry Close,E01023014,New Forest 014B,Violence and sexual offences,Unable to prosecute suspect,
,2024-03,Hampshire Constabulary,Hampshire Constabulary,-1.376240,50.822110,On or near Sports/Recreation Area,E01023014,New Forest 014B,Anti-social behaviour,,
3be024ecf83155be604abfe98176c5f7295bec01e1aa949d9b6991529bb6f47e,2024-03,Hampshire Constabulary,Hampshire Constabulary,-1.374868,50.820225,On or near Pavilion Gardens,E01023014,New Forest 014B,Vehicle crime,Investigation complete; no suspect identified,
18effbda0c908692e5c568a87a8dd04187fda538545fac4fcac05294d4008a61,2024-03,Hampshire Constabulary,Hampshire Constabulary,-1.325870,50.816814,On or near Southern Road,E01023015,New Forest 014C,Violence and sexual offences,Unable to prosecute suspect,
a8e5f81766ae0fa49fdeaf68fb9b4639d6cd21aeddc0264b959321a4c244cbf3,2024-03,Hampshire Constabulary,Hampshire Constabulary,-1.351532,50.826204,On or near Falcon Fields,E01023015,New Forest 014C,Burglary,Investigation complete; no suspect identified,
41f6b1bd63c8b32250c37d42d1afb6ebb2feb617eaf0181e9f56509c0f3463fc,2024-03,Hampshire Constabulary,Hampshire Constabulary,-1.351532,50.826204,On or near Falcon Fields,E01023015,New Forest 014C,Vehicle crime,Investigation complete; no suspect identified,
97fc922a9db9be57ca6d65af11d1e582fb8208da6833ed3e1213d2624a9ad343,2024-03,Hampshire Constabulary,Hampshire Constabulary,-1.327686,50.810934,On or near Tristan Close,E01023015,New Forest 014C,Violence and sexual offences,Unable to prosecute suspect,
fa9c603a1bd15d1f963b415b3f95e7fc0ad911a587e7670462f26c67699ed7f1,2024-03,Hampshire Constabulary,Hampshire Constabulary,-1.351532,50.826204,On or near Falcon Fields,E01023015,New Forest 014C,Violence and sexual offences,Investigation complete; no suspect identified,
3b191b18efe8496c1e6f61202c5641a039146b4835d9b43b3e08ace1de89e177,2024-03,Hampshire Constabulary,Hampshire Constabulary,-1.373732,50.806460,On or near West Common,E01023016,New Forest 014D,Criminal damage and arson,Further action is not in the public interest,
,2024-03,Hampshire Constabulary,Hampshire Constabulary,-1.373949,50.811497,On or near Chapel Lane,E01023016,New Forest 014D,Anti-social behaviour,,
b27c01cc7d039f746b0ca644bdfde2dbb8e9290178b9556eb50cd019118dff18,2024-03,Hampshire Constabulary,Hampshire Constabulary,-1.372192,50.813376,On or near Northampton Lane,E01023016,New Forest 014D,Public order,Investigation complete; no suspect identified,
1ba35edfce88d44bcad411adaa4c2de748b41cff9b79b236c4c0ae34aef446b3,2024-03,Hampshire Constabulary,Hampshire Constabulary,-1.390561,50.840505,On or near Old School Close,E01023027,New Forest 014E,Public order,Unable to prosecute suspect,
c83ab344c40aa734fb222320392701c6b6cc1a815aaef00b1599002498c19c57,2024-03,Hampshire Constabulary,Hampshire Constabulary,-1.390561,50.840505,On or near Old School Close,E01023027,New Forest 014E,Violence and sexual offences,Unable to prosecute suspect,
128de0ea3a511d636bbb174d40f67417de6d2b1abded9465fb2a469ae40727a0,2024-03,Hampshire Constabulary,Hampshire Constabulary,-1.392380,50.841477,On or near Roman Road,E01023027,New Forest 014E,Violence and sexual offences,Unable to prosecute suspect,
e107cbff58bbf86d0d52e4f1bc92c3eff12723fe07c9f141234d533e8fca5755,2024-03,Hampshire Constabulary,Hampshire Constabulary,-1.387132,50.839876,On or near Main Road,E01023027,New Forest 014E,Other crime,Unable to prosecute suspect,
d611321ed3de348679ff2d1ce52319cbc824821aabf08c653c6d224a02843623,2024-03,Hampshire Constabulary,Hampshire Constabulary,-1.393116,50.835159,On or near The Warren,E01023027,New Forest 014E,Violence and sexual offences,Investigation complete; no suspect identified,
73be85026ab996b62b0adb4234ff01c42db24f65425ef19cd98f562ff940dfda,2024-03,Hampshire Constabulary,Hampshire Constabulary,-1.393116,50.835159,On or near The Warren,E01023027,New Forest 014E,Other crime,Status update unavailable,
f6a34ca5a8f786d8caa8a764dd983396cff9d882b48ed8e1f9d9c8001f259a2b,2024-03,Hampshire Constabulary,Hampshire Constabulary,-1.380524,50.831631,On or near Supermarket,E01023031,New Forest 014F,Criminal damage and arson,Court result unavailable,
eac8012e31328849fd2af50e2099651635e4e2e8655b215cf60646349eabd92d,2024-03,Hampshire Constabulary,Hampshire Constabulary,-1.383733,50.834006,On or near Supermarket,E01023031,New Forest 014F,Public order,Local resolution,
b4dcaa02f554c0b1d77e4296a0215e101a9f5837b247ba8bb977650fae29c8fc,2024-03,Hampshire Constabulary,Hampshire Constabulary,-1.380524,50.831631,On or near Supermarket,E01023031,New Forest 014F,Shoplifting,Court result unavailable,
1c840721fe13b3d324a72700c945bbdc049ef372dc77f0e5125d6f24ad68b405,2024-03,Hampshire Constabulary,Hampshire Constabulary,-1.387245,50.831280,On or near Holbury Drove,E01023031,New Forest 014F,Violence and sexual offences,Local resolution,
6d250c5f02b7c3376fa2bec5aa268bf9a56abad863030802d2852494417007da,2024-03,Hampshire Constabulary,Hampshire Constabulary,-1.380524,50.831631,On or near Supermarket,E01023031,New Forest 014F,Violence and sexual offences,Unable to prosecute suspect,
0ac848153616ab9de645d78ee41ffd310c626654970a5b268e78f1a718b61e00,2024-03,Hampshire Constabulary,Hampshire Constabulary,-1.390961,50.832666,On or near Teachers Way,E01023031,New Forest 014F,Violence and sexual offences,Unable to prosecute suspect,
18176b521ef1fdaf592e81668ba80dc4c4486bc3fe7670184056518b6cf442cf,2024-03,Hampshire Constabulary,Hampshire Constabulary,-1.380524,50.831631,On or near Supermarket,E01023031,New Forest 014F,Violence and sexual offences,Unable to prosecute suspect,
367ccd157f2da7199ca92f77acf6403bbcc524e9f7c4a60713062232d157e744,2024-03,Hampshire Constabulary,Hampshire Constabulary,-1.383733,50.834006,On or near Supermarket,E01023031,New Forest 014F,Shoplifting,Investigation complete; no suspect identified,
b122e4dde157b9cc2c8ff52905c6d56dd218a0e20624511a9a25c5617a55dc6e,2024-03,Hampshire Constabulary,Hampshire Constabulary,-1.383088,50.831024,On or near Waltons Avenue,E01023031,New Forest 014F,Violence and sexual offences,Unable to prosecute suspect,
c3ebdbcc6bc2a2975d8d2bd15af447ebfdef62f91f46b258032b7f05b3441312,2024-03,Hampshire Constabulary,Hampshire Constabulary,-1.607442,50.789873,On or near Durrant Way,E01022989,New Forest 015A,Violence and sexual offences,Unable to prosecute suspect,
d70da3268aab9b7a311e90e6a5436575c9f0f63f4d51a3b5dd292402cc04ec5e,2024-03,Hampshire Constabulary,Hampshire Constabulary,-1.610443,50.788893,On or near Hawthorn Drive,E01022989,New Forest 015A,Criminal damage and arson,Investigation complete; no suspect identified,
e1e0c9559e702d603cc9a7de58e8c63952634ea6c70c53bcea666296793b7b01,2024-03,Hampshire Constabulary,Hampshire Constabulary,-1.609286,50.789825,On or near Kitchers Close,E01022989,New Forest 015A,Criminal damage and arson,Status update unavailable,
ca805c2673184d77a751c46a0cba9ea2ebd2702601ed4c4a7c94d93335b6f382,2024-03,Hampshire Constabulary,Hampshire Constabulary,-1.610443,50.788893,On or near Hawthorn Drive,E01022989,New Forest 015A,Criminal damage and arson,Investigation complete; no suspect identified,
3864818a7ade1092ee51cd5dc32f9bb5cff2c08ace9d289069723ce711cae56c,2024-03,Hampshire Constabulary,Hampshire Constabulary,-1.607465,50.788811,On or near Highfield Close,E01022989,New Forest 015A,Criminal damage and arson,Investigation complete; no suspect identified,
49259e255bc2f17feab8c2437728143857679a87ce41a63bcb1b3b510601c265,2024-03,Hampshire Constabulary,Hampshire Constabulary,-1.610356,50.785710,On or near Heron Close,E01022989,New Forest 015A,Public order,Investigation complete; no suspect identified,
b2a52989e991099f114a518ffb152a526b20cf1b842ed9769afdd672eae20bea,2024-03,Hampshire Constabulary,Hampshire Constabulary,-1.610356,50.785710,On or near Heron Close,E01022989,New Forest 015A,Vehicle crime,Investigation complete; no suspect identified,
,2024-03,Hampshire Constabulary,Hampshire Constabulary,-1.575874,50.777559,On or near Mount Pleasant Lane,E01022991,New Forest 015B,Anti-social behaviour,,
22417e253a10466b34174f74ad59284e68230c8769ae7abdf970215b51a0c88e,2024-03,Hampshire Constabulary,Hampshire Constabulary,-1.597073,50.787880,On or near Sports/Recreation Area,E01022991,New Forest 015B,Other theft,Investigation complete; no suspect identified,
306877d4530acd526bfba44b2a528f6aaa835768b752f387d43b42154e759fe6,2024-03,Hampshire Constabulary,Hampshire Constabulary,-1.572683,50.791477,On or near Parking Area,E01022991,New Forest 015B,Public order,Unable to prosecute suspect,
b22653ed4a40ecebda7af55e7910d370f141c97a58c32b8dcc5bf7b3399620e4,2024-03,Hampshire Constabulary,Hampshire Constabulary,-1.572683,50.791477,On or near Parking Area,E01022991,New Forest 015B,Public order,Unable to prosecute suspect,
25ad3ed6bbcca26c19da251d121155bddbe3a244beecef3859cc8dfbdd161954,2024-03,Hampshire Constabulary,Hampshire Constabulary,-1.551238,50.773088,On or near Boldre Lane,E01022991,New Forest 015B,Violence and sexual offences,Investigation complete; no suspect identified,
f9571f36c3ee9db5635bb79a26ce04921bf0bf25a07ca8e282e1a1581d820b33,2024-03,Hampshire Constabulary,Hampshire Constabulary,-1.604279,50.788027,On or near Widden Close,E01022991,New Forest 015B,Violence and sexual offences,Unable to prosecute suspect,
a199e7ce65072223e3c6a717dd8d37a37178a263ad29fef89b098e0e5f769a18,2024-03,Hampshire Constabulary,Hampshire Constabulary,-1.551238,50.773088,On or near Boldre Lane,E01022991,New Forest 015B,Violence and sexual offences,Unable to prosecute suspect,
9ae1f3f0a2c92ca88fcd069413bb15177e3ab44af3cfeb3889fbe379ff03c056,2024-03,Hampshire Constabulary,Hampshire Constabulary,-1.578134,50.819572,On or near The Paddock,E01022998,New Forest 015C,Shoplifting,Local resolution,
e31e8593cffac4d125c58e59fe40bbfbedd923cb2bfedecfcc09d2e21ddb5ede,2024-03,Hampshire Constabulary,Hampshire Constabulary,-1.678713,50.794542,On or near Parking Area,E01022998,New Forest 015C,Burglary,Investigation complete; no suspect identified,
633e7b3e51e2b6349415cce1a74169e7cb02b906044847feb8ef72825efd3348,2024-03,Hampshire Constabulary,Hampshire Constabulary,-1.574784,50.841429,On or near Parking Area,E01022998,New Forest 015C,Burglary,Investigation complete; no suspect identified,
34c537abd9d3bca652581539a845cfe7cb53261707f93068fbcc1068516eb5b9,2024-03,Hampshire Constabulary,Hampshire Constabulary,-1.577535,50.819848,On or near Parking Area,E01022998,New Forest 015C,Violence and sexual offences,Unable to prosecute suspect,
119e72bd43de8cd40afae3b89ca0ee3b6ad26727c11abe5967c347a86da3e531,2024-03,Hampshire Constabulary,Hampshire Constabulary,-1.572218,50.820755,On or near Sutton Place,E01023000,New Forest 015D,Robbery,Investigation complete; no suspect identified,
292e3ff432842a59c7a4d25816ee99c5fbbca74b68c22ef7c572a0ffce7db3e8,2024-03,Hampshire Constabulary,Hampshire Constabulary,-1.572218,50.820755,On or near Sutton Place,E01023000,New Forest 015D,Robbery,Investigation complete; no suspect identified,
61dcc7feefe4cf9df96dd993c6d42d3952feacc273167358a661cbaa5f55b554,2024-03,Hampshire Constabulary,Hampshire Constabulary,-1.572026,50.818452,On or near Lymington Road,E01023000,New Forest 015D,Violence and sexual offences,Unable to prosecute suspect,
6711ac9b79fd1e68d5027c0783bd05ae6bb728c8b9cac171b4dbea5d8f44d39e,2024-03,Hampshire Constabulary,Hampshire Constabulary,-1.571699,50.823145,On or near Lyndhurst Road,E01023000,New Forest 015D,Other theft,Investigation complete; no suspect identified,
916d704261056d4b82ef8f2871d587afe8c349672f8d0153088a754a55977f3b,2024-03,Hampshire Constabulary,Hampshire Constabulary,-1.571699,50.823145,On or near Lyndhurst Road,E01023000,New Forest 015D,Other theft,Investigation complete; no suspect identified,
b8664bf8cdce37b6c4ace893b2937ead2372a00a983a5513cfa72d95b2b51553,2024-03,Hampshire Constabulary,Hampshire Constabulary,-1.577062,50.818803,On or near Parking Area,E01023000,New Forest 015D,Shoplifting,Investigation complete; no suspect identified,
a254f1328450ffa442a9c86cc380c21fc322719867b51802a3a6aedba80a8a02,2024-03,Hampshire Constabulary,Hampshire Constabulary,-1.576962,50.815728,On or near Partridge Road,E01023000,New Forest 015D,Violence and sexual offences,Investigation complete; no suspect identified,
33781950f09307f9472c8f8b2077f846e9d65661aa19a53930358b6957e39929,2024-03,Hampshire Constabulary,Hampshire Constabulary,-1.575966,50.823835,On or near Butts Lawn,E01023000,New Forest 015D,Violence and sexual offences,Status update unavailable,
3217d20f75ed5247d44eb3a3f843cab540d179ede24ef7208aef86d9b49a9a44,2024-03,Hampshire Constabulary,Hampshire Constabulary,-1.734594,50.780519,On or near Ringwood Road,E01022994,New Forest 016A,Burglary,Investigation complete; no suspect identified,
b70fd790ea67055d41a8ecf868296cf079690cf6f51162fc10065653787551d9,2024-03,Hampshire Constabulary,Hampshire Constabulary,-1.729851,50.779078,On or near The Orchard,E01022994,New Forest 016A,Violence and sexual offences,Unable to prosecute suspect,
b47fddfd612eb1f174cd418e81f6cf1e38749c7b4545bfc647dedd67d849b6b0,2024-03,Hampshire Constabulary,Hampshire Constabulary,-1.742331,50.782011,On or near Brookside Close,E01022994,New Forest 016A,Violence and sexual offences,Unable to prosecute suspect,
98b6dca41d79e3aef1f912b536f85cfefda8282ea1e483a222a089421f79d926,2024-03,Hampshire Constabulary,Hampshire Constabulary,-1.742331,50.782011,On or near Brookside Close,E01022994,New Forest 016A,Violence and sexual offences,Unable to prosecute suspect,
,2024-03,Hampshire Constabulary,Hampshire Constabulary,-1.746535,50.778315,On or near Wiltshire Road,E01022994,New Forest 016A,Anti-social behaviour,,
97793ec6c1e18ab19df807426f6f314ffdb72ad63d060a835b70d089746c7a47,2024-03,Hampshire Constabulary,Hampshire Constabulary,-1.735950,50.784191,On or near Tyrrells Court,E01022995,New Forest 016B,Violence and sexual offences,Unable to prosecute suspect,
4cbeedceac778f54150e1766d62ad4b58451cc974a2ac388534de4a34f2134b1,2024-03,Hampshire Constabulary,Hampshire Constabulary,-1.729950,50.781641,On or near Cuckoo Hill Way,E01022995,New Forest 016B,Criminal damage and arson,Investigation complete; no suspect identified,
f927f84cd00e5a54ee54b3a500f847f4c5b343d081a22d98ba7885df1c7a57b8,2024-03,Hampshire Constabulary,Hampshire Constabulary,-1.736031,50.781253,On or near Supermarket,E01022995,New Forest 016B,Public order,Investigation complete; no suspect identified,
9e9c22b43103e7b5cab742bd670d28a8de2aac3a42bbc3f4b5dd9cc8412e6574,2024-03,Hampshire Constabulary,Hampshire Constabulary,-1.731569,50.783821,On or near Bransgore Gardens,E01022995,New Forest 016B,Vehicle crime,Investigation complete; no suspect identified,
e7b72472bd7dc5b6f6e783005d5d78b68c4896ef65cf69fac761f5f1fcc09264,2024-03,Hampshire Constabulary,Hampshire Constabulary,-1.731856,50.780629,On or near St Georges Drive,E01022995,New Forest 016B,Vehicle crime,Investigation complete; no suspect identified,
ac891528796c90c8871c5a7ae4b234bd06e168176faaabc80ac2147e1e8cad99,2024-03,Hampshire Constabulary,Hampshire Constabulary,-1.733490,50.785246,On or near Bramble Way,E01022995,New Forest 016B,Other crime,Status update unavailable,
0706f46c267e31375f264c74d7afcf919756e8c7c58fffe074e852c4e92aeb03,2024-03,Hampshire Constabulary,Hampshire Constabulary,-1.685891,50.752278,On or near Holly Lane,E01022996,New Forest 016C,Public order,Unable to prosecute suspect,
82010353d61c51a22f358666df31a4af6cdbeb59e0cfbea985950a85eb6108b4,2024-03,Hampshire Constabulary,Hampshire Constabulary,-1.716172,50.796446,On or near Brick Lane,E01022996,New Forest 016C,Violence and sexual offences,Unable to prosecute suspect,
0f0e5fe942997d5607eba236e061cdd1cee8926fed9075a7f774c28679fe8c98,2024-03,Hampshire Constabulary,Hampshire Constabulary,-1.728721,50.768410,On or near Lyndhurst Road,E01022996,New Forest 016C,Burglary,Investigation complete; no suspect identified,
85662e0198538148a45fd00a865b7585bf3e7f099f369b1135e25e210fd38365,2024-03,Hampshire Constabulary,Hampshire Constabulary,-1.717455,50.797897,On or near School Road,E01022996,New Forest 016C,Burglary,Unable to prosecute suspect,
583685997e224dcf2ffe096e8ed7ea9292ad59677351a6ada0cb995c24b3e3fc,2024-03,Hampshire Constabulary,Hampshire Constabulary,-1.709395,50.756781,On or near Lyndhurst Road,E01022996,New Forest 016C,Other theft,Investigation complete; no suspect identified,
df28947fe384949ecd1e38392178de3833ee6ab47682e12dcdd18860d289bb96,2024-03,Hampshire Constabulary,Hampshire Constabulary,-1.685891,50.752278,On or near Holly Lane,E01022996,New Forest 016C,Vehicle crime,Investigation complete; no suspect identified,
be699681f08e4cee6067b7ad366fe3d3362bf58d8014212ce61c58b670b24ed9,2024-03,Hampshire Constabulary,Hampshire Constabulary,-1.705182,50.781914,On or near Lyndhurst Road,E01022996,New Forest 016C,Vehicle crime,Investigation complete; no suspect identified,
ba6f7ff1c7c6163ace76208e01e4afc2846fec0d9084acbacd623dfc9a95e62f,2024-03,Hampshire Constabulary,Hampshire Constabulary,-1.705182,50.781914,On or near Lyndhurst Road,E01022996,New Forest 016C,Vehicle crime,Investigation complete; no suspect identified,
70f9034adf7510614f486a11672b0b327e28593832c0eb3cf8f0d4c1aa446b10,2024-03,Hampshire Constabulary,Hampshire Constabulary,-1.717455,50.797897,On or near School Road,E01022996,New Forest 016C,Violence and sexual offences,Status update unavailable,
58704deb362cb0dc39f432b7c557f8924577cd6e1724f6b5c1fbc058e049651f,2024-03,Hampshire Constabulary,Hampshire Constabulary,-1.705524,50.824675,On or near Copse Road,E01022997,New Forest 016D,Other theft,Investigation complete; no suspect identified,
4ff709db717105d97e27bea28e2832eea073d200264fa0894b22a8872fe3158a,2024-03,Hampshire Constabulary,Hampshire Constabulary,-1.689947,50.835785,On or near Lyndhurst Road,E01022997,New Forest 016D,Vehicle crime,Investigation complete; no suspect identified,
b5010ed0172815ceec8f9e5e8c21fee105093535492bbd0efaeaf345afad24c5,2024-03,Hampshire Constabulary,Hampshire Constabulary,-1.708188,50.823233,On or near Warnes Lane,E01022997,New Forest 016D,Vehicle crime,Investigation complete; no suspect identified,
4f59c0e31c76afcb253815f6c5239ff81d6ea03998a9fd51a43e39df728bf27f,2024-03,Hampshire Constabulary,Hampshire Constabulary,-1.703152,50.824830,On or near Petrol Station,E01022997,New Forest 016D,Violence and sexual offences,Status update unavailable,
909ec2394a3aaf2f3edbc53a3e036f3c42115f7fe5063af2c202a476a0f01a5c,2024-03,Hampshire Constabulary,Hampshire Constabulary,-1.705629,50.828299,On or near Ringwood Road,E01022997,New Forest 016D,Violence and sexual offences,Status update unavailable,
5a44f16da2279b9e67258d3f37aff1526b9a12bdf4944bb552fbe539df93b010,2024-03,Hampshire Constabulary,Hampshire Constabulary,-1.778001,50.773784,On or near Priest Lane,E01023063,New Forest 016E,Other theft,Unable to prosecute suspect,
bf2f7e5555d5df57d24e0563535b45dfd4c81feb7a3d8243172d799321db6b85,2024-03,Hampshire Constabulary,Hampshire Constabulary,-1.761521,50.832419,On or near Barrack Lane,E01023063,New Forest 016E,Burglary,Investigation complete; no suspect identified,
1ba2cdf985d8b9c4137a6be92b19e2252f97ff627fd135755d471f1e5890bae7,2024-03,Hampshire Constabulary,Hampshire Constabulary,-1.773028,50.772785,On or near Derritt Lane,E01023063,New Forest 016E,Violence and sexual offences,Investigation complete; no suspect identified,
150b4dbc9d4e3a559099afb83ce8c97ca1124940b115292885860c56e5eb8a22,2024-03,Hampshire Constabulary,Hampshire Constabulary,-1.496196,50.777269,On or near Norleywood Road,E01022990,New Forest 017A,Criminal damage and arson,Local resolution,
c3308b52eef79fdeb29c27b5cded5f6caf22c5e0604f99ca27bfc3ab2197fd43,2024-03,Hampshire Constabulary,Hampshire Constabulary,-1.529060,50.757290,On or near Ferry Terminal,E01022990,New Forest 017A,Other theft,Unable to prosecute suspect,
c6e477a0c906e88dbdc0e96e731df0f4f114bea61fc6ae86c8d9b63a01e20471,2024-03,Hampshire Constabulary,Hampshire Constabulary,-1.532783,50.782026,On or near Burnt House Lane,E01022990,New Forest 017A,Public order,Unable to prosecute suspect,
84aa0f90915aac4752f81ee3d436086c53e8e8fc71f593cb2eb3f7f6dab8e6c6,2024-03,Hampshire Constabulary,Hampshire Constabulary,-1.538985,50.775917,On or near School Lane,E01022990,New Forest 017A,Violence and sexual offences,Unable to prosecute suspect,
f275c87a6078a5ebfde89e225bb1f6b56c8b0962cd13ad0861339fc2d17ff190,2024-03,Hampshire Constabulary,Hampshire Constabulary,-1.525434,50.773777,On or near Hundred Lane,E01022990,New Forest 017A,Violence and sexual offences,Local resolution,
f105d41f8b2fb8b4b403ea09282689a0aac41b2add5310ef26435caf67f89dca,2024-03,Hampshire Constabulary,Hampshire Constabulary,-1.523983,50.782611,On or near Jordans Lane,E01022990,New Forest 017A,Burglary,Investigation complete; no suspect identified,
6271c3155a34a3c4d51c49406375046f753c09138b5a1a248f6740b4357e2858,2024-03,Hampshire Constabulary,Hampshire Constabulary,-1.523983,50.782611,On or near Jordans Lane,E01022990,New Forest 017A,Burglary,Investigation complete; no suspect identified,
cd045a1cfab13c4a317bf02762863e95baa6e2f35e5d10e659e2644732ae7d2a,2024-03,Hampshire Constabulary,Hampshire Constabulary,-1.533009,50.767890,On or near Main Road,E01022990,New Forest 017A,Violence and sexual offences,Investigation complete; no suspect identified,
a5c32918464018ba6d2562130d2549da90e6f473bf15062bc604023f20f7a5ee,2024-03,Hampshire Constabulary,Hampshire Constabulary,-1.436818,50.865296,On or near Hythe By-Pass,E01022999,New Forest 017B,Drugs,Local resolution,
909853701e5750fd9617779d9602ee31ac7ed1d7d716c56b8dcbb51fb784156b,2024-03,Hampshire Constabulary,Hampshire Constabulary,-1.395968,50.800085,On or near Summer Lane,E01022999,New Forest 017B,Violence and sexual offences,Unable to prosecute suspect,
,2024-03,Hampshire Constabulary,Hampshire Constabulary,-1.386084,50.809367,On or near Parking Area,E01022999,New Forest 017B,Anti-social behaviour,,
,2024-03,Hampshire Constabulary,Hampshire Constabulary,-1.386084,50.809367,On or near Parking Area,E01022999,New Forest 017B,Anti-social behaviour,,
08840e009ef6bb6d724386c180fcf34b62e3f71f7c74e68c072e319c6b860f59,2024-03,Hampshire Constabulary,Hampshire Constabulary,-1.436818,50.865296,On or near Hythe By-Pass,E01022999,New Forest 017B,Vehicle crime,Investigation complete; no suspect identified,
66d27b1d1ff2e3d767eca304d236993dccf4ee9dcf8359f2488522bc461bdf91,2024-03,Hampshire Constabulary,Hampshire Constabulary,-1.489426,50.885807,On or near Park/Open Space,E01022999,New Forest 017B,Violence and sexual offences,Investigation complete; no suspect identified,
e42580a5810d4c37159e1808bb2510ce5a1cf5347d6459e0891b614b545fe836,2024-03,Hampshire Constabulary,Hampshire Constabulary,-1.453079,50.817470,On or near Parking Area,E01022999,New Forest 017B,Violence and sexual offences,Action to be taken by another organisation,
d0375d2a7fc3a5925b61425b86cb3d9d8991a4689d2576dddce89a968909585b,2024-03,Hampshire Constabulary,Hampshire Constabulary,-1.529825,50.754763,On or near Sports/Recreation Area,E01023041,New Forest 017C,Violence and sexual offences,Investigation complete; no suspect identified,
4b92efa823be26e6879208c4c051752400fe439221192e9920721c6b5b16b36f,2024-03,Hampshire Constabulary,Hampshire Constabulary,-1.535539,50.755895,On or near Flushards,E01023041,New Forest 017C,Violence and sexual offences,Offender given a caution,
aee13761e4637ee18f11fb23c3f69dff451ca45982f5fbff5a4694918981dec0,2024-03,Hampshire Constabulary,Hampshire Constabulary,-1.541686,50.753536,On or near Gold Mead Close,E01023041,New Forest 017C,Vehicle crime,Investigation complete; no suspect identified,
bcab850f397a30481f6d25e5274b452cd3ef5786f0bef8a2b0d5ba2b18a087e2,2024-03,Hampshire Constabulary,Hampshire Constabulary,-1.541086,50.759775,On or near Parking Area,E01023042,New Forest 017D,Robbery,Court result unavailable,
0c7c7ed40ce5cb7ba4016648370a1c9a01d503f4f1d93d0c4e5dbd21088b1831,2024-03,Hampshire Constabulary,Hampshire Constabulary,-1.543139,50.760035,On or near New Street,E01023042,New Forest 017D,Violence and sexual offences,Unable to prosecute suspect,
d3a563e6685acdb2683b4bb33ea9087ea22d93a74ab963ac4380925453e4dda7,2024-03,Hampshire Constabulary,Hampshire Constabulary,-1.541965,50.758313,On or near High Street,E01023042,New Forest 017D,Violence and sexual offences,Unable to prosecute suspect,
91c27092626271a0617ac603681fdce0b7e15c832dd9e2194699542175c5649b,2024-03,Hampshire Constabulary,Hampshire Constabulary,-1.543139,50.760035,On or near New Street,E01023042,New Forest 017D,Violence and sexual offences,Unable to prosecute suspect,
c64004c279b82f3b008b7a29a68c0072942b64311a427187f3e5edac72592cff,2024-03,Hampshire Constabulary,Hampshire Constabulary,-1.541086,50.759775,On or near Parking Area,E01023042,New Forest 017D,Violence and sexual offences,Unable to prosecute suspect,
9fac9177fd205ef3b777d2c526c073c0e5a80e2597e7dd545aab8f7e2ac6388d,2024-03,Hampshire Constabulary,Hampshire Constabulary,-1.541361,50.762132,On or near Keel Gardens,E01023042,New Forest 017D,Violence and sexual offences,Investigation complete; no suspect identified,
608fbe861c185855fffb6147a64f310e167e23d24e207542814560898c2a30db,2024-03,Hampshire Constabulary,Hampshire Constabulary,-1.541086,50.759775,On or near Parking Area,E01023042,New Forest 017D,Other theft,Investigation complete; no suspect identified,
38af7e096846210bda059fe025c57abfe2103562736f5faf60726a8e13683270,2024-03,Hampshire Constabulary,Hampshire Constabulary,-1.543139,50.760035,On or near New Street,E01023042,New Forest 017D,Public order,Unable to prosecute suspect,
caf940df8cc81623d044cb31c75da1972a718d423e3241c87cdd3c2e378bf97b,2024-03,Hampshire Constabulary,Hampshire Constabulary,-1.541965,50.758313,On or near High Street,E01023042,New Forest 017D,Shoplifting,Investigation complete; no suspect identified,
f5c5da94d9d78e14aad619089a568579bc8c563d242a59e8690f31475e95e949,2024-03,Hampshire Constabulary,Hampshire Constabulary,-1.536490,50.758651,On or near Quay Street,E01023042,New Forest 017D,Shoplifting,Investigation complete; no suspect identified,
f6ba3f64e93eff7fe39aaf3cd83418042d35fced64b8814a54555e47c6be67fd,2024-03,Hampshire Constabulary,Hampshire Constabulary,-1.541965,50.758313,On or near High Street,E01023042,New Forest 017D,Shoplifting,Investigation complete; no suspect identified,
e172a79be061554ac3c4ba5cd5e322e6d4514065b71c12f307b7cbb8ce3124b3,2024-03,Hampshire Constabulary,Hampshire Constabulary,-1.546555,50.757233,On or near St Thomas Street,E01023042,New Forest 017D,Violence and sexual offences,Investigation complete; no suspect identified,
df0104fbd4e5a538413d08b2d59e73336398f25722b37842cd7efbac75e29f00,2024-03,Hampshire Constabulary,Hampshire Constabulary,-1.541721,50.758689,On or near Anchor Mews,E01023042,New Forest 017D,Violence and sexual offences,Unable to prosecute suspect,
d35296ee27e67a12fd061ba0ee8dec34c37fa6a2f8ed3444a819f4c2a8e5b73a,2024-03,Hampshire Constabulary,Hampshire Constabulary,-1.546555,50.757233,On or near St Thomas Street,E01023042,New Forest 017D,Violence and sexual offences,Unable to prosecute suspect,
6255c1c5818a4df12222f4d44643c1dea6849fbe45b7a8cb1b31acb9d1b87896,2024-03,Hampshire Constabulary,Hampshire Constabulary,-1.546555,50.757233,On or near St Thomas Street,E01023042,New Forest 017D,Violence and sexual offences,Unable to prosecute suspect,
1fe3db32635503742c1b52a1cf196030c81ff61f1cfdf9a8c7f854227ab0b661,2024-03,Hampshire Constabulary,Hampshire Constabulary,-1.546769,50.752720,On or near Farnleys Mead,E01023043,New Forest 017E,Violence and sexual offences,Unable to prosecute suspect,
62902d1862450975fde66b55061bed7958e9c3d7b5b64ee2181908a25c0347b2,2024-03,Hampshire Constabulary,Hampshire Constabulary,-1.548398,50.758905,On or near Sports/Recreation Area,E01023043,New Forest 017E,Violence and sexual offences,Unable to prosecute suspect,
d08c37e6dfdb118cf07e946f98cb7db34d12fbae72d8d5bfcf1813a3583f3407,2024-03,Hampshire Constabulary,Hampshire Constabulary,-1.548398,50.758905,On or near Sports/Recreation Area,E01023043,New Forest 017E,Criminal damage and arson,Investigation complete; no suspect identified,
b19a64fca2791ea47f15f64724f05269b8860d813e6e0c4414c3392be716535d,2024-03,Hampshire Constabulary,Hampshire Constabulary,-1.555579,50.757943,On or near Leigh Park,E01023043,New Forest 017E,Other theft,Unable to prosecute suspect,
0d42ebfee045ec4daebcc915a32e2e9641915e1e710c4298370a4ed0d7fabb30,2024-03,Hampshire Constabulary,Hampshire Constabulary,-1.550065,50.757712,On or near Supermarket,E01023043,New Forest 017E,Shoplifting,Investigation complete; no suspect identified,
4715c233fcc425fa44d7003409c042f8bba043a7974e9e011cd006af090892c4,2024-03,Hampshire Constabulary,Hampshire Constabulary,-1.550065,50.757712,On or near Supermarket,E01023043,New Forest 017E,Shoplifting,Investigation complete; no suspect identified,
6bc3cbfc605e1cdc3bd309c8d2ee62c172c8e7ff97b2862e770da8bc7885f3ae,2024-03,Hampshire Constabulary,Hampshire Constabulary,-1.550065,50.757712,On or near Supermarket,E01023043,New Forest 017E,Shoplifting,Investigation complete; no suspect identified,
062f578f04c658b85ab838fed14717bf93533549e1bbe2d52949b0524e5e916d,2024-03,Hampshire Constabulary,Hampshire Constabulary,-1.555579,50.757943,On or near Leigh Park,E01023043,New Forest 017E,Violence and sexual offences,Unable to prosecute suspect,
915f4b7f216fe119aad2c34eedb1f5aeee57aabcaacd950088a525f8cce4b37b,2024-03,Hampshire Constabulary,Hampshire Constabulary,-1.653054,50.770413,On or near Bashley Drive,E01022984,New Forest 018A,Possession of weapons,Local resolution,
ffaf41108685656056042d0a0ef97a36d40ae3fae718337bedeef9336f81d109,2024-03,Hampshire Constabulary,Hampshire Constabulary,-1.659294,50.773993,On or near Petrol Station,E01022984,New Forest 018A,Public order,Unable to prosecute suspect,
e1acb6139210108212086a98d74b780d4a0ca50e302a1403a546f6c349c7cd43,2024-03,Hampshire Constabulary,Hampshire Constabulary,-1.654858,50.775850,On or near St Johns Road,E01022984,New Forest 018A,Violence and sexual offences,Further investigation is not in the public interest,
a4e3a1028b834f911727fa663540908299e7c1eeb2799ac63c9176b364ebfb68,2024-03,Hampshire Constabulary,Hampshire Constabulary,-1.657578,50.783996,On or near Bashley Common Road,E01022984,New Forest 018A,Criminal damage and arson,Status update unavailable,
78edfb24cd74950b03b0e09052a7b7423f2455bfd1d9bba2ad7b898f31a0ed14,2024-03,Hampshire Constabulary,Hampshire Constabulary,-1.644405,50.770333,On or near Sway Road,E01022984,New Forest 018A,Other theft,Investigation complete; no suspect identified,
ca6f087f2b81486f2defd4304d6ac4dcba9666c2c4254f338494936bd463b0b8,2024-03,Hampshire Constabulary,Hampshire Constabulary,-1.666249,50.757511,On or near Cabot Way,E01022985,New Forest 018B,Possession of weapons,Court result unavailable,
7a0b6561fb5886d3e00d41afa4c5d12acb8699e0940c68d42c6562d33b5a1129,2024-03,Hampshire Constabulary,Hampshire Constabulary,-1.668406,50.759235,On or near Beechwood Avenue,E01022985,New Forest 018B,Shoplifting,Court result unavailable,
fa5f5bb14e7211ed07fc4377ecfb642c90cab7b67770c470e996fe288988c0aa,2024-03,Hampshire Constabulary,Hampshire Constabulary,-1.668406,50.759235,On or near Beechwood Avenue,E01022985,New Forest 018B,Shoplifting,Unable to prosecute suspect,
87cad667b82bc57f7a2a8d3486b31b009b3b3cc15d881b18a1535b948dcd9728,2024-03,Hampshire Constabulary,Hampshire Constabulary,-1.666819,50.761137,On or near Doe Copse Way,E01022985,New Forest 018B,Violence and sexual offences,Unable to prosecute suspect,
d85b1d6ad606811bebf54a91ce02da65a83e537232e6e2b3b898fa435f527e20,2024-03,Hampshire Constabulary,Hampshire Constabulary,-1.666249,50.757511,On or near Cabot Way,E01022985,New Forest 018B,Violence and sexual offences,Unable to prosecute suspect,
49444e7bcb89efc473bf5f5d3de8ad9988c89ad1d66c9146252319f99f65218d,2024-03,Hampshire Constabulary,Hampshire Constabulary,-1.666819,50.761137,On or near Doe Copse Way,E01022985,New Forest 018B,Violence and sexual offences,Court result unavailable,
84495b696a8809649e64a6eaa849eac1d6c32915586fb093afb40842382848cc,2024-03,Hampshire Constabulary,Hampshire Constabulary,-1.666819,50.761137,On or near Doe Copse Way,E01022985,New Forest 018B,Violence and sexual offences,Court result unavailable,
ee9dea3830326fe1a931f77305af592e5da518c1d3a0f91424726ca30e0f4ceb,2024-03,Hampshire Constabulary,Hampshire Constabulary,-1.666359,50.760092,On or near Hazelwood Avenue,E01022985,New Forest 018B,Other theft,Investigation complete; no suspect identified,
29ead02e9b6fcb0edf29fc30e33a9eeb8272d1d70e72a1a8c9dff79c97fce719,2024-03,Hampshire Constabulary,Hampshire Constabulary,-1.665070,50.761806,On or near Fawn Gardens,E01022985,New Forest 018B,Violence and sexual offences,Unable to prosecute suspect,
4d476fa188c303dc88526e52975c7e379510ed11ebb026e80281e230ff37f3e5,2024-03,Hampshire Constabulary,Hampshire Constabulary,-1.642294,50.764445,On or near Park Road,E01023020,New Forest 018C,Vehicle crime,Investigation complete; no suspect identified,
cd11dc67181250c85805642348a21531f04b48d6a8eef6d9a5e1d31851841796,2024-03,Hampshire Constabulary,Hampshire Constabulary,-1.614852,50.754718,On or near Nursery Close,E01023034,New Forest 018D,Burglary,Unable to prosecute suspect,
3725c3cee0fb41271373d62cb1e291f76e347ba2dde36eb0e79aee4d16887d59,2024-03,Hampshire Constabulary,Hampshire Constabulary,-1.623468,50.755070,On or near Danecrest Road,E01023034,New Forest 018D,Criminal damage and arson,Unable to prosecute suspect,
6d2bf84e36fdfb55ae9260103b7771030becf629040f8593557b1cb85eb0128d,2024-03,Hampshire Constabulary,Hampshire Constabulary,-1.614852,50.754718,On or near Nursery Close,E01023034,New Forest 018D,Violence and sexual offences,Unable to prosecute suspect,
aab8ca5bf233d8c625a224c3306e5480ae83d4bc6dd7ead59198ef5ea637a50f,2024-03,Hampshire Constabulary,Hampshire Constabulary,-1.620895,50.755997,On or near Stopples Lane,E01023034,New Forest 018D,Violence and sexual offences,Unable to prosecute suspect,
,2024-03,Hampshire Constabulary,Hampshire Constabulary,-1.619056,50.755460,On or near Woodlands,E01023034,New Forest 018D,Anti-social behaviour,,
4ef3b99c033e643e60edc1c8ea737ea01bf933c487bc8be32e729cc16f526f76,2024-03,Hampshire Constabulary,Hampshire Constabulary,-1.614852,50.754718,On or near Nursery Close,E01023034,New Forest 018D,Burglary,Status update unavailable,
78701153fcc526424568a5bc2cf0f1a3e2e38fa860016c1569f9d12c815ec078,2024-03,Hampshire Constabulary,Hampshire Constabulary,-1.614852,50.754718,On or near Nursery Close,E01023034,New Forest 018D,Burglary,Status update unavailable,
ecf8138b1160882871f24af011d0118f2498608ab127be183aa72cfadbb9166d,2024-03,Hampshire Constabulary,Hampshire Constabulary,-1.623468,50.755070,On or near Danecrest Road,E01023034,New Forest 018D,Criminal damage and arson,Investigation complete; no suspect identified,
2ba6d514e852efd8d747fc34a9aa2d56b4fa116c08c5ffd8da5ad1a5fddd9242,2024-03,Hampshire Constabulary,Hampshire Constabulary,-1.614852,50.754718,On or near Nursery Close,E01023034,New Forest 018D,Violence and sexual offences,Unable to prosecute suspect,
89ca05745dbcbb11fceea5bb59782664e284c1abd74b4ea7dc518d8034fce7d5,2024-03,Hampshire Constabulary,Hampshire Constabulary,-1.606978,50.753784,On or near Kings Farm Lane,E01023034,New Forest 018D,Violence and sexual offences,Investigation complete; no suspect identified,
71c9fca61fc32ac47024a24f7090bc7d5e1e21554cecc7fecdc608e229f21281,2024-03,Hampshire Constabulary,Hampshire Constabulary,-1.614852,50.754718,On or near Nursery Close,E01023034,New Forest 018D,Violence and sexual offences,Unable to prosecute suspect,
20bc7c2a1256997173cac4d38b61ad002932a80b54e44199a985f2b61a9fcac4,2024-03,Hampshire Constabulary,Hampshire Constabulary,-1.621165,50.759460,On or near Sycamore Road,E01023035,New Forest 018E,Violence and sexual offences,Unable to prosecute suspect,
479fc32baae44205335ef1f30a351dcd2294518bfc03adf81b541e34330b8567,2024-03,Hampshire Constabulary,Hampshire Constabulary,-1.626600,50.758812,On or near Windsor Close,E01023035,New Forest 018E,Vehicle crime,Investigation complete; no suspect identified,
f88d1d6747e0bdcb8772d77f3944b36f1760cac7e94f473ec339b7fd5bdfd3c2,2024-03,Hampshire Constabulary,Hampshire Constabulary,-1.626600,50.758812,On or near Windsor Close,E01023035,New Forest 018E,Violence and sexual offences,Investigation complete; no suspect identified,
822669a5e092f5d58f46c60cf11f2d4781a4eda9c105a29b7f1ea1d5d2c139b7,2024-03,Hampshire Constabulary,Hampshire Constabulary,-1.629815,50.759218,On or near Ashley Lane,E01023035,New Forest 018E,Other crime,Further investigation is not in the public interest,
f20ad359bae76ab1e50c86270c19e246e2ff98abfceb5f643580572944b8c46d,2024-03,Hampshire Constabulary,Hampshire Constabulary,-1.621165,50.759460,On or near Sycamore Road,E01023035,New Forest 018E,Other crime,Investigation complete; no suspect identified,
5caf55aa15ab63e96700ce72e0699afcb4cf0ab5c1ee304f1ecd78f9530b7b37,2024-03,Hampshire Constabulary,Hampshire Constabulary,-1.589913,50.746998,On or near Wainsford Road,E01023036,New Forest 018F,Criminal damage and arson,Investigation complete; no suspect identified,
2a93ff478d09dd15b7052a07f296c1324bfb42b7174bc35fee9fbe7e840a81a4,2024-03,Hampshire Constabulary,Hampshire Constabulary,-1.593159,50.748565,On or near Greenmead Avenue,E01023036,New Forest 018F,Other theft,Investigation complete; no suspect identified,
486f680b6950ac5d570da1d84dd84d145b824ece46789aa4eb80d679e7c9b66f,2024-03,Hampshire Constabulary,Hampshire Constabulary,-1.551407,50.768727,On or near Ambrose Corner,E01023001,New Forest 019A,Public order,Court result unavailable,
5f3ec816365bc72b7332f439d92aab5e8f5a2cfcbaabf9bf5867ae2e9be0d25b,2024-03,Hampshire Constabulary,Hampshire Constabulary,-1.548838,50.769023,On or near Bankview,E01023001,New Forest 019A,Violence and sexual offences,Unable to prosecute suspect,
a447c122774bafa68553332cbdcf9e77b25b103ec80eb12116123dafe1d1d85a,2024-03,Hampshire Constabulary,Hampshire Constabulary,-1.549261,50.767810,On or near Hillditch,E01023001,New Forest 019A,Violence and sexual offences,Unable to prosecute suspect,
8aa5a29f8cec32f9a62b241db52584c1300351eb99022eda24d427e2e82d333b,2024-03,Hampshire Constabulary,Hampshire Constabulary,-1.549261,50.767810,On or near Hillditch,E01023001,New Forest 019A,Violence and sexual offences,Unable to prosecute suspect,
,2024-03,Hampshire Constabulary,Hampshire Constabulary,-1.556992,50.762957,On or near Fieldhouse Way,E01023001,New Forest 019A,Anti-social behaviour,,
9c094151400a9b98a0aefa7660dabf06256d90bfe72a6724e47454f5d71daa62,2024-03,Hampshire Constabulary,Hampshire Constabulary,-1.542302,50.762999,On or near Private Road,E01023002,New Forest 019B,Shoplifting,Local resolution,
bd4b8083321b8c85e41a7bd567834a5ca794790b49b203b3bf54a1364438b6b5,2024-03,Hampshire Constabulary,Hampshire Constabulary,-1.547307,50.761616,On or near Jasmine Court,E01023002,New Forest 019B,Burglary,Investigation complete; no suspect identified,
3c5807b27eb938ab181e12fbc2189fdf657be14f7205d2fe45cc435a83c91a0d,2024-03,Hampshire Constabulary,Hampshire Constabulary,-1.546439,50.761927,On or near Shrubb'S Avenue,E01023002,New Forest 019B,Criminal damage and arson,Investigation complete; no suspect identified,
f6ff07e7753a99a6747712cab4ab8413645da7191aa560f21d4cc58d1a2f473f,2024-03,Hampshire Constabulary,Hampshire Constabulary,-1.542302,50.762999,On or near Private Road,E01023002,New Forest 019B,Criminal damage and arson,Investigation complete; no suspect identified,
bb62fa97644a1a13419ed45876b6faa723ba2607f92b4118a95463e9b380ae19,2024-03,Hampshire Constabulary,Hampshire Constabulary,-1.548466,50.767870,On or near Ringbury,E01023002,New Forest 019B,Violence and sexual offences,Status update unavailable,
b3d9fd770869023957fd0e4f36fbd06b14f7bc9e3e3a1fcd847292b73288ee1e,2024-03,Hampshire Constabulary,Hampshire Constabulary,-1.546113,50.764857,On or near William Road,E01023002,New Forest 019B,Violence and sexual offences,Unable to prosecute suspect,
6795fb443c228d9c17f8b3de338a2605077c689c7c85e6f4e25d9b87c3e4add4,2024-03,Hampshire Constabulary,Hampshire Constabulary,-1.563423,50.752972,On or near Howards Mead,E01023058,New Forest 019C,Vehicle crime,Investigation complete; no suspect identified,
b1e285c04cb6a1ae9b32d760c635643255d69b1043e306cfd6cb53c436ac5b36,2024-03,Hampshire Constabulary,Hampshire Constabulary,-1.566330,50.751274,On or near Holmsley Close,E01023058,New Forest 019C,Violence and sexual offences,Local resolution,
8742947f01e1ef79a34092207f4de97c2fdfc7d2940f807aa9fe5312590cc8c3,2024-03,Hampshire Constabulary,Hampshire Constabulary,-1.563798,50.752254,On or near Oak Tree Mews,E01023058,New Forest 019C,Violence and sexual offences,Unable to prosecute suspect,
17211ddf42a8bd787f76df69934ab4b708ff11aeb3a070302eb73420745858fe,2024-03,Hampshire Constabulary,Hampshire Constabulary,-1.563423,50.752972,On or near Howards Mead,E01023058,New Forest 019C,Other crime,Unable to prosecute suspect,
,2024-03,Hampshire Constabulary,Hampshire Constabulary,-1.563423,50.752972,On or near Howards Mead,E01023058,New Forest 019C,Anti-social behaviour,,
97c04b033a62b973ccf421334cb6786c66f5eda07d0d1db6e97a4023c24c9eb5,2024-03,Hampshire Constabulary,Hampshire Constabulary,-1.564400,50.751492,On or near Efford Way,E01023058,New Forest 019C,Criminal damage and arson,Investigation complete; no suspect identified,
3d904b1675786f8895244fc9f5513fbaa78f9352b78e683c21565625f9ab12dc,2024-03,Hampshire Constabulary,Hampshire Constabulary,-1.562709,50.752025,On or near Mead Road,E01023058,New Forest 019C,Public order,Investigation complete; no suspect identified,
c53314c7f520efbcfa822fb693c6fe9f7cd33a3d3fbc0ad9ed17456849d5cc00,2024-03,Hampshire Constabulary,Hampshire Constabulary,-1.562115,50.753309,On or near Pound Road,E01023058,New Forest 019C,Violence and sexual offences,Status update unavailable,
6b28f3c4beec01f5347857603f7b8db7f8d56d5821d45c26f991f2aa0621c75f,2024-03,Hampshire Constabulary,Hampshire Constabulary,-1.567124,50.757383,On or near St Marks Road,E01023060,New Forest 019D,Drugs,Local resolution,
2dd1c7025c7584ed446c71ffaad43dd933a42abe96130341419cb62b15611223,2024-03,Hampshire Constabulary,Hampshire Constabulary,-1.567124,50.757383,On or near St Marks Road,E01023060,New Forest 019D,Drugs,Offender given a caution,
f758f350196ef2aa17d5e25196d48b5d90119f7f30a308c682d39941d0d4d3d5,2024-03,Hampshire Constabulary,Hampshire Constabulary,-1.569071,50.758488,On or near Torreyana Gardens,E01023060,New Forest 019D,Public order,Status update unavailable,
22a86d1ac8f7440b0a25a51cb6bf9a9a6885db96dc62d966619355335cc53e0a,2024-03,Hampshire Constabulary,Hampshire Constabulary,-1.561534,50.754845,On or near Oliver Road,E01023061,New Forest 019E,Public order,Unable to prosecute suspect,
e1238d380427ed8978d60f489a7b431d4191eab2db48c46148a491c217033346,2024-03,Hampshire Constabulary,Hampshire Constabulary,-1.560927,50.757558,On or near Bays Road,E01023061,New Forest 019E,Violence and sexual offences,Local resolution,
aba910279f63b3aab4aedb2f3893c06dddb4a535ec9dbb43024028806508dec3,2024-03,Hampshire Constabulary,Hampshire Constabulary,-1.560927,50.757558,On or near Bays Road,E01023061,New Forest 019E,Violence and sexual offences,Local resolution,
9d27aced928a7e87e1046ce9f70b10572dc36206d7431163dd5ee360f988f908,2024-03,Hampshire Constabulary,Hampshire Constabulary,-1.556512,50.758207,On or near Greenway Close,E01023061,New Forest 019E,Violence and sexual offences,Unable to prosecute suspect,
5ab896202a02891aa94973da01e818dde305160abdef67436714ffbb979ca8a6,2024-03,Hampshire Constabulary,Hampshire Constabulary,-1.560927,50.757558,On or near Bays Road,E01023061,New Forest 019E,Violence and sexual offences,Local resolution,
bd6b9e5f57d9435147655a7d59c917f53bf6d982eb8a8a8cd61ce833a60d9a0e,2024-03,Hampshire Constabulary,Hampshire Constabulary,-1.557171,50.753594,On or near Sports/Recreation Area,E01023061,New Forest 019E,Violence and sexual offences,Unable to prosecute suspect,
67b969d76a7ec9e05dc23ce62535a367215ffe783df0176884e83479b9c36dac,2024-03,Hampshire Constabulary,Hampshire Constabulary,-1.561583,50.755636,On or near Chequers Close,E01023061,New Forest 019E,Violence and sexual offences,Unable to prosecute suspect,
,2024-03,Hampshire Constabulary,Hampshire Constabulary,-1.559221,50.756625,On or near Gordon Road,E01023061,New Forest 019E,Anti-social behaviour,,
fbd5214b5b98286d3d244e0b046f1894416d14cc0b3a3801f039e5f9d678e366,2024-03,Hampshire Constabulary,Hampshire Constabulary,-1.560927,50.757558,On or near Bays Road,E01023061,New Forest 019E,Public order,Unable to prosecute suspect,
105078422735aca2cd0eed33c937c1d4dc186869a22c7c1be45869b6d9420b8f,2024-03,Hampshire Constabulary,Hampshire Constabulary,-1.561534,50.754845,On or near Oliver Road,E01023061,New Forest 019E,Shoplifting,Investigation complete; no suspect identified,
255ce6050ba8f7d4f9243f117e459fe7d5fd83155c0b4db75f9c768cc6a36b0c,2024-03,Hampshire Constabulary,Hampshire Constabulary,-1.557766,50.756053,On or near Southbourne Road,E01023061,New Forest 019E,Violence and sexual offences,Status update unavailable,
8786671af52ad67e583c9a413b57b40669e0321d3d029dcdce5b7cf83a09d963,2024-03,Hampshire Constabulary,Hampshire Constabulary,-1.561103,50.753971,On or near The Square,E01023061,New Forest 019E,Violence and sexual offences,Status update unavailable,
7f9621618a35517f7f5ebb51229629ef89f1965bb88ca89cfc8a68a21503465e,2024-03,Hampshire Constabulary,Hampshire Constabulary,-1.644747,50.762618,On or near Winchester Road,E01023017,New Forest 020A,Burglary,Unable to prosecute suspect,
9fe7a366b56bd9d4950ac495b90b6e8ebf0750caf9b955f4de5cd2dbc6e91bdc,2024-03,Hampshire Constabulary,Hampshire Constabulary,-1.639958,50.763980,On or near Danesbury Meadows,E01023017,New Forest 020A,Drugs,Offender given a caution,
514bc36c191fb0cd177e1221e4099589063f3940b051328450b66e0c589ee40b,2024-03,Hampshire Constabulary,Hampshire Constabulary,-1.644463,50.760693,On or near Franklin Road,E01023017,New Forest 020A,Vehicle crime,Investigation complete; no suspect identified,
cf558c9359299e63ae8f5933aa4ba7a71c00902f9e472d6c057b66c9932cb0a1,2024-03,Hampshire Constabulary,Hampshire Constabulary,-1.644747,50.762618,On or near Winchester Road,E01023017,New Forest 020A,Violence and sexual offences,Unable to prosecute suspect,
,2024-03,Hampshire Constabulary,Hampshire Constabulary,-1.640163,50.763108,On or near Earlswood Park,E01023017,New Forest 020A,Anti-social behaviour,,
4e55da82c780e1bb1c2704ddc8ed9b6fcc3547f2d9bb81a4622a45a0c0f95bbc,2024-03,Hampshire Constabulary,Hampshire Constabulary,-1.648535,50.760418,On or near Barrs Wood Road,E01023017,New Forest 020A,Burglary,Investigation complete; no suspect identified,
ffd262d6ae98d3204fdc92bc2a51544d46119c96a3f79d15fe2a7e82a5fa17c9,2024-03,Hampshire Constabulary,Hampshire Constabulary,-1.654431,50.762531,On or near Forest Pines,E01023017,New Forest 020A,Burglary,Investigation complete; no suspect identified,
20e6bc593885dad492fec2a8ded0ff39869a82423fea1838272e828fbd3bb9db,2024-03,Hampshire Constabulary,Hampshire Constabulary,-1.654431,50.762531,On or near Forest Pines,E01023017,New Forest 020A,Burglary,Investigation complete; no suspect identified,
77c06afe7d4880d41ed1e05119752d907d9ad8c3d5cc3468192e8c9af20992c2,2024-03,Hampshire Constabulary,Hampshire Constabulary,-1.654431,50.762531,On or near Forest Pines,E01023017,New Forest 020A,Burglary,Investigation complete; no suspect identified,
c4cb9cbfecb537b3ca41d026a312904c38ebd2f2924b194ee6e2d0b870028794,2024-03,Hampshire Constabulary,Hampshire Constabulary,-1.641837,50.763032,On or near Forest Edge,E01023017,New Forest 020A,Criminal damage and arson,Status update unavailable,
40d6d2d6c19668e41af01c9e2f736939155b71d9a621de43fe8f6b311fbfd941,2024-03,Hampshire Constabulary,Hampshire Constabulary,-1.650154,50.761942,On or near Brook Avenue North,E01023017,New Forest 020A,Criminal damage and arson,Investigation complete; no suspect identified,
89b6e9dc2fc4b34758ac36e9a08cd176b2daa01cdca5b15338c418bbb6b49c05,2024-03,Hampshire Constabulary,Hampshire Constabulary,-1.641837,50.763032,On or near Forest Edge,E01023017,New Forest 020A,Violence and sexual offences,Unable to prosecute suspect,
218e2756f87cf855686eb3669c014da27c7cba7e2c6904819afb6b71e85115b1,2024-03,Hampshire Constabulary,Hampshire Constabulary,-1.640669,50.761860,On or near Burnleigh Gardens,E01023017,New Forest 020A,Violence and sexual offences,Investigation complete; no suspect identified,
d715ae056313b7421ee6bd480151303c50958c9c8e0f313912e0966a4301626b,2024-03,Hampshire Constabulary,Hampshire Constabulary,-1.641837,50.763032,On or near Forest Edge,E01023017,New Forest 020A,Violence and sexual offences,Unable to prosecute suspect,
d60e82156507c5ad68c9c3c2b17f634d025d5b9919de147a003ff53293777ed0,2024-03,Hampshire Constabulary,Hampshire Constabulary,-1.640669,50.761860,On or near Burnleigh Gardens,E01023017,New Forest 020A,Other crime,Further action is not in the public interest,
235ed7a548e3f7acdaf79d2cff5e2cd4740dbfaf9716aabfe7b38294e67c75b7,2024-03,Hampshire Constabulary,Hampshire Constabulary,-1.664888,50.755511,On or near Nelson Close,E01023018,New Forest 020B,Drugs,Local resolution,
0736e273191064d00c6964cd4ed4626ee2b8a2cc720bc02d2c1da42b42e5e1c4,2024-03,Hampshire Constabulary,Hampshire Constabulary,-1.657848,50.756668,On or near Avenue Road,E01023018,New Forest 020B,Vehicle crime,Unable to prosecute suspect,
125a0edf11aace271a18dd76da559b9059fa3d5c9abdb38b07f0cd7f2a2069fb,2024-03,Hampshire Constabulary,Hampshire Constabulary,-1.664823,50.756671,On or near Howe Close,E01023018,New Forest 020B,Violence and sexual offences,Court result unavailable,
0004bdd0ef193542f0c0ac8f043d7addd9be8171a1e29f0deabadb8397dd5c7c,2024-03,Hampshire Constabulary,Hampshire Constabulary,-1.664888,50.755511,On or near Nelson Close,E01023018,New Forest 020B,Violence and sexual offences,Court result unavailable,
06d556407f409130100d80cd565db99637d183e782ba8ab8660370bee3084f60,2024-03,Hampshire Constabulary,Hampshire Constabulary,-1.664888,50.755511,On or near Nelson Close,E01023018,New Forest 020B,Violence and sexual offences,Court result unavailable,
,2024-03,Hampshire Constabulary,Hampshire Constabulary,-1.662180,50.757589,On or near Kennard Court,E01023018,New Forest 020B,Anti-social behaviour,,
7828e95f46bcb4bdc5de92eef7a5d6f8f04dade9586af4e0a40141f5bfad749a,2024-03,Hampshire Constabulary,Hampshire Constabulary,-1.650635,50.758212,On or near Manor Road,E01023018,New Forest 020B,Burglary,Investigation complete; no suspect identified,
7affe8442124931652c6e9a6d680aa6f1a745431d59de40213681cdb9e3f21cd,2024-03,Hampshire Constabulary,Hampshire Constabulary,-1.660942,50.756309,On or near Kennard Place,E01023018,New Forest 020B,Other theft,Investigation complete; no suspect identified,
95b6c56faa44bbdc10f4136029b8c0da609cee4a2767759d884f35a09013b177,2024-03,Hampshire Constabulary,Hampshire Constabulary,-1.662591,50.755630,On or near Bligh Close,E01023018,New Forest 020B,Other theft,Investigation complete; no suspect identified,
279f4605646e0866a5d2e887bae4cd576018bc55fbbab87f4e282442db3c0ef6,2024-03,Hampshire Constabulary,Hampshire Constabulary,-1.662180,50.757589,On or near Kennard Court,E01023018,New Forest 020B,Other theft,Investigation complete; no suspect identified,
0fd22bc8a1cc718800cf886a21e52a55c9531f37c8138aa190d7b50a1228b55f,2024-03,Hampshire Constabulary,Hampshire Constabulary,-1.664888,50.755511,On or near Nelson Close,E01023018,New Forest 020B,Violence and sexual offences,Unable to prosecute suspect,
10e3959b7b5be4112a71283004f5fd22fe52f483c59032d1af32bfbc5fb5d22d,2024-03,Hampshire Constabulary,Hampshire Constabulary,-1.665110,50.756285,On or near Hardy Close,E01023018,New Forest 020B,Violence and sexual offences,Unable to prosecute suspect,
fe6e7939afc5e9c2959374dbc3c22f35d05eb66fcf9742d317ba50ab3f354531,2024-03,Hampshire Constabulary,Hampshire Constabulary,-1.662180,50.757589,On or near Kennard Court,E01023018,New Forest 020B,Violence and sexual offences,Unable to prosecute suspect,
3b3b7cd771fc786566fb8548bd5ff424f7f525f08bdb858d1d1b84b8572a0deb,2024-03,Hampshire Constabulary,Hampshire Constabulary,-1.664888,50.755511,On or near Nelson Close,E01023018,New Forest 020B,Violence and sexual offences,Unable to prosecute suspect,
6fa928a213fe387dca97030cb450e70ebfcae7694a13d9b92b3f9e10de4a86b0,2024-03,Hampshire Constabulary,Hampshire Constabulary,-1.664888,50.755511,On or near Nelson Close,E01023018,New Forest 020B,Violence and sexual offences,Investigation complete; no suspect identified,
74c5c82239d3d8e4e141ad61141c65a7c10a93a6bbe77bbd16654f9994f5dadb,2024-03,Hampshire Constabulary,Hampshire Constabulary,-1.664888,50.755511,On or near Nelson Close,E01023018,New Forest 020B,Other crime,Status update unavailable,
338aab628c590368be8bda49c2cc1ff86b41ce02e7fcf845af1d13bbba190279,2024-03,Hampshire Constabulary,Hampshire Constabulary,-1.668179,50.757229,On or near Cadhay Close,E01023019,New Forest 020C,Violence and sexual offences,Unable to prosecute suspect,
3c57b65fd80c10932946da5609c2151c212f6d67de4ce9e93b03bc0ef6da5245,2024-03,Hampshire Constabulary,Hampshire Constabulary,-1.668179,50.757229,On or near Cadhay Close,E01023019,New Forest 020C,Violence and sexual offences,Unable to prosecute suspect,
0e32b6b4d5e4501281cb5e524a9ce98e6abd31ab7cd835848a2245d2c982a536,2024-03,Hampshire Constabulary,Hampshire Constabulary,-1.672596,50.754139,On or near Queensway,E01023019,New Forest 020C,Violence and sexual offences,Unable to prosecute suspect,
79c733e611f3077e413c3efa1198a2ffbe92d9b77a2064a970614f75ae4c09b2,2024-03,Hampshire Constabulary,Hampshire Constabulary,-1.668179,50.757229,On or near Cadhay Close,E01023019,New Forest 020C,Violence and sexual offences,Unable to prosecute suspect,
,2024-03,Hampshire Constabulary,Hampshire Constabulary,-1.668503,50.755602,On or near Stratfield Place,E01023019,New Forest 020C,Anti-social behaviour,,
,2024-03,Hampshire Constabulary,Hampshire Constabulary,-1.672298,50.756188,On or near Arundel Close,E01023019,New Forest 020C,Anti-social behaviour,,
5f3453fc2e981f99e1bb607946bf719db4ca79ca55a40dd1cda9180a8c9333b3,2024-03,Hampshire Constabulary,Hampshire Constabulary,-1.669984,50.756578,On or near Chatsworth Way,E01023019,New Forest 020C,Criminal damage and arson,Investigation complete; no suspect identified,
d8ca38941488d64ca505b8a83850f4bd5502a15b15a080f84801333dc085a0b9,2024-03,Hampshire Constabulary,Hampshire Constabulary,-1.672596,50.754139,On or near Queensway,E01023019,New Forest 020C,Possession of weapons,Investigation complete; no suspect identified,
94f1d2ae6d1f59a3bcb2f643fceb7e8271d1fb79686e77505f0d201731810b1e,2024-03,Hampshire Constabulary,Hampshire Constabulary,-1.665473,50.753094,On or near Goldfinch Close,E01023055,New Forest 020D,Vehicle crime,Local resolution,
d7a25ad1f01dc4b02989a1e32c28e705e1c9fa0fdb93e39be68fba995435e19d,2024-03,Hampshire Constabulary,Hampshire Constabulary,-1.666033,50.750119,On or near Milton Mead,E01023055,New Forest 020D,Violence and sexual offences,Unable to prosecute suspect,
aec1b8f71ed36e6862bdd34689fa79b62c351312d00971d195f1bc457157b50c,2024-03,Hampshire Constabulary,Hampshire Constabulary,-1.668506,50.751124,On or near Greenwood Close,E01023055,New Forest 020D,Violence and sexual offences,Unable to prosecute suspect,
8f5f8f0350fa8d64c48204650bdb91d1b4f73bc4ea251d84b0cbc40a4a82cd15,2024-03,Hampshire Constabulary,Hampshire Constabulary,-1.664199,50.752811,On or near Davis Field,E01023055,New Forest 020D,Burglary,Investigation complete; no suspect identified,
7529adcb6655d50a33d0719541fa9b3c9d4384d8d1e056e708a2a997ad409b8d,2024-03,Hampshire Constabulary,Hampshire Constabulary,-1.666033,50.750119,On or near Milton Mead,E01023055,New Forest 020D,Burglary,Investigation complete; no suspect identified,
84d41db2632278de5039c9beca7b838005637d7a235ed1fbf7b73ecfe63cf240,2024-03,Hampshire Constabulary,Hampshire Constabulary,-1.664331,50.752191,On or near Robin Grove,E01023055,New Forest 020D,Drugs,Status update unavailable,
7df5e0e423578363420d02ba2beebdfee90193f50a6ad3dfed036238830d1114,2024-03,Hampshire Constabulary,Hampshire Constabulary,-1.666033,50.750119,On or near Milton Mead,E01023055,New Forest 020D,Violence and sexual offences,Further action is not in the public interest,
1d96e31ce1b2e893aaf54e49aa2f48062e7d06657a6d7d2de8062ae1405d7473,2024-03,Hampshire Constabulary,Hampshire Constabulary,-1.664331,50.752191,On or near Robin Grove,E01023055,New Forest 020D,Violence and sexual offences,Unable to prosecute suspect,
820b490ff0256ea092009fa068d95f7d25e12039505ed789c7c4337591a09f91,2024-03,Hampshire Constabulary,Hampshire Constabulary,-1.664199,50.752811,On or near Davis Field,E01023055,New Forest 020D,Violence and sexual offences,Unable to prosecute suspect,
2e241a9bc03bc55fbad8e8af97748d7582ae2ed09bd117714234ccb862cfe0e6,2024-03,Hampshire Constabulary,Hampshire Constabulary,-1.639402,50.757000,On or near Molyneux Court,E01022986,New Forest 021A,Drugs,Local resolution,
a0169be1f5f14ad4619a9fbb0c2fda269103d8bcda62dd94173fce37e9913000,2024-03,Hampshire Constabulary,Hampshire Constabulary,-1.639402,50.757000,On or near Molyneux Court,E01022986,New Forest 021A,Shoplifting,Court result unavailable,
b9da06b7e8db674177f52ded55fdd0f2d4e373872d7ca2e11031f6ac3f79799c,2024-03,Hampshire Constabulary,Hampshire Constabulary,-1.640410,50.753037,On or near Benmore Close,E01022986,New Forest 021A,Violence and sexual offences,Unable to prosecute suspect,
eee69ad29b445fe8b2a71e89e500f8669364df77d7b1a18bcd00f7fd595afa70,2024-03,Hampshire Constabulary,Hampshire Constabulary,-1.639402,50.757000,On or near Molyneux Court,E01022986,New Forest 021A,Drugs,Status update unavailable,
ae0257aa37350ef27e034dccb00fb0fb8f0e4f2dec30a92fafe90f8934f3774e,2024-03,Hampshire Constabulary,Hampshire Constabulary,-1.641174,50.757032,On or near Ashley Road,E01022986,New Forest 021A,Vehicle crime,Investigation complete; no suspect identified,
da1918ce69a60a44982b137cff90c900d42564ce21862dfc43b6dca6a9797720,2024-03,Hampshire Constabulary,Hampshire Constabulary,-1.641334,50.760225,On or near Hawthorn Close,E01022986,New Forest 021A,Violence and sexual offences,Further investigation is not in the public interest,
d1322fb408ffa8502d052fc1bb4280c5fc904406983f867559384d15d1310a52,2024-03,Hampshire Constabulary,Hampshire Constabulary,-1.641334,50.760225,On or near Hawthorn Close,E01022986,New Forest 021A,Violence and sexual offences,Unable to prosecute suspect,
f34f6e06f7cc08e82c596d600b6c6e54f96d35ff3f12c8e841dfc1a3f9d812a0,2024-03,Hampshire Constabulary,Hampshire Constabulary,-1.635253,50.756357,On or near Thornham Road,E01022988,New Forest 021B,Burglary,Investigation complete; no suspect identified,
86b3d34f901db6a10388e6b66c43d6d5c595e12db7c96b0759b20a83841f232a,2024-03,Hampshire Constabulary,Hampshire Constabulary,-1.635626,50.754029,On or near Ashtree Close,E01022988,New Forest 021B,Criminal damage and arson,Unable to prosecute suspect,
5d61141b035bfbfbedc3ad41efae2e73cb4edd5e7a84c40ffda9fd9f156726d3,2024-03,Hampshire Constabulary,Hampshire Constabulary,-1.635253,50.756357,On or near Thornham Road,E01022988,New Forest 021B,Violence and sexual offences,Unable to prosecute suspect,
,2024-03,Hampshire Constabulary,Hampshire Constabulary,-1.638332,50.761574,On or near Ashlet Gardens,E01022988,New Forest 021B,Anti-social behaviour,,
fa3e0552bf821ced1d04ce2c4ba9abc7ec79c74b3f31f158e23b49e2feb0e13c,2024-03,Hampshire Constabulary,Hampshire Constabulary,-1.638332,50.761574,On or near Ashlet Gardens,E01022988,New Forest 021B,Criminal damage and arson,Investigation complete; no suspect identified,
1f12f98b80066b824d6e1f19b2ed5926c6918bcf5461168ec76c99d07fc915ad,2024-03,Hampshire Constabulary,Hampshire Constabulary,-1.638332,50.761574,On or near Ashlet Gardens,E01022988,New Forest 021B,Criminal damage and arson,Investigation complete; no suspect identified,
5599ab10fd20c952318fd4383dea017a1be682063d83d2aaf9e18f3fdeeddf3d,2024-03,Hampshire Constabulary,Hampshire Constabulary,-1.636914,50.754213,On or near Andrew Lane,E01022988,New Forest 021B,Other theft,Investigation complete; no suspect identified,
5074b9a9ceacd1b6c12cf79970ecba69ec271730e02e863ca8a01199960c50a2,2024-03,Hampshire Constabulary,Hampshire Constabulary,-1.636914,50.754213,On or near Andrew Lane,E01022988,New Forest 021B,Other theft,Investigation complete; no suspect identified,
30907195e71731a8d05bd5d9d3ce0a735b77f24923031e6105b7e02a30002917,2024-03,Hampshire Constabulary,Hampshire Constabulary,-1.636973,50.761291,On or near Pennywell Gardens,E01022988,New Forest 021B,Possession of weapons,Status update unavailable,
6ff6d687bff54cff78ef851d908deda16fe379cbad04a9ebbc42e414612553c7,2024-03,Hampshire Constabulary,Hampshire Constabulary,-1.637619,50.760240,On or near Poplar Road,E01022988,New Forest 021B,Public order,Unable to prosecute suspect,
20fed0915835be3bebc064117e90dbf414bec58a5e4500f86ee08613e37eb377,2024-03,Hampshire Constabulary,Hampshire Constabulary,-1.635963,50.758077,On or near Floriston Gardens,E01022988,New Forest 021B,Violence and sexual offences,Investigation complete; no suspect identified,
25c8d8329fb0988b2fbee3f60b51b330167f1367e5170133e0d7416901f7468c,2024-03,Hampshire Constabulary,Hampshire Constabulary,-1.637619,50.760240,On or near Poplar Road,E01022988,New Forest 021B,Other crime,Unable to prosecute suspect,
d8eded6b7da9cfd22fc4092edbc66ae4819084ae6e475396f1ab896a2c5ec62b,2024-03,Hampshire Constabulary,Hampshire Constabulary,-1.663224,50.752341,On or near Churchill Court,E01023054,New Forest 021C,Other theft,Awaiting court outcome,
61d38de9c5bc4ec739036b41a3153efe7d97724365655292bd38e8cdf3fbb9e9,2024-03,Hampshire Constabulary,Hampshire Constabulary,-1.663224,50.752341,On or near Churchill Court,E01023054,New Forest 021C,Other theft,Awaiting court outcome,
83e7eec44008755a7a0bba80c6bc3ebaf4545f06a105897030dc750c57aaa4fa,2024-03,Hampshire Constabulary,Hampshire Constabulary,-1.663224,50.752341,On or near Churchill Court,E01023054,New Forest 021C,Other theft,Awaiting court outcome,
7b72d563549b36970829246e3005d4a5175f7a2a11dcd6a699e71fb2e40d14d3,2024-03,Hampshire Constabulary,Hampshire Constabulary,-1.663224,50.752341,On or near Churchill Court,E01023054,New Forest 021C,Other theft,Unable to prosecute suspect,
c31556c0dfbd7c56141f2322a79e7698a130a602436d8ac8fadc197703f9cceb,2024-03,Hampshire Constabulary,Hampshire Constabulary,-1.664436,50.747416,On or near Old Milton,E01023054,New Forest 021C,Shoplifting,Local resolution,
592291c2479b24af266bae912a1bc88890c454b59dcfe959796a9138dcb880b4,2024-03,Hampshire Constabulary,Hampshire Constabulary,-1.663224,50.752341,On or near Churchill Court,E01023054,New Forest 021C,Violence and sexual offences,Unable to prosecute suspect,
d6ad2d696e9a5358eee3bd5b8c71fdd31e00c49fb5b16513224e2d87341a306b,2024-03,Hampshire Constabulary,Hampshire Constabulary,-1.663224,50.752341,On or near Churchill Court,E01023054,New Forest 021C,Violence and sexual offences,Unable to prosecute suspect,
,2024-03,Hampshire Constabulary,Hampshire Constabulary,-1.658352,50.753720,On or near Whitefield Road,E01023054,New Forest 021C,Anti-social behaviour,,
,2024-03,Hampshire Constabulary,Hampshire Constabulary,-1.658015,50.751336,On or near Parking Area,E01023054,New Forest 021C,Anti-social behaviour,,
,2024-03,Hampshire Constabulary,Hampshire Constabulary,-1.662574,50.748067,On or near Short Way,E01023054,New Forest 021C,Anti-social behaviour,,
3d3f7354b156f209916ac686bddba3cabb291a39c0b10146b45b28c46ce58dc0,2024-03,Hampshire Constabulary,Hampshire Constabulary,-1.658352,50.753720,On or near Whitefield Road,E01023054,New Forest 021C,Drugs,Local resolution,
aa43f2bbc8bb93c4ea857b92da845308b253e0ba420699aff7f42cb9c54e3e25,2024-03,Hampshire Constabulary,Hampshire Constabulary,-1.660288,50.754517,On or near Worthy Road,E01023054,New Forest 021C,Possession of weapons,Unable to prosecute suspect,
26072b920912067f9d497ca2d2b0e9c0499493f702f5446a952271c307fa0c23,2024-03,Hampshire Constabulary,Hampshire Constabulary,-1.664436,50.747416,On or near Old Milton,E01023054,New Forest 021C,Vehicle crime,Investigation complete; no suspect identified,
14afab2122096d851efdd098df8dcfab69ba0709a2afcdbdadd33a3fb9903d93,2024-03,Hampshire Constabulary,Hampshire Constabulary,-1.652664,50.746545,On or near Lymington Road,E01023054,New Forest 021C,Violence and sexual offences,Status update unavailable,
5030ac15997b954e48ffc7718f5aae1a800500c5051b5e0ba4e8d6f859f6a08e,2024-03,Hampshire Constabulary,Hampshire Constabulary,-1.663224,50.752341,On or near Churchill Court,E01023054,New Forest 021C,Violence and sexual offences,Unable to prosecute suspect,
d5471f3026ef9f244e5897a32364289138e55e6f82a1cf1c162966198dbeaa7d,2024-03,Hampshire Constabulary,Hampshire Constabulary,-1.646835,50.750772,On or near Mendip Close,E01023056,New Forest 021D,Shoplifting,Court result unavailable,
fa603da7f6949b0984f294ea7a2eff67e1d7e719c45143e51b01bfc16fe18878,2024-03,Hampshire Constabulary,Hampshire Constabulary,-1.646819,50.749154,On or near Ashington Park,E01023056,New Forest 021D,Shoplifting,Court result unavailable,
fec608eb849da631bf991ab6e6560533d685d021aff4891d243226dce120426f,2024-03,Hampshire Constabulary,Hampshire Constabulary,-1.646835,50.750772,On or near Mendip Close,E01023056,New Forest 021D,Shoplifting,Status update unavailable,
c4d0f8d82315c30ded85aa652c76cd79db338b4bbc8ac1b6f77e9fdb584d4ed9,2024-03,Hampshire Constabulary,Hampshire Constabulary,-1.646835,50.750772,On or near Mendip Close,E01023056,New Forest 021D,Shoplifting,Investigation complete; no suspect identified,
e152395331ddabe2b8cc5f1fe7257061627c716cbd0244476d6684e2be3950f8,2024-03,Hampshire Constabulary,Hampshire Constabulary,-1.646835,50.750772,On or near Mendip Close,E01023056,New Forest 021D,Shoplifting,Investigation complete; no suspect identified,
547450147f4b06192c9cf66176bea0de149b17add3c94f1a96e5eb156247f1fe,2024-03,Hampshire Constabulary,Hampshire Constabulary,-1.646835,50.750772,On or near Mendip Close,E01023056,New Forest 021D,Shoplifting,Investigation complete; no suspect identified,
63f115b2671d3c160be12c1312dd9dd059f30773b20111095202ce49150a0ac8,2024-03,Hampshire Constabulary,Hampshire Constabulary,-1.653347,50.748121,On or near Aspen Place,E01023056,New Forest 021D,Violence and sexual offences,Status update unavailable,
cd3476ca7783a37e32ebfbe5a9158b0d301b85acc06ad3643e9ad8cfcd93e47b,2024-03,Hampshire Constabulary,Hampshire Constabulary,-1.649540,50.749198,On or near Greenwoods,E01023056,New Forest 021D,Violence and sexual offences,Unable to prosecute suspect,
ea677fe449c342700af8530fbdf4e80aac4390fe2fd326d50f68b69d762e100f,2024-03,Hampshire Constabulary,Hampshire Constabulary,-1.653057,50.754757,On or near Herbert Road,E01023057,New Forest 021E,Criminal damage and arson,Local resolution,
10fcc04775c45f9fa7953e4db340fb0ca2583d43444ecf4b973917a9fbfc4c6e,2024-03,Hampshire Constabulary,Hampshire Constabulary,-1.656307,50.754209,On or near Parkside Walk,E01023057,New Forest 021E,Drugs,Local resolution,
362862483a6c061b314f0b64c99ad4d0372e3163c6c3d82aff94cb8cca9f5728,2024-03,Hampshire Constabulary,Hampshire Constabulary,-1.653768,50.752556,On or near Stannington Close,E01023057,New Forest 021E,Public order,Unable to prosecute suspect,
6ac1e3795701cf7d1ab545b82d15d4bd5a22579ea78c633799e5ec24236e4b69,2024-03,Hampshire Constabulary,Hampshire Constabulary,-1.655381,50.754025,On or near Supermarket,E01023057,New Forest 021E,Shoplifting,Court result unavailable,
1e9f24f1883be45a5d4d51e95a13781f9fff1e7c49b69d36d21c3762d887e41b,2024-03,Hampshire Constabulary,Hampshire Constabulary,-1.655381,50.754025,On or near Supermarket,E01023057,New Forest 021E,Shoplifting,Unable to prosecute suspect,
1a9ec550cbeed1d20f8b8adbd7c39f592ca4ea4ed514b688e9aee95dab843587,2024-03,Hampshire Constabulary,Hampshire Constabulary,-1.653768,50.752556,On or near Stannington Close,E01023057,New Forest 021E,Violence and sexual offences,Unable to prosecute suspect,
3dec8cbf0e1e7f116c0c82a92a71016e9020f5547fcbcd1ff1ba1de27ef3647e,2024-03,Hampshire Constabulary,Hampshire Constabulary,-1.653768,50.752556,On or near Stannington Close,E01023057,New Forest 021E,Violence and sexual offences,Local resolution,
,2024-03,Hampshire Constabulary,Hampshire Constabulary,-1.654746,50.754393,On or near Parking Area,E01023057,New Forest 021E,Anti-social behaviour,,
b6e24585155d3a63955cae62fcf6c396a914742fb50e07df243f10f20bdb6415,2024-03,Hampshire Constabulary,Hampshire Constabulary,-1.657212,50.753404,On or near Sports/Recreation Area,E01023057,New Forest 021E,Criminal damage and arson,Status update unavailable,
581b6553c72b3053b3693c7fae0fb53f4aa0c95ccdf81c02066ff8f434035e7c,2024-03,Hampshire Constabulary,Hampshire Constabulary,-1.655390,50.755573,On or near Parking Area,E01023057,New Forest 021E,Other theft,Investigation complete; no suspect identified,
97012b86801d49152781e0eee09fd57cccd7ff800f3e46d7c7e082ba1877ce91,2024-03,Hampshire Constabulary,Hampshire Constabulary,-1.656307,50.754209,On or near Parkside Walk,E01023057,New Forest 021E,Other theft,Investigation complete; no suspect identified,
e9e9d7b14bd36a7ff9048d34cd35576e2e28bb2b895831698ca30ef71b5e7534,2024-03,Hampshire Constabulary,Hampshire Constabulary,-1.655390,50.755573,On or near Parking Area,E01023057,New Forest 021E,Other theft,Investigation complete; no suspect identified,
bc06ad5b28980af01bd10ddc23c57c1def71ccb84077b83379ef9336d99f0fcb,2024-03,Hampshire Constabulary,Hampshire Constabulary,-1.657985,50.755500,On or near Parking Area,E01023057,New Forest 021E,Possession of weapons,Investigation complete; no suspect identified,
d78daf94349045fb9fbb7c2015d0df47d16f2a98a60b9e9133f90bf5bee3c53d,2024-03,Hampshire Constabulary,Hampshire Constabulary,-1.646880,50.756060,On or near Warwick Avenue,E01023057,New Forest 021E,Public order,Status update unavailable,
4ff7305896d90db70eea774185f02b68bd0a56139438852bbc1e2daa66efb640,2024-03,Hampshire Constabulary,Hampshire Constabulary,-1.655487,50.753856,On or near Park View,E01023057,New Forest 021E,Public order,Unable to prosecute suspect,
7d3cf9af0f5400fc1e036fe5c89fc7aa526ef29b3dc1657927cbb4aea511f15d,2024-03,Hampshire Constabulary,Hampshire Constabulary,-1.649006,50.754214,On or near Highbury Close,E01023057,New Forest 021E,Public order,Unable to prosecute suspect,
b9f97fcb5a44adbafb488a8c476a9338b68da9bf551c030394a7b6b511ebe9ef,2024-03,Hampshire Constabulary,Hampshire Constabulary,-1.655381,50.754025,On or near Supermarket,E01023057,New Forest 021E,Shoplifting,Unable to prosecute suspect,
8617582fcdaae44732bb2c21b06201a7ccb632385f182ba1bbfa41ff928cdf13,2024-03,Hampshire Constabulary,Hampshire Constabulary,-1.655567,50.752642,On or near Parking Area,E01023057,New Forest 021E,Violence and sexual offences,Investigation complete; no suspect identified,
bdf562d6dd2d4a9b5db179c514b1ca2780314bcb9b6dcedb06eb01fa34feeba5,2024-03,Hampshire Constabulary,Hampshire Constabulary,-1.657276,50.755534,On or near Station Approach,E01023057,New Forest 021E,Violence and sexual offences,Status update unavailable,
0ede15de3a84b4ec54b68db05eade2cfcadb5a7302e87624a42c07b5d83f4cf7,2024-03,Hampshire Constabulary,Hampshire Constabulary,-1.654161,50.753088,On or near Police Station,E01023057,New Forest 021E,Violence and sexual offences,Investigation complete; no suspect identified,
0b350e3d0f7ef66f92910490665751d27dfe643e381f927ba349a576861f3d37,2024-03,Hampshire Constabulary,Hampshire Constabulary,-1.657212,50.753404,On or near Sports/Recreation Area,E01023057,New Forest 021E,Violence and sexual offences,Unable to prosecute suspect,
1a463eb1bb0d928b20efa21b6495d1f1bc97a7e1d442240da45ce1be3fdfd869,2024-03,Hampshire Constabulary,Hampshire Constabulary,-1.657276,50.755534,On or near Station Approach,E01023057,New Forest 021E,Violence and sexual offences,Investigation complete; no suspect identified,
cf848b507c70277354a62c2fc6b0e50d4057b044271bb61f9438e9bb63f6417d,2024-03,Hampshire Constabulary,Hampshire Constabulary,-1.667948,50.743829,On or near Three Acre Drive,E01022981,New Forest 022A,Drugs,Unable to prosecute suspect,
6d22e4aba07181b6376039e1b593c0344a4605152de5150d32cb95b33c642321,2024-03,Hampshire Constabulary,Hampshire Constabulary,-1.666013,50.746935,On or near Park Road,E01022981,New Forest 022A,Other crime,Investigation complete; no suspect identified,
e2c7a7bf72514f61dad0f3cf8825b4fd1f8951ffacc679dcd30a1c00c1477802,2024-03,Hampshire Constabulary,Hampshire Constabulary,-1.661473,50.741616,On or near Barton Court Avenue,E01022982,New Forest 022B,Criminal damage and arson,Investigation complete; no suspect identified,
f38ee06cc095eb3f8d378a4853ba27b32ff6fcd358f33d5fcc339866971d9036,2024-03,Hampshire Constabulary,Hampshire Constabulary,-1.659679,50.746683,On or near Barton Court Avenue,E01022982,New Forest 022B,Public order,Investigation complete; no suspect identified,
65cf8a917bb6438ae611fecc9d9335e6dfc7285d52a7c46ed426cd938fe13581,2024-03,Hampshire Constabulary,Hampshire Constabulary,-1.661473,50.741616,On or near Barton Court Avenue,E01022982,New Forest 022B,Public order,Unable to prosecute suspect,
ae27f5fa2d09c4992052f57d8c21c9402124411075a2777f656602069c31406c,2024-03,Hampshire Constabulary,Hampshire Constabulary,-1.663948,50.736390,On or near Cliff Crescent,E01022982,New Forest 022B,Violence and sexual offences,Unable to prosecute suspect,
cef65d4194c7768b167ed3ae23a2e9a8f7f1b55a287fdde8aa1a88ba68998815,2024-03,Hampshire Constabulary,Hampshire Constabulary,-1.661473,50.741616,On or near Barton Court Avenue,E01022982,New Forest 022B,Violence and sexual offences,Unable to prosecute suspect,
6446b02a9837ffe6c634ca274bc0e49f560050050695d9631da6eaf094667083,2024-03,Hampshire Constabulary,Hampshire Constabulary,-1.671786,50.738175,On or near Ocean Breeze,E01022982,New Forest 022B,Vehicle crime,Investigation complete; no suspect identified,
59925eea755bedab02c25e4b1c66e6869ff7a5e6c4c190f3dd4a55c72532036c,2024-03,Hampshire Constabulary,Hampshire Constabulary,-1.659657,50.743760,On or near Friars Walk,E01022982,New Forest 022B,Violence and sexual offences,Unable to prosecute suspect,
2cddb704426072ec2fa6c782e472a20d7d8e80daee312e4ed5ccff057af6cea3,2024-03,Hampshire Constabulary,Hampshire Constabulary,-1.663948,50.736390,On or near Cliff Crescent,E01022982,New Forest 022B,Violence and sexual offences,Unable to prosecute suspect,
848dfc7a4aeb1aa85bb820eeeb81753d53af03427f41c4674df37430e45b7b13,2024-03,Hampshire Constabulary,Hampshire Constabulary,-1.659657,50.743760,On or near Friars Walk,E01022982,New Forest 022B,Violence and sexual offences,Unable to prosecute suspect,
ccb0dc9af68c9c27c2c14bdb1398fd7f22b030eab0c9383fbe369722b177b8e2,2024-03,Hampshire Constabulary,Hampshire Constabulary,-1.661473,50.741616,On or near Barton Court Avenue,E01022982,New Forest 022B,Violence and sexual offences,Status update unavailable,
bfc880475718edfd899dc9895ccff95f84b97cc66fcb60757c1f3b849fdbda4c,2024-03,Hampshire Constabulary,Hampshire Constabulary,-1.687861,50.739613,On or near The Park,E01022983,New Forest 022C,Violence and sexual offences,Unable to prosecute suspect,
ec301ba3309e06f7c83ddf5825bf422a5764cabfd68b991c736df8d36ae8793b,2024-03,Hampshire Constabulary,Hampshire Constabulary,-1.676696,50.741282,On or near Western Avenue,E01022983,New Forest 022C,Violence and sexual offences,Unable to prosecute suspect,
a9f29c262a6bec1d18d7ca02dedb6210e28187a191eb4af2cc45073f0ff95ce3,2024-03,Hampshire Constabulary,Hampshire Constabulary,-1.679983,50.743548,On or near Hurst Close,E01022983,New Forest 022C,Burglary,Investigation complete; no suspect identified,
16837163b7cf87d9175edfc530809fd36eb4e7640d516cde2c900ff5a1355d45,2024-03,Hampshire Constabulary,Hampshire Constabulary,-1.677826,50.743866,On or near Glen Close,E01022983,New Forest 022C,Vehicle crime,Investigation complete; no suspect identified,
44b921eac536079a13b9457f4a98f9b9278a5be51437c90bf73599d299f3d978,2024-03,Hampshire Constabulary,Hampshire Constabulary,-1.644901,50.738827,On or near Park/Open Space,E01022987,New Forest 022D,Violence and sexual offences,Court result unavailable,
26f3e47ba1070f174fa32e5edbeeefdd70db52067c3fbe0ccdaa1828db4e7ab9,2024-03,Hampshire Constabulary,Hampshire Constabulary,-1.644901,50.738827,On or near Park/Open Space,E01022987,New Forest 022D,Violence and sexual offences,Unable to prosecute suspect,
02c06fd6b4a88e2704f9c4f4409518a2131ccbeb8a94c47238bff4e2053f9d47,2024-03,Hampshire Constabulary,Hampshire Constabulary,-1.644901,50.738827,On or near Park/Open Space,E01022987,New Forest 022D,Violence and sexual offences,Unable to prosecute suspect,
32a9554ece55fa8f2dcc504bbeb14b3fa244ec7a03458a376c1f68a5524d1401,2024-03,Hampshire Constabulary,Hampshire Constabulary,-1.538959,50.751214,On or near Belmont Drive,E01023044,New Forest 023A,Other theft,Unable to prosecute suspect,
d0bb52f8eab084bc9a1bceda61118e0b044cf12849c8607a65584d5a8be30c89,2024-03,Hampshire Constabulary,Hampshire Constabulary,-1.543468,50.752509,On or near Pyrford Mews,E01023044,New Forest 023A,Public order,Investigation complete; no suspect identified,
141677256fde296746099d389cb68baeb4f3c93b8a26bd611dcf3bea5dc9cf1f,2024-03,Hampshire Constabulary,Hampshire Constabulary,-1.551547,50.752594,On or near Londesborough Place,E01023044,New Forest 023A,Violence and sexual offences,Unable to prosecute suspect,
9ab9293800ffcbce3249c6c20756e82069dd3e716b34354ea2e72579ae9e0b52,2024-03,Hampshire Constabulary,Hampshire Constabulary,-1.597306,50.734353,On or near Barnes Lane,E01023051,New Forest 023B,Burglary,Investigation complete; no suspect identified,
1bf453653bfe5331d6709f29f09750d8b3a925c9e68c0c639839dd1dffe4aab8,2024-03,Hampshire Constabulary,Hampshire Constabulary,-1.570199,50.725102,On or near Lymore Lane,E01023051,New Forest 023B,Burglary,Investigation complete; no suspect identified,
76ce901876f7cf2b73c74fa7632574ebfe4164b5b722d19bef0b6bc73c0484fd,2024-03,Hampshire Constabulary,Hampshire Constabulary,-1.570199,50.725102,On or near Lymore Lane,E01023051,New Forest 023B,Burglary,Investigation complete; no suspect identified,
f70e3c180546b246dcd0a05607030721a7b3d53036fffbac45c105e3623a559a,2024-03,Hampshire Constabulary,Hampshire Constabulary,-1.567647,50.722161,On or near Parking Area,E01023051,New Forest 023B,Other theft,Investigation complete; no suspect identified,
62e8d51ee094835f6f504f4583a68f3bf19c7bd8dba219436aa87a7dbb01d608,2024-03,Hampshire Constabulary,Hampshire Constabulary,-1.567647,50.722161,On or near Parking Area,E01023051,New Forest 023B,Vehicle crime,Investigation complete; no suspect identified,
6278a5431c269fe6278004e1752277fa1587dae64ffa6b6f9014dcc7f9ebbb73,2024-03,Hampshire Constabulary,Hampshire Constabulary,-1.580848,50.725590,On or near Solent Way,E01023051,New Forest 023B,Violence and sexual offences,Unable to prosecute suspect,
4670b5ab9c6a5f6fcfd4982c1375b6a8dbbad724f2aeee3d59bac390ab9dbee6,2024-03,Hampshire Constabulary,Hampshire Constabulary,-1.589661,50.725532,On or near High Street,E01023052,New Forest 023C,Vehicle crime,Unable to prosecute suspect,
c0a4293c9ad10c1b4a292c5d65856a4d81011d0fa4851866ba67c49fae1dd8b1,2024-03,Hampshire Constabulary,Hampshire Constabulary,-1.586864,50.724542,On or near Sturt Pond Close,E01023052,New Forest 023C,Other theft,Investigation complete; no suspect identified,
4e8c8e3b3889f2f552db6969cdc5e2897b7af16b9a11c1f0928cf0a1dbbd1763,2024-03,Hampshire Constabulary,Hampshire Constabulary,-1.584460,50.725666,On or near Smugglers Way,E01023052,New Forest 023C,Other theft,Investigation complete; no suspect identified,
146528535d1e79cdf53d8d7d800b868fa2d0f543ec9aa8d0ce9aa33be527a649,2024-03,Hampshire Constabulary,Hampshire Constabulary,-1.601293,50.728765,On or near Sharvells Road,E01023053,New Forest 023D,Burglary,Investigation complete; no suspect identified,
f9d4e42b2c20b85f1533b85ebdaf4f36000cd3e783a9e7ed215a9798c271ce9e,2024-03,Hampshire Constabulary,Hampshire Constabulary,-1.601293,50.728765,On or near Sharvells Road,E01023053,New Forest 023D,Burglary,Investigation complete; no suspect identified,
48eb6876fdd34d417d66f5436e6d698734e3eced4cfe39163e66d632cdde6f41,2024-03,Hampshire Constabulary,Hampshire Constabulary,-1.600261,50.730119,On or near Shorefield Way,E01023053,New Forest 023D,Burglary,Status update unavailable,
fff3f150f3f33e21ffaf6cf779c5eb493651a24d6adef7b2b9da3537e612ac67,2024-03,Hampshire Constabulary,Hampshire Constabulary,-1.593608,50.722848,On or near The Boltons,E01023053,New Forest 023D,Burglary,Investigation complete; no suspect identified,
4f9eeedeaab04b52b892057ef7d2bb4d66fd543ba5e75d4f3fb0f1dc854a4940,2024-03,Hampshire Constabulary,Hampshire Constabulary,-1.619717,50.740454,On or near Christchurch Road,E01023053,New Forest 023D,Burglary,Investigation complete; no suspect identified,
9b3d59e4eebb44f4ec488ac5d60e6c26832182ff6cbee2289c4dd546283b5bdd,2024-03,Hampshire Constabulary,Hampshire Constabulary,-1.557220,50.750800,On or near West Way,E01023059,New Forest 023E,Violence and sexual offences,Court result unavailable,
64ad338e5237e238c23577d12aab8035671479eee02019bd3ead64590c4c96d1,2024-03,Hampshire Constabulary,Hampshire Constabulary,-1.555311,50.738311,On or near Iley Lane,E01023059,New Forest 023E,Other theft,Investigation complete; no suspect identified,
88f20032f3e08c4e2536c676fac2f51c2ae9be44f55b773c9d2f35132db0ffeb,2024-03,Hampshire Constabulary,Hampshire Constabulary,-1.555855,50.749787,On or near Milford Road,E01023059,New Forest 023E,Public order,Unable to prosecute suspect,
876c7de387c30736a9e68095518c4638eaf4d0affe53e387b5a5876e14121f38,2024-03,Hampshire Constabulary,Hampshire Constabulary,-1.553592,50.750723,On or near Petrol Station,E01023059,New Forest 023E,Shoplifting,Investigation complete; no suspect identified,
ffa3582c1f59083c85a44180416f2c24c45e84915c8c13e8f3404e3b530f8ca2,2024-03,Hampshire Constabulary,Hampshire Constabulary,-1.084898,50.848446,On or near Tewkesbury Close,E01017112,Portsmouth 001A,Violence and sexual offences,Investigation complete; no suspect identified,
95082c8ecb7fe26cd3f1fa4b74e54a950373183a020ea597df5b6072e52682b5,2024-03,Hampshire Constabulary,Hampshire Constabulary,-1.091021,50.849870,On or near Artillery Close,E01017112,Portsmouth 001A,Violence and sexual offences,Unable to prosecute suspect,
df0fe750f5cab60ac3c51c03b3425d5b01bbe39d14d754530b2f9d469c006027,2024-03,Hampshire Constabulary,Hampshire Constabulary,-1.084898,50.848446,On or near Tewkesbury Close,E01017112,Portsmouth 001A,Violence and sexual offences,Investigation complete; no suspect identified,
af1db9498cc6e2632a109c55d008ea326498d3fd83e0a4a04ad4208a99cc460c,2024-03,Hampshire Constabulary,Hampshire Constabulary,-1.086704,50.849791,On or near Kenchester Close,E01017112,Portsmouth 001A,Violence and sexual offences,Unable to prosecute suspect,
1e40d4ceb21d6462035a8ef353c7e80e59eec2a335a496b8046f2b06606edeef,2024-03,Hampshire Constabulary,Hampshire Constabulary,-1.086704,50.849791,On or near Kenchester Close,E01017112,Portsmouth 001A,Violence and sexual offences,Local resolution,
d0b303da88a28b2304af4bde8dececf9b32dc718d65e4b6dd09d637d9d1848ee,2024-03,Hampshire Constabulary,Hampshire Constabulary,-1.088092,50.850737,On or near Kingsland Close,E01017112,Portsmouth 001A,Violence and sexual offences,Unable to prosecute suspect,
0b5d469c7c7f5a5bac62d3cea25c9aa7a7a928db1ce46261da2fdfc79dcaed06,2024-03,Hampshire Constabulary,Hampshire Constabulary,-1.086499,50.847937,On or near Cheltenham Road,E01017112,Portsmouth 001A,Violence and sexual offences,Unable to prosecute suspect,
3d01528c3482a3fce624d0d471198ff2f54d1ccaf9bfc4da63af07e3b669c735,2024-03,Hampshire Constabulary,Hampshire Constabulary,-1.082325,50.847842,On or near Service Road,E01017112,Portsmouth 001A,Violence and sexual offences,Investigation complete; no suspect identified,
f09b85378f2c3ffc3b8f87eb24ef0cf664b1ce7a94991e13157cec62002508a0,2024-03,Hampshire Constabulary,Hampshire Constabulary,-1.084898,50.848446,On or near Tewkesbury Close,E01017112,Portsmouth 001A,Violence and sexual offences,Unable to prosecute suspect,
38adfacc5feeea1f1b91b58141b84448bdaa2b581c15af1e6bdc2e2ad9a317f4,2024-03,Hampshire Constabulary,Hampshire Constabulary,-1.084898,50.848446,On or near Tewkesbury Close,E01017112,Portsmouth 001A,Violence and sexual offences,Awaiting court outcome,
33354df0121715919a54a43fed330bb1c05901f032618b200e434c21bea33648,2024-03,Hampshire Constabulary,Hampshire Constabulary,-1.084898,50.848446,On or near Tewkesbury Close,E01017112,Portsmouth 001A,Other crime,Investigation complete; no suspect identified,
417e2504f6cfd1084a2b1ed71e06d1929c2647914cf7041eae48df91b734129a,2024-03,Hampshire Constabulary,Hampshire Constabulary,-1.089776,50.848871,On or near Painswick Close,E01017112,Portsmouth 001A,Other crime,Awaiting court outcome,
,2024-03,Hampshire Constabulary,Hampshire Constabulary,-1.087990,50.850161,On or near Abbeydore Road,E01017112,Portsmouth 001A,Anti-social behaviour,,
,2024-03,Hampshire Constabulary,Hampshire Constabulary,-1.087222,50.851639,On or near Ludlow Road,E01017112,Portsmouth 001A,Anti-social behaviour,,
75ce8035c2f8be773c96fd74672d72630373762560fe209d2f4e5d44e2346f75,2024-03,Hampshire Constabulary,Hampshire Constabulary,-1.087222,50.851639,On or near Ludlow Road,E01017112,Portsmouth 001A,Criminal damage and arson,Investigation complete; no suspect identified,
3d828248466b3bd7ffe544b036ee05e730a83227aa37f0d6ea9e6e10349938ca,2024-03,Hampshire Constabulary,Hampshire Constabulary,-1.082325,50.847842,On or near Service Road,E01017112,Portsmouth 001A,Vehicle crime,Investigation complete; no suspect identified,
1452e0879111d4dc982331addc53a70036aacbd4b2667fd03e6e0ad7fd14a809,2024-03,Hampshire Constabulary,Hampshire Constabulary,-1.086704,50.849791,On or near Kenchester Close,E01017112,Portsmouth 001A,Violence and sexual offences,Unable to prosecute suspect,
5ab15726221c9bb86eb44619b59ac8cb9c2f6a3a5584f4e13dc7c3025713b9b7,2024-03,Hampshire Constabulary,Hampshire Constabulary,-1.082325,50.847842,On or near Service Road,E01017112,Portsmouth 001A,Violence and sexual offences,Unable to prosecute suspect,
db92dc204d6be78cf54a0d9638ddc9f04d991e788ae7f4eb60a4c78173449112,2024-03,Hampshire Constabulary,Hampshire Constabulary,-1.083475,50.849307,On or near King Richard Close,E01017112,Portsmouth 001A,Violence and sexual offences,Unable to prosecute suspect,
3ba0298e3788e298431a1e1806d9d111b17ace598fa946017519ba2b21659bf6,2024-03,Hampshire Constabulary,Hampshire Constabulary,-1.086434,50.848350,On or near Lydney Close,E01017112,Portsmouth 001A,Violence and sexual offences,Unable to prosecute suspect,
f76260068a751174c6ff4981be3b73acf88da49b492af74d3b7397a099cf13e6,2024-03,Hampshire Constabulary,Hampshire Constabulary,-1.089776,50.848871,On or near Painswick Close,E01017112,Portsmouth 001A,Violence and sexual offences,Unable to prosecute suspect,
1a29ecf7b3bfaa44a24b84a8bc43d223723d92b551a25277850cf57a993cd015,2024-03,Hampshire Constabulary,Hampshire Constabulary,-1.084898,50.848446,On or near Tewkesbury Close,E01017112,Portsmouth 001A,Other crime,Status update unavailable,
5d4194dad10fb152bfb244ff84ed229246405a6aebdd6fe2e59c6c3668907fcc,2024-03,Hampshire Constabulary,Hampshire Constabulary,-1.089770,50.852117,On or near Ledbury Road,E01017112,Portsmouth 001A,Other crime,Unable to prosecute suspect,
78137795c264d9a275e83b77526b631e5c9ff1801f74541d1b92f38382bf62ae,2024-03,Hampshire Constabulary,Hampshire Constabulary,-1.092213,50.851399,On or near Collington Crescent,E01017115,Portsmouth 001B,Drugs,Further investigation is not in the public interest,
515863c3ee651d0055b25249e63cc27cfa93c846dbc891443a79a5dbdef385f6,2024-03,Hampshire Constabulary,Hampshire Constabulary,-1.093326,50.851129,On or near Edwards Close,E01017115,Portsmouth 001B,Violence and sexual offences,Unable to prosecute suspect,
2b468c39d60188707690b73a45b2a0505961efbf45ee57188ab26b9744f0512d,2024-03,Hampshire Constabulary,Hampshire Constabulary,-1.084251,50.851022,On or near Moorcot Close,E01017115,Portsmouth 001B,Violence and sexual offences,Unable to prosecute suspect,
581ab69b2bbed5179dfa4d649fb78a6259ef4211015c165b60d2fec14d173414,2024-03,Hampshire Constabulary,Hampshire Constabulary,-1.093689,50.852184,On or near Cleeve Close,E01017115,Portsmouth 001B,Violence and sexual offences,Action to be taken by another organisation,
,2024-03,Hampshire Constabulary,Hampshire Constabulary,-1.093014,50.853303,On or near Leominster Road,E01017115,Portsmouth 001B,Anti-social behaviour,,
fda83b064a8474e9743c2b43d6a6b69078c513b7878473b6103bd0a690d947a1,2024-03,Hampshire Constabulary,Hampshire Constabulary,-1.089275,50.852743,On or near Dormington Road,E01017115,Portsmouth 001B,Other theft,Investigation complete; no suspect identified,
74e6d8df03e8550359704bfed0cf63bd6c7b903cc5ba4d916ae6164be27b049f,2024-03,Hampshire Constabulary,Hampshire Constabulary,-1.092213,50.851399,On or near Collington Crescent,E01017115,Portsmouth 001B,Vehicle crime,Investigation complete; no suspect identified,
eb366701612a529a7df757237a75cecbd289acb43de90658eaabd2000b9081cb,2024-03,Hampshire Constabulary,Hampshire Constabulary,-1.093014,50.853303,On or near Leominster Road,E01017115,Portsmouth 001B,Vehicle crime,Investigation complete; no suspect identified,
9d7a72785a0dabbb50e56c36c19d67d6b0edc25a5803bfe9e09a5508add35789,2024-03,Hampshire Constabulary,Hampshire Constabulary,-1.089275,50.852743,On or near Dormington Road,E01017115,Portsmouth 001B,Violence and sexual offences,Unable to prosecute suspect,
2283f66c5d94cd7dd8d59cfd4b4037576344d92c1085f0a234e2eefbd29d1681,2024-03,Hampshire Constabulary,Hampshire Constabulary,-1.089275,50.852743,On or near Dormington Road,E01017115,Portsmouth 001B,Violence and sexual offences,Unable to prosecute suspect,
9b68cf8262e91d9cb78566287c7c221114982d0b21a817eacea866effc0d9b5c,2024-03,Hampshire Constabulary,Hampshire Constabulary,-1.102130,50.852825,On or near Stroud Close,E01017117,Portsmouth 001C,Violence and sexual offences,Unable to prosecute suspect,
f4edbb29d57fd0e693548abab019ce4f900500b3dbcd040c909f06d354d25cf6,2024-03,Hampshire Constabulary,Hampshire Constabulary,-1.099608,50.851708,On or near Woofferton Road,E01017117,Portsmouth 001C,Criminal damage and arson,Status update unavailable,
b70014700d094bae057b379cba136ff47bf5a09fc2bf4fa733a618c6da561e3e,2024-03,Hampshire Constabulary,Hampshire Constabulary,-1.098488,50.853057,On or near Austin Court,E01017117,Portsmouth 001C,Violence and sexual offences,Unable to prosecute suspect,
9470a639ed963dbe13e77b4adbfc04795390e6812f09565528e4973f2d08d9aa,2024-03,Hampshire Constabulary,Hampshire Constabulary,-1.096137,50.854190,On or near Lime Grove,E01017117,Portsmouth 001C,Violence and sexual offences,Unable to prosecute suspect,
a646cfc1d0cd68dd79499a3d5f7b1b9be598596c9b2f8684da2364134223cbf1,2024-03,Hampshire Constabulary,Hampshire Constabulary,-1.098420,50.852176,On or near Camcross Close,E01017117,Portsmouth 001C,Violence and sexual offences,Unable to prosecute suspect,
f76e6794187989129925415e07d0ced41ba434f62820866ebc50220b28ab2657,2024-03,Hampshire Constabulary,Hampshire Constabulary,-1.106185,50.853224,On or near Longdean Close,E01017119,Portsmouth 001D,Criminal damage and arson,Investigation complete; no suspect identified,
69336cd5a47d5c0e6dab6129ef79edb05425447f90bc23ea5f6b2f8688c237ab,2024-03,Hampshire Constabulary,Hampshire Constabulary,-1.106185,50.853224,On or near Longdean Close,E01017119,Portsmouth 001D,Other theft,Unable to prosecute suspect,
c4e1e97955ff3650fb4cf9c718c972a0aa726a6141eb1b94bc72e57cf4cafbc7,2024-03,Hampshire Constabulary,Hampshire Constabulary,-1.107364,50.850239,On or near Hayle Road,E01017119,Portsmouth 001D,Public order,Unable to prosecute suspect,
4ebbf20cab12b3cfaa3b71ba101b2247de0173cc01eba286daa5a712074ee437,2024-03,Hampshire Constabulary,Hampshire Constabulary,-1.107364,50.850239,On or near Hayle Road,E01017119,Portsmouth 001D,Violence and sexual offences,Unable to prosecute suspect,
b76ae0e07f37c0e6eb1cf1760057422a176ac9be9d89cbbda9d464e36fed442f,2024-03,Hampshire Constabulary,Hampshire Constabulary,-1.107364,50.850239,On or near Hayle Road,E01017119,Portsmouth 001D,Violence and sexual offences,Local resolution,
0fdc96af2ad7c83767993e75cb5a58f2aa29959f65f32ea8fbae52345c38ab32,2024-03,Hampshire Constabulary,Hampshire Constabulary,-1.105903,50.853879,On or near Tintern Close,E01017119,Portsmouth 001D,Violence and sexual offences,Unable to prosecute suspect,
df6a240e367148c07417e68f288d54de547c674002732abea6c06e329d82a635,2024-03,Hampshire Constabulary,Hampshire Constabulary,-1.106185,50.853224,On or near Longdean Close,E01017119,Portsmouth 001D,Criminal damage and arson,Investigation complete; no suspect identified,
48fc408b4a4d4e25705f249138eaf9b4cc34da115ae63da590eda9b4171292d9,2024-03,Hampshire Constabulary,Hampshire Constabulary,-1.109347,50.852071,On or near Bude Close,E01017119,Portsmouth 001D,Drugs,Local resolution,
0b14d1ec63132a784d3de9f3acb428499794aac608c86db2940a9b300aae6428,2024-03,Hampshire Constabulary,Hampshire Constabulary,-1.107364,50.850239,On or near Hayle Road,E01017119,Portsmouth 001D,Possession of weapons,Status update unavailable,
3d8e71eff6130d158e7245c44443cd0bdf73dfda15890e25182b802c6fd79af9,2024-03,Hampshire Constabulary,Hampshire Constabulary,-1.105137,50.849323,On or near Bodmin Road,E01017119,Portsmouth 001D,Public order,Unable to prosecute suspect,
95acabf259934e048826e7265e033d875bf3090e4d4816caa55fbd962d82c4c6,2024-03,Hampshire Constabulary,Hampshire Constabulary,-1.105137,50.849323,On or near Bodmin Road,E01017119,Portsmouth 001D,Public order,Unable to prosecute suspect,
1ba6c245ef7d9926dcbb04375098b4649bbacbe58f9dee23f0d212601786f0cc,2024-03,Hampshire Constabulary,Hampshire Constabulary,-1.105137,50.849323,On or near Bodmin Road,E01017119,Portsmouth 001D,Public order,Unable to prosecute suspect,
e66b813ec7b001f53c7407e4aa4f2b6ed893f54a0c1384c8ebb9deed204778c5,2024-03,Hampshire Constabulary,Hampshire Constabulary,-1.108879,50.854261,On or near Hillsley Road,E01017119,Portsmouth 001D,Vehicle crime,Investigation complete; no suspect identified,
e4ee5b20876119fd528b0caa60c48d79ac62117ebf5a5d9c6e9eb192b9d52afd,2024-03,Hampshire Constabulary,Hampshire Constabulary,-1.105137,50.849323,On or near Bodmin Road,E01017119,Portsmouth 001D,Violence and sexual offences,Unable to prosecute suspect,
d4b1af611e2c78635c629410d6ea940555a65daa6fd597d7034fd5887f1be6e2,2024-03,Hampshire Constabulary,Hampshire Constabulary,-1.106421,50.851266,On or near Helston Road,E01017119,Portsmouth 001D,Violence and sexual offences,Unable to prosecute suspect,
378b84db64738ab73c5751d41981368ceb129ac499e41199783b6be13b5b3177,2024-03,Hampshire Constabulary,Hampshire Constabulary,-1.105137,50.849323,On or near Bodmin Road,E01017119,Portsmouth 001D,Violence and sexual offences,Action to be taken by another organisation,
6b2a36bc94876d96e13b586baeaa6e19f3d34ea1b9320824cd3487557a261d2a,2024-03,Hampshire Constabulary,Hampshire Constabulary,-1.095317,50.849562,On or near Bourne Road,E01017120,Portsmouth 001E,Criminal damage and arson,Court result unavailable,
5631e33393a1f0d649f6544f3f1061e845050ad63d51c0ab1682bbd7799203fe,2024-03,Hampshire Constabulary,Hampshire Constabulary,-1.095317,50.849562,On or near Bourne Road,E01017120,Portsmouth 001E,Criminal damage and arson,Court result unavailable,
ed6d18962d452e21d6cc5d9e02de5a7bcf5394703cbb180d427e1dafe6453288,2024-03,Hampshire Constabulary,Hampshire Constabulary,-1.093536,50.849080,On or near Marsden Road,E01017120,Portsmouth 001E,Possession of weapons,Unable to prosecute suspect,
2ea4e4e4e7e7aafe8755c44c4d75326ca43e2ad99c354576696d6956f2ced8ca,2024-03,Hampshire Constabulary,Hampshire Constabulary,-1.095317,50.849562,On or near Bourne Road,E01017120,Portsmouth 001E,Public order,Unable to prosecute suspect,
b4c54b9d948c4ce24e5a62c707f34adab6a39be5326ecafc36ccdd2552752829,2024-03,Hampshire Constabulary,Hampshire Constabulary,-1.095344,50.847285,On or near Supermarket,E01017120,Portsmouth 001E,Shoplifting,Investigation complete; no suspect identified,
3b3c22de24d4fcc2504addb6d7a77d6ebef4ac20b08864c7cbcbf71b340106e7,2024-03,Hampshire Constabulary,Hampshire Constabulary,-1.095344,50.847285,On or near Supermarket,E01017120,Portsmouth 001E,Shoplifting,Court result unavailable,
1737cb03b2bd61230f4b2d4f2554b43d302f2cbc04892a335cbe0af69bd3613d,2024-03,Hampshire Constabulary,Hampshire Constabulary,-1.093536,50.849080,On or near Marsden Road,E01017120,Portsmouth 001E,Violence and sexual offences,Local resolution,
80aeac8c6c73b606b6408bf38585806fd8769d3213a7863cb49798812601e33f,2024-03,Hampshire Constabulary,Hampshire Constabulary,-1.095317,50.849562,On or near Bourne Road,E01017120,Portsmouth 001E,Violence and sexual offences,Court result unavailable,
de4d3f9fe80ec63b00fa271f0aa6fd5e35c33a5ffd9f42d535692c8ab76fe30c,2024-03,Hampshire Constabulary,Hampshire Constabulary,-1.097099,50.849971,On or near Allaway Avenue,E01017120,Portsmouth 001E,Violence and sexual offences,Court result unavailable,
f49cb192d98b9cdd58935fc0a85b1241fac7e2bd9b60a87babd576da229544d8,2024-03,Hampshire Constabulary,Hampshire Constabulary,-1.097525,50.850694,On or near Birdlip Road,E01017120,Portsmouth 001E,Violence and sexual offences,Investigation complete; no suspect identified,
cbf819a4ce53493f8eb3680b518e1f7d2c9aa01b0cc5228956567d6df23affea,2024-03,Hampshire Constabulary,Hampshire Constabulary,-1.095853,50.850483,On or near Rydal Close,E01017120,Portsmouth 001E,Violence and sexual offences,Unable to prosecute suspect,
b989a6a6440637119f94211daf29e862fe688248d097b5160fd778410e72f093,2024-03,Hampshire Constabulary,Hampshire Constabulary,-1.095344,50.847285,On or near Supermarket,E01017120,Portsmouth 001E,Violence and sexual offences,Investigation complete; no suspect identified,
e24b3270ee81a78beeffee1f7db895e479d1e93ac7be241e39f16d4426663ac6,2024-03,Hampshire Constabulary,Hampshire Constabulary,-1.093536,50.849080,On or near Marsden Road,E01017120,Portsmouth 001E,Violence and sexual offences,Unable to prosecute suspect,
f84a4e06df3abb99f1bab5fdf1465cd8ecd18bf977acd7070e2f6e90f6f0b8b3,2024-03,Hampshire Constabulary,Hampshire Constabulary,-1.095073,50.852635,On or near Severn Close,E01017120,Portsmouth 001E,Violence and sexual offences,Unable to prosecute suspect,
86f2771bfce2d29dd318bd80a54934189feb15ebbd294f1a5dcd57b9c92a54cb,2024-03,Hampshire Constabulary,Hampshire Constabulary,-1.095073,50.852635,On or near Severn Close,E01017120,Portsmouth 001E,Violence and sexual offences,Unable to prosecute suspect,
32de5b05ff39e994a0fafad48dcd92fbcb09f71be94195c807051ce9abf9ea5e,2024-03,Hampshire Constabulary,Hampshire Constabulary,-1.092495,50.850763,On or near St Michaels Court,E01017120,Portsmouth 001E,Other crime,Further investigation is not in the public interest,
,2024-03,Hampshire Constabulary,Hampshire Constabulary,-1.095317,50.849562,On or near Bourne Road,E01017120,Portsmouth 001E,Anti-social behaviour,,
,2024-03,Hampshire Constabulary,Hampshire Constabulary,-1.093920,50.852761,On or near Westbury Close,E01017120,Portsmouth 001E,Anti-social behaviour,,
677443b316d40e11d8f3749d3b9bd2de8cfe00987e394557f0fd0bb366514d66,2024-03,Hampshire Constabulary,Hampshire Constabulary,-1.095853,50.850483,On or near Rydal Close,E01017120,Portsmouth 001E,Public order,Unable to prosecute suspect,
001528358c8ea9bfb63c6823067a75a12ee47831bed6450945bc079dc9526822,2024-03,Hampshire Constabulary,Hampshire Constabulary,-1.095853,50.850483,On or near Rydal Close,E01017120,Portsmouth 001E,Violence and sexual offences,Unable to prosecute suspect,
8d28b4b589b141199526a4b96eadcdd16ff6a73c678c59969c434a55392792e8,2024-03,Hampshire Constabulary,Hampshire Constabulary,-1.097099,50.849971,On or near Allaway Avenue,E01017120,Portsmouth 001E,Violence and sexual offences,Unable to prosecute suspect,
7008d3e0d723bdf16d360b4a3b791ee13643cd71451b093c1022727ae6d3b375,2024-03,Hampshire Constabulary,Hampshire Constabulary,-1.095317,50.849562,On or near Bourne Road,E01017120,Portsmouth 001E,Violence and sexual offences,Status update unavailable,
140a75ede10ef565f072c02abb03bd675c932cc04da4270eee248a40d9f61281,2024-03,Hampshire Constabulary,Hampshire Constabulary,-1.097099,50.849971,On or near Allaway Avenue,E01017120,Portsmouth 001E,Violence and sexual offences,Status update unavailable,
10e64bae5f8eab227ca0f398818bb0b732660c5be0b6b497f2d4b2806ef94cbb,2024-03,Hampshire Constabulary,Hampshire Constabulary,-1.101566,50.851831,On or near Chedworth Crescent,E01017120,Portsmouth 001E,Violence and sexual offences,Unable to prosecute suspect,
ca3e4f5aa9a2299a92c4772632aa89da3edc0cfc56324c2355f30294b4531c3b,2024-03,Hampshire Constabulary,Hampshire Constabulary,-1.096115,50.850890,On or near Nailsworth Road,E01017120,Portsmouth 001E,Violence and sexual offences,Unable to prosecute suspect,
d29fbd7cc6c42b5309297a1aaa11b8eef71ff058ac26ab0c2f66294feb68e560,2024-03,Hampshire Constabulary,Hampshire Constabulary,-1.071968,50.850781,On or near Cavell Drive,E01017051,Portsmouth 002A,Criminal damage and arson,Offender given a caution,
2bc2efee534a467915071bb29e2eaf982df0006650f3b26a38ab05f1c7bdb31b,2024-03,Hampshire Constabulary,Hampshire Constabulary,-1.071159,50.847861,On or near Sundridge Close,E01017051,Portsmouth 002A,Criminal damage and arson,Unable to prosecute suspect,
3d3096957e6cb063a5ce9577cf278bb59125eec0a6368e99df954dbd0afa99a2,2024-03,Hampshire Constabulary,Hampshire Constabulary,-1.071159,50.847861,On or near Sundridge Close,E01017051,Portsmouth 002A,Criminal damage and arson,Unable to prosecute suspect,
83fd003808b40dbdedc636f3dd7bfaa21605d69f323d4f5609d0456094f87393,2024-03,Hampshire Constabulary,Hampshire Constabulary,-1.067473,50.841825,On or near Cosham,E01017051,Portsmouth 002A,Drugs,Local resolution,
4f9e7ea77ef77b9a13216a301904baf77f2df0d83f2b8c717261f0281c2c194f,2024-03,Hampshire Constabulary,Hampshire Constabulary,-1.075079,50.846444,On or near Fifth Avenue,E01017051,Portsmouth 002A,Public order,Unable to prosecute suspect,
3e9048ea1c9a9993102222cc3a378973341f546b7b663122525413198764b4fe,2024-03,Hampshire Constabulary,Hampshire Constabulary,-1.071648,50.846840,On or near Ashurst Road,E01017051,Portsmouth 002A,Public order,Investigation complete; no suspect identified,
0be26da2cd59968c0a3f3d5665f71b2edf402bed4197ac8519ec6c03d4e5a666,2024-03,Hampshire Constabulary,Hampshire Constabulary,-1.071968,50.850781,On or near Cavell Drive,E01017051,Portsmouth 002A,Public order,Unable to prosecute suspect,
56c9fd8dc588c4d7bd28a44cc5bd5bd897f5c739aa7196d2f7305e8c96a11979,2024-03,Hampshire Constabulary,Hampshire Constabulary,-1.071968,50.850781,On or near Cavell Drive,E01017051,Portsmouth 002A,Public order,Awaiting court outcome,
223bd9701293d3d0580cb0aaaa1833462ccdc766346af9769580e9afc535147b,2024-03,Hampshire Constabulary,Hampshire Constabulary,-1.071968,50.850781,On or near Cavell Drive,E01017051,Portsmouth 002A,Public order,Local resolution,
d4f7b69db693e9ffbb44c947ccb72167b8f07bd1be63838ab72640e6388a9cc7,2024-03,Hampshire Constabulary,Hampshire Constabulary,-1.068619,50.841312,On or near Cosham Interchange,E01017051,Portsmouth 002A,Public order,Court result unavailable,
e014f32ce196bb6b8ef6df27b9f3ec6408eaaeb441255e856e1df3d2b5bbc918,2024-03,Hampshire Constabulary,Hampshire Constabulary,-1.067473,50.841825,On or near Cosham,E01017051,Portsmouth 002A,Public order,Action to be taken by another organisation,
084144304c3751b9925efebe7512b1c5d6197fd0cf404e6b10685f0490412235,2024-03,Hampshire Constabulary,Hampshire Constabulary,-1.073642,50.852314,On or near Mablethorpe Road,E01017051,Portsmouth 002A,Public order,Unable to prosecute suspect,
73d821ed8f32cce36172d7dc6b3376c3136de2f8086c2f8502bdc0e01d82a55e,2024-03,Hampshire Constabulary,Hampshire Constabulary,-1.071159,50.847861,On or near Sundridge Close,E01017051,Portsmouth 002A,Public order,Unable to prosecute suspect,
b6af46b5ac85cd9ceb32ea4525b96b9c403949ce08549a9f82f8165550cfdf7e,2024-03,Hampshire Constabulary,Hampshire Constabulary,-1.071159,50.847861,On or near Sundridge Close,E01017051,Portsmouth 002A,Public order,Unable to prosecute suspect,
37efdf198026e499a4cf8096f94c040b84cf03ddc7f3ce53a5911f85185d4b86,2024-03,Hampshire Constabulary,Hampshire Constabulary,-1.071159,50.847861,On or near Sundridge Close,E01017051,Portsmouth 002A,Public order,Unable to prosecute suspect,
c1a2c44278226abaa4fa04aedb0a0950c5afb610f9917e5448a9edc240529937,2024-03,Hampshire Constabulary,Hampshire Constabulary,-1.068951,50.848185,On or near Dame Judith Way,E01017051,Portsmouth 002A,Public order,Action to be taken by another organisation,
23cdd05f1fe3f68ea8872dc84ed7ad3f2b563d290aedeebe2b61fac1eb1e2bf9,2024-03,Hampshire Constabulary,Hampshire Constabulary,-1.071159,50.847861,On or near Sundridge Close,E01017051,Portsmouth 002A,Public order,Unable to prosecute suspect,
7586b91feceff701aa2abd41967dc9c555d01860830fb50832ffb19a88d1d699,2024-03,Hampshire Constabulary,Hampshire Constabulary,-1.068003,50.845147,On or near Wayte Street,E01017051,Portsmouth 002A,Robbery,Unable to prosecute suspect,
0ac634b7ff181b54c96985b678e659f04804fee2b296e7b622b5e263e6a46da0,2024-03,Hampshire Constabulary,Hampshire Constabulary,-1.066491,50.844757,On or near Aldroke Street,E01017051,Portsmouth 002A,Shoplifting,Investigation complete; no suspect identified,
179715d953a7954878370ef4bb5004e304cb38f5e84366c2f1d3f133c378dc74,2024-03,Hampshire Constabulary,Hampshire Constabulary,-1.071968,50.850781,On or near Cavell Drive,E01017051,Portsmouth 002A,Shoplifting,Awaiting court outcome,
c3c89e2d63d8def08126c21b3663ab964118aee128d9302e46560228b7d5d77b,2024-03,Hampshire Constabulary,Hampshire Constabulary,-1.067994,50.843465,On or near Vectis Way,E01017051,Portsmouth 002A,Violence and sexual offences,Unable to prosecute suspect,
0e1abbf67245a306c89c126ffd7707b0449d4304bb0eb779d7d3b8c96b9b421d,2024-03,Hampshire Constabulary,Hampshire Constabulary,-1.066947,50.843268,On or near Cosham Park Avenue,E01017051,Portsmouth 002A,Violence and sexual offences,Local resolution,
1dad54926afcf83d0a105786356522fe8770f78317c58af7234f8ea6840de1ae,2024-03,Hampshire Constabulary,Hampshire Constabulary,-1.066491,50.844757,On or near Aldroke Street,E01017051,Portsmouth 002A,Violence and sexual offences,Offender given a caution,
bccb31c712e2810cd80c5557293e3e1bc4cafb5203c3476ff25221c4ab27c54d,2024-03,Hampshire Constabulary,Hampshire Constabulary,-1.066491,50.844757,On or near Aldroke Street,E01017051,Portsmouth 002A,Violence and sexual offences,Offender given a caution,
0f17ff0cbcce95a59c39bc096a1e86b4317cd35ae13cdd8a30930bd095103770,2024-03,Hampshire Constabulary,Hampshire Constabulary,-1.070003,50.846737,On or near Chipstead Road,E01017051,Portsmouth 002A,Violence and sexual offences,Investigation complete; no suspect identified,
5b9b0ad5ad6fc1baeaeeedbbaa1853f1467de942cb103c8a1625666cb9218043,2024-03,Hampshire Constabulary,Hampshire Constabulary,-1.072640,50.846272,On or near Third Avenue,E01017051,Portsmouth 002A,Violence and sexual offences,Court result unavailable,
b3e738ada07bc6d16125a8bde4d89c53377f50cc30db9abb8e670b6cb9ab3f91,2024-03,Hampshire Constabulary,Hampshire Constabulary,-1.071648,50.846840,On or near Ashurst Road,E01017051,Portsmouth 002A,Violence and sexual offences,Unable to prosecute suspect,
a6516ad86b0bfb2f04a2438e302078c58e4bda4c29409a0a5d3b803f1930da73,2024-03,Hampshire Constabulary,Hampshire Constabulary,-1.071968,50.850781,On or near Cavell Drive,E01017051,Portsmouth 002A,Violence and sexual offences,Unable to prosecute suspect,
57a5e9c0a9284441084107f3788040871a9dea06e1e31e30a7812aa68bce4c8f,2024-03,Hampshire Constabulary,Hampshire Constabulary,-1.071968,50.850781,On or near Cavell Drive,E01017051,Portsmouth 002A,Violence and sexual offences,Unable to prosecute suspect,
2d5f907bb0051abc87f3f210a3c2d308ecd2a8c1469bba7b520ba8983103ade6,2024-03,Hampshire Constabulary,Hampshire Constabulary,-1.068721,50.849047,On or near Lister Road,E01017051,Portsmouth 002A,Violence and sexual offences,Court result unavailable,
8ac5f7f73749073b77e73d3713ab16794b176845b9a1bb4c2dd87b2e3a14ac19,2024-03,Hampshire Constabulary,Hampshire Constabulary,-1.071968,50.850781,On or near Cavell Drive,E01017051,Portsmouth 002A,Violence and sexual offences,Unable to prosecute suspect,
991f8959d02ea6cc44b948d64c8d27c47095a686f65a09757182a95f0bcd7e68,2024-03,Hampshire Constabulary,Hampshire Constabulary,-1.071968,50.850781,On or near Cavell Drive,E01017051,Portsmouth 002A,Violence and sexual offences,Local resolution,
cd3f8347938cb2b1fc3a041dedce11818857bccdb3e5a903aac705a6b3b35641,2024-03,Hampshire Constabulary,Hampshire Constabulary,-1.071968,50.850781,On or near Cavell Drive,E01017051,Portsmouth 002A,Violence and sexual offences,Unable to prosecute suspect,
0453647c0b8c50e47f3b1b2603f7ac3c286cb5fddf7c876a87a2b62b50931920,2024-03,Hampshire Constabulary,Hampshire Constabulary,-1.071968,50.850781,On or near Cavell Drive,E01017051,Portsmouth 002A,Violence and sexual offences,Court result unavailable,
e25af83870fb144ae3ea11c4f5e6219d57378f078c7592f3ce5ceec8c23c054f,2024-03,Hampshire Constabulary,Hampshire Constabulary,-1.068619,50.841312,On or near Cosham Interchange,E01017051,Portsmouth 002A,Violence and sexual offences,Local resolution,
d85d9fc1e5d9d159e6c66a6eff21d95abd1cbdb6539ca8178bbbab1c98fea2a7,2024-03,Hampshire Constabulary,Hampshire Constabulary,-1.068619,50.841312,On or near Cosham Interchange,E01017051,Portsmouth 002A,Violence and sexual offences,Court result unavailable,
40cc6828f534b528dc5c4878b7d9a4761b4c8f99ccd1bd609ed3b409df6eecbf,2024-03,Hampshire Constabulary,Hampshire Constabulary,-1.068619,50.841312,On or near Cosham Interchange,E01017051,Portsmouth 002A,Violence and sexual offences,Court result unavailable,
5653a07bb24d8f5196feb77fe4c800e7f6df8cac075b638565cc21599e465dfd,2024-03,Hampshire Constabulary,Hampshire Constabulary,-1.068619,50.841312,On or near Cosham Interchange,E01017051,Portsmouth 002A,Violence and sexual offences,Local resolution,
e0e287dd646648b098056df6a521439abb528787807b505a18927cc297aa2ff6,2024-03,Hampshire Constabulary,Hampshire Constabulary,-1.068936,50.841791,On or near Roebuck Close,E01017051,Portsmouth 002A,Violence and sexual offences,Unable to prosecute suspect,
70d9e18e5d547a9bbaa0a548967dde17a5fc7af51630c965ee838f8229908bf4,2024-03,Hampshire Constabulary,Hampshire Constabulary,-1.071159,50.847861,On or near Sundridge Close,E01017051,Portsmouth 002A,Violence and sexual offences,Unable to prosecute suspect,
607fdd00ebe0821712d6bb3d670e8fd85d16cc35cf25ee4d3077e3df8b080f28,2024-03,Hampshire Constabulary,Hampshire Constabulary,-1.068951,50.848185,On or near Dame Judith Way,E01017051,Portsmouth 002A,Violence and sexual offences,Action to be taken by another organisation,
95d3e2f550119489903aa70b519fd756864b935185bfdfb8e957f5fc613f2e6e,2024-03,Hampshire Constabulary,Hampshire Constabulary,-1.071159,50.847861,On or near Sundridge Close,E01017051,Portsmouth 002A,Violence and sexual offences,Unable to prosecute suspect,
3ffd1dc24c8171cfb0b2f9bda517b9e288f8742209a0008d8a664e145e2df81f,2024-03,Hampshire Constabulary,Hampshire Constabulary,-1.071159,50.847861,On or near Sundridge Close,E01017051,Portsmouth 002A,Violence and sexual offences,Court result unavailable,
117bc09e20a3420cd6bce79c722898a507e49e0d346e73d603d9ed147b0b0c78,2024-03,Hampshire Constabulary,Hampshire Constabulary,-1.071159,50.847861,On or near Sundridge Close,E01017051,Portsmouth 002A,Violence and sexual offences,Court result unavailable,
,2024-03,Hampshire Constabulary,Hampshire Constabulary,-1.067994,50.843465,On or near Vectis Way,E01017051,Portsmouth 002A,Anti-social behaviour,,
,2024-03,Hampshire Constabulary,Hampshire Constabulary,-1.067994,50.843465,On or near Vectis Way,E01017051,Portsmouth 002A,Anti-social behaviour,,
,2024-03,Hampshire Constabulary,Hampshire Constabulary,-1.068619,50.841312,On or near Cosham Interchange,E01017051,Portsmouth 002A,Anti-social behaviour,,
,2024-03,Hampshire Constabulary,Hampshire Constabulary,-1.068619,50.841312,On or near Cosham Interchange,E01017051,Portsmouth 002A,Anti-social behaviour,,
,2024-03,Hampshire Constabulary,Hampshire Constabulary,-1.067473,50.841825,On or near Cosham,E01017051,Portsmouth 002A,Anti-social behaviour,,
0b03de9b33f2345951a30c44acc5dc050de4f14c5730430709103efb0ad35a1c,2024-03,Hampshire Constabulary,Hampshire Constabulary,-1.067224,50.844332,On or near High Street,E01017051,Portsmouth 002A,Burglary,Investigation complete; no suspect identified,
40e87e7b8edcaee1c3b83332a1737d4f87ad480ff47908f53b17a75d1d1c4444,2024-03,Hampshire Constabulary,Hampshire Constabulary,-1.066947,50.843268,On or near Cosham Park Avenue,E01017051,Portsmouth 002A,Burglary,Unable to prosecute suspect,
f1606c1ba8ba50fece7000c3b31b806b27fc72e119ca2d603570e79bcd4a3f3f,2024-03,Hampshire Constabulary,Hampshire Constabulary,-1.067994,50.843465,On or near Vectis Way,E01017051,Portsmouth 002A,Criminal damage and arson,Investigation complete; no suspect identified,
7b84c3401bc3b417ba7248b3bc9ac5ae5ea486c07c7620ad38c2fb17981da4aa,2024-03,Hampshire Constabulary,Hampshire Constabulary,-1.067994,50.843465,On or near Vectis Way,E01017051,Portsmouth 002A,Criminal damage and arson,Status update unavailable,
5ded9513cc60aa958515240a9aa36013f01a08b358613d22871eb6adbbc0d219,2024-03,Hampshire Constabulary,Hampshire Constabulary,-1.068619,50.841312,On or near Cosham Interchange,E01017051,Portsmouth 002A,Other theft,Investigation complete; no suspect identified,
f4d296f7806715a52141e39961d3476242f2f9402694d0201180fa21429f46c6,2024-03,Hampshire Constabulary,Hampshire Constabulary,-1.071968,50.850781,On or near Cavell Drive,E01017051,Portsmouth 002A,Other theft,Investigation complete; no suspect identified,
dba60cc578eb8e5ec59cb47d41746689526b00f1e59e333f292ebbd891580d46,2024-03,Hampshire Constabulary,Hampshire Constabulary,-1.071968,50.850781,On or near Cavell Drive,E01017051,Portsmouth 002A,Other theft,Investigation complete; no suspect identified,
48f35e74f101f8ea8226b1f51acef21fefd7e6c16c171edc419bfb23beb34511,2024-03,Hampshire Constabulary,Hampshire Constabulary,-1.066491,50.844757,On or near Aldroke Street,E01017051,Portsmouth 002A,Shoplifting,Investigation complete; no suspect identified,
7aa3fd31c2fcb7db85d4785e5ad4d6e0c32f6c2e45d6895f642457f8771ae753,2024-03,Hampshire Constabulary,Hampshire Constabulary,-1.066491,50.844757,On or near Aldroke Street,E01017051,Portsmouth 002A,Shoplifting,Investigation complete; no suspect identified,
e3f4ce80075cb2f7edcca425ab91b9608c3c18ebc33b703b4059951f80e13e4d,2024-03,Hampshire Constabulary,Hampshire Constabulary,-1.067224,50.844332,On or near High Street,E01017051,Portsmouth 002A,Theft from the person,Investigation complete; no suspect identified,
be69ddf26b561de4714dcd1fb9d1759b16635e964968a9fbeab336b72a2a6358,2024-03,Hampshire Constabulary,Hampshire Constabulary,-1.071159,50.847861,On or near Sundridge Close,E01017051,Portsmouth 002A,Vehicle crime,Investigation complete; no suspect identified,
cc4dec670756491872ffa37bf525d144150da51d13567d35724a25dba780f6c4,2024-03,Hampshire Constabulary,Hampshire Constabulary,-1.073642,50.852314,On or near Mablethorpe Road,E01017051,Portsmouth 002A,Vehicle crime,Investigation complete; no suspect identified,
76b693327bc63dbaa560dcad1c2fbe9b8ee99ab6631f5ef48b012b7d034ee26e,2024-03,Hampshire Constabulary,Hampshire Constabulary,-1.071968,50.850781,On or near Cavell Drive,E01017051,Portsmouth 002A,Violence and sexual offences,Unable to prosecute suspect,
c7dbe7b9648294ae3e8343a08b4f363930c7cec4a3ba7cf6a5cce06ac1805286,2024-03,Hampshire Constabulary,Hampshire Constabulary,-1.068619,50.841312,On or near Cosham Interchange,E01017051,Portsmouth 002A,Violence and sexual offences,Unable to prosecute suspect,
a1ebb01410d63677c3efb3d1ba4defb6d0e07f2b8fd403992c51b4d7b4f8960e,2024-03,Hampshire Constabulary,Hampshire Constabulary,-1.068619,50.841312,On or near Cosham Interchange,E01017051,Portsmouth 002A,Violence and sexual offences,Unable to prosecute suspect,
4cfa7c70c027af392bf74578c10418dd893ed977b935accd78592aca7697e6a4,2024-03,Hampshire Constabulary,Hampshire Constabulary,-1.069837,50.845791,On or near Petrol Station,E01017051,Portsmouth 002A,Violence and sexual offences,Unable to prosecute suspect,
f6fb0dee19fc3ab2757c862482462cb07d0618b3cabe554b4f84fb1e8b10bbf2,2024-03,Hampshire Constabulary,Hampshire Constabulary,-1.068619,50.841312,On or near Cosham Interchange,E01017051,Portsmouth 002A,Violence and sexual offences,Status update unavailable,
ad5447121426e96d5ec12a3f0f97a3c6892ead63c82bc41fc2412230effe51c4,2024-03,Hampshire Constabulary,Hampshire Constabulary,-1.071648,50.846840,On or near Ashurst Road,E01017051,Portsmouth 002A,Violence and sexual offences,Investigation complete; no suspect identified,
a5edbdc9b91a526c3933c09dba504cf665558c458ada5304635471d882283526,2024-03,Hampshire Constabulary,Hampshire Constabulary,-1.067473,50.841825,On or near Cosham,E01017051,Portsmouth 002A,Violence and sexual offences,Status update unavailable,
ecc60a463068e78bd3f4d4b21d135ead45b1bb83506ac6c4eeaa47eabd0fe863,2024-03,Hampshire Constabulary,Hampshire Constabulary,-1.071988,50.851896,On or near Boston Road,E01017051,Portsmouth 002A,Violence and sexual offences,Unable to prosecute suspect,
881a5af7e92808075c2e6f7f5334c47f88f57a6faf6f9891e41d80f364d71bb7,2024-03,Hampshire Constabulary,Hampshire Constabulary,-1.071968,50.850781,On or near Cavell Drive,E01017051,Portsmouth 002A,Violence and sexual offences,Unable to prosecute suspect,
e0e1050934475775001f5129cc7fd1d69997734563b6c00392bac21d95a7fef1,2024-03,Hampshire Constabulary,Hampshire Constabulary,-1.076012,50.848151,On or near Tankerton Close,E01017052,Portsmouth 002B,Criminal damage and arson,Offender given a caution,
15e1b68a6eae262831250de89ef3332ed0dc65e761b006132184918916c313a4,2024-03,Hampshire Constabulary,Hampshire Constabulary,-1.075623,50.849830,On or near Hythe Road,E01017052,Portsmouth 002B,Drugs,Local resolution,
f33dcc7d31e8ae86ad3f1d638a4d7e01a846636e891f7bb56d998cad01bb39e8,2024-03,Hampshire Constabulary,Hampshire Constabulary,-1.074830,50.844707,On or near Brighstone Road,E01017052,Portsmouth 002B,Other theft,Unable to prosecute suspect,
52e1dfbf5cce6b0b53389919a75a5621f99a47cf0c270462b64bef563950f229,2024-03,Hampshire Constabulary,Hampshire Constabulary,-1.076185,50.847254,On or near Sixth Avenue,E01017052,Portsmouth 002B,Violence and sexual offences,Unable to prosecute suspect,
94fbcada74a1c218fc4d0b0527b2318583b4c72fbc6be5551e5908af2ec3e7ab,2024-03,Hampshire Constabulary,Hampshire Constabulary,-1.075623,50.849830,On or near Hythe Road,E01017052,Portsmouth 002B,Violence and sexual offences,Unable to prosecute suspect,
76799656ad64bae52e6b80ae71773cd8797682c98d2db879535adc1aa590ba60,2024-03,Hampshire Constabulary,Hampshire Constabulary,-1.075887,50.850839,On or near Chatham Close,E01017052,Portsmouth 002B,Violence and sexual offences,Court result unavailable,
c7c17479aa378b6fe955671554133a4cc9ebd8b4c7b324e0bab4ec7dad866143,2024-03,Hampshire Constabulary,Hampshire Constabulary,-1.076012,50.848151,On or near Tankerton Close,E01017052,Portsmouth 002B,Violence and sexual offences,Unable to prosecute suspect,
,2024-03,Hampshire Constabulary,Hampshire Constabulary,-1.075623,50.849830,On or near Hythe Road,E01017052,Portsmouth 002B,Anti-social behaviour,,
,2024-03,Hampshire Constabulary,Hampshire Constabulary,-1.074255,50.850790,On or near Ashford Close,E01017052,Portsmouth 002B,Anti-social behaviour,,
,2024-03,Hampshire Constabulary,Hampshire Constabulary,-1.076185,50.847254,On or near Sixth Avenue,E01017052,Portsmouth 002B,Anti-social behaviour,,
9b7142185510c6d80a6da77ceba3f4fa77e996d392491b5500a32a9782073d4b,2024-03,Hampshire Constabulary,Hampshire Constabulary,-1.076976,50.847485,On or near Herne Road,E01017052,Portsmouth 002B,Bicycle theft,Investigation complete; no suspect identified,
d202d5d2667fc2cce71ea4294dede7347e55191f27bbb296567aa00af9e9f7e2,2024-03,Hampshire Constabulary,Hampshire Constabulary,-1.078320,50.846353,On or near Wymering Manor Close,E01017052,Portsmouth 002B,Burglary,Investigation complete; no suspect identified,
dd89f6b1830c786ac206cce72cb31053071878caaeb0fed80e8e9c8686824af1,2024-03,Hampshire Constabulary,Hampshire Constabulary,-1.076012,50.848151,On or near Tankerton Close,E01017052,Portsmouth 002B,Other theft,Unable to prosecute suspect,
b7689ae61d5975ccdc90d8f7527b573276ac3e8a02153bb85ebfcd01a49e0b83,2024-03,Hampshire Constabulary,Hampshire Constabulary,-1.081346,50.844147,On or near Northarbour Road,E01017052,Portsmouth 002B,Public order,Investigation complete; no suspect identified,
5ae30cd300a51853431f7c01cf084bee61d099f6b257006f943e24000c8d4740,2024-03,Hampshire Constabulary,Hampshire Constabulary,-1.081346,50.844147,On or near Northarbour Road,E01017052,Portsmouth 002B,Public order,Investigation complete; no suspect identified,
8983afe109c6443a51d1d79aaa6a41be535376ac2f57b34e9a74e5403767fcb6,2024-03,Hampshire Constabulary,Hampshire Constabulary,-1.075439,50.850512,On or near Maidstone Crescent,E01017052,Portsmouth 002B,Violence and sexual offences,Status update unavailable,
d56c957698c2df68c53a9756ac5c15bad32325f163da7a773e6bb701dd0c8361,2024-03,Hampshire Constabulary,Hampshire Constabulary,-1.076976,50.847485,On or near Herne Road,E01017052,Portsmouth 002B,Violence and sexual offences,Unable to prosecute suspect,
e258c65f3acec64d237495a9a666adf7b2da8f8dd367c2d26ea19bff883e49ee,2024-03,Hampshire Constabulary,Hampshire Constabulary,-1.078091,50.847143,On or near Pebmarsh Road,E01017052,Portsmouth 002B,Violence and sexual offences,Unable to prosecute suspect,
de8bb2f974c090f51157ae8f42f732a9d7219dc591a4529622755711ff08750e,2024-03,Hampshire Constabulary,Hampshire Constabulary,-1.078421,50.848404,On or near Hockley Close,E01017053,Portsmouth 002C,Drugs,Local resolution,
56f672b83cf1625f9f1dbfd393fe76f9692cc06ffcae9b6f2c836cffcabbbfad,2024-03,Hampshire Constabulary,Hampshire Constabulary,-1.086694,50.845223,On or near A27,E01017053,Portsmouth 002C,Other theft,Investigation complete; no suspect identified,
1c9d560c6d57d1da395836418ac32e52af7da250bfb6722b49f6a84c33653b83,2024-03,Hampshire Constabulary,Hampshire Constabulary,-1.079068,50.848760,On or near Hadleigh Road,E01017053,Portsmouth 002C,Public order,Unable to prosecute suspect,
d80361b74c6156c807c23c2c2166daaf22e0a8c46cbb0571bb7a01d5f66adda9,2024-03,Hampshire Constabulary,Hampshire Constabulary,-1.079068,50.848760,On or near Hadleigh Road,E01017053,Portsmouth 002C,Public order,Unable to prosecute suspect,
9b8141ae6d4cd00e59375343d6b8cec8f50acd0702db108bf87971e7ffcadca8,2024-03,Hampshire Constabulary,Hampshire Constabulary,-1.095430,50.846338,On or near Shopping Area,E01017053,Portsmouth 002C,Shoplifting,Unable to prosecute suspect,
59d594f4b92d8ab2bdd3b39b1f11ff9d5ee349df08c2bd33a689ef7f2c52f1f7,2024-03,Hampshire Constabulary,Hampshire Constabulary,-1.095430,50.846338,On or near Shopping Area,E01017053,Portsmouth 002C,Shoplifting,Unable to prosecute suspect,
a0b385262f55cb4595ff1485c99929f803f178d7b5695228aad83f3cc8b06a61,2024-03,Hampshire Constabulary,Hampshire Constabulary,-1.095430,50.846338,On or near Shopping Area,E01017053,Portsmouth 002C,Shoplifting,Unable to prosecute suspect,
6d406e572cedb4e0449a19573cb723c42182b7d68d148dc07e25e4cf7a3d85bd,2024-03,Hampshire Constabulary,Hampshire Constabulary,-1.095430,50.846338,On or near Shopping Area,E01017053,Portsmouth 002C,Shoplifting,Investigation complete; no suspect identified,
fce6ee911362ddcc5d4debb0f15c87f887116a5f69894caa5a89939d4913a9c9,2024-03,Hampshire Constabulary,Hampshire Constabulary,-1.095430,50.846338,On or near Shopping Area,E01017053,Portsmouth 002C,Vehicle crime,Investigation complete; no suspect identified,
24fc2267fea59cb042324c9221e3237ab78a8c274c4efa0e2962353a51d351b7,2024-03,Hampshire Constabulary,Hampshire Constabulary,-1.095430,50.846338,On or near Shopping Area,E01017053,Portsmouth 002C,Vehicle crime,Investigation complete; no suspect identified,
6e9a16bfb76a8adcd730974b99d419ceb23c401f4c6489769d363d8120e43a7b,2024-03,Hampshire Constabulary,Hampshire Constabulary,-1.095430,50.846338,On or near Shopping Area,E01017053,Portsmouth 002C,Vehicle crime,Investigation complete; no suspect identified,
66fab14b3b61bd4ca534b819ce1832cb524d0cddef34e4aa17c3b98540bb5c60,2024-03,Hampshire Constabulary,Hampshire Constabulary,-1.095430,50.846338,On or near Shopping Area,E01017053,Portsmouth 002C,Violence and sexual offences,Unable to prosecute suspect,
ac92f150df36d9b6526925a969b65d30a3f4c0754ecb475bb2e767841f808846,2024-03,Hampshire Constabulary,Hampshire Constabulary,-1.095430,50.846338,On or near Shopping Area,E01017053,Portsmouth 002C,Violence and sexual offences,Unable to prosecute suspect,
4df11e0563919f61eb860fa0ea1553b7e680de11ee5c1a2ad692f1567e5c9cf1,2024-03,Hampshire Constabulary,Hampshire Constabulary,-1.081182,50.845989,On or near Blackwater Close,E01017053,Portsmouth 002C,Violence and sexual offences,Unable to prosecute suspect,
a1c7370b5f1407c0a75d101645afe1b08e2aeacab85c9c0b473cdb45294505cf,2024-03,Hampshire Constabulary,Hampshire Constabulary,-1.095430,50.846338,On or near Shopping Area,E01017053,Portsmouth 002C,Violence and sexual offences,Offender given a caution,
bc283315eaa004724a65bd9d39af0835d3f740b4145dda504211b6f184e76448,2024-03,Hampshire Constabulary,Hampshire Constabulary,-1.095430,50.846338,On or near Shopping Area,E01017053,Portsmouth 002C,Violence and sexual offences,Investigation complete; no suspect identified,
0ff5ab38bf7220dd823076748fd4155d9a4f8f4f89d39ef3750c7d1383e91cd0,2024-03,Hampshire Constabulary,Hampshire Constabulary,-1.079764,50.847300,On or near Halstead Road,E01017053,Portsmouth 002C,Violence and sexual offences,Unable to prosecute suspect,
05af4aefab96101af082b217a906d55c57171eafd3800af87fedf46f0e4e6140,2024-03,Hampshire Constabulary,Hampshire Constabulary,-1.079764,50.847300,On or near Halstead Road,E01017053,Portsmouth 002C,Violence and sexual offences,Unable to prosecute suspect,
555a239ff4f2dab16e2dc7b75c01e6e8f9f6d6c59bc80db006fcad9cbc4f1703,2024-03,Hampshire Constabulary,Hampshire Constabulary,-1.079068,50.848760,On or near Hadleigh Road,E01017053,Portsmouth 002C,Violence and sexual offences,Unable to prosecute suspect,
,2024-03,Hampshire Constabulary,Hampshire Constabulary,-1.095430,50.846338,On or near Shopping Area,E01017053,Portsmouth 002C,Anti-social behaviour,,
642929fced21a2958ef16af99bc626957d3019f8f02131dc111b58b9a676d064,2024-03,Hampshire Constabulary,Hampshire Constabulary,-1.095430,50.846338,On or near Shopping Area,E01017053,Portsmouth 002C,Criminal damage and arson,Investigation complete; no suspect identified,
74ed6dcd2d5d5a028a2b7f57015c295cc500082c2843c9df53a2a67cef095939,2024-03,Hampshire Constabulary,Hampshire Constabulary,-1.081372,50.848625,On or near Mellor Close,E01017053,Portsmouth 002C,Other theft,Investigation complete; no suspect identified,
25716bed3ccdf02e92794771ef3a2f3bf4ea5b6d1577049862911f29e1ef5573,2024-03,Hampshire Constabulary,Hampshire Constabulary,-1.095430,50.846338,On or near Shopping Area,E01017053,Portsmouth 002C,Other theft,Investigation complete; no suspect identified,
227ab95ec0f93bbd84c3c47f17c27c81a58db8ee70e2234ab39341812a311e1e,2024-03,Hampshire Constabulary,Hampshire Constabulary,-1.081008,50.846878,On or near Bell Road,E01017053,Portsmouth 002C,Public order,Local resolution,
9a903d73479d7e9c676f4f621ca4cf9f9607d2c9d8ae3417ede8b566b21eb135,2024-03,Hampshire Constabulary,Hampshire Constabulary,-1.095430,50.846338,On or near Shopping Area,E01017053,Portsmouth 002C,Shoplifting,Investigation complete; no suspect identified,
9626915e11371834765c5449cc48e6e10931bfb37751ab7e924081f148735765,2024-03,Hampshire Constabulary,Hampshire Constabulary,-1.095430,50.846338,On or near Shopping Area,E01017053,Portsmouth 002C,Shoplifting,Investigation complete; no suspect identified,
9e3a925b421160a8c510104284978849b804ce9c07fa6b9a76631c961ad8856c,2024-03,Hampshire Constabulary,Hampshire Constabulary,-1.095430,50.846338,On or near Shopping Area,E01017053,Portsmouth 002C,Shoplifting,Investigation complete; no suspect identified,
58493a78c1dfc6dd1d0954f539fdbd15056d8255d8f0e1eb632fada42d1b211b,2024-03,Hampshire Constabulary,Hampshire Constabulary,-1.095430,50.846338,On or near Shopping Area,E01017053,Portsmouth 002C,Shoplifting,Investigation complete; no suspect identified,
29a9611c0633e09c5cab444d368973e347edd0376d6e6269fcfe88ee8db88782,2024-03,Hampshire Constabulary,Hampshire Constabulary,-1.095430,50.846338,On or near Shopping Area,E01017053,Portsmouth 002C,Vehicle crime,Investigation complete; no suspect identified,
ba72934f650991ee068edb725604aa3166741ccd5ff82ad1b7241ab95fa5bfaa,2024-03,Hampshire Constabulary,Hampshire Constabulary,-1.095430,50.846338,On or near Shopping Area,E01017053,Portsmouth 002C,Vehicle crime,Investigation complete; no suspect identified,
5f1d0f7cc65f096fa5af572596f1dfe0069b7a767fbe6ec0347a4e5c3d3324d7,2024-03,Hampshire Constabulary,Hampshire Constabulary,-1.095430,50.846338,On or near Shopping Area,E01017053,Portsmouth 002C,Vehicle crime,Investigation complete; no suspect identified,
f54b6296594082a38a27f98ddd04f4002d4dc77800db97f0edbaba770b4217ec,2024-03,Hampshire Constabulary,Hampshire Constabulary,-1.095430,50.846338,On or near Shopping Area,E01017053,Portsmouth 002C,Vehicle crime,Investigation complete; no suspect identified,
c9918293bb917843caf030beb0d08f4eb30f07e84361f48e0109428c83aafa51,2024-03,Hampshire Constabulary,Hampshire Constabulary,-1.082049,50.851050,On or near Washbrook Road,E01017118,Portsmouth 002D,Criminal damage and arson,Offender given a caution,
9b0e6575ebefd560163c180999da8876f7ed0e2154a345ea526b497b2fb05a95,2024-03,Hampshire Constabulary,Hampshire Constabulary,-1.081937,50.851678,On or near Norwich Road,E01017118,Portsmouth 002D,Other theft,Unable to prosecute suspect,
39fc676bbd354c0c8b4b9cd572c65274896bce9ed14e10e863077f74afdaddc0,2024-03,Hampshire Constabulary,Hampshire Constabulary,-1.084696,50.850036,On or near Bromyard Crescent,E01017118,Portsmouth 002D,Violence and sexual offences,Unable to prosecute suspect,
92156d940b28ae4487e57cbe1405264dc4761f993537a1ddb5a69d0c9cc7f05b,2024-03,Hampshire Constabulary,Hampshire Constabulary,-1.078021,50.850721,On or near Colchester Road,E01017118,Portsmouth 002D,Violence and sexual offences,Unable to prosecute suspect,
ddc8284edefc06580be9a9e1b01a7baba863d7077b76384f9dd516622ad337e5,2024-03,Hampshire Constabulary,Hampshire Constabulary,-1.081937,50.851678,On or near Norwich Road,E01017118,Portsmouth 002D,Violence and sexual offences,Unable to prosecute suspect,
e8d382c70b29e3b4122baa860ac40f5a451c5f0e6bae4c9695c40fc448ae022e,2024-03,Hampshire Constabulary,Hampshire Constabulary,-1.081937,50.851678,On or near Norwich Road,E01017118,Portsmouth 002D,Violence and sexual offences,Unable to prosecute suspect,
a375149dc485b2ccd90fa065a252faafcbdcd17f97518c3ea4fc7ed4560aa0c7,2024-03,Hampshire Constabulary,Hampshire Constabulary,-1.079429,50.853502,On or near Meadowsweet Way,E01017118,Portsmouth 002D,Violence and sexual offences,Unable to prosecute suspect,
532e93f78b4beb28c6719fd491b9a595847221963eb817e0c9e4d6733f2db805,2024-03,Hampshire Constabulary,Hampshire Constabulary,-1.079663,50.850258,On or near Braintree Road,E01017118,Portsmouth 002D,Other theft,Investigation complete; no suspect identified,
36819a552d4ab419d277e9620c87870d6c839acc7336f2af2ae04d10e13a7deb,2024-03,Hampshire Constabulary,Hampshire Constabulary,-1.081937,50.851678,On or near Norwich Road,E01017118,Portsmouth 002D,Public order,Unable to prosecute suspect,
6e7ee479ee4e23e3316ebe47d932adb20d2e2417ac36829aec743b75a35bf5ad,2024-03,Hampshire Constabulary,Hampshire Constabulary,-1.079429,50.853502,On or near Meadowsweet Way,E01017118,Portsmouth 002D,Public order,Investigation complete; no suspect identified,
f2fa866934d417e4180e6feffb82ff83bb71c95f16c615213bea296a1147f2d0,2024-03,Hampshire Constabulary,Hampshire Constabulary,-1.079429,50.853502,On or near Meadowsweet Way,E01017118,Portsmouth 002D,Violence and sexual offences,Unable to prosecute suspect,
c25e164af9735b1ea0bb604473ad934c959a4dc518b0a3c6728ff94528d96615,2024-03,Hampshire Constabulary,Hampshire Constabulary,-1.079429,50.853502,On or near Meadowsweet Way,E01017118,Portsmouth 002D,Violence and sexual offences,Unable to prosecute suspect,
419073c9cb6ffb1e17df930d2b4ac52f68a1e01d9e63e365ccf30f9c1316c5ba,2024-03,Hampshire Constabulary,Hampshire Constabulary,-1.079429,50.853502,On or near Meadowsweet Way,E01017118,Portsmouth 002D,Violence and sexual offences,Unable to prosecute suspect,
d8ba07b78780ef59415ad1508fa0b7d8e91ee49b13bd66bf90a984347ecbfd1a,2024-03,Hampshire Constabulary,Hampshire Constabulary,-1.079429,50.853502,On or near Meadowsweet Way,E01017118,Portsmouth 002D,Violence and sexual offences,Unable to prosecute suspect,
a4886a7b5b27dbcf078063afc2e3271c83ce4480ee64a5a41d27b76051cde58a,2024-03,Hampshire Constabulary,Hampshire Constabulary,-1.079429,50.853502,On or near Meadowsweet Way,E01017118,Portsmouth 002D,Violence and sexual offences,Unable to prosecute suspect,
1d176debb5843f79de371b53421ef1a412d335e1dfdd2b5dfb3e54e30af3cc34,2024-03,Hampshire Constabulary,Hampshire Constabulary,-1.063491,50.854113,On or near Parking Area,E01017050,Portsmouth 003A,Drugs,Local resolution,
6103c4c747d13658ecb57fc7fc722543b4878d8c6139f660e570698634bc9f39,2024-03,Hampshire Constabulary,Hampshire Constabulary,-1.063491,50.854113,On or near Parking Area,E01017050,Portsmouth 003A,Drugs,Local resolution,
f3be03ca3ea9697cbdf42c075babc1cbd6a8add10f2a5f8c68256d1e770ed97d,2024-03,Hampshire Constabulary,Hampshire Constabulary,-1.065169,50.847669,On or near St Georges Road,E01017050,Portsmouth 003A,Violence and sexual offences,Unable to prosecute suspect,
548e3880c930bc3c021470103c336cbd8ec9b82ad3ac3cca34716cd00b3bba73,2024-03,Hampshire Constabulary,Hampshire Constabulary,-1.063491,50.854113,On or near Parking Area,E01017050,Portsmouth 003A,Drugs,Status update unavailable,
4e7563efb021d49d6b117ec5c815b127d7f25487de3a6044a12029e5669934cb,2024-03,Hampshire Constabulary,Hampshire Constabulary,-1.061796,50.845124,On or near Lindisfarne Close,E01017050,Portsmouth 003A,Other theft,Investigation complete; no suspect identified,
4fc425a2fcba39dd3d5733870e2edf63499d8ef64ad7c2385043901cd7759c94,2024-03,Hampshire Constabulary,Hampshire Constabulary,-1.067569,50.851232,On or near Arran Close,E01017050,Portsmouth 003A,Public order,Status update unavailable,
3f2b04c7e81356bee5c7c3a11fb4a92cb8ea9ed6c0cfeb902fd336539cff74f6,2024-03,Hampshire Constabulary,Hampshire Constabulary,-1.063023,50.845602,On or near Park Lane,E01017050,Portsmouth 003A,Violence and sexual offences,Unable to prosecute suspect,
81cc38b392c33c7ecab2689393a7bb751ba87372101b96a49bd9fad395890571,2024-03,Hampshire Constabulary,Hampshire Constabulary,-1.060528,50.844602,On or near The Close,E01017050,Portsmouth 003A,Violence and sexual offences,Unable to prosecute suspect,
3fa06d22498521bae9df8dc8317b7b9c5ac83ac629102592086dabe65b9d682e,2024-03,Hampshire Constabulary,Hampshire Constabulary,-1.045525,50.851081,On or near Down End Road,E01017061,Portsmouth 003B,Violence and sexual offences,Unable to prosecute suspect,
ec223825483b28766c6857a873d662a9ecfb177efdcd868cb50353910f420db3,2024-03,Hampshire Constabulary,Hampshire Constabulary,-1.040941,50.848084,On or near Highlands Road,E01017061,Portsmouth 003B,Violence and sexual offences,Action to be taken by another organisation,
d821838853a8f5701ee3d0e7a005dbdb6339112e667893d9acb4565363a0e5d2,2024-03,Hampshire Constabulary,Hampshire Constabulary,-1.043926,50.847983,On or near Solent Road,E01017061,Portsmouth 003B,Public order,Investigation complete; no suspect identified,
3a400608fd759130752f6ee81324d5eeda7658b5728ae00b5548c09883b24d23,2024-03,Hampshire Constabulary,Hampshire Constabulary,-1.048493,50.853200,On or near Portsdown Hill Road,E01017061,Portsmouth 003B,Violence and sexual offences,Status update unavailable,
d9fe6c74198a31256b8fe2dd1f2856f8a59baf0bf74aa47ea13ab01e4238b3c0,2024-03,Hampshire Constabulary,Hampshire Constabulary,-1.052742,50.849674,On or near Brecon Avenue,E01017063,Portsmouth 003C,Other theft,Investigation complete; no suspect identified,
f4615138dd846f9f273b8ea621373297d33aee6200763c9a6a89a4f609ac0cc6,2024-03,Hampshire Constabulary,Hampshire Constabulary,-1.060935,50.846997,On or near Padwick Avenue,E01017063,Portsmouth 003C,Violence and sexual offences,Status update unavailable,
77055a7a87abe4656bca24a33a7887f2bfe4b6f71920dc258a102a7c0d1a22d4,2024-03,Hampshire Constabulary,Hampshire Constabulary,-1.056345,50.848480,On or near East Cosham Road,E01017063,Portsmouth 003C,Violence and sexual offences,Action to be taken by another organisation,
1ee1648121e89a26ac3e68350ba94023d912869b309a2fe5c639641e69d21847,2024-03,Hampshire Constabulary,Hampshire Constabulary,-1.050376,50.844439,On or near Southbourne Avenue,E01017064,Portsmouth 003D,Violence and sexual offences,Unable to prosecute suspect,
e3e5f64f2b0ece635caafe3b56b78086e36a61e06aecce11259ea648c8f11e8e,2024-03,Hampshire Constabulary,Hampshire Constabulary,-1.050376,50.844439,On or near Southbourne Avenue,E01017064,Portsmouth 003D,Violence and sexual offences,Awaiting court outcome,
be3c53f05831ad980f2ee97d9f96b49db7117264e58acc75379adccf18a9798a,2024-03,Hampshire Constabulary,Hampshire Constabulary,-1.052463,50.845175,On or near Carshalton Avenue,E01017064,Portsmouth 003D,Violence and sexual offences,Unable to prosecute suspect,
84a8a0768b236dd9101131e38ac3a979fa0410b64826a871ed3312291cb9200f,2024-03,Hampshire Constabulary,Hampshire Constabulary,-1.047929,50.846019,On or near Parking Area,E01017064,Portsmouth 003D,Violence and sexual offences,Unable to prosecute suspect,
72192659fce6d02584e07b0b107fd5e64d02aef34d046d6942796e7e6aaf4bbf,2024-03,Hampshire Constabulary,Hampshire Constabulary,-1.050376,50.844439,On or near Southbourne Avenue,E01017064,Portsmouth 003D,Violence and sexual offences,Unable to prosecute suspect,
82e260aa1d111aac31c843d47d9d16877d9967addf6d0e2d2c85c4d12bf9d874,2024-03,Hampshire Constabulary,Hampshire Constabulary,-1.056665,50.843204,On or near Court Lane,E01017064,Portsmouth 003D,Violence and sexual offences,Investigation complete; no suspect identified,
6eb168eaaf95a52837361427ee9973d229f9baa313276d7b8c4a8343ea18203f,2024-03,Hampshire Constabulary,Hampshire Constabulary,-1.056665,50.843204,On or near Court Lane,E01017064,Portsmouth 003D,Violence and sexual offences,Status update unavailable,
9048d1be536604fca09f13d288da84f7b6fa68a8a94fb414ba8eded62197dd9b,2024-03,Hampshire Constabulary,Hampshire Constabulary,-1.069380,50.838045,On or near Donaldson Road,E01017054,Portsmouth 004A,Bicycle theft,Investigation complete; no suspect identified,
89d1460ce12f0259aef935ec4750885e2a5b55d667b4b9f1875b73f026244a57,2024-03,Hampshire Constabulary,Hampshire Constabulary,-1.073552,50.843231,On or near Sports/Recreation Area,E01017054,Portsmouth 004A,Burglary,Investigation complete; no suspect identified,
7185c68ca2532cb7e06a2eb56938c259998f1f14f2829f39fb8ad193d336501e,2024-03,Hampshire Constabulary,Hampshire Constabulary,-1.073552,50.843231,On or near Sports/Recreation Area,E01017054,Portsmouth 004A,Other theft,Unable to prosecute suspect,
4f33b7bc226b2c31463f739897c8cda58fa53a38a3898b877b027f84772dbd6a,2024-03,Hampshire Constabulary,Hampshire Constabulary,-1.068519,50.839207,On or near Highbury Way,E01017054,Portsmouth 004A,Violence and sexual offences,Awaiting court outcome,
4c098706728fb754f61036f4ac364dc7b4c240211021aa3e0609f3992d11d6df,2024-03,Hampshire Constabulary,Hampshire Constabulary,-1.068519,50.839207,On or near Highbury Way,E01017054,Portsmouth 004A,Violence and sexual offences,Unable to prosecute suspect,
400fb6966e580db66647c60ac14dc439ace13befe9b878ebbf1922a98cb39e15,2024-03,Hampshire Constabulary,Hampshire Constabulary,-1.068519,50.839207,On or near Highbury Way,E01017054,Portsmouth 004A,Violence and sexual offences,Unable to prosecute suspect,
23ef71ef6c33ff47df44f8e11fcf9cbe345859c52fc7a88e5071ac9d7b89ac45,2024-03,Hampshire Constabulary,Hampshire Constabulary,-1.069380,50.838045,On or near Donaldson Road,E01017054,Portsmouth 004A,Violence and sexual offences,Investigation complete; no suspect identified,
af54ae7b20068ae81820364e26f2d367401e582e71850c4d41e9cd3285981360,2024-03,Hampshire Constabulary,Hampshire Constabulary,-1.068519,50.839207,On or near Highbury Way,E01017054,Portsmouth 004A,Violence and sexual offences,Awaiting court outcome,
05efdf155510e4129785c773b99731124dc6b1b23fd212434b6cc1a49d553104,2024-03,Hampshire Constabulary,Hampshire Constabulary,-1.072453,50.843501,On or near Gurnard Road,E01017054,Portsmouth 004A,Violence and sexual offences,Unable to prosecute suspect,
2e119e672e06168df167e33e94e9b8f24da455bb5b5ec1f7eabd5212746f62c5,2024-03,Hampshire Constabulary,Hampshire Constabulary,-1.072647,50.844447,On or near Totland Road,E01017054,Portsmouth 004A,Violence and sexual offences,Unable to prosecute suspect,
4ac00cf622aefce2cbdc9112f6f9d036a5b34d64bfdb7a7cd5bdb70f5229c04f,2024-03,Hampshire Constabulary,Hampshire Constabulary,-1.082793,50.840742,On or near Supermarket,E01017054,Portsmouth 004A,Violence and sexual offences,Offender given a caution,
,2024-03,Hampshire Constabulary,Hampshire Constabulary,-1.069380,50.838045,On or near Donaldson Road,E01017054,Portsmouth 004A,Anti-social behaviour,,
,2024-03,Hampshire Constabulary,Hampshire Constabulary,-1.068519,50.839207,On or near Highbury Way,E01017054,Portsmouth 004A,Anti-social behaviour,,
,2024-03,Hampshire Constabulary,Hampshire Constabulary,-1.069380,50.838045,On or near Donaldson Road,E01017054,Portsmouth 004A,Anti-social behaviour,,
,2024-03,Hampshire Constabulary,Hampshire Constabulary,-1.073552,50.843231,On or near Sports/Recreation Area,E01017054,Portsmouth 004A,Anti-social behaviour,,
,2024-03,Hampshire Constabulary,Hampshire Constabulary,-1.070497,50.844025,On or near Colwell Road,E01017054,Portsmouth 004A,Anti-social behaviour,,
,2024-03,Hampshire Constabulary,Hampshire Constabulary,-1.073552,50.843231,On or near Sports/Recreation Area,E01017054,Portsmouth 004A,Anti-social behaviour,,
,2024-03,Hampshire Constabulary,Hampshire Constabulary,-1.073552,50.843231,On or near Sports/Recreation Area,E01017054,Portsmouth 004A,Anti-social behaviour,,
16944975360c34ecc8d3ce6bc501b1f9b2f5bb8c5def7c245838f9588e38385d,2024-03,Hampshire Constabulary,Hampshire Constabulary,-1.069380,50.838045,On or near Donaldson Road,E01017054,Portsmouth 004A,Bicycle theft,Investigation complete; no suspect identified,
08a200d5417858637b94a2c6c51ee9bb8196e1691e02ad414abe4a7e3d2c4561,2024-03,Hampshire Constabulary,Hampshire Constabulary,-1.068519,50.839207,On or near Highbury Way,E01017054,Portsmouth 004A,Criminal damage and arson,Unable to prosecute suspect,
a9f452346c615591ece08e4c553b1d190b7761f28038bf6e92e3ef636725e436,2024-03,Hampshire Constabulary,Hampshire Constabulary,-1.073552,50.843231,On or near Sports/Recreation Area,E01017054,Portsmouth 004A,Other theft,Investigation complete; no suspect identified,
27dca9eb643345b6914e05cc26d6333f02ab1c581dca39a502c78a1dcf1076b8,2024-03,Hampshire Constabulary,Hampshire Constabulary,-1.069380,50.838045,On or near Donaldson Road,E01017054,Portsmouth 004A,Public order,Status update unavailable,
257285d8c52a249a69e6682ed8b6bdbfde63b7a21147d7b29a1beeb28cc08fd3,2024-03,Hampshire Constabulary,Hampshire Constabulary,-1.069380,50.838045,On or near Donaldson Road,E01017054,Portsmouth 004A,Public order,Unable to prosecute suspect,
8ba285dc028f56fdd65a988a44dda1cea4d679fcadfe47efca6610ba6d88bd4c,2024-03,Hampshire Constabulary,Hampshire Constabulary,-1.068519,50.839207,On or near Highbury Way,E01017054,Portsmouth 004A,Public order,Status update unavailable,
a9e99a031ca9c70d4a99b1ba6303bb9ff7b539d8fb2ae6cd0c740dc1a2fdb6d5,2024-03,Hampshire Constabulary,Hampshire Constabulary,-1.100948,50.840370,On or near Marina Keep,E01017113,Portsmouth 004B,Violence and sexual offences,Unable to prosecute suspect,
8ec41446965570944ddfcab9f281527c5ebc826415bd98698a88edc05129d7bb,2024-03,Hampshire Constabulary,Hampshire Constabulary,-1.096619,50.841261,On or near Shopping Area,E01017113,Portsmouth 004B,Violence and sexual offences,Unable to prosecute suspect,
3c0b0679b4c53a2fc3378566c8bf4e2aee36c817b7f48c91aa1ba9494bdddc45,2024-03,Hampshire Constabulary,Hampshire Constabulary,-1.110446,50.848023,On or near Beach Drive,E01017113,Portsmouth 004B,Violence and sexual offences,Offender given a caution,
1591da88a82fe76abdd63ec3bf4b9131577701003ca4c64baf3698c3459437be,2024-03,Hampshire Constabulary,Hampshire Constabulary,-1.110446,50.848023,On or near Beach Drive,E01017113,Portsmouth 004B,Violence and sexual offences,Unable to prosecute suspect,
,2024-03,Hampshire Constabulary,Hampshire Constabulary,-1.096857,50.841147,On or near Shopping Area,E01017113,Portsmouth 004B,Anti-social behaviour,,
067e939bbfce756e6c4292280192c6083e351db682af111d2281bf2b3e9fa752,2024-03,Hampshire Constabulary,Hampshire Constabulary,-1.108351,50.850660,On or near Mousehole Road,E01017113,Portsmouth 004B,Burglary,Status update unavailable,
e44380aaaf9d1ccd4eb032cfa2dbb7e0c40688416a2c2df8a2e8a55425795429,2024-03,Hampshire Constabulary,Hampshire Constabulary,-1.114957,50.847608,On or near Hopkins Close,E01017113,Portsmouth 004B,Burglary,Investigation complete; no suspect identified,
456b14ec00d2fd7a3d690574dc78b421fe4d1438298a3e3bd81efaa2e6d19b1e,2024-03,Hampshire Constabulary,Hampshire Constabulary,-1.096857,50.841147,On or near Shopping Area,E01017113,Portsmouth 004B,Public order,Investigation complete; no suspect identified,
fdac44286d92ff43818c31f9ad5a8cf014a8070003e80c35a269f79ba23f76f2,2024-03,Hampshire Constabulary,Hampshire Constabulary,-1.116968,50.847938,On or near Neelands Grove,E01017113,Portsmouth 004B,Public order,Unable to prosecute suspect,
af5957b28a1245e7e3c8e75457b9329f19539c4475adc3398fc3fa34599bfc73,2024-03,Hampshire Constabulary,Hampshire Constabulary,-1.116892,50.845932,On or near Hamilton Road,E01017113,Portsmouth 004B,Shoplifting,Investigation complete; no suspect identified,
c21efd2ba71a32e1775c42fdbe489d0bde52e4979893d56384169d8e14965e4a,2024-03,Hampshire Constabulary,Hampshire Constabulary,-1.116892,50.845932,On or near Hamilton Road,E01017113,Portsmouth 004B,Violence and sexual offences,Investigation complete; no suspect identified,
22900ec77250eab50d06db61fe7c7b175bb8f7d6ff34cae64efc9ce22b6bb8bf,2024-03,Hampshire Constabulary,Hampshire Constabulary,-1.114190,50.847593,On or near Elgar Close,E01017113,Portsmouth 004B,Violence and sexual offences,Unable to prosecute suspect,
f0132158c5ff4b82e31b5c3b296388eb04954f6c3dde78576b83036a2daaa398,2024-03,Hampshire Constabulary,Hampshire Constabulary,-1.096857,50.841147,On or near Shopping Area,E01017113,Portsmouth 004B,Violence and sexual offences,Investigation complete; no suspect identified,
3c7d47bfc9dfe299f92e96cef0ea80eda94cdbb80602095ef3c9a9636334bfa4,2024-03,Hampshire Constabulary,Hampshire Constabulary,-1.107585,50.847615,On or near Nautilus Drive,E01017113,Portsmouth 004B,Violence and sexual offences,Unable to prosecute suspect,
e68b7c2cee2ad46cc050ce46e1ba5d43fa1d6f24c0b469bec711cd04d5692594,2024-03,Hampshire Constabulary,Hampshire Constabulary,-1.116892,50.845932,On or near Hamilton Road,E01017113,Portsmouth 004B,Violence and sexual offences,Investigation complete; no suspect identified,
3a67fbec4eea8432508739ab39b72f5adf65f0df5f2497e2c3e7986519cdf87d,2024-03,Hampshire Constabulary,Hampshire Constabulary,-1.098390,50.844181,On or near Cadgwith Place,E01017114,Portsmouth 004C,Burglary,Investigation complete; no suspect identified,
3c992e8c8718e6d8c0a291811f69519ffc4af7b7a72a6b08ac31cbca94dcdb73,2024-03,Hampshire Constabulary,Hampshire Constabulary,-1.101396,50.847405,On or near Sports/Recreation Area,E01017114,Portsmouth 004C,Vehicle crime,Unable to prosecute suspect,
6fec625ebecc8b54a32976a19c673619b4c231bb8112d33621b339861bebf96b,2024-03,Hampshire Constabulary,Hampshire Constabulary,-1.095298,50.842484,On or near Coverack Way,E01017114,Portsmouth 004C,Violence and sexual offences,Unable to prosecute suspect,
,2024-03,Hampshire Constabulary,Hampshire Constabulary,-1.101396,50.847405,On or near Sports/Recreation Area,E01017114,Portsmouth 004C,Anti-social behaviour,,
ad5b19b5365f25eb146015dc1714deb4a6cabe1f5457b41ab58a37cdcf2debd7,2024-03,Hampshire Constabulary,Hampshire Constabulary,-1.116142,50.849550,On or near Sothcott Road,E01017116,Portsmouth 004D,Burglary,Court result unavailable,
cc40e76aafaca79bce8509cb5ebce676086924800a7de7a16dc241f3f078053e,2024-03,Hampshire Constabulary,Hampshire Constabulary,-1.116306,50.853670,On or near Keats Avenue,E01017116,Portsmouth 004D,Public order,Action to be taken by another organisation,
dd20d64b76837842da4ef12c9182d59b3856923a8a3ac1b27d2e01db8ceeb56c,2024-03,Hampshire Constabulary,Hampshire Constabulary,-1.113708,50.852823,On or near Wordsworth Avenue,E01017116,Portsmouth 004D,Violence and sexual offences,Unable to prosecute suspect,
c398e3a6f2bbdf6838a068133dc2bf79e7220cec5a89228503d1d6acf599f9b5,2024-03,Hampshire Constabulary,Hampshire Constabulary,-1.116306,50.853670,On or near Keats Avenue,E01017116,Portsmouth 004D,Violence and sexual offences,Action to be taken by another organisation,
1a5f19bc147c5c5ff7f8e30c46a8437b5f67b2c32a596cf28ae77c0359df248e,2024-03,Hampshire Constabulary,Hampshire Constabulary,-1.116306,50.853670,On or near Keats Avenue,E01017116,Portsmouth 004D,Violence and sexual offences,Action to be taken by another organisation,
8126f86906a953ae7da68cf8015ee9b88e20190b61e86383a1d2a4c80a632206,2024-03,Hampshire Constabulary,Hampshire Constabulary,-1.106356,50.854692,On or near Almondsbury Road,E01017116,Portsmouth 004D,Other crime,Action to be taken by another organisation,
fd17d527baba9ba0fb35c70c3e29fdbeb99ff25ca453947e55c60505954ccfa2,2024-03,Hampshire Constabulary,Hampshire Constabulary,-1.109505,50.854940,On or near Kingscote Road,E01017116,Portsmouth 004D,Criminal damage and arson,Unable to prosecute suspect,
ea59fe57f0720dfd567a93715ba91746e6045e8cf51ae945856641925b227195,2024-03,Hampshire Constabulary,Hampshire Constabulary,-1.109505,50.854940,On or near Kingscote Road,E01017116,Portsmouth 004D,Public order,Unable to prosecute suspect,
bb2a0395c1d9845035d098994c22e696a13cf8156c52702eb038f887d9218d4b,2024-03,Hampshire Constabulary,Hampshire Constabulary,-1.114464,50.849646,On or near Littlefield Road,E01017116,Portsmouth 004D,Violence and sexual offences,Unable to prosecute suspect,
846a21e007981fa0f131bec30ead08193482ce3601ae6bf20042a4de372150e4,2024-03,Hampshire Constabulary,Hampshire Constabulary,-1.114464,50.849646,On or near Littlefield Road,E01017116,Portsmouth 004D,Violence and sexual offences,Unable to prosecute suspect,
0a90abe75f67d4af15f57dcbfb6089bf93ef02c40b1f31295c79a29bb25633dc,2024-03,Hampshire Constabulary,Hampshire Constabulary,-1.114512,50.853135,On or near Chaucer Avenue,E01017116,Portsmouth 004D,Violence and sexual offences,Unable to prosecute suspect,
dca71561c6c1e35d5ff890ef4aa2703eef9564a2f086bcf42a34fcd3bcebb885,2024-03,Hampshire Constabulary,Hampshire Constabulary,-1.114464,50.849646,On or near Littlefield Road,E01017116,Portsmouth 004D,Violence and sexual offences,Investigation complete; no suspect identified,
7bf0823ea4d8de92fe0f097f87c2108113aad6f531192f53b6db63f88bbea484,2024-03,Hampshire Constabulary,Hampshire Constabulary,-1.106356,50.854692,On or near Almondsbury Road,E01017116,Portsmouth 004D,Violence and sexual offences,Unable to prosecute suspect,
f198b26db083271761d26b8e410f3e0d213f18949748f4404e85ee959dbb2bfc,2024-03,Hampshire Constabulary,Hampshire Constabulary,-1.116142,50.849550,On or near Sothcott Road,E01017116,Portsmouth 004D,Violence and sexual offences,Status update unavailable,
a6a73b4d79915b67b61852ed377f3fabc3fa81265fc482a4882fb938bcca8d05,2024-03,Hampshire Constabulary,Hampshire Constabulary,-1.115147,50.852609,On or near Shelley Avenue,E01017116,Portsmouth 004D,Violence and sexual offences,Status update unavailable,
a678b699106eee3e5c5697dd8aac6166a1a04b7003a1ce5283fd282fa37697d4,2024-03,Hampshire Constabulary,Hampshire Constabulary,-1.067250,50.846589,On or near Spur Road,E01017055,Portsmouth 006A,Other theft,Investigation complete; no suspect identified,
5d45f801cc0770c886428711884c4d2a97486ccbd8d5e545dabd537b0d6eccb7,2024-03,Hampshire Constabulary,Hampshire Constabulary,-1.067250,50.846589,On or near Spur Road,E01017055,Portsmouth 006A,Shoplifting,Court result unavailable,
65d8ed9034d6dbf72e916bc073daea7b3fd46432247fd268696ee125475f08e5,2024-03,Hampshire Constabulary,Hampshire Constabulary,-1.067250,50.846589,On or near Spur Road,E01017055,Portsmouth 006A,Shoplifting,Unable to prosecute suspect,
348175f227b8df2c948eda6421463394a71b8649834e22785d1b4bd0f12cdd1f,2024-03,Hampshire Constabulary,Hampshire Constabulary,-1.067250,50.846589,On or near Spur Road,E01017055,Portsmouth 006A,Shoplifting,Investigation complete; no suspect identified,
b588df680154b155a14589481dffe2d276d946fa351be889d511081633d06f54,2024-03,Hampshire Constabulary,Hampshire Constabulary,-1.067250,50.846589,On or near Spur Road,E01017055,Portsmouth 006A,Shoplifting,Court result unavailable,
fc142da49e7f7473959a3d07004e04d05f43a85d9e6788fa1ec9f7e00e38f43d,2024-03,Hampshire Constabulary,Hampshire Constabulary,-1.064670,50.847027,On or near Regal Close,E01017055,Portsmouth 006A,Violence and sexual offences,Unable to prosecute suspect,
b56315520dc090c559ccd02826a6e27bd98f98db4a0adb9a88790273b5fb046e,2024-03,Hampshire Constabulary,Hampshire Constabulary,-1.065680,50.841244,On or near Windsor Road,E01017055,Portsmouth 006A,Violence and sexual offences,Local resolution,
,2024-03,Hampshire Constabulary,Hampshire Constabulary,-1.064572,50.843420,On or near Dorking Crescent,E01017055,Portsmouth 006A,Anti-social behaviour,,
,2024-03,Hampshire Constabulary,Hampshire Constabulary,-1.067250,50.846589,On or near Spur Road,E01017055,Portsmouth 006A,Anti-social behaviour,,
,2024-03,Hampshire Constabulary,Hampshire Constabulary,-1.067250,50.846589,On or near Spur Road,E01017055,Portsmouth 006A,Anti-social behaviour,,
,2024-03,Hampshire Constabulary,Hampshire Constabulary,-1.067250,50.846589,On or near Spur Road,E01017055,Portsmouth 006A,Anti-social behaviour,,
16e078232eb6f19301a474df6933f490e2c43ec1c0f16d8d51faabaf5561216e,2024-03,Hampshire Constabulary,Hampshire Constabulary,-1.067250,50.846589,On or near Spur Road,E01017055,Portsmouth 006A,Criminal damage and arson,Investigation complete; no suspect identified,
0de870c6c89a4c7416cc1620f578804c08afd7a9e0e55ed5d28afa0cbd9afe84,2024-03,Hampshire Constabulary,Hampshire Constabulary,-1.067250,50.846589,On or near Spur Road,E01017055,Portsmouth 006A,Shoplifting,Investigation complete; no suspect identified,
3a4100b5f94c17853342f7af11c05c76c138d6e80f04637f2a92052c9a7dbb31,2024-03,Hampshire Constabulary,Hampshire Constabulary,-1.065680,50.841244,On or near Windsor Road,E01017055,Portsmouth 006A,Theft from the person,Investigation complete; no suspect identified,
fd370a301074d93f5d1832b3147ee5832d5320c1ba61478a1ea9437af340a6a7,2024-03,Hampshire Constabulary,Hampshire Constabulary,-1.065178,50.842229,On or near Knowsley Road,E01017055,Portsmouth 006A,Violence and sexual offences,Investigation complete; no suspect identified,
cd65b5b2ee1a2c43f12e8ecb6f6427bb84b34315dff9a8da42f1892b07aaf530,2024-03,Hampshire Constabulary,Hampshire Constabulary,-1.059606,50.842445,On or near Lonsdale Avenue,E01017056,Portsmouth 006B,Other crime,Further investigation is not in the public interest,
e958b4439ad60051d54101aec6097309888beb843aa29911297b4b73430a7b89,2024-03,Hampshire Constabulary,Hampshire Constabulary,-1.059606,50.842445,On or near Lonsdale Avenue,E01017056,Portsmouth 006B,Other crime,Investigation complete; no suspect identified,
a8152c1da707bb77c8136cdcd46ceaeac0c39e2f64759757b3bd8ef3df8ef1ec,2024-03,Hampshire Constabulary,Hampshire Constabulary,-1.065793,50.838457,On or near Jasmond Road,E01017057,Portsmouth 006C,Violence and sexual offences,Unable to prosecute suspect,
2134b2450af4b540d8b15d7d5e50b479d4cf3fd1d79a08d27292c2926b8c7b71,2024-03,Hampshire Constabulary,Hampshire Constabulary,-1.067843,50.838896,On or near The Old Road,E01017057,Portsmouth 006C,Violence and sexual offences,Unable to prosecute suspect,
d280e78056ab31febb38e3375d4d613a14716917498d0977d1db2a1d61c94345,2024-03,Hampshire Constabulary,Hampshire Constabulary,-1.065793,50.838457,On or near Jasmond Road,E01017057,Portsmouth 006C,Public order,Investigation complete; no suspect identified,
7c3a647d55ebe64e1ce1d8f20e4c0c1bc5e9ba3765269e3def6927e3b999932d,2024-03,Hampshire Constabulary,Hampshire Constabulary,-1.065764,50.838502,On or near Edgerly Gardens,E01017057,Portsmouth 006C,Public order,Investigation complete; no suspect identified,
ed93693a8458269358413ac75d80aa3315e173dd99e385611ab95d5d98acdca9,2024-03,Hampshire Constabulary,Hampshire Constabulary,-1.059602,50.838389,On or near Dovercourt Road,E01017057,Portsmouth 006C,Violence and sexual offences,Unable to prosecute suspect,
5877a223000ecbba4636d11b7472ed4240ce700bbc775497369bc4be872b119f,2024-03,Hampshire Constabulary,Hampshire Constabulary,-1.056975,50.837676,On or near Wembley Grove,E01017058,Portsmouth 006D,Other theft,Unable to prosecute suspect,
8127538f5ec9c98abed2606c18eaa24ac1edce11543baa627688c30c72394d28,2024-03,Hampshire Constabulary,Hampshire Constabulary,-1.056975,50.837676,On or near Wembley Grove,E01017058,Portsmouth 006D,Vehicle crime,Court result unavailable,
a6c91fa9ea49551d2f7228d6add6bcec85e750ca522ddbcdb4ffc34ffe81553c,2024-03,Hampshire Constabulary,Hampshire Constabulary,-1.056975,50.837676,On or near Wembley Grove,E01017058,Portsmouth 006D,Violence and sexual offences,Unable to prosecute suspect,
b0322f2ab023dcb0a8d1009090c195d543b4a4acf9c8cabbd704c235e720b25a,2024-03,Hampshire Constabulary,Hampshire Constabulary,-1.061875,50.837242,On or near Further/Higher Educational Building,E01017058,Portsmouth 006D,Violence and sexual offences,Unable to prosecute suspect,
d3fcfa7ffb0a54e293a4c2731debab95c449bf4a25219bcc0af86fdebfe7f563,2024-03,Hampshire Constabulary,Hampshire Constabulary,-1.061875,50.837242,On or near Further/Higher Educational Building,E01017058,Portsmouth 006D,Violence and sexual offences,Local resolution,
,2024-03,Hampshire Constabulary,Hampshire Constabulary,-1.058305,50.837201,On or near Old College Walk,E01017058,Portsmouth 006D,Anti-social behaviour,,
,2024-03,Hampshire Constabulary,Hampshire Constabulary,-1.058305,50.837201,On or near Old College Walk,E01017058,Portsmouth 006D,Anti-social behaviour,,
31b823c0df311d0c80bf443a2b1cecbe2e70061b911b5df40b8bc7b937ea61b9,2024-03,Hampshire Constabulary,Hampshire Constabulary,-1.056975,50.837676,On or near Wembley Grove,E01017058,Portsmouth 006D,Criminal damage and arson,Investigation complete; no suspect identified,
0429dc5d430c5d7c7ca8c521bea93c2345fc729e51e4fe38e7567ed859f1ad87,2024-03,Hampshire Constabulary,Hampshire Constabulary,-1.056975,50.837676,On or near Wembley Grove,E01017058,Portsmouth 006D,Other theft,Status update unavailable,
27c21689d578cc8ddcca7060400f50b15f2e45071d6a94c35f6320ca30051237,2024-03,Hampshire Constabulary,Hampshire Constabulary,-1.056975,50.837676,On or near Wembley Grove,E01017058,Portsmouth 006D,Violence and sexual offences,Status update unavailable,
4112d04978ede4bf17c424f210165eb5f7c65ade3df505f79b820bb3365556e0,2024-03,Hampshire Constabulary,Hampshire Constabulary,-1.061875,50.837242,On or near Further/Higher Educational Building,E01017058,Portsmouth 006D,Violence and sexual offences,Status update unavailable,
f0ce3513881ef5576a6171c905e7e73afa731f76ee0de0b4b811f3f0d78a29e0,2024-03,Hampshire Constabulary,Hampshire Constabulary,-1.056975,50.837676,On or near Wembley Grove,E01017058,Portsmouth 006D,Violence and sexual offences,Status update unavailable,
6947969197bcee182cd8b588c86e94112870828fce419e4d798a5513e7764506,2024-03,Hampshire Constabulary,Hampshire Constabulary,-1.051298,50.843088,On or near Invergordon Avenue,E01017060,Portsmouth 006E,Violence and sexual offences,Unable to prosecute suspect,
129bb26ef8fd03547f3aff15c6d2bced4f03c0bb6eae27e5edda271e928eeab7,2024-03,Hampshire Constabulary,Hampshire Constabulary,-1.055287,50.843930,On or near Mansvid Avenue,E01017060,Portsmouth 006E,Criminal damage and arson,Investigation complete; no suspect identified,
6e9dae2b6e9b960e03e790ad78e5fa91a243c2eaf113986cfa8cf9d19d56b224,2024-03,Hampshire Constabulary,Hampshire Constabulary,-1.055287,50.843930,On or near Mansvid Avenue,E01017060,Portsmouth 006E,Violence and sexual offences,Action to be taken by another organisation,
f41f3eccd0369afffecb80a756de4a1e59f37f51239fa5434086a34e782c8ba3,2024-03,Hampshire Constabulary,Hampshire Constabulary,-1.050561,50.838847,On or near Merz Close,E01017060,Portsmouth 006E,Violence and sexual offences,Unable to prosecute suspect,
c077a93ff5d826c43441370c72739ce3b619e927d285d4247f277074d181eb1a,2024-03,Hampshire Constabulary,Hampshire Constabulary,-1.052463,50.843107,On or near Braemar Avenue,E01017060,Portsmouth 006E,Violence and sexual offences,Investigation complete; no suspect identified,
7f06a8ee4021af71931d1d6deced71d51c3ef1852c40702aff30c914a7abd499,2024-03,Hampshire Constabulary,Hampshire Constabulary,-1.052574,50.841111,On or near Kinross Crescent,E01017060,Portsmouth 006E,Violence and sexual offences,Investigation complete; no suspect identified,
5676f11852679f3cbdf6416e5e9341bb3894cb7a989af8d8f95a448df6a9a305,2024-03,Hampshire Constabulary,Hampshire Constabulary,-1.055287,50.843930,On or near Mansvid Avenue,E01017060,Portsmouth 006E,Violence and sexual offences,Action to be taken by another organisation,
083935364b75e78767f2edbc7d701941b2c2e1d5cfbda23846ea60cb705dc0c1,2024-03,Hampshire Constabulary,Hampshire Constabulary,-1.049848,50.838958,On or near Faraday Road,E01017060,Portsmouth 006E,Violence and sexual offences,Action to be taken by another organisation,
8fe5514a33989b1e2a4cc57e9789aa0ea5f62331b1d42710163dbdbf80d1d022,2024-03,Hampshire Constabulary,Hampshire Constabulary,-1.052463,50.843107,On or near Braemar Avenue,E01017060,Portsmouth 006E,Other crime,Status update unavailable,
4cfc213ddebcc000f25e06b0a39a2def56813318503e8a73c3936c6432a58174,2024-03,Hampshire Constabulary,Hampshire Constabulary,-1.073165,50.821915,On or near St Chads Avenue,E01017086,Portsmouth 007A,Drugs,Court result unavailable,
00c289c6730a2403598a2aa13e00da7dd569e548c771d1642b442c9064cb3daf,2024-03,Hampshire Constabulary,Hampshire Constabulary,-1.073165,50.821915,On or near St Chads Avenue,E01017086,Portsmouth 007A,Public order,Unable to prosecute suspect,
da1dcd91dafbb3ee96bbfb2ccbff363407b9d616178983a3da730d63d50b33b1,2024-03,Hampshire Constabulary,Hampshire Constabulary,-1.069699,50.822697,On or near Battenburg Avenue,E01017086,Portsmouth 007A,Violence and sexual offences,Unable to prosecute suspect,
936cd4933b473214c968be59f59c3406b99306b94f93c59f7cc72e800cfc0dec,2024-03,Hampshire Constabulary,Hampshire Constabulary,-1.069699,50.822697,On or near Battenburg Avenue,E01017086,Portsmouth 007A,Violence and sexual offences,Unable to prosecute suspect,
efc1daa27b207ee03210f1bd374bbcbe105ce4378371f17189e650ba9e557394,2024-03,Hampshire Constabulary,Hampshire Constabulary,-1.069699,50.822697,On or near Battenburg Avenue,E01017086,Portsmouth 007A,Violence and sexual offences,Unable to prosecute suspect,
76d04becceb2d2f2340173e020e187a363a1a37d840873ed926bb9591d91b5c0,2024-03,Hampshire Constabulary,Hampshire Constabulary,-1.073165,50.821915,On or near St Chads Avenue,E01017086,Portsmouth 007A,Violence and sexual offences,Court result unavailable,
76ef39db0df68d4e53ba352b26258f1fcd21de7acb8c74a832f0792e7ac19819,2024-03,Hampshire Constabulary,Hampshire Constabulary,-1.073165,50.821915,On or near St Chads Avenue,E01017086,Portsmouth 007A,Violence and sexual offences,Unable to prosecute suspect,
2fff59012ca7b77b20403fd99046b6260b3def4dea7b8c68d5b5aede0011354b,2024-03,Hampshire Constabulary,Hampshire Constabulary,-1.069699,50.822697,On or near Battenburg Avenue,E01017086,Portsmouth 007A,Violence and sexual offences,Unable to prosecute suspect,
deb3fe609c4fa72d2bc6321f626797e3b443e2276bfb4ffec226281f056c2291,2024-03,Hampshire Constabulary,Hampshire Constabulary,-1.069787,50.823984,On or near Madeira Road,E01017086,Portsmouth 007A,Violence and sexual offences,Investigation complete; no suspect identified,
303d53e6d3b03ed39e2ef3cb5750aee54bad2d179e3b8977312ef1f3a6cd7d02,2024-03,Hampshire Constabulary,Hampshire Constabulary,-1.073165,50.821915,On or near St Chads Avenue,E01017086,Portsmouth 007A,Violence and sexual offences,Investigation complete; no suspect identified,
60353b1cf38b8e5153646b9d2eccfa2b9c5336c93a64c5c9ce7dbf20237109d9,2024-03,Hampshire Constabulary,Hampshire Constabulary,-1.075709,50.831818,On or near South Avenue,E01017089,Portsmouth 007B,Drugs,Local resolution,
aa4fbb9200869cfb1eb0072055681f92597360611a97b5e1c3714f5127503b8d,2024-03,Hampshire Constabulary,Hampshire Constabulary,-1.072586,50.834635,On or near Bus/Coach Station,E01017089,Portsmouth 007B,Shoplifting,Unable to prosecute suspect,
80e27a5e267ef3f358b35a7db4fdf9fee685a1e94d7db8cadff07f366ed4f6de,2024-03,Hampshire Constabulary,Hampshire Constabulary,-1.072586,50.834635,On or near Bus/Coach Station,E01017089,Portsmouth 007B,Violence and sexual offences,Local resolution,
1a94f7ca82021a3b844ecea8a7a69bf68d807770bf49cb13bbed1f2c0575bdde,2024-03,Hampshire Constabulary,Hampshire Constabulary,-1.072586,50.834635,On or near Bus/Coach Station,E01017089,Portsmouth 007B,Violence and sexual offences,Local resolution,
3211e2cc25f655a04ccf25867bcf97bb9c692dbe2a22801b5c4c20cc4b15986e,2024-03,Hampshire Constabulary,Hampshire Constabulary,-1.077883,50.830316,On or near Iachino Avenue,E01017089,Portsmouth 007B,Violence and sexual offences,Action to be taken by another organisation,
33e734a48cb4103b4d85bf18d9f0bd72ce8b662c6848ba9ee7b3cae18a036640,2024-03,Hampshire Constabulary,Hampshire Constabulary,-1.076673,50.830477,On or near Howard Road,E01017089,Portsmouth 007B,Violence and sexual offences,Unable to prosecute suspect,
b108bd1c730ac2c1dc1684dd8bca23f35b420a90ddcbb4ab9e443924b6f36807,2024-03,Hampshire Constabulary,Hampshire Constabulary,-1.076673,50.830477,On or near Howard Road,E01017089,Portsmouth 007B,Violence and sexual offences,Unable to prosecute suspect,
dbf73489bc55d8684a173a8e1afe960438e9ba9cd3b4944297baacd825efe4d6,2024-03,Hampshire Constabulary,Hampshire Constabulary,-1.076673,50.830477,On or near Howard Road,E01017089,Portsmouth 007B,Violence and sexual offences,Unable to prosecute suspect,
9e863fb4e0adeb873add143da029a9a754893d3c099fe6a3f86e2b8a9026c076,2024-03,Hampshire Constabulary,Hampshire Constabulary,-1.078402,50.831372,On or near Horsea Lane,E01017089,Portsmouth 007B,Violence and sexual offences,Unable to prosecute suspect,
e432def3bb526beb8ced75a7ecc0cc6a8240405b8caf301642f4d03c774f5a8c,2024-03,Hampshire Constabulary,Hampshire Constabulary,-1.076192,50.832551,On or near Hilsea Crescent,E01017089,Portsmouth 007B,Violence and sexual offences,Unable to prosecute suspect,
,2024-03,Hampshire Constabulary,Hampshire Constabulary,-1.081825,50.829852,On or near Valiant Gardens,E01017089,Portsmouth 007B,Anti-social behaviour,,
,2024-03,Hampshire Constabulary,Hampshire Constabulary,-1.078402,50.831372,On or near Horsea Lane,E01017089,Portsmouth 007B,Anti-social behaviour,,
,2024-03,Hampshire Constabulary,Hampshire Constabulary,-1.075709,50.831818,On or near South Avenue,E01017089,Portsmouth 007B,Anti-social behaviour,,
,2024-03,Hampshire Constabulary,Hampshire Constabulary,-1.072586,50.834635,On or near Bus/Coach Station,E01017089,Portsmouth 007B,Anti-social behaviour,,
,2024-03,Hampshire Constabulary,Hampshire Constabulary,-1.072586,50.834635,On or near Bus/Coach Station,E01017089,Portsmouth 007B,Anti-social behaviour,,
c0e9a5d732ab31932a4a76fc5e372e0f24e418e70e2d87b25ca4bef0074fcb17,2024-03,Hampshire Constabulary,Hampshire Constabulary,-1.076203,50.829808,On or near Falkland Road,E01017089,Portsmouth 007B,Bicycle theft,Investigation complete; no suspect identified,
a8541a95eacb5a1911d547c00044c0d269d7b0280bcd3922d35aafcc035c1032,2024-03,Hampshire Constabulary,Hampshire Constabulary,-1.072586,50.834635,On or near Bus/Coach Station,E01017089,Portsmouth 007B,Criminal damage and arson,Investigation complete; no suspect identified,
62480e542c5a9d20370bc174463f1315c88c8488a1b9299636c41de25037f8aa,2024-03,Hampshire Constabulary,Hampshire Constabulary,-1.075709,50.831818,On or near South Avenue,E01017089,Portsmouth 007B,Criminal damage and arson,Investigation complete; no suspect identified,
c71a182b05707aa1d9f93f90de6e08473fa272bcaa9793b831d7daf104179a56,2024-03,Hampshire Constabulary,Hampshire Constabulary,-1.072586,50.834635,On or near Bus/Coach Station,E01017089,Portsmouth 007B,Other theft,Investigation complete; no suspect identified,
f5cb5568657cb0e34d8bd049a2e778e780f433b984865fc192c8a351115a12f7,2024-03,Hampshire Constabulary,Hampshire Constabulary,-1.072586,50.834635,On or near Bus/Coach Station,E01017089,Portsmouth 007B,Other theft,Investigation complete; no suspect identified,
5d999d489befcde1b88f2b4ef1f55313de2ee36511ae930778b2980450c3bc12,2024-03,Hampshire Constabulary,Hampshire Constabulary,-1.072586,50.834635,On or near Bus/Coach Station,E01017089,Portsmouth 007B,Other theft,Investigation complete; no suspect identified,
09ec402c5ffda2b5a89f830973ed77c093cce97a274c5b2c4af78406d35aa33e,2024-03,Hampshire Constabulary,Hampshire Constabulary,-1.072586,50.834635,On or near Bus/Coach Station,E01017089,Portsmouth 007B,Other theft,Investigation complete; no suspect identified,
12f9ce7155acc6dc685e740e11b79aece81948756c7cbb602d8ab32a0b901864,2024-03,Hampshire Constabulary,Hampshire Constabulary,-1.074999,50.832523,On or near Midway Road,E01017089,Portsmouth 007B,Public order,Action to be taken by another organisation,
28a7a842877eecab52b3d652807ef2cbc7d1fcccbe4ea1db1c8f1c5cc926b4fa,2024-03,Hampshire Constabulary,Hampshire Constabulary,-1.080363,50.830578,On or near Spinnaker Drive,E01017089,Portsmouth 007B,Public order,Investigation complete; no suspect identified,
ebe5296648a13ca32fb627ccab38034d1727bbf5ee5f7965596ae22dec6d30a2,2024-03,Hampshire Constabulary,Hampshire Constabulary,-1.072586,50.834635,On or near Bus/Coach Station,E01017089,Portsmouth 007B,Shoplifting,Investigation complete; no suspect identified,
acc304c428efa00c02350e841dae412049ef5edf3f49f06fd21affad5c559dcb,2024-03,Hampshire Constabulary,Hampshire Constabulary,-1.076673,50.830477,On or near Howard Road,E01017089,Portsmouth 007B,Violence and sexual offences,Status update unavailable,
7a054ab777bc6e5632aec7be422a857ad421f355e6a307b6bdaef7a50ac7606f,2024-03,Hampshire Constabulary,Hampshire Constabulary,-1.074547,50.832403,On or near Horsea Road,E01017089,Portsmouth 007B,Violence and sexual offences,Status update unavailable,
1a9ba8c58dc6dbc578fb29913060fad00ce597a2c3e8948a6bf8cc8b394a9ae3,2024-03,Hampshire Constabulary,Hampshire Constabulary,-1.078402,50.831372,On or near Horsea Lane,E01017089,Portsmouth 007B,Other crime,Court result unavailable,
df1c8c7ca4bf89dc8b3a9bfd029cfd444cb43a720255fef6b5418dec819a43cd,2024-03,Hampshire Constabulary,Hampshire Constabulary,-1.070409,50.834843,On or near Rampart Gardens,E01017090,Portsmouth 007C,Criminal damage and arson,Investigation complete; no suspect identified,
19cebc2bb88430fdbac04e78ae204e17dd3b5aed6f37b542c44d7cb645742cd7,2024-03,Hampshire Constabulary,Hampshire Constabulary,-1.068924,50.830290,On or near Old London Road,E01017090,Portsmouth 007C,Public order,Action to be taken by another organisation,
28d43a79dc9dcc5b4cddb0007eeecfce93a5042ce213fda3d8647e679165abd5,2024-03,Hampshire Constabulary,Hampshire Constabulary,-1.065884,50.831057,On or near Farmside Gardens,E01017090,Portsmouth 007C,Public order,Action to be taken by another organisation,
e8080256822ac960727efe3409b9d3d981a5683da6624dfaf36e6413f61832c2,2024-03,Hampshire Constabulary,Hampshire Constabulary,-1.070409,50.834843,On or near Rampart Gardens,E01017090,Portsmouth 007C,Public order,Action to be taken by another organisation,
a10c2f005dd8cd9a2851eb251374108e604954a46c8552763986cdde64e3bff7,2024-03,Hampshire Constabulary,Hampshire Constabulary,-1.070409,50.834843,On or near Rampart Gardens,E01017090,Portsmouth 007C,Public order,Local resolution,
879586e539cf42c009587eef2f8f9b443d1aaf1e6bd79e087646e32acfb2f061,2024-03,Hampshire Constabulary,Hampshire Constabulary,-1.065884,50.831057,On or near Farmside Gardens,E01017090,Portsmouth 007C,Vehicle crime,Unable to prosecute suspect,
17afc3ab1f7b2ec40d718365a59a01cc816266c341853fdc79623ecd976379b0,2024-03,Hampshire Constabulary,Hampshire Constabulary,-1.070409,50.834843,On or near Rampart Gardens,E01017090,Portsmouth 007C,Vehicle crime,Unable to prosecute suspect,
0929f930fb76b6c52f5f41d37320555a3488d8b5e972c1b094d40aaa36f412a0,2024-03,Hampshire Constabulary,Hampshire Constabulary,-1.065884,50.831057,On or near Farmside Gardens,E01017090,Portsmouth 007C,Violence and sexual offences,Court result unavailable,
01df2e783eb6dc0aaa44b057a38a68926c57382f72680ea70053c5efbf496594,2024-03,Hampshire Constabulary,Hampshire Constabulary,-1.065884,50.831057,On or near Farmside Gardens,E01017090,Portsmouth 007C,Violence and sexual offences,Action to be taken by another organisation,
8de465333be4b8264cd8181825cd11c82257eaeddd52cae6edb307d84d215556,2024-03,Hampshire Constabulary,Hampshire Constabulary,-1.065884,50.831057,On or near Farmside Gardens,E01017090,Portsmouth 007C,Violence and sexual offences,Unable to prosecute suspect,
6e5ec9e117f645561bab7ef2a3e0fa5c5f7b89f3a7542e97e68d7a171f5bfc6b,2024-03,Hampshire Constabulary,Hampshire Constabulary,-1.065884,50.831057,On or near Farmside Gardens,E01017090,Portsmouth 007C,Violence and sexual offences,Unable to prosecute suspect,
aa88d08c4c36d5fa2e08001c31bcb7f1e4dceed86cb2fc43943c422db8ef69be,2024-03,Hampshire Constabulary,Hampshire Constabulary,-1.067713,50.832636,On or near Peronne Close,E01017090,Portsmouth 007C,Violence and sexual offences,Unable to prosecute suspect,
,2024-03,Hampshire Constabulary,Hampshire Constabulary,-1.065884,50.831057,On or near Farmside Gardens,E01017090,Portsmouth 007C,Anti-social behaviour,,
,2024-03,Hampshire Constabulary,Hampshire Constabulary,-1.070409,50.834843,On or near Rampart Gardens,E01017090,Portsmouth 007C,Anti-social behaviour,,
,2024-03,Hampshire Constabulary,Hampshire Constabulary,-1.070409,50.834843,On or near Rampart Gardens,E01017090,Portsmouth 007C,Anti-social behaviour,,
,2024-03,Hampshire Constabulary,Hampshire Constabulary,-1.071739,50.836535,On or near Parking Area,E01017090,Portsmouth 007C,Anti-social behaviour,,
,2024-03,Hampshire Constabulary,Hampshire Constabulary,-1.071739,50.836535,On or near Parking Area,E01017090,Portsmouth 007C,Anti-social behaviour,,
c1302f93d8269834d1857e62aaf28b7142a08c75d50af5feca5deece84e7b85b,2024-03,Hampshire Constabulary,Hampshire Constabulary,-1.065884,50.831057,On or near Farmside Gardens,E01017090,Portsmouth 007C,Drugs,Status update unavailable,
32bfdb3cf6c1115faba3525bd35d3a6ccc2261a25e13cc2094ffefe567d07829,2024-03,Hampshire Constabulary,Hampshire Constabulary,-1.067121,50.831669,On or near Parsons Close,E01017090,Portsmouth 007C,Possession of weapons,Further investigation is not in the public interest,
608ab6c09e05d7cc24b09a3cbac929f96b2a71976e263fc88b1e264ff1949081,2024-03,Hampshire Constabulary,Hampshire Constabulary,-1.068924,50.830290,On or near Old London Road,E01017090,Portsmouth 007C,Public order,Unable to prosecute suspect,
e15ef08c722b0f28fa87f93170da56eea6bd16b96f9449dc185b6818b1075d68,2024-03,Hampshire Constabulary,Hampshire Constabulary,-1.066015,50.833737,On or near Carronade Walk,E01017090,Portsmouth 007C,Vehicle crime,Investigation complete; no suspect identified,
62f61431a3fa27891006834e827c2338824c0b57c01f1f1979bfdb19cb0cc0da,2024-03,Hampshire Constabulary,Hampshire Constabulary,-1.066571,50.832897,On or near Feltons Place,E01017090,Portsmouth 007C,Violence and sexual offences,Unable to prosecute suspect,
3ad0aa09eb08231e43e82f6843d5079dba603f870e0d49ced8e32b9a23fe7e9e,2024-03,Hampshire Constabulary,Hampshire Constabulary,-1.070409,50.834843,On or near Rampart Gardens,E01017090,Portsmouth 007C,Violence and sexual offences,Action to be taken by another organisation,
ea0abea7b2855b2b51c0a466be98d5570d5b5338f2cb208ec924d5618454469c,2024-03,Hampshire Constabulary,Hampshire Constabulary,-1.071739,50.836535,On or near Parking Area,E01017090,Portsmouth 007C,Violence and sexual offences,Investigation complete; no suspect identified,
863b82b91fc94531082cceffd1f5fa7a7b5dbb2cea99f90fa98f7c42e767d224,2024-03,Hampshire Constabulary,Hampshire Constabulary,-1.070409,50.834843,On or near Rampart Gardens,E01017090,Portsmouth 007C,Violence and sexual offences,Action to be taken by another organisation,
92a8d3fa36b03e38a5f9b4f360ae5ced08f70d578109a5f9e093e52e901ff1d6,2024-03,Hampshire Constabulary,Hampshire Constabulary,-1.065884,50.831057,On or near Farmside Gardens,E01017090,Portsmouth 007C,Violence and sexual offences,Action to be taken by another organisation,
b1e2265a2f7aa0384b627523bac36f71b08b5351c9f1c2f636b0b1fa6526adae,2024-03,Hampshire Constabulary,Hampshire Constabulary,-1.072216,50.833229,On or near Fawley Road,E01017091,Portsmouth 007D,Public order,Court result unavailable,
d093c61f51836dee551d2d11bd3c40a08c3a465ec632af8734cf83ac82e6da32,2024-03,Hampshire Constabulary,Hampshire Constabulary,-1.076259,50.827704,On or near Northern Parade,E01017091,Portsmouth 007D,Public order,Unable to prosecute suspect,
a7e0f85d811c143714e3f6f078445d71f0a75dc65b0aecb287434ee6875b150b,2024-03,Hampshire Constabulary,Hampshire Constabulary,-1.074232,50.830422,On or near Supermarket,E01017091,Portsmouth 007D,Shoplifting,Court result unavailable,
b524ffe2f5f87c488f3f75d89a309803063f209ff19ba14d88dc078d7765bdce,2024-03,Hampshire Constabulary,Hampshire Constabulary,-1.075028,50.828180,On or near Conan Road,E01017091,Portsmouth 007D,Violence and sexual offences,Unable to prosecute suspect,
3a1c3ad414dec15fea80c25cb119f6d306f4269eddbbbe45d645a25bebde7b56,2024-03,Hampshire Constabulary,Hampshire Constabulary,-1.076259,50.827704,On or near Northern Parade,E01017091,Portsmouth 007D,Violence and sexual offences,Unable to prosecute suspect,
a78a2151a555be1ce90c8a1c866345e241b378b05e4febfd33f788afb2e9e677,2024-03,Hampshire Constabulary,Hampshire Constabulary,-1.072216,50.833229,On or near Fawley Road,E01017091,Portsmouth 007D,Criminal damage and arson,Investigation complete; no suspect identified,
a28c7f0a37c5573b119936359910cf09b39d331bfd1a9ef811a000c8f85b3f75,2024-03,Hampshire Constabulary,Hampshire Constabulary,-1.073568,50.828771,On or near Westwood Road,E01017091,Portsmouth 007D,Criminal damage and arson,Status update unavailable,
54f5411f9516866a535cdb73b06387f83ed0e97f2b827046cd3589a841c39992,2024-03,Hampshire Constabulary,Hampshire Constabulary,-1.074232,50.830422,On or near Supermarket,E01017091,Portsmouth 007D,Other theft,Investigation complete; no suspect identified,
6ba57ed6ab657e844cde867e5c7bd32c11479bcd4020fae9a11d9d9783d903d4,2024-03,Hampshire Constabulary,Hampshire Constabulary,-1.073568,50.828771,On or near Westwood Road,E01017091,Portsmouth 007D,Public order,Unable to prosecute suspect,
8064a3161702c26481ea059fbae0a42248c1f1fb5020466bb72af05ed234413f,2024-03,Hampshire Constabulary,Hampshire Constabulary,-1.070697,50.826814,On or near Gatcombe Drive,E01017092,Portsmouth 007E,Burglary,Investigation complete; no suspect identified,
2c90e63d72d9ebfd555651550f0e788d93222e7a6ee3bca4e78d3a3f510c9fe6,2024-03,Hampshire Constabulary,Hampshire Constabulary,-1.070697,50.826814,On or near Gatcombe Drive,E01017092,Portsmouth 007E,Possession of weapons,Local resolution,
9a21c2b335e8e8fcf7e1b3650456e9203edcab90faa5be4efb08b0542d5317a2,2024-03,Hampshire Constabulary,Hampshire Constabulary,-1.069690,50.824576,On or near Windermere Road,E01017092,Portsmouth 007E,Violence and sexual offences,Unable to prosecute suspect,
22cc25f086cfcf3eaae6d1cfc9ac14209efd44637abf16f18ce3c91dba1637cb,2024-03,Hampshire Constabulary,Hampshire Constabulary,-1.072219,50.825918,On or near Supermarket,E01017092,Portsmouth 007E,Violence and sexual offences,Local resolution,
11c050bd9dd34a3c4aeec240933154a4377696042a5dead119a9d03ba5671a0f,2024-03,Hampshire Constabulary,Hampshire Constabulary,-1.074222,50.827328,On or near Doyle Avenue,E01017092,Portsmouth 007E,Violence and sexual offences,Unable to prosecute suspect,
0d35ff4b453eddfe766002f5fe935355353b5c71699727f8290c5ef412516644,2024-03,Hampshire Constabulary,Hampshire Constabulary,-1.074222,50.827328,On or near Doyle Avenue,E01017092,Portsmouth 007E,Violence and sexual offences,Unable to prosecute suspect,
1d49c27de72ce6df4fdf8f6fcec66daa0e60f74179240a7c59c2df78e995cc28,2024-03,Hampshire Constabulary,Hampshire Constabulary,-1.070697,50.826814,On or near Gatcombe Drive,E01017092,Portsmouth 007E,Criminal damage and arson,Investigation complete; no suspect identified,
eb023f9139ceef87e9575536de93d142c0765f1370a04aac4639f87285668621,2024-03,Hampshire Constabulary,Hampshire Constabulary,-1.069579,50.825169,On or near Merrivale Road,E01017092,Portsmouth 007E,Criminal damage and arson,Investigation complete; no suspect identified,
bc6290769ad0dcb4f106952c7da81097059affdccf1094a721378ddf7fdf0f34,2024-03,Hampshire Constabulary,Hampshire Constabulary,-1.072418,50.827350,On or near Doyle Close,E01017092,Portsmouth 007E,Public order,Action to be taken by another organisation,
84d74c2aa6cb9a30a86d34f289e4195c132b5953f5f48e10a6391591235413d4,2024-03,Hampshire Constabulary,Hampshire Constabulary,-1.072418,50.827350,On or near Doyle Close,E01017092,Portsmouth 007E,Violence and sexual offences,Unable to prosecute suspect,
44f2206706976ba16674f98680d334acd8b40adbb252aec48778a700446377c0,2024-03,Hampshire Constabulary,Hampshire Constabulary,-1.070697,50.826814,On or near Gatcombe Drive,E01017092,Portsmouth 007E,Violence and sexual offences,Unable to prosecute suspect,
f25840d8498a1eb606c0aa20024a571564ad8af7d8f610e296689c380c81b8de,2024-03,Hampshire Constabulary,Hampshire Constabulary,-1.070697,50.826814,On or near Gatcombe Drive,E01017092,Portsmouth 007E,Violence and sexual offences,Unable to prosecute suspect,
69b3b0d7629cb5aa355eb412b0b395f66bf945f43ce6f2f1a14e3df0aa299ac7,2024-03,Hampshire Constabulary,Hampshire Constabulary,-1.074222,50.827328,On or near Doyle Avenue,E01017092,Portsmouth 007E,Other crime,Unable to prosecute suspect,
b443a95699407ee891a68fc8f7236e375cdd613cdaa37315dc3867babd054b2a,2024-03,Hampshire Constabulary,Hampshire Constabulary,-1.070229,50.828214,On or near Oldgate Gardens,E01017092,Portsmouth 007E,Other crime,Action to be taken by another organisation,
bb5f8348f9376aac5774823d634685c95a0b16f90dbcc6992e1aae7310b54dd9,2024-03,Hampshire Constabulary,Hampshire Constabulary,-1.064442,50.816504,On or near Tokio Road,E01017014,Portsmouth 008A,Public order,Investigation complete; no suspect identified,
f67b6299d88db84c8962a8d8311c250e4d5c6aecbc37504fb8d56c02ecb84640,2024-03,Hampshire Constabulary,Hampshire Constabulary,-1.064395,50.815298,On or near Seafield Road,E01017014,Portsmouth 008A,Shoplifting,Court result unavailable,
8673bb8cda982b29eaea951a8d4380d8c609b1d46b357c4f4744450cd9c40a8e,2024-03,Hampshire Constabulary,Hampshire Constabulary,-1.064395,50.815298,On or near Seafield Road,E01017014,Portsmouth 008A,Shoplifting,Court result unavailable,
1e575f884ff54e226cdce2bd0948d72d7f134a8c465a3afa9ca055590b30d781,2024-03,Hampshire Constabulary,Hampshire Constabulary,-1.064395,50.815298,On or near Seafield Road,E01017014,Portsmouth 008A,Shoplifting,Court result unavailable,
007f24f8ca523561cdc4871819963691f3605b1cce6bb5183bf6b95695a817de,2024-03,Hampshire Constabulary,Hampshire Constabulary,-1.064395,50.815298,On or near Seafield Road,E01017014,Portsmouth 008A,Shoplifting,Court result unavailable,
2ffc3f74b9f77203ba935791b4dbe3d2ac056ce10b053bc033947419b4545d0c,2024-03,Hampshire Constabulary,Hampshire Constabulary,-1.064395,50.815298,On or near Seafield Road,E01017014,Portsmouth 008A,Shoplifting,Court result unavailable,
78707e8bdd2b98c1f5d75dc6b8e486ffabad85a2e7d4c17b5ca691a2b9a3f88e,2024-03,Hampshire Constabulary,Hampshire Constabulary,-1.064395,50.815298,On or near Seafield Road,E01017014,Portsmouth 008A,Shoplifting,Court result unavailable,
634230e0f8f07261c9bf41466620e8c5f3cd1d54f14fb78ccd4702ba674e07ee,2024-03,Hampshire Constabulary,Hampshire Constabulary,-1.064395,50.815298,On or near Seafield Road,E01017014,Portsmouth 008A,Shoplifting,Investigation complete; no suspect identified,
e718dcaa667c41efbd2a882993ca55974098286a90ef1053589b7c8fd529cc9e,2024-03,Hampshire Constabulary,Hampshire Constabulary,-1.064395,50.815298,On or near Seafield Road,E01017014,Portsmouth 008A,Shoplifting,Court result unavailable,
a0cfe0a60399bf990efbfca2c6761c58fbe006615d756f45b0c64c6ea9f7ab4f,2024-03,Hampshire Constabulary,Hampshire Constabulary,-1.057741,50.813743,On or near Seaton Avenue,E01017014,Portsmouth 008A,Vehicle crime,Investigation complete; no suspect identified,
9a8ea81aa14da18afac87556b311a77706e520df93f4e82fe8709f138d65de15,2024-03,Hampshire Constabulary,Hampshire Constabulary,-1.059362,50.814323,On or near Salcombe Avenue,E01017014,Portsmouth 008A,Violence and sexual offences,Unable to prosecute suspect,
,2024-03,Hampshire Constabulary,Hampshire Constabulary,-1.058727,50.813391,On or near Sidmouth Avenue,E01017014,Portsmouth 008A,Anti-social behaviour,,
,2024-03,Hampshire Constabulary,Hampshire Constabulary,-1.059362,50.814323,On or near Salcombe Avenue,E01017014,Portsmouth 008A,Anti-social behaviour,,
,2024-03,Hampshire Constabulary,Hampshire Constabulary,-1.058727,50.813391,On or near Sidmouth Avenue,E01017014,Portsmouth 008A,Anti-social behaviour,,
865d5a3fb18fa19beeb93d304ae5d8da52c48ddc89d22350ac2e9016de62774a,2024-03,Hampshire Constabulary,Hampshire Constabulary,-1.043893,50.814853,On or near Petrol Station,E01017014,Portsmouth 008A,Other theft,Investigation complete; no suspect identified,
2f468d3cf6943a50a2c98d7789dccfd6522936f166c4880a482800c769fd8fd9,2024-03,Hampshire Constabulary,Hampshire Constabulary,-1.064395,50.815298,On or near Seafield Road,E01017014,Portsmouth 008A,Other theft,Investigation complete; no suspect identified,
c07548dceccee1de4459b582140d5818024789f9ab227389df6c56a3755d341b,2024-03,Hampshire Constabulary,Hampshire Constabulary,-1.057443,50.814460,On or near Moneyfield Avenue,E01017014,Portsmouth 008A,Robbery,Unable to prosecute suspect,
45af6693301522b4f0b81dd5ab588a98ab62dfb97772baffc9364c0568757ebf,2024-03,Hampshire Constabulary,Hampshire Constabulary,-1.057443,50.814460,On or near Moneyfield Avenue,E01017014,Portsmouth 008A,Robbery,Unable to prosecute suspect,
a54899fed9cf3d5efbc2c7ae17b5bc8ab55387e534d24e77eddf8ae07c043e97,2024-03,Hampshire Constabulary,Hampshire Constabulary,-1.043893,50.814853,On or near Petrol Station,E01017014,Portsmouth 008A,Vehicle crime,Investigation complete; no suspect identified,
fe80665c2a4b67d35ebed9e85fa54ce13e8d62fa7b7d5f4ba4c7a3bdaeec948f,2024-03,Hampshire Constabulary,Hampshire Constabulary,-1.043893,50.814853,On or near Petrol Station,E01017014,Portsmouth 008A,Vehicle crime,Investigation complete; no suspect identified,
7e2898942a0ae5133c7834ae6d61138a937a0dfa878aff52836802cb31a7fc71,2024-03,Hampshire Constabulary,Hampshire Constabulary,-1.057443,50.814460,On or near Moneyfield Avenue,E01017014,Portsmouth 008A,Violence and sexual offences,Status update unavailable,
32678d3b8b6781ffdae409ba19382d8b79dd7ba314ae374914ae372db68da9d7,2024-03,Hampshire Constabulary,Hampshire Constabulary,-1.043893,50.814853,On or near Petrol Station,E01017014,Portsmouth 008A,Violence and sexual offences,Unable to prosecute suspect,
986fbdc6b9c0814cf4a3d093e6486741eba49ae9d52785421352bbc9e5b49454,2024-03,Hampshire Constabulary,Hampshire Constabulary,-1.057443,50.814460,On or near Moneyfield Avenue,E01017014,Portsmouth 008A,Violence and sexual offences,Status update unavailable,
c8734cd4bd3d07fe7d3506c7968e8ce5c200b079b308014cbfb4773ef51dcf68,2024-03,Hampshire Constabulary,Hampshire Constabulary,-1.043893,50.814853,On or near Petrol Station,E01017014,Portsmouth 008A,Violence and sexual offences,Unable to prosecute suspect,
fab690a854b82959baa09848d6a9bbaeec40f606b053dde3ca4eff2049156537,2024-03,Hampshire Constabulary,Hampshire Constabulary,-1.063207,50.815810,On or near Mayhall Road,E01017014,Portsmouth 008A,Violence and sexual offences,Investigation complete; no suspect identified,
3cb51b5d1ab8c0bb5cb481605377265e278b8cf36ead8befe271827ae8efc6cd,2024-03,Hampshire Constabulary,Hampshire Constabulary,-1.053627,50.827658,On or near Sutton Close,E01017046,Portsmouth 008B,Criminal damage and arson,Offender given a caution,
7f75f80c85db0aeace0e193d17fbe627fe5f443e1b1239101c9b1b0c211561ce,2024-03,Hampshire Constabulary,Hampshire Constabulary,-1.053627,50.827658,On or near Sutton Close,E01017046,Portsmouth 008B,Criminal damage and arson,Court result unavailable,
60e8fe32b55df9b2eff4fa2e83e8abd4c421dff427cdcffcb9c5da518471dff5,2024-03,Hampshire Constabulary,Hampshire Constabulary,-1.053627,50.827658,On or near Sutton Close,E01017046,Portsmouth 008B,Criminal damage and arson,Further investigation is not in the public interest,
0028c8662407f6a7616f3343783d2b952be3a82d1cbd258593720ad351b63dbd,2024-03,Hampshire Constabulary,Hampshire Constabulary,-1.053627,50.827658,On or near Sutton Close,E01017046,Portsmouth 008B,Criminal damage and arson,Awaiting court outcome,
89272f4f8c8342770bd82e3b16983d7add58f65c73c80f7dc21a008029ada727,2024-03,Hampshire Constabulary,Hampshire Constabulary,-1.053627,50.827658,On or near Sutton Close,E01017046,Portsmouth 008B,Drugs,Court result unavailable,
15679de5c05c4534181fa8577531be91ee15f7a7f4d853d1156a4e880d59845b,2024-03,Hampshire Constabulary,Hampshire Constabulary,-1.053627,50.827658,On or near Sutton Close,E01017046,Portsmouth 008B,Drugs,Formal action is not in the public interest,
08dfe2272bee93853ff8f6f37206b3b1c9412f49be65c19bb19fea2e98e3e592,2024-03,Hampshire Constabulary,Hampshire Constabulary,-1.053627,50.827658,On or near Sutton Close,E01017046,Portsmouth 008B,Drugs,Offender given a caution,
b0d4dbed5cfb0b15cdddc23df597c7e24372e1ab7c6d067ba0f940b34356e60c,2024-03,Hampshire Constabulary,Hampshire Constabulary,-1.053627,50.827658,On or near Sutton Close,E01017046,Portsmouth 008B,Drugs,Formal action is not in the public interest,
6777a4c58a9d34a9c66130cc724ac0940c2f2ad7bf1e128959f9a12e1bb58765,2024-03,Hampshire Constabulary,Hampshire Constabulary,-1.053627,50.827658,On or near Sutton Close,E01017046,Portsmouth 008B,Public order,Court result unavailable,
63080e73e008b85922161814642ece7fcb1506357bb5a5de9aa0256de6b65c83,2024-03,Hampshire Constabulary,Hampshire Constabulary,-1.053627,50.827658,On or near Sutton Close,E01017046,Portsmouth 008B,Public order,Offender given a caution,
3837386c6ddfcba0bac78b792ef07f91adc61a8b709f78707d42ea6f54397219,2024-03,Hampshire Constabulary,Hampshire Constabulary,-1.052593,50.827559,On or near Latimer Court,E01017046,Portsmouth 008B,Public order,Unable to prosecute suspect,
4b5bb7e739ff768cec30eed7164061b8c5d00f02b73998c60b52683431403a60,2024-03,Hampshire Constabulary,Hampshire Constabulary,-1.046456,50.829083,On or near Wilby Lane,E01017046,Portsmouth 008B,Violence and sexual offences,Unable to prosecute suspect,
20f4528efc7b24c551d3559ad192f2a9d10f6e05317a8d74e4a43ddbd6b108ee,2024-03,Hampshire Constabulary,Hampshire Constabulary,-1.053627,50.827658,On or near Sutton Close,E01017046,Portsmouth 008B,Violence and sexual offences,Court result unavailable,
e4231aec30b611f63072a39d715b1a43a69fbf21a99777e6cc711ef7d7e315cb,2024-03,Hampshire Constabulary,Hampshire Constabulary,-1.053627,50.827658,On or near Sutton Close,E01017046,Portsmouth 008B,Violence and sexual offences,Local resolution,
bc0ca7ee78438a615066f6bb3ae895809731258065a373a6cfe2c2eac02e8f49,2024-03,Hampshire Constabulary,Hampshire Constabulary,-1.053627,50.827658,On or near Sutton Close,E01017046,Portsmouth 008B,Violence and sexual offences,Court result unavailable,
e9aa5295ac4e76884e0103f33f25b9687ea0f86d8aa155c105518151f3b103fe,2024-03,Hampshire Constabulary,Hampshire Constabulary,-1.053627,50.827658,On or near Sutton Close,E01017046,Portsmouth 008B,Violence and sexual offences,Further investigation is not in the public interest,
e4c6b42d0e7fc0da7275c5fea410d3be783ecbf84af00f3c1db8283f7a717bfd,2024-03,Hampshire Constabulary,Hampshire Constabulary,-1.053627,50.827658,On or near Sutton Close,E01017046,Portsmouth 008B,Violence and sexual offences,Unable to prosecute suspect,
06149e679db3a9c4c117ccb0540f21ba3bfc6565861fbf3e78c53ca281a0dca4,2024-03,Hampshire Constabulary,Hampshire Constabulary,-1.053627,50.827658,On or near Sutton Close,E01017046,Portsmouth 008B,Violence and sexual offences,Offender given a caution,
55de9162a9f1ef1a5d7a6d798753f41e108ba10f40cac51f09872a01cf534048,2024-03,Hampshire Constabulary,Hampshire Constabulary,-1.053627,50.827658,On or near Sutton Close,E01017046,Portsmouth 008B,Violence and sexual offences,Unable to prosecute suspect,
eda9e38621a9bae1adcc79b87c393ee39b62028ccf1b7236bdbabce8dc2bff5d,2024-03,Hampshire Constabulary,Hampshire Constabulary,-1.053627,50.827658,On or near Sutton Close,E01017046,Portsmouth 008B,Violence and sexual offences,Court result unavailable,
77a17cc9d1249c9ed9ed5214745079c064ca0f5fc2761fa9833a5f26011a199b,2024-03,Hampshire Constabulary,Hampshire Constabulary,-1.053627,50.827658,On or near Sutton Close,E01017046,Portsmouth 008B,Violence and sexual offences,Unable to prosecute suspect,
f19a1dd2036839e11c18c03ba27328f9e6e8709401ef923066fdf300cae310df,2024-03,Hampshire Constabulary,Hampshire Constabulary,-1.047262,50.829269,On or near Holcot Lane,E01017046,Portsmouth 008B,Other crime,Further investigation is not in the public interest,
,2024-03,Hampshire Constabulary,Hampshire Constabulary,-1.053627,50.827658,On or near Sutton Close,E01017046,Portsmouth 008B,Anti-social behaviour,,
,2024-03,Hampshire Constabulary,Hampshire Constabulary,-1.053627,50.827658,On or near Sutton Close,E01017046,Portsmouth 008B,Anti-social behaviour,,
,2024-03,Hampshire Constabulary,Hampshire Constabulary,-1.052593,50.827559,On or near Latimer Court,E01017046,Portsmouth 008B,Anti-social behaviour,,
4a8a6d95fce92222dd0f4271683ce9b46d8c7f6f4eb53972b76ff918edc1efdf,2024-03,Hampshire Constabulary,Hampshire Constabulary,-1.053627,50.827658,On or near Sutton Close,E01017046,Portsmouth 008B,Criminal damage and arson,Local resolution,
fe4a0c3fffef5bc2d8629352ba53e01c3b0ef66b99d521990a87f9c528b4decf,2024-03,Hampshire Constabulary,Hampshire Constabulary,-1.053627,50.827658,On or near Sutton Close,E01017046,Portsmouth 008B,Criminal damage and arson,Status update unavailable,
572b9cc946c12129ed851bb24029a9e06d6abeb8f2d238c4342d968c21d221c8,2024-03,Hampshire Constabulary,Hampshire Constabulary,-1.053627,50.827658,On or near Sutton Close,E01017046,Portsmouth 008B,Criminal damage and arson,Status update unavailable,
0ef92fd30979698e44ec5f4ef320a799e532abb0f2250da95df7145363853aa4,2024-03,Hampshire Constabulary,Hampshire Constabulary,-1.053627,50.827658,On or near Sutton Close,E01017046,Portsmouth 008B,Drugs,Court result unavailable,
61389755574ad941e2544ec0767bc31bd9eab4d14218562c531d19ad4a0a1b81,2024-03,Hampshire Constabulary,Hampshire Constabulary,-1.053627,50.827658,On or near Sutton Close,E01017046,Portsmouth 008B,Violence and sexual offences,Unable to prosecute suspect,
d57428e52c82ae71dbf195441576d9ff08e2f7ba58b24a7dfd91a8a3f65589cd,2024-03,Hampshire Constabulary,Hampshire Constabulary,-1.046880,50.824293,On or near Keel Close,E01017046,Portsmouth 008B,Violence and sexual offences,Status update unavailable,
42548f19814f85bee201f5403705c1e42097981a92d73bf65bc793395ac9b9d7,2024-03,Hampshire Constabulary,Hampshire Constabulary,-1.053627,50.827658,On or near Sutton Close,E01017046,Portsmouth 008B,Violence and sexual offences,Unable to prosecute suspect,
8386421aa65b0eebd5c7d1e6351dc8b097f5dea0b6577c3141209220d78bb5ba,2024-03,Hampshire Constabulary,Hampshire Constabulary,-1.046136,50.830177,On or near Blakesley Lane,E01017046,Portsmouth 008B,Violence and sexual offences,Investigation complete; no suspect identified,
8d64d1f3ebe2b64e436b6436daca8a96c78d0958ef2aac89aa9b7fed181a32c5,2024-03,Hampshire Constabulary,Hampshire Constabulary,-1.053627,50.827658,On or near Sutton Close,E01017046,Portsmouth 008B,Violence and sexual offences,Unable to prosecute suspect,
020b7620d67296ad072bf261763e81dcb2d75a06ab2c49943fcdba21b2d8422e,2024-03,Hampshire Constabulary,Hampshire Constabulary,-1.053627,50.827658,On or near Sutton Close,E01017046,Portsmouth 008B,Violence and sexual offences,Unable to prosecute suspect,
6a07b76b9bca52db2eb399c5808e4ad3102bb43d78bedfbae2067ece46fde2e6,2024-03,Hampshire Constabulary,Hampshire Constabulary,-1.049950,50.827655,On or near Yardley Close,E01017046,Portsmouth 008B,Violence and sexual offences,Unable to prosecute suspect,
e62042367624aaac2035659bd467d68b53a5f42e106151342cf029c65b2a4038,2024-03,Hampshire Constabulary,Hampshire Constabulary,-1.050516,50.827039,On or near Plumpton Gardens,E01017046,Portsmouth 008B,Other crime,Court result unavailable,
8eb100c31eaa3fd2e8f99dea47f98744dff0fd03c721ca59b3dd577959fd72d4,2024-03,Hampshire Constabulary,Hampshire Constabulary,-1.062959,50.818281,On or near Vernon Road,E01017047,Portsmouth 008C,Public order,Court result unavailable,
e408687684b39bd33d46498ee36a73ba8a20a94b017aed2eb36021a59d8c556c,2024-03,Hampshire Constabulary,Hampshire Constabulary,-1.059034,50.816523,On or near Burrfields Road,E01017047,Portsmouth 008C,Shoplifting,Local resolution,
c9d13a17b9fb5010f70ecf7eac28cfbff2138d7eb3fef6b447e7e134439923a2,2024-03,Hampshire Constabulary,Hampshire Constabulary,-1.059034,50.816523,On or near Burrfields Road,E01017047,Portsmouth 008C,Shoplifting,Investigation complete; no suspect identified,
1ecad4fff322b257d3a07928e93d9f11e90fc822aa9064dba8489e4d8ac5b820,2024-03,Hampshire Constabulary,Hampshire Constabulary,-1.059034,50.816523,On or near Burrfields Road,E01017047,Portsmouth 008C,Shoplifting,Local resolution,
779de461824fd62257be770448cce616b13e54b11c4a125312480b3fbf95ff36,2024-03,Hampshire Constabulary,Hampshire Constabulary,-1.059034,50.816523,On or near Burrfields Road,E01017047,Portsmouth 008C,Shoplifting,Investigation complete; no suspect identified,
ff6a6d1f1cecaf4af900585a3550a23012b922ae6fa98772163ea494ea829598,2024-03,Hampshire Constabulary,Hampshire Constabulary,-1.062959,50.818281,On or near Vernon Road,E01017047,Portsmouth 008C,Violence and sexual offences,Court result unavailable,
c4b77151c5b6a03b0ab294ff326124ade5283cdac57ac28f731700348d82430e,2024-03,Hampshire Constabulary,Hampshire Constabulary,-1.059034,50.816523,On or near Burrfields Road,E01017047,Portsmouth 008C,Violence and sexual offences,Unable to prosecute suspect,
9c9827ed66be54295315db5655f706dd040b355db1e7da5686d9968484d30d2f,2024-03,Hampshire Constabulary,Hampshire Constabulary,-1.063219,50.820190,On or near Monckton Road,E01017047,Portsmouth 008C,Violence and sexual offences,Court result unavailable,
dcd91f2cc32600f8ef9066080bf358ccda30502f1fba6d24356d6a22607b2745,2024-03,Hampshire Constabulary,Hampshire Constabulary,-1.059034,50.816523,On or near Burrfields Road,E01017047,Portsmouth 008C,Violence and sexual offences,Investigation complete; no suspect identified,
5ef9e463fb9f07381bce4b42b8ba977dd5d5de5447b3a2bc7199191c33c0395c,2024-03,Hampshire Constabulary,Hampshire Constabulary,-1.059034,50.816523,On or near Burrfields Road,E01017047,Portsmouth 008C,Violence and sexual offences,Local resolution,
,2024-03,Hampshire Constabulary,Hampshire Constabulary,-1.059871,50.817942,On or near Claybank Spur,E01017047,Portsmouth 008C,Anti-social behaviour,,
,2024-03,Hampshire Constabulary,Hampshire Constabulary,-1.059034,50.816523,On or near Burrfields Road,E01017047,Portsmouth 008C,Anti-social behaviour,,
,2024-03,Hampshire Constabulary,Hampshire Constabulary,-1.059034,50.816523,On or near Burrfields Road,E01017047,Portsmouth 008C,Anti-social behaviour,,
,2024-03,Hampshire Constabulary,Hampshire Constabulary,-1.061279,50.821352,On or near Aylen Road,E01017047,Portsmouth 008C,Anti-social behaviour,,
,2024-03,Hampshire Constabulary,Hampshire Constabulary,-1.059034,50.816523,On or near Burrfields Road,E01017047,Portsmouth 008C,Anti-social behaviour,,
e0eaf06ef2a7e8eeb5a5cbd1c2a5f000337c4f75492e310ca5588374487690c6,2024-03,Hampshire Constabulary,Hampshire Constabulary,-1.059034,50.816523,On or near Burrfields Road,E01017047,Portsmouth 008C,Burglary,Investigation complete; no suspect identified,
ae4ccd81c6a7bfec871f1ba5d9ab9dc43992ab77f5bc97bbc3488e9aabee4f52,2024-03,Hampshire Constabulary,Hampshire Constabulary,-1.059034,50.816523,On or near Burrfields Road,E01017047,Portsmouth 008C,Burglary,Investigation complete; no suspect identified,
bb4257090d3902b91a878aebd3e6c4550a6a1bc775aebfc3e0f939363bea6ed9,2024-03,Hampshire Constabulary,Hampshire Constabulary,-1.062959,50.818281,On or near Vernon Road,E01017047,Portsmouth 008C,Public order,Court result unavailable,
40f88f1ffb2c34facc99b0d26b0f1e50b000412ef873a777dc379148b72aa7fc,2024-03,Hampshire Constabulary,Hampshire Constabulary,-1.061841,50.818120,On or near Glenthorne Road,E01017047,Portsmouth 008C,Public order,Investigation complete; no suspect identified,
a8ddc6372b619620aeeccebcae97e2276ddec973eb7d0cf8011dfe36dfde7089,2024-03,Hampshire Constabulary,Hampshire Constabulary,-1.059034,50.816523,On or near Burrfields Road,E01017047,Portsmouth 008C,Shoplifting,Unable to prosecute suspect,
b4816de1515374c236fdbd2ecad1f69be8cc8e6e4c103cd715c210e66e7f6f25,2024-03,Hampshire Constabulary,Hampshire Constabulary,-1.059034,50.816523,On or near Burrfields Road,E01017047,Portsmouth 008C,Shoplifting,Investigation complete; no suspect identified,
b5fe1c3bce5d83e07f64b1236ef2c4a9464eb2e3f1deb6d367fa3637006fac78,2024-03,Hampshire Constabulary,Hampshire Constabulary,-1.059034,50.816523,On or near Burrfields Road,E01017047,Portsmouth 008C,Shoplifting,Unable to prosecute suspect,
c9008d721609bb8704115378c6a0c75670de56a481c91b07ba301e2912f56278,2024-03,Hampshire Constabulary,Hampshire Constabulary,-1.059034,50.816523,On or near Burrfields Road,E01017047,Portsmouth 008C,Shoplifting,Unable to prosecute suspect,
f26eb0369316e33ce5d6f5ec6b773ca92bf5e1bac7f98b271381b621d18e0ad0,2024-03,Hampshire Constabulary,Hampshire Constabulary,-1.059034,50.816523,On or near Burrfields Road,E01017047,Portsmouth 008C,Theft from the person,Investigation complete; no suspect identified,
580108d784e18fd070a23954ac28be544b30fcb27e8dc54a1f2afd904e8b787e,2024-03,Hampshire Constabulary,Hampshire Constabulary,-1.063370,50.821846,On or near Allcot Road,E01017048,Portsmouth 008D,Violence and sexual offences,Unable to prosecute suspect,
6cfff60ec4e74bcef0763eff3b8a2e7a83bf1066654615d1af8481763496309d,2024-03,Hampshire Constabulary,Hampshire Constabulary,-1.065525,50.822007,On or near Supermarket,E01017048,Portsmouth 008D,Violence and sexual offences,Investigation complete; no suspect identified,
9b95d65b2140531f01e9769b1160f610e07e00f2bfbf4ba3cf739e73d82cce49,2024-03,Hampshire Constabulary,Hampshire Constabulary,-1.060690,50.823821,On or near Devon Road,E01017048,Portsmouth 008D,Violence and sexual offences,Investigation complete; no suspect identified,
08a7df07d1d33fcfdd3c4061e48fc417ab8b59793b61af52352a7bdb8cabad19,2024-03,Hampshire Constabulary,Hampshire Constabulary,-1.062844,50.823307,On or near Green Lane,E01017048,Portsmouth 008D,Violence and sexual offences,Investigation complete; no suspect identified,
,2024-03,Hampshire Constabulary,Hampshire Constabulary,-1.062902,50.823937,On or near Lovett Road,E01017048,Portsmouth 008D,Anti-social behaviour,,
,2024-03,Hampshire Constabulary,Hampshire Constabulary,-1.058991,50.827800,On or near Hilsea,E01017048,Portsmouth 008D,Anti-social behaviour,,
6ec4bd42dde3fd38f6b7e94f63bb2be8a2d600ee29717ace8d4bb7fafee6b155,2024-03,Hampshire Constabulary,Hampshire Constabulary,-1.060690,50.823821,On or near Devon Road,E01017048,Portsmouth 008D,Public order,Unable to prosecute suspect,
298ac841431c0a8639afe638e0dfbc7e555905ad628466ce11f778fe4716e706,2024-03,Hampshire Constabulary,Hampshire Constabulary,-1.060690,50.823821,On or near Devon Road,E01017048,Portsmouth 008D,Shoplifting,Investigation complete; no suspect identified,
314a29402e8a38624cb395c14c6d9ffac533af405111b3ced7dccd7ecdb9bce3,2024-03,Hampshire Constabulary,Hampshire Constabulary,-1.058991,50.827800,On or near Hilsea,E01017048,Portsmouth 008D,Violence and sexual offences,Status update unavailable,
e4741bd6eca4e25d54aa80ec3be4a88180e3ba991741e85f23a8709898dd685e,2024-03,Hampshire Constabulary,Hampshire Constabulary,-1.065001,50.820510,On or near Copnor Road,E01017048,Portsmouth 008D,Violence and sexual offences,Investigation complete; no suspect identified,
cd669a59aed543c0437ae02d24019f1bdb585e9fcaa771362ff1385b1f9d6965,2024-03,Hampshire Constabulary,Hampshire Constabulary,-1.069468,50.825780,On or near Amberley Road,E01017085,Portsmouth 008E,Criminal damage and arson,Investigation complete; no suspect identified,
db17605d106458bce6e6d47bc8049b4d390f79847931465c1be738cba215e0f9,2024-03,Hampshire Constabulary,Hampshire Constabulary,-1.065348,50.829461,On or near Mark Close,E01017085,Portsmouth 008E,Drugs,Local resolution,
4469895449ca487324a0ae930d02bfc9f94b1bac255c81f06f03178d39f9aa65,2024-03,Hampshire Constabulary,Hampshire Constabulary,-1.065348,50.829461,On or near Mark Close,E01017085,Portsmouth 008E,Public order,Unable to prosecute suspect,
0cb4047b050c94902355d1a84bbe75f7ec1c6413d965a65586da8af48432268c,2024-03,Hampshire Constabulary,Hampshire Constabulary,-1.065348,50.829461,On or near Mark Close,E01017085,Portsmouth 008E,Violence and sexual offences,Unable to prosecute suspect,
7584bb8ffa93d07ffebe79dc7c381e71eefa8053567aca6a49346fd76c71637a,2024-03,Hampshire Constabulary,Hampshire Constabulary,-1.065348,50.829461,On or near Mark Close,E01017085,Portsmouth 008E,Violence and sexual offences,Unable to prosecute suspect,
,2024-03,Hampshire Constabulary,Hampshire Constabulary,-1.065785,50.828871,On or near Breech Close,E01017085,Portsmouth 008E,Anti-social behaviour,,
a074db8767db8939592b21988e815ac54e655a5472bcfd43ab62582929e39d77,2024-03,Hampshire Constabulary,Hampshire Constabulary,-1.067598,50.827689,On or near Thorncliffe Close,E01017085,Portsmouth 008E,Other theft,Status update unavailable,
bd448dd7cad8c45b81abbc132aeda5e26029ede73336053fa14a6b5330fc61ec,2024-03,Hampshire Constabulary,Hampshire Constabulary,-1.064919,50.828882,On or near Green Farm Gardens,E01017085,Portsmouth 008E,Violence and sexual offences,Status update unavailable,
30e35fab2638d19dec8c9cca14f875a11c9bd66f49c8622c5289788f86f750d1,2024-03,Hampshire Constabulary,Hampshire Constabulary,-1.065348,50.829461,On or near Mark Close,E01017085,Portsmouth 008E,Violence and sexual offences,Status update unavailable,
3bc725fec489d28130213f95e1e56e554eef929f07052ee536a09fae847b4384,2024-03,Hampshire Constabulary,Hampshire Constabulary,-1.065348,50.829461,On or near Mark Close,E01017085,Portsmouth 008E,Violence and sexual offences,Status update unavailable,
7bf0666ffbfbf18447fee54656ea9411610576e573926068cbc9667256d75cb5,2024-03,Hampshire Constabulary,Hampshire Constabulary,-1.073439,50.824570,On or near London Road,E01017084,Portsmouth 009A,Other theft,Unable to prosecute suspect,
1de6f5e02fd372633896bf01069b0e51d133944ebc459da3d97a934698eed6d0,2024-03,Hampshire Constabulary,Hampshire Constabulary,-1.073980,50.824484,On or near Haig Court,E01017084,Portsmouth 009A,Violence and sexual offences,Unable to prosecute suspect,
ba6b93ac01347e8cffb92e5d7a2e653ff7d229c4c848fc7009cb4b1707ad9704,2024-03,Hampshire Constabulary,Hampshire Constabulary,-1.073439,50.824570,On or near London Road,E01017084,Portsmouth 009A,Violence and sexual offences,Action to be taken by another organisation,
,2024-03,Hampshire Constabulary,Hampshire Constabulary,-1.083643,50.824768,On or near Parking Area,E01017084,Portsmouth 009A,Anti-social behaviour,,
,2024-03,Hampshire Constabulary,Hampshire Constabulary,-1.080184,50.825915,On or near Sports/Recreation Area,E01017084,Portsmouth 009A,Anti-social behaviour,,
,2024-03,Hampshire Constabulary,Hampshire Constabulary,-1.080184,50.825915,On or near Sports/Recreation Area,E01017084,Portsmouth 009A,Anti-social behaviour,,
ca05c9b79114425e969b590c8b2da10e601b9afc3864c0dc796067b652f67fbe,2024-03,Hampshire Constabulary,Hampshire Constabulary,-1.073980,50.824484,On or near Haig Court,E01017084,Portsmouth 009A,Criminal damage and arson,Investigation complete; no suspect identified,
98cf8bf956bf7191e556238cccaf0d0bff6ce0525c07f518b44b1879b16f5c3d,2024-03,Hampshire Constabulary,Hampshire Constabulary,-1.080184,50.825915,On or near Sports/Recreation Area,E01017084,Portsmouth 009A,Other theft,Investigation complete; no suspect identified,
1a2516dc416bea04de53e7a0c4234ae2f48f001a0e1e98a296579b2a3843421f,2024-03,Hampshire Constabulary,Hampshire Constabulary,-1.073439,50.824570,On or near London Road,E01017084,Portsmouth 009A,Violence and sexual offences,Unable to prosecute suspect,
ddbbb2a96e45e7d9a1635a7c7ab546becf144eafaac569fbc4a0078bf050d9b2,2024-03,Hampshire Constabulary,Hampshire Constabulary,-1.080184,50.825915,On or near Sports/Recreation Area,E01017084,Portsmouth 009A,Violence and sexual offences,Action to be taken by another organisation,
f6c3c5ac216125f5bbdb0b28278fb60dd3930055a9b3495ddd9635886cd91a5c,2024-03,Hampshire Constabulary,Hampshire Constabulary,-1.080184,50.825915,On or near Sports/Recreation Area,E01017084,Portsmouth 009A,Other crime,Action to be taken by another organisation,
bfe4b9e0e3e8b24f78a7e9aea8ddd19e7f0057164af3807b9d552ab0aeb9b31d,2024-03,Hampshire Constabulary,Hampshire Constabulary,-1.078592,50.821715,On or near Oriel Road,E01017087,Portsmouth 009B,Public order,Investigation complete; no suspect identified,
feec92a8e743675bcfc773b57ab6cfb9255a52f6a6478fba21e01d06706820f3,2024-03,Hampshire Constabulary,Hampshire Constabulary,-1.077062,50.819401,On or near Thurbern Road,E01017088,Portsmouth 009C,Burglary,Investigation complete; no suspect identified,
ef8b5419f60b3a544610f1e89bfda06b7c08c38954c72a07885aa9f194b070e9,2024-03,Hampshire Constabulary,Hampshire Constabulary,-1.076665,50.817905,On or near Montague Road,E01017088,Portsmouth 009C,Criminal damage and arson,Local resolution,
061cf013c25b79bd15264cf2d790885fb15194e98554602e990e0971ee0adeda,2024-03,Hampshire Constabulary,Hampshire Constabulary,-1.077062,50.819401,On or near Thurbern Road,E01017088,Portsmouth 009C,Drugs,Unable to prosecute suspect,
b391af91840ba516c651d9ed63faa196fef0ff5194787d8e08f46d92e30409dc,2024-03,Hampshire Constabulary,Hampshire Constabulary,-1.072673,50.820239,On or near Mayfield Road,E01017088,Portsmouth 009C,Public order,Unable to prosecute suspect,
ed7484308e3863b591def437e7a28ed7c35118e8a1603afc49cf985f74dcc717,2024-03,Hampshire Constabulary,Hampshire Constabulary,-1.072673,50.820239,On or near Mayfield Road,E01017088,Portsmouth 009C,Violence and sexual offences,Unable to prosecute suspect,
187f87aaf037a1d74a7d0870ff4aa68fc369bdd31680eae14aa7a867cbea5779,2024-03,Hampshire Constabulary,Hampshire Constabulary,-1.077062,50.819401,On or near Thurbern Road,E01017088,Portsmouth 009C,Violence and sexual offences,Unable to prosecute suspect,
9232c3b857534b9a8ebfd4cf9be8a66b54acc40a45b1a3f576295c0b96c9f25b,2024-03,Hampshire Constabulary,Hampshire Constabulary,-1.077062,50.819401,On or near Thurbern Road,E01017088,Portsmouth 009C,Violence and sexual offences,Unable to prosecute suspect,
2742ab1d40c07352d7f6696362d19accf17429a992b051b89db65d5df08b272d,2024-03,Hampshire Constabulary,Hampshire Constabulary,-1.072673,50.820239,On or near Mayfield Road,E01017088,Portsmouth 009C,Violence and sexual offences,Unable to prosecute suspect,
ba8c2c2614720eb9a5140da37d5ef8a77f4c60098695af52c49fd06c508cdcde,2024-03,Hampshire Constabulary,Hampshire Constabulary,-1.077062,50.819401,On or near Thurbern Road,E01017088,Portsmouth 009C,Criminal damage and arson,Investigation complete; no suspect identified,
49d226980e381e413a19af2243a620c057f88818bfc4ee59f446fa239e8505d3,2024-03,Hampshire Constabulary,Hampshire Constabulary,-1.077062,50.819401,On or near Thurbern Road,E01017088,Portsmouth 009C,Vehicle crime,Investigation complete; no suspect identified,
afcb81e7fdf0e3458e975f1647f756a4f2c7a1578c1e9f12199703f35d38bb40,2024-03,Hampshire Constabulary,Hampshire Constabulary,-1.075728,50.820784,On or near Inhurst Road,E01017088,Portsmouth 009C,Violence and sexual offences,Unable to prosecute suspect,
eff0e25998fd552205167b9e5f518b88448beef0c6187033567b17a4c3e48bc8,2024-03,Hampshire Constabulary,Hampshire Constabulary,-1.075728,50.820784,On or near Inhurst Road,E01017088,Portsmouth 009C,Violence and sexual offences,Unable to prosecute suspect,
ee7fd19924d8ccb52b01a68588c1c541560b8a5c5b8de07c381d8e9c0e71b3e0,2024-03,Hampshire Constabulary,Hampshire Constabulary,-1.072673,50.820239,On or near Mayfield Road,E01017088,Portsmouth 009C,Violence and sexual offences,Investigation complete; no suspect identified,
21c8aabf52d4d714b8cce4e5a5e77c292f4826d2923d0c1419c22cfc2c7edf4f,2024-03,Hampshire Constabulary,Hampshire Constabulary,-1.073675,50.818367,On or near Fearon Road,E01017088,Portsmouth 009C,Violence and sexual offences,Unable to prosecute suspect,
b49bfdaa97453cedfabfdd22b4c49a47f7cc97ee0014dceca4764216fdc6cd83,2024-03,Hampshire Constabulary,Hampshire Constabulary,-1.083440,50.822095,On or near King Edward'S Crescent,E01017105,Portsmouth 009D,Public order,Investigation complete; no suspect identified,
b85fa9afa6f00d37920b9dfb6ea58296a5d1913ec0745659caca557f73728be1,2024-03,Hampshire Constabulary,Hampshire Constabulary,-1.081164,50.820153,On or near Gladys Avenue,E01017105,Portsmouth 009D,Violence and sexual offences,Unable to prosecute suspect,
ee5ebc3887ee89192ff3fcf9f403c3c9336b30133ddd4ee596de74722fb9e06b,2024-03,Hampshire Constabulary,Hampshire Constabulary,-1.081164,50.820153,On or near Gladys Avenue,E01017105,Portsmouth 009D,Violence and sexual offences,Unable to prosecute suspect,
00754107f1b34edf26cb6a5a94bbe93a71666a7d5656d68836bc5ad0d1419de6,2024-03,Hampshire Constabulary,Hampshire Constabulary,-1.082105,50.821365,On or near Nelson Avenue,E01017105,Portsmouth 009D,Violence and sexual offences,Unable to prosecute suspect,
2a0887a23fe064aff279aca0aa37c1a6a72de9728f6560936f377bc02373925b,2024-03,Hampshire Constabulary,Hampshire Constabulary,-1.083275,50.821797,On or near North End Grove,E01017105,Portsmouth 009D,Public order,Investigation complete; no suspect identified,
05ddec6ad1434230655488c375287cd34d8fa474df89d1a14ad98b1db6220b1a,2024-03,Hampshire Constabulary,Hampshire Constabulary,-1.082105,50.821365,On or near Nelson Avenue,E01017105,Portsmouth 009D,Violence and sexual offences,Unable to prosecute suspect,
b51d3a60379e131047a7cfbdefe9551d41f7ce1250c0a6db322a9ff425e18d75,2024-03,Hampshire Constabulary,Hampshire Constabulary,-1.082105,50.821365,On or near Nelson Avenue,E01017105,Portsmouth 009D,Violence and sexual offences,Investigation complete; no suspect identified,
eb67675debcf20dbd8e10bb81b367931e339d7cc2ffcbc378ee41bb9dcb20960,2024-03,Hampshire Constabulary,Hampshire Constabulary,-1.080614,50.817801,On or near Bucklers Court,E01017107,Portsmouth 009E,Violence and sexual offences,Unable to prosecute suspect,
08ecc815e0372422f02746895ca303fab26d89a1c7fa4084e6e910ebfcf780e1,2024-03,Hampshire Constabulary,Hampshire Constabulary,-1.080614,50.817801,On or near Bucklers Court,E01017107,Portsmouth 009E,Violence and sexual offences,Unable to prosecute suspect,
cbbfee8e050c056ad952b40d853b3b1b25fdada5c55fc017e1d03b9af4da429d,2024-03,Hampshire Constabulary,Hampshire Constabulary,-1.079406,50.818547,On or near Connaught Road,E01017107,Portsmouth 009E,Violence and sexual offences,Unable to prosecute suspect,
,2024-03,Hampshire Constabulary,Hampshire Constabulary,-1.080614,50.817801,On or near Bucklers Court,E01017107,Portsmouth 009E,Anti-social behaviour,,
b70baba08d931992ec8a8c5abcb97475ccfd4a99482614fdf4df653c4a27d0d7,2024-03,Hampshire Constabulary,Hampshire Constabulary,-1.081609,50.816973,On or near Angerstein Road,E01017107,Portsmouth 009E,Criminal damage and arson,Unable to prosecute suspect,
de6b27170dd2eb9185cdadb238dc49b2cb47acf5c04b6ac015a93bfa0b4160c9,2024-03,Hampshire Constabulary,Hampshire Constabulary,-1.081779,50.818431,On or near Cardiff Road,E01017107,Portsmouth 009E,Criminal damage and arson,Court result unavailable,
c50f6b022b5fb8ad5d56a5237be14b4c7a7951d308d22845f79ab0207bdf46ac,2024-03,Hampshire Constabulary,Hampshire Constabulary,-1.080614,50.817801,On or near Bucklers Court,E01017107,Portsmouth 009E,Violence and sexual offences,Unable to prosecute suspect,
8f394aa9390bf39b4c4e99a1d26466c832c62562bf8ec0f545fed28f412fd3ce,2024-03,Hampshire Constabulary,Hampshire Constabulary,-1.080614,50.817801,On or near Bucklers Court,E01017107,Portsmouth 009E,Violence and sexual offences,Unable to prosecute suspect,
71c091b7d4730e3a01f09db1546f8bb1203d8ccc718bfb758b3457779a95cbe9,2024-03,Hampshire Constabulary,Hampshire Constabulary,-1.091015,50.823126,On or near Osier Close,E01017104,Portsmouth 010A,Violence and sexual offences,Unable to prosecute suspect,
d15475433784076ac9b2e933f4ae6015968d6341b1d3a6cd51f59e567ed093fc,2024-03,Hampshire Constabulary,Hampshire Constabulary,-1.087621,50.820986,On or near Jervis Road,E01017104,Portsmouth 010A,Violence and sexual offences,Unable to prosecute suspect,
26e3e317c1985656981a83d3552acbc152691ffb39452fd8b2733d82f3968b4e,2024-03,Hampshire Constabulary,Hampshire Constabulary,-1.087621,50.820986,On or near Jervis Road,E01017104,Portsmouth 010A,Violence and sexual offences,Offender given a caution,
2b60329b56f6da50560ff5696d1bb980e42b092c331ef199f79ba031cfc60174,2024-03,Hampshire Constabulary,Hampshire Constabulary,-1.091194,50.821940,On or near Harbour Way,E01017104,Portsmouth 010A,Violence and sexual offences,Unable to prosecute suspect,
,2024-03,Hampshire Constabulary,Hampshire Constabulary,-1.089640,50.821559,On or near Childe Square,E01017104,Portsmouth 010A,Anti-social behaviour,,
,2024-03,Hampshire Constabulary,Hampshire Constabulary,-1.085259,50.822002,On or near Walker Road,E01017104,Portsmouth 010A,Anti-social behaviour,,
,2024-03,Hampshire Constabulary,Hampshire Constabulary,-1.091015,50.823126,On or near Osier Close,E01017104,Portsmouth 010A,Anti-social behaviour,,
,2024-03,Hampshire Constabulary,Hampshire Constabulary,-1.091015,50.823126,On or near Osier Close,E01017104,Portsmouth 010A,Anti-social behaviour,,
,2024-03,Hampshire Constabulary,Hampshire Constabulary,-1.089849,50.823953,On or near Range Green,E01017104,Portsmouth 010A,Anti-social behaviour,,
288304ae80deb0a9d92d557a0c9c2febdc5ce32c58aee7b7b7ba212ae618892d,2024-03,Hampshire Constabulary,Hampshire Constabulary,-1.085259,50.822002,On or near Walker Road,E01017104,Portsmouth 010A,Burglary,Investigation complete; no suspect identified,
efe9aebee897cd95dd6b19f41401af0e34359079cdb6dfa400daf563b49b62f2,2024-03,Hampshire Constabulary,Hampshire Constabulary,-1.089849,50.823953,On or near Range Green,E01017104,Portsmouth 010A,Burglary,Status update unavailable,
67b67024ebf0357fa7bdb8dc6a9eba67be45eacbf6aee86720472be90c20d4d9,2024-03,Hampshire Constabulary,Hampshire Constabulary,-1.089849,50.823953,On or near Range Green,E01017104,Portsmouth 010A,Criminal damage and arson,Investigation complete; no suspect identified,
f1c26c7c3bd627ae9515ced96a119e36aa35d247a28554ed367c8e62b8a78799,2024-03,Hampshire Constabulary,Hampshire Constabulary,-1.087621,50.820986,On or near Jervis Road,E01017104,Portsmouth 010A,Vehicle crime,Investigation complete; no suspect identified,
136d4657d71e77025a331acfe3dadf82b38287625c89b14feb3f3f961f18bdd3,2024-03,Hampshire Constabulary,Hampshire Constabulary,-1.087621,50.820986,On or near Jervis Road,E01017104,Portsmouth 010A,Violence and sexual offences,Status update unavailable,
4f2fcecec2f38154a616df7d7f160a4b466b82c05086e5b2690841658b543800,2024-03,Hampshire Constabulary,Hampshire Constabulary,-1.087621,50.820986,On or near Jervis Road,E01017104,Portsmouth 010A,Violence and sexual offences,Investigation complete; no suspect identified,
a35cee8d7397b39c21cc3867184381598993273b7f2f64ae496f28cb3c43e222,2024-03,Hampshire Constabulary,Hampshire Constabulary,-1.085711,50.820629,On or near Strode Road,E01017106,Portsmouth 010B,Vehicle crime,Unable to prosecute suspect,
8009b70b083eae796f1a8bbb2e2e49d14e93f231d432ab4f98063b807ac17665,2024-03,Hampshire Constabulary,Hampshire Constabulary,-1.085711,50.820629,On or near Strode Road,E01017106,Portsmouth 010B,Violence and sexual offences,Unable to prosecute suspect,
c5a21a22f841655657f6b35260d1128d415b2fb11b85cda7875ad3999ccbc56f,2024-03,Hampshire Constabulary,Hampshire Constabulary,-1.085711,50.820629,On or near Strode Road,E01017106,Portsmouth 010B,Violence and sexual offences,Unable to prosecute suspect,
e95f021cd93d56025f44ec6bdef5ce7cbc743b044605ea8fd984e3df0a6f8f5f,2024-03,Hampshire Constabulary,Hampshire Constabulary,-1.086554,50.818909,On or near Newcomen Road,E01017106,Portsmouth 010B,Violence and sexual offences,Court result unavailable,
d61e0ae9160e974177b28d50ff86869a9dda456647d7bed4b54dfd6dcdf9b129,2024-03,Hampshire Constabulary,Hampshire Constabulary,-1.086554,50.818909,On or near Newcomen Road,E01017106,Portsmouth 010B,Violence and sexual offences,Court result unavailable,
07f536203a1d4f8ae488e7ceb426e1be0ece66d921ed7cdc4e43057a9e40d5b3,2024-03,Hampshire Constabulary,Hampshire Constabulary,-1.087577,50.818845,On or near Smeaton Street,E01017106,Portsmouth 010B,Public order,Formal action is not in the public interest,
cffc4b6b650cfa0b2503f22c486d4015f1b5946ac6c68a6142947eea08993893,2024-03,Hampshire Constabulary,Hampshire Constabulary,-1.086601,50.819404,On or near Wilson Road,E01017106,Portsmouth 010B,Violence and sexual offences,Investigation complete; no suspect identified,
ffe39b035ed64b36eb360e246b4d806ae151c88553a860c8d090200fa942a4e7,2024-03,Hampshire Constabulary,Hampshire Constabulary,-1.088517,50.820903,On or near Widley Road,E01017106,Portsmouth 010B,Violence and sexual offences,Investigation complete; no suspect identified,
0fb627c5ff2975309b8f306cfa98a7f0582ad8884665f317a05c460a9fe3f8d0,2024-03,Hampshire Constabulary,Hampshire Constabulary,-1.086319,50.814933,On or near Simpson Road,E01017108,Portsmouth 010C,Public order,Unable to prosecute suspect,
f6bbc0629c59e2966920877e093bce4a0889b83f6667e51aee970448e206daab,2024-03,Hampshire Constabulary,Hampshire Constabulary,-1.086319,50.814933,On or near Simpson Road,E01017108,Portsmouth 010C,Public order,Investigation complete; no suspect identified,
e6a92347a074ad8cfdb59d33e42278109779b7b1fd965216ba0fa7d9983cc8fe,2024-03,Hampshire Constabulary,Hampshire Constabulary,-1.082525,50.815901,On or near Grange Road,E01017108,Portsmouth 010C,Violence and sexual offences,Unable to prosecute suspect,
e0a4093896fbb680b6b9efa90da05d534caea4aed9db55bd45f71b8b525bbf45,2024-03,Hampshire Constabulary,Hampshire Constabulary,-1.081843,50.815923,On or near Derby Road,E01017108,Portsmouth 010C,Violence and sexual offences,Offender given a caution,
cbf916eb33e6a01a17efd9e56b110466486f12cdd35669d8a63d22e14ab43287,2024-03,Hampshire Constabulary,Hampshire Constabulary,-1.084881,50.816648,On or near St Marks Road,E01017108,Portsmouth 010C,Violence and sexual offences,Unable to prosecute suspect,
9da564a5c52a1968fc1c6be2739eb31c4f9abc04505404a79d531d19e289c2df,2024-03,Hampshire Constabulary,Hampshire Constabulary,-1.086633,50.815591,On or near Stanley Road,E01017108,Portsmouth 010C,Violence and sexual offences,Unable to prosecute suspect,
452c08650f534b2df185b0ba6bfd968a1d5f9e32cde1df0b9f6bfc2346973605,2024-03,Hampshire Constabulary,Hampshire Constabulary,-1.086633,50.815591,On or near Stanley Road,E01017108,Portsmouth 010C,Violence and sexual offences,Investigation complete; no suspect identified,
39d4a05448b874ea2192c7f13016761deeb9136150850675bf7459abdd9199db,2024-03,Hampshire Constabulary,Hampshire Constabulary,-1.084881,50.816648,On or near St Marks Road,E01017108,Portsmouth 010C,Violence and sexual offences,Unable to prosecute suspect,
f25c9a7fb7bf25156ae1b70fd18d2f7cda91a9a9685a454617b9cfdea851f1c5,2024-03,Hampshire Constabulary,Hampshire Constabulary,-1.081843,50.815923,On or near Derby Road,E01017108,Portsmouth 010C,Criminal damage and arson,Investigation complete; no suspect identified,
fc418bb7ec1283586b2f521a9c45a44642d7338ee45c5350062fcac205b68b2c,2024-03,Hampshire Constabulary,Hampshire Constabulary,-1.084881,50.816648,On or near St Marks Road,E01017108,Portsmouth 010C,Drugs,Unable to prosecute suspect,
7c0373ff598d93605d96976b3813ec3113bd7ccb0635ad2bb8a1f331dd430615,2024-03,Hampshire Constabulary,Hampshire Constabulary,-1.084881,50.816648,On or near St Marks Road,E01017108,Portsmouth 010C,Possession of weapons,Investigation complete; no suspect identified,
baa851bfb16097fd5d15ebd4343d2c0c0504bdeda3dcb4e3092d9cdbb64c17e3,2024-03,Hampshire Constabulary,Hampshire Constabulary,-1.086319,50.814933,On or near Simpson Road,E01017108,Portsmouth 010C,Possession of weapons,Investigation complete; no suspect identified,
41551610b8704deb7eb76fc1483e11bc2cce38ece213999f56b01f45b0a58266,2024-03,Hampshire Constabulary,Hampshire Constabulary,-1.082525,50.815901,On or near Grange Road,E01017108,Portsmouth 010C,Public order,Status update unavailable,
03dd6a247e9a262113f4149883112cdf803df519eab71b0a48b16f4d207d52c2,2024-03,Hampshire Constabulary,Hampshire Constabulary,-1.086319,50.814933,On or near Simpson Road,E01017108,Portsmouth 010C,Public order,Investigation complete; no suspect identified,
78f8c9f88bb3b2559f4e76b73739c08f959dfdc2b0db37a6c70aafc851434099,2024-03,Hampshire Constabulary,Hampshire Constabulary,-1.087203,50.816936,On or near Ranelagh Road,E01017108,Portsmouth 010C,Public order,Investigation complete; no suspect identified,
ec3a70f7c6a3d812544e7613dc747fe392457e29f4ed3474925e02636f4e8a7c,2024-03,Hampshire Constabulary,Hampshire Constabulary,-1.087203,50.816936,On or near Ranelagh Road,E01017108,Portsmouth 010C,Public order,Investigation complete; no suspect identified,
e123428625951632fc20ecd5710220d53760d3f01dd428c4ff973f7d6d399d26,2024-03,Hampshire Constabulary,Hampshire Constabulary,-1.084344,50.819395,On or near Supermarket,E01017109,Portsmouth 010D,Robbery,Investigation complete; no suspect identified,
11d2ad22d640f06f756e01fa894ff126187175f7bbc5914e6f5e1317462a13fc,2024-03,Hampshire Constabulary,Hampshire Constabulary,-1.084344,50.819395,On or near Supermarket,E01017109,Portsmouth 010D,Shoplifting,Unable to prosecute suspect,
4d3d81c132e444b67ef5b495d12ab811c45645e10c9dfa7bfac8ca875cc5d898,2024-03,Hampshire Constabulary,Hampshire Constabulary,-1.084344,50.819395,On or near Supermarket,E01017109,Portsmouth 010D,Shoplifting,Court result unavailable,
f3149754f951b2fae0bbf1b9b2441c5c1e47d51dff65a962e7566d8b438bd1b9,2024-03,Hampshire Constabulary,Hampshire Constabulary,-1.085756,50.818363,On or near Winstanley Road,E01017109,Portsmouth 010D,Vehicle crime,Investigation complete; no suspect identified,
cfb3c0d98bce43fd33c7948636bf8026874bed65615f9b21ba54d83bedafc721,2024-03,Hampshire Constabulary,Hampshire Constabulary,-1.083280,50.817912,On or near Weymouth Road,E01017109,Portsmouth 010D,Violence and sexual offences,Unable to prosecute suspect,
fcf93706a4250325ce39100ef9c731df84c973f8edf507366c3e75d004022f83,2024-03,Hampshire Constabulary,Hampshire Constabulary,-1.083280,50.817912,On or near Weymouth Road,E01017109,Portsmouth 010D,Violence and sexual offences,Unable to prosecute suspect,
bd36ab278422d0b72c37936d38b6a30b7374e8a231b9cd3383177dd55e0b0c8e,2024-03,Hampshire Constabulary,Hampshire Constabulary,-1.084344,50.819395,On or near Supermarket,E01017109,Portsmouth 010D,Violence and sexual offences,Court result unavailable,
425130a53f2911a5a76acff4b9f0023b4e5d31cbdebf21ed4143c83a2022b035,2024-03,Hampshire Constabulary,Hampshire Constabulary,-1.084344,50.819395,On or near Supermarket,E01017109,Portsmouth 010D,Violence and sexual offences,Investigation complete; no suspect identified,
c325301b08d852604ae4ef49cf4fd34fc0acae9f4d0a02a7c9c96d82f73eeb7b,2024-03,Hampshire Constabulary,Hampshire Constabulary,-1.084405,50.819198,On or near Penrose Close,E01017109,Portsmouth 010D,Criminal damage and arson,Investigation complete; no suspect identified,
14fd0ac468f9bdbf0c6d91dde16a06c49413593cb7e811d035170cdfa65e4bc9,2024-03,Hampshire Constabulary,Hampshire Constabulary,-1.084344,50.819395,On or near Supermarket,E01017109,Portsmouth 010D,Public order,Investigation complete; no suspect identified,
a8ca68da42f5b0b4feffd842e2811b782ad5461a2c6cadbfa5100d6854c25c92,2024-03,Hampshire Constabulary,Hampshire Constabulary,-1.084344,50.819395,On or near Supermarket,E01017109,Portsmouth 010D,Shoplifting,Investigation complete; no suspect identified,
0d31820fe657defbb2b5ba6d207df5a967316edb6d970b4a329f7f1a9b4ca270,2024-03,Hampshire Constabulary,Hampshire Constabulary,-1.084344,50.819395,On or near Supermarket,E01017109,Portsmouth 010D,Shoplifting,Court result unavailable,
df14b5ac5d91cca02bc0a00c0fcbb0e80c33439eb612c951691fd8c982f59030,2024-03,Hampshire Constabulary,Hampshire Constabulary,-1.084344,50.819395,On or near Supermarket,E01017109,Portsmouth 010D,Shoplifting,Status update unavailable,
5ed313fbeb2f61b367c69cb4a741ba80dc507cdbdfa20e372540b59b732bd239,2024-03,Hampshire Constabulary,Hampshire Constabulary,-1.089223,50.817446,On or near Parking Area,E01017109,Portsmouth 010D,Violence and sexual offences,Unable to prosecute suspect,
dfa2073f395059f942df688434a115471786302bff73d20fe8592f00abfa682a,2024-03,Hampshire Constabulary,Hampshire Constabulary,-1.071600,50.816354,On or near Wykeham Road,E01017041,Portsmouth 011A,Violence and sexual offences,Unable to prosecute suspect,
8d2b408232936fc6deee7f6aaae7bfa4ca2e1a7ea376f2ea618fe4613108cfe4,2024-03,Hampshire Constabulary,Hampshire Constabulary,-1.071643,50.818468,On or near Crofton Road,E01017041,Portsmouth 011A,Other crime,Unable to prosecute suspect,
ad6be91ddf16cb1458481be4112064761a9420e73ed8b088663ef633ff68e649,2024-03,Hampshire Constabulary,Hampshire Constabulary,-1.071634,50.818926,On or near Kirby Road,E01017041,Portsmouth 011A,Criminal damage and arson,Investigation complete; no suspect identified,
b6f26bb8820000d0c950ed2e14ec026b641460aa09d1121ea7b58187546daa92,2024-03,Hampshire Constabulary,Hampshire Constabulary,-1.067496,50.816402,On or near Copythorn Road,E01017041,Portsmouth 011A,Criminal damage and arson,Investigation complete; no suspect identified,
e1b7e51bb96c4b8fb598251f4589b0cbcdc68d7f5722ab100b68f7158ec5ebe5,2024-03,Hampshire Constabulary,Hampshire Constabulary,-1.069595,50.818667,On or near Kenyon Road,E01017041,Portsmouth 011A,Violence and sexual offences,Status update unavailable,
559708f59cd55660b278b52ca5ac6abe5e383e704e8a9c3cbdcc28bc7914520d,2024-03,Hampshire Constabulary,Hampshire Constabulary,-1.069539,50.815735,On or near Paddington Road,E01017043,Portsmouth 011B,Violence and sexual offences,Unable to prosecute suspect,
4002f5ad293016e81f2c74f7518e032b9fe21b652bd5f548c42d95f876e2a9a2,2024-03,Hampshire Constabulary,Hampshire Constabulary,-1.069539,50.815735,On or near Paddington Road,E01017043,Portsmouth 011B,Violence and sexual offences,Court result unavailable,
bc028ee10a7d0adab185df4320ba6ba208e3464141062417b1c0029928718e0e,2024-03,Hampshire Constabulary,Hampshire Constabulary,-1.064859,50.816228,On or near Supermarket,E01017043,Portsmouth 011B,Violence and sexual offences,Unable to prosecute suspect,
c2a39c8e3acaa6ae379c2a24a264aad9f157c70297941ba96f3bbdbf56699fdc,2024-03,Hampshire Constabulary,Hampshire Constabulary,-1.068503,50.815745,On or near Belgravia Road,E01017043,Portsmouth 011B,Violence and sexual offences,Unable to prosecute suspect,
4b55b9f021175e00babbcb8401de292162681b7cc613188d86be21f70cc07b60,2024-03,Hampshire Constabulary,Hampshire Constabulary,-1.064836,50.814565,On or near Wallington Road,E01017043,Portsmouth 011B,Violence and sexual offences,Investigation complete; no suspect identified,
c30b228623019bc2913ff7318d48be4e15e96f64d7a67c5fc32822f894896d47,2024-03,Hampshire Constabulary,Hampshire Constabulary,-1.069539,50.815735,On or near Paddington Road,E01017043,Portsmouth 011B,Violence and sexual offences,Status update unavailable,
1b08777f561dbdd2ad2c5e2c1eea8c44c85b79ed9ecb510a04177200b4a8df2e,2024-03,Hampshire Constabulary,Hampshire Constabulary,-1.072316,50.813851,On or near Chichester Road,E01017044,Portsmouth 011C,Burglary,Investigation complete; no suspect identified,
a02533d8ec1337560bf6392470f061d7f3f0c8535b118a7a4f5a300f5c3dcad6,2024-03,Hampshire Constabulary,Hampshire Constabulary,-1.071479,50.813853,On or near Farlington Road,E01017044,Portsmouth 011C,Drugs,Offender given a caution,
2645eaf1a39f56d076f07d788f268270427c653f412010490494928b27c6ab23,2024-03,Hampshire Constabulary,Hampshire Constabulary,-1.073452,50.813869,On or near Beaulieu Road,E01017044,Portsmouth 011C,Shoplifting,Investigation complete; no suspect identified,
e09a15ca684d6f2a75f09031cdfbc655333b2e348d371f364f5c125f15dbad33,2024-03,Hampshire Constabulary,Hampshire Constabulary,-1.073452,50.813869,On or near Beaulieu Road,E01017044,Portsmouth 011C,Shoplifting,Court result unavailable,
b3a1b3aa459345c91c6215aef166c7ef20fcf13e5670ed89364f30574ce8e47c,2024-03,Hampshire Constabulary,Hampshire Constabulary,-1.073452,50.813869,On or near Beaulieu Road,E01017044,Portsmouth 011C,Shoplifting,Further investigation is not in the public interest,
f518392c446533b6446ec7d4ef25ecf5440dd0f0dff0f975869900eae2358163,2024-03,Hampshire Constabulary,Hampshire Constabulary,-1.073452,50.813869,On or near Beaulieu Road,E01017044,Portsmouth 011C,Shoplifting,Investigation complete; no suspect identified,
0a87fc5cb3ea334bceaec5ead1d31c2c2d3a60a9a12d67568367ac9c8dd0e71d,2024-03,Hampshire Constabulary,Hampshire Constabulary,-1.073452,50.813869,On or near Beaulieu Road,E01017044,Portsmouth 011C,Shoplifting,Unable to prosecute suspect,
389b3c76a41790c0a96551925df7328bbf45ca53e0d4f501ac825936fa2e61b0,2024-03,Hampshire Constabulary,Hampshire Constabulary,-1.073452,50.813869,On or near Beaulieu Road,E01017044,Portsmouth 011C,Shoplifting,Further investigation is not in the public interest,
ddd7575c68a9dbfebfd88d6cd4869be2fe34970c07a1e174e623424aacaeb0d4,2024-03,Hampshire Constabulary,Hampshire Constabulary,-1.073452,50.813869,On or near Beaulieu Road,E01017044,Portsmouth 011C,Shoplifting,Further investigation is not in the public interest,
820280633925f3435dc83d276b63be31b58fe04e3fcca00071a7ebb4e6db5255,2024-03,Hampshire Constabulary,Hampshire Constabulary,-1.073452,50.813869,On or near Beaulieu Road,E01017044,Portsmouth 011C,Violence and sexual offences,Unable to prosecute suspect,
4ceedc36eda99d374b3943cddaabe1694eebdff94d35f892bb053d354807f478,2024-03,Hampshire Constabulary,Hampshire Constabulary,-1.072535,50.815705,On or near Burlington Road,E01017044,Portsmouth 011C,Violence and sexual offences,Action to be taken by another organisation,
0602eb081cdd28224b5b9504af4385d936558bdb94406eadd53566d13cda0349,2024-03,Hampshire Constabulary,Hampshire Constabulary,-1.072535,50.815705,On or near Burlington Road,E01017044,Portsmouth 011C,Vehicle crime,Investigation complete; no suspect identified,
c2b5232e3502b000e4afd4bd803789a930d56503166f19670cb97080c44dff23,2024-03,Hampshire Constabulary,Hampshire Constabulary,-1.066237,50.821176,On or near Domum Road,E01017049,Portsmouth 011D,Violence and sexual offences,Unable to prosecute suspect,
e754ecb81f21dbb48375959b6c3d3afa4acfe4c2fd0a525fc3ea26088d60dbb4,2024-03,Hampshire Constabulary,Hampshire Constabulary,-1.064999,50.817767,On or near Petrol Station,E01017049,Portsmouth 011D,Criminal damage and arson,Investigation complete; no suspect identified,
bf061863565ef709ab882feda601f3b993e391743a1f8301c1ba8f2cf14c68bf,2024-03,Hampshire Constabulary,Hampshire Constabulary,-1.066237,50.821176,On or near Domum Road,E01017049,Portsmouth 011D,Public order,Investigation complete; no suspect identified,
ce603899b7333b1ec65a86c2248e99e51054caa1fd8146283493253258033b81,2024-03,Hampshire Constabulary,Hampshire Constabulary,-1.076531,50.813893,On or near Drayton Road,E01017110,Portsmouth 011E,Drugs,Formal action is not in the public interest,
7438d58e542a82d706716b8cdbabf32bd44b94cd0bd00e40266f8ec85f540f94,2024-03,Hampshire Constabulary,Hampshire Constabulary,-1.079110,50.814129,On or near Ashling Lane,E01017110,Portsmouth 011E,Vehicle crime,Investigation complete; no suspect identified,
e2a1194ed2f273d29117d73c520fc7537085f62bf1e5ff0e03622ba853c939b5,2024-03,Hampshire Constabulary,Hampshire Constabulary,-1.077610,50.814612,On or near Emsworth Road,E01017110,Portsmouth 011E,Vehicle crime,Unable to prosecute suspect,
30ef1a8aeb99bb1847a10fc62aa8a55b78f64948ea074d643018db4c08d364f9,2024-03,Hampshire Constabulary,Hampshire Constabulary,-1.076531,50.813893,On or near Drayton Road,E01017110,Portsmouth 011E,Violence and sexual offences,Unable to prosecute suspect,
61bb7239eeb513f0a6e19780f11548d403113acbe380169ea38d16ec6f38df1b,2024-03,Hampshire Constabulary,Hampshire Constabulary,-1.077610,50.814612,On or near Emsworth Road,E01017110,Portsmouth 011E,Violence and sexual offences,Unable to prosecute suspect,
,2024-03,Hampshire Constabulary,Hampshire Constabulary,-1.079110,50.814129,On or near Ashling Lane,E01017110,Portsmouth 011E,Anti-social behaviour,,
4f4ff2e2702d87a066ea764e1dec6ec72dd440e70b5b92ef809fe1b65e2c1d02,2024-03,Hampshire Constabulary,Hampshire Constabulary,-1.076531,50.813893,On or near Drayton Road,E01017110,Portsmouth 011E,Vehicle crime,Investigation complete; no suspect identified,
2c6ca0a7c482b8903b643a5911184ac2e585f9094b9146098a6060ab4f26d9d4,2024-03,Hampshire Constabulary,Hampshire Constabulary,-1.084663,50.813957,On or near Mills Road,E01017111,Portsmouth 011F,Drugs,Local resolution,
5b337833b62e9126b2c69f718f7a946497a2783b324fa8aecd636c5ae8ef850b,2024-03,Hampshire Constabulary,Hampshire Constabulary,-1.079912,50.815215,On or near Supermarket,E01017111,Portsmouth 011F,Drugs,Local resolution,
09660e5dd7cce15cf251378acf399f938becccf168badff46c4c6e2af58ab1c8,2024-03,Hampshire Constabulary,Hampshire Constabulary,-1.079912,50.815215,On or near Supermarket,E01017111,Portsmouth 011F,Public order,Unable to prosecute suspect,
7f293ad1af7fc64d39d878f649952c4fc71a02da1e0f60c783a5dfca88523a49,2024-03,Hampshire Constabulary,Hampshire Constabulary,-1.079700,50.815159,On or near A2047,E01017111,Portsmouth 011F,Shoplifting,Unable to prosecute suspect,
7b230c0f171aea42cc33c447ac57720afbc4d304a35972e1d1bcbcce9bfbda5e,2024-03,Hampshire Constabulary,Hampshire Constabulary,-1.079700,50.815159,On or near A2047,E01017111,Portsmouth 011F,Shoplifting,Investigation complete; no suspect identified,
2d13468a108be27cb52573022e4d911a952691f1b2626117a5fd3dbdc9fe9f6f,2024-03,Hampshire Constabulary,Hampshire Constabulary,-1.079912,50.815215,On or near Supermarket,E01017111,Portsmouth 011F,Shoplifting,Unable to prosecute suspect,
dbe9542098532d2f157229031f547522536e0c47841d7b1c2d1a1c548e1e8249,2024-03,Hampshire Constabulary,Hampshire Constabulary,-1.079912,50.815215,On or near Supermarket,E01017111,Portsmouth 011F,Shoplifting,Unable to prosecute suspect,
9ff3394e6a943ab9c5a933c8fb43a2fd07b311f9c5b1aa2057fb4cce78c81942,2024-03,Hampshire Constabulary,Hampshire Constabulary,-1.079700,50.815159,On or near A2047,E01017111,Portsmouth 011F,Shoplifting,Court result unavailable,
a765f2240151b222a193deee8f4a41d3d013c9a9b67bf529a63210f500115466,2024-03,Hampshire Constabulary,Hampshire Constabulary,-1.079700,50.815159,On or near A2047,E01017111,Portsmouth 011F,Shoplifting,Court result unavailable,
14cf51faed06438fd74b7a338ad1a97cbb1e2db92cb30d4da8243e61165d6b0c,2024-03,Hampshire Constabulary,Hampshire Constabulary,-1.079277,50.817763,On or near Petrol Station,E01017111,Portsmouth 011F,Vehicle crime,Unable to prosecute suspect,
582eaff356275241eb66b61fa77d5d44ca44dc0fa32886cfa3f3e8b2e2251c90,2024-03,Hampshire Constabulary,Hampshire Constabulary,-1.080797,50.814224,On or near Heathfield Road,E01017111,Portsmouth 011F,Violence and sexual offences,Unable to prosecute suspect,
8f614291b2abdd9919a6b1337f1ad14bf3d97432b32713fe95d498948719df30,2024-03,Hampshire Constabulary,Hampshire Constabulary,-1.079700,50.815159,On or near A2047,E01017111,Portsmouth 011F,Violence and sexual offences,Unable to prosecute suspect,
73e9a71b79f7573d7e0af98f2ba2cc9b5d42da05b5127c6d6dffe17b588f1c35,2024-03,Hampshire Constabulary,Hampshire Constabulary,-1.079700,50.815159,On or near A2047,E01017111,Portsmouth 011F,Violence and sexual offences,Court result unavailable,
d2b99b4b7dc497265a2b6e2831c490ba05bdb74b303fd0cebd9f313dd2147dfe,2024-03,Hampshire Constabulary,Hampshire Constabulary,-1.080797,50.814224,On or near Heathfield Road,E01017111,Portsmouth 011F,Violence and sexual offences,Unable to prosecute suspect,
b4929997341ca6be7995812c4fc1806cb86871f56aad652e700a82909df3dd0e,2024-03,Hampshire Constabulary,Hampshire Constabulary,-1.078793,50.816537,On or near Parking Area,E01017111,Portsmouth 011F,Violence and sexual offences,Action to be taken by another organisation,
a00274a3d17bc41524b0497ca1ef1a4fcb17400e21079f8db563bbd547e2a391,2024-03,Hampshire Constabulary,Hampshire Constabulary,-1.079447,50.817918,On or near Shopping Area,E01017111,Portsmouth 011F,Violence and sexual offences,Unable to prosecute suspect,
8475cb2c7dd0ea9f1e16e657987e34566afa6cc8cffe8b86da3535493ecfa643,2024-03,Hampshire Constabulary,Hampshire Constabulary,-1.083161,50.814593,On or near Bevis Road North,E01017111,Portsmouth 011F,Violence and sexual offences,Local resolution,
,2024-03,Hampshire Constabulary,Hampshire Constabulary,-1.079700,50.815159,On or near A2047,E01017111,Portsmouth 011F,Anti-social behaviour,,
,2024-03,Hampshire Constabulary,Hampshire Constabulary,-1.079912,50.815215,On or near Supermarket,E01017111,Portsmouth 011F,Anti-social behaviour,,
,2024-03,Hampshire Constabulary,Hampshire Constabulary,-1.084663,50.813957,On or near Mills Road,E01017111,Portsmouth 011F,Anti-social behaviour,,
73a45fff9f016d3c1f57f14d14079b2e1846388de971211640d4601d53cb2ebf,2024-03,Hampshire Constabulary,Hampshire Constabulary,-1.080797,50.814224,On or near Heathfield Road,E01017111,Portsmouth 011F,Bicycle theft,Investigation complete; no suspect identified,
0c6a6f87e4294cdd2b0dfab980f5a737c436a1438cd0a344830c1b0ebdfec083,2024-03,Hampshire Constabulary,Hampshire Constabulary,-1.078793,50.816537,On or near Parking Area,E01017111,Portsmouth 011F,Burglary,Investigation complete; no suspect identified,
84313fb9162a6086a3aeb1681cc13e9babe79076617a812c429298670bf8124e,2024-03,Hampshire Constabulary,Hampshire Constabulary,-1.079277,50.817763,On or near Petrol Station,E01017111,Portsmouth 011F,Criminal damage and arson,Investigation complete; no suspect identified,
c3bbf016d1e38ec93e510d2e8d101892843c50ed2ccdd5e1dce5e6751ac0d6a3,2024-03,Hampshire Constabulary,Hampshire Constabulary,-1.079700,50.815159,On or near A2047,E01017111,Portsmouth 011F,Other theft,Investigation complete; no suspect identified,
68e0f2af910f844817cd60bd6c9a2487dbb89be1c9f38eb83430ae97c616f0cf,2024-03,Hampshire Constabulary,Hampshire Constabulary,-1.079912,50.815215,On or near Supermarket,E01017111,Portsmouth 011F,Possession of weapons,Investigation complete; no suspect identified,
42c350777fd13f0f05330a2db5256028dc108b78c67f6aabfc3dc1dfdbaa4a77,2024-03,Hampshire Constabulary,Hampshire Constabulary,-1.079277,50.817763,On or near Petrol Station,E01017111,Portsmouth 011F,Public order,Status update unavailable,
941dee1b37fc0af6ba4c329618ecbd4758727d22854f92925880af1a9c82c7f0,2024-03,Hampshire Constabulary,Hampshire Constabulary,-1.079912,50.815215,On or near Supermarket,E01017111,Portsmouth 011F,Public order,Status update unavailable,
78dce8d089648e668280fdfaeb4328da4f7398b3bb7ae0697c481ed0afa172aa,2024-03,Hampshire Constabulary,Hampshire Constabulary,-1.079700,50.815159,On or near A2047,E01017111,Portsmouth 011F,Shoplifting,Status update unavailable,
17db4f0657f6bacf9698481e4033f1725364c004604549cca111305e0554f3fa,2024-03,Hampshire Constabulary,Hampshire Constabulary,-1.078793,50.816537,On or near Parking Area,E01017111,Portsmouth 011F,Theft from the person,Unable to prosecute suspect,
b7f18e18de27cc93ddb14a8e06bfd7dde9620681acc94be46b7168e3a30e94f6,2024-03,Hampshire Constabulary,Hampshire Constabulary,-1.078793,50.816537,On or near Parking Area,E01017111,Portsmouth 011F,Theft from the person,Investigation complete; no suspect identified,
9491eb9107b57a3562d49bbfffd33d3cb7725128238f5f84fb15990b619c5301,2024-03,Hampshire Constabulary,Hampshire Constabulary,-1.079912,50.815215,On or near Supermarket,E01017111,Portsmouth 011F,Vehicle crime,Investigation complete; no suspect identified,
2e30554d7ddcc31104b3c769dbc6bd831b548f21ba47bdba292cfead6ff91324,2024-03,Hampshire Constabulary,Hampshire Constabulary,-1.081337,50.814228,On or near Croft Road,E01017111,Portsmouth 011F,Vehicle crime,Investigation complete; no suspect identified,
305321674da40e3806f077fb867ae0334dbd70c7d16c6f29340d36c1837aa673,2024-03,Hampshire Constabulary,Hampshire Constabulary,-1.084663,50.813957,On or near Mills Road,E01017111,Portsmouth 011F,Vehicle crime,Status update unavailable,
f187213f2523622106175f7369ccf1bae1eb3ae269cd0e2305694c7f2786092e,2024-03,Hampshire Constabulary,Hampshire Constabulary,-1.083161,50.814593,On or near Bevis Road North,E01017111,Portsmouth 011F,Vehicle crime,Investigation complete; no suspect identified,
f044e828ddb6dc4b30ddbe5b80c3b812684fd120dc31bb54c5d3736527d886e5,2024-03,Hampshire Constabulary,Hampshire Constabulary,-1.078793,50.816537,On or near Parking Area,E01017111,Portsmouth 011F,Violence and sexual offences,Investigation complete; no suspect identified,
9810e67d9e01089c4fc045b6cf98cd61d33b492a7fc57911f271d2639371ccb8,2024-03,Hampshire Constabulary,Hampshire Constabulary,-1.084663,50.813957,On or near Mills Road,E01017111,Portsmouth 011F,Violence and sexual offences,Unable to prosecute suspect,
c34b990cd61282cbb8d73d38cfe279e8f3b99820d1a2fc40eb46af324bfd3649,2024-03,Hampshire Constabulary,Hampshire Constabulary,-1.080797,50.814224,On or near Heathfield Road,E01017111,Portsmouth 011F,Violence and sexual offences,Investigation complete; no suspect identified,
8709c041c15ceccc1ee5fd870c930630ebb2e1a87cc2ead746519feaab3e8beb,2024-03,Hampshire Constabulary,Hampshire Constabulary,-1.079700,50.815159,On or near A2047,E01017111,Portsmouth 011F,Violence and sexual offences,Unable to prosecute suspect,
f4761893fe9a6818d4da83111e9082362077ec1f1775a16aca55d0022dfd3284,2024-03,Hampshire Constabulary,Hampshire Constabulary,-1.062141,50.810181,On or near Dover Road,E01017013,Portsmouth 012A,Violence and sexual offences,Unable to prosecute suspect,
efd886a6e813f6c5c778bd9b49f5c2b9721177e55c3a86e28f8f4352144aab48,2024-03,Hampshire Constabulary,Hampshire Constabulary,-1.064503,50.814184,On or near Kendal Avenue,E01017013,Portsmouth 012A,Violence and sexual offences,Local resolution,
48d330083cb577a3e9c4c7386937a609cb971df79bb1a9ecd936e61af82e147f,2024-03,Hampshire Constabulary,Hampshire Constabulary,-1.062285,50.813672,On or near Moneyfield Lane,E01017013,Portsmouth 012A,Violence and sexual offences,Unable to prosecute suspect,
78d9528e04ca34499917ea4c51adf86016ef5826b84f64f1c0aa43c6e0d5d933,2024-03,Hampshire Constabulary,Hampshire Constabulary,-1.062285,50.813672,On or near Moneyfield Lane,E01017013,Portsmouth 012A,Violence and sexual offences,Investigation complete; no suspect identified,
3e180ebabce65b6791f10cf3fca28ccb00807d914386b816e2b283d0f8f7e251,2024-03,Hampshire Constabulary,Hampshire Constabulary,-1.062141,50.810181,On or near Dover Road,E01017013,Portsmouth 012A,Public order,Investigation complete; no suspect identified,
69a68cb2d16865cfc2c6c5e89ab3ffe60249aa6aa3dfe1e6f83b3a7e5ef3f113,2024-03,Hampshire Constabulary,Hampshire Constabulary,-1.060932,50.811727,On or near Eastbourne Road,E01017013,Portsmouth 012A,Vehicle crime,Investigation complete; no suspect identified,
5ece576f798960de3985918516e1de686f1685474bb31173d580f77b3c03ca2a,2024-03,Hampshire Constabulary,Hampshire Constabulary,-1.062141,50.810181,On or near Dover Road,E01017013,Portsmouth 012A,Violence and sexual offences,Action to be taken by another organisation,
dbed8365f23915761f1a8954a90a8b33af08d34332b7fa8177255f45e9e457f5,2024-03,Hampshire Constabulary,Hampshire Constabulary,-1.063917,50.813667,On or near Keswick Avenue,E01017013,Portsmouth 012A,Violence and sexual offences,Action to be taken by another organisation,
128a5dd6dee430817874060499b323adc30f67f05bbb26b3dae212228e85eead,2024-03,Hampshire Constabulary,Hampshire Constabulary,-1.062285,50.813672,On or near Moneyfield Lane,E01017013,Portsmouth 012A,Violence and sexual offences,Investigation complete; no suspect identified,
c22b25933bc02354cb2aa929af6460a62b7412cdb1c9bb0b08d7e149fbd9b823,2024-03,Hampshire Constabulary,Hampshire Constabulary,-1.064201,50.812950,On or near Coniston Avenue,E01017013,Portsmouth 012A,Violence and sexual offences,Action to be taken by another organisation,
39c382c072f330e656769e6d0042298507b8b67a80df47765314b6a784672d01,2024-03,Hampshire Constabulary,Hampshire Constabulary,-1.068227,50.813198,On or near Wallace Road,E01017042,Portsmouth 012B,Violence and sexual offences,Unable to prosecute suspect,
07d820bb3886b0f4d5ce9e3c977bd2423114b4a4fd4bdbcbec5b8cb0916f0937,2024-03,Hampshire Constabulary,Hampshire Constabulary,-1.069036,50.813204,On or near Bedhampton Road,E01017042,Portsmouth 012B,Violence and sexual offences,Unable to prosecute suspect,
0e6047c1b95b3cddeadf3f40d4b25959f60c82a77da84e006dc22152d445fbf2,2024-03,Hampshire Constabulary,Hampshire Constabulary,-1.067404,50.813191,On or near Westbourne Road,E01017042,Portsmouth 012B,Violence and sexual offences,Unable to prosecute suspect,
0690c9386232749c0d68cf4809e2b8f6f94a498d80ca28218536d4bc3d89ca34,2024-03,Hampshire Constabulary,Hampshire Constabulary,-1.067404,50.813191,On or near Westbourne Road,E01017042,Portsmouth 012B,Violence and sexual offences,Unable to prosecute suspect,
3961ae8440d735f5eef9bcb7d2d4915280393fb327526d8b10f0eedfc62ff48f,2024-03,Hampshire Constabulary,Hampshire Constabulary,-1.068227,50.813198,On or near Wallace Road,E01017042,Portsmouth 012B,Vehicle crime,Investigation complete; no suspect identified,
6eec86786171404a6a0147ea7b5121b8a491258d04fd0bdef248c763f01515a5,2024-03,Hampshire Constabulary,Hampshire Constabulary,-1.069845,50.813211,On or near Preston Road,E01017045,Portsmouth 012C,Drugs,Awaiting court outcome,
4f6578f094fc2e98e1d28021eb5000b7dec28e880b14eb97111cf908769f98c8,2024-03,Hampshire Constabulary,Hampshire Constabulary,-1.069845,50.813211,On or near Preston Road,E01017045,Portsmouth 012C,Vehicle crime,Awaiting court outcome,
e94570477e91730f0f7e2fd7dd3710deeaef4760a757a2302e18414cd42a5c94,2024-03,Hampshire Constabulary,Hampshire Constabulary,-1.070645,50.812938,On or near Paulsgrove Road,E01017045,Portsmouth 012C,Violence and sexual offences,Unable to prosecute suspect,
baf5bfc7da5a97df9e06ed6db9ca902fa1d059eecc121c3db260625785c33f35,2024-03,Hampshire Constabulary,Hampshire Constabulary,-1.073461,50.812673,On or near Wymering Road,E01017045,Portsmouth 012C,Criminal damage and arson,Investigation complete; no suspect identified,
2351153354491062070908737c8d2f2b554afa1409b4777b70d9999f2fd6199f,2024-03,Hampshire Constabulary,Hampshire Constabulary,-1.069845,50.813211,On or near Preston Road,E01017045,Portsmouth 012C,Other theft,Investigation complete; no suspect identified,
c431c71d9ab8d77bf4777fd9fa8e98ca30f2090e6f39855220cba47b503a48ac,2024-03,Hampshire Constabulary,Hampshire Constabulary,-1.072367,50.812026,On or near Powerscourt Road,E01017045,Portsmouth 012C,Vehicle crime,Investigation complete; no suspect identified,
2bceb91e44c4bc2da239ac8b9b4f1348cf8ab09c6afad1ba63e86cb1a4a07786,2024-03,Hampshire Constabulary,Hampshire Constabulary,-1.070645,50.812938,On or near Paulsgrove Road,E01017045,Portsmouth 012C,Vehicle crime,Investigation complete; no suspect identified,
ac35cc404e61d3506b3955210a400c63bc4feb3fd961a19bdc7c39dadd890c33,2024-03,Hampshire Constabulary,Hampshire Constabulary,-1.072868,50.813235,On or near Portchester Road,E01017045,Portsmouth 012C,Violence and sexual offences,Unable to prosecute suspect,
1afb234bb58ec84c8b0bea1720663d837d80b5a0a54c226d5a0d2e681db29591,2024-03,Hampshire Constabulary,Hampshire Constabulary,-1.075259,50.809306,On or near Toronto Road,E01017075,Portsmouth 012D,Criminal damage and arson,Unable to prosecute suspect,
5c0f32350684105a4fb84c394a2efcecf481962381db3df0910f9405b9beee81,2024-03,Hampshire Constabulary,Hampshire Constabulary,-1.070647,50.809260,On or near Burleigh Road,E01017075,Portsmouth 012D,Violence and sexual offences,Investigation complete; no suspect identified,
5aefbec0de3ae8a4b8554861618f73a3a32cb1a76625401d76328368e4e51366,2024-03,Hampshire Constabulary,Hampshire Constabulary,-1.076216,50.809745,On or near Binsteed Road,E01017075,Portsmouth 012D,Violence and sexual offences,Unable to prosecute suspect,
18af43e730fad2f56985aaa8fbf83952f38a1e6e2d83f009787f35eaad1ecce5,2024-03,Hampshire Constabulary,Hampshire Constabulary,-1.076216,50.809745,On or near Binsteed Road,E01017075,Portsmouth 012D,Violence and sexual offences,Unable to prosecute suspect,
cbd62f51d81f850182a74e6b04fc251efd3450a3831154129081d6f1ca1cb960,2024-03,Hampshire Constabulary,Hampshire Constabulary,-1.075259,50.809306,On or near Toronto Road,E01017075,Portsmouth 012D,Violence and sexual offences,Awaiting court outcome,
,2024-03,Hampshire Constabulary,Hampshire Constabulary,-1.073184,50.810153,On or near Langley Road,E01017075,Portsmouth 012D,Anti-social behaviour,,
e7808a8f467c8343650abd977e3001501c2c162e637b9cf61400c1bd3d4bbcde,2024-03,Hampshire Constabulary,Hampshire Constabulary,-1.073184,50.810153,On or near Langley Road,E01017075,Portsmouth 012D,Vehicle crime,Investigation complete; no suspect identified,
f32a601a0aee128465a8c408c8428f3d6eb6d3a40c6014f44b4af3c95722f5f6,2024-03,Hampshire Constabulary,Hampshire Constabulary,-1.073184,50.810153,On or near Langley Road,E01017075,Portsmouth 012D,Vehicle crime,Investigation complete; no suspect identified,
9a0c075f2cc22d8fbb17fb1bdde468f662b1da322481e79c11dacf2e1d88eb5a,2024-03,Hampshire Constabulary,Hampshire Constabulary,-1.071729,50.809808,On or near Cyprus Road,E01017075,Portsmouth 012D,Violence and sexual offences,Court result unavailable,
8819b7c0412bfe2b50493d0349bcba739bac6932f0c8fb7976d1eabae77a4dc9,2024-03,Hampshire Constabulary,Hampshire Constabulary,-1.076216,50.809745,On or near Binsteed Road,E01017075,Portsmouth 012D,Violence and sexual offences,Unable to prosecute suspect,
394cc5380d33be4e5346ff22beec97f2715ce3fc3a85ec6b5b60483b7383e592,2024-03,Hampshire Constabulary,Hampshire Constabulary,-1.075259,50.809306,On or near Toronto Road,E01017075,Portsmouth 012D,Violence and sexual offences,Unable to prosecute suspect,
21e5f091fdab17a6f6f3c000c470e1049ac2f655c206c172b7c2b6a77bf96d3a,2024-03,Hampshire Constabulary,Hampshire Constabulary,-1.074877,50.810688,On or near Winchester Road,E01017075,Portsmouth 012D,Violence and sexual offences,Unable to prosecute suspect,
a41f092b2cb98c818da8450b2d94e682cfc4a3ebdb9aebae96b7ab831a06f3ba,2024-03,Hampshire Constabulary,Hampshire Constabulary,-1.071729,50.809808,On or near Cyprus Road,E01017075,Portsmouth 012D,Violence and sexual offences,Unable to prosecute suspect,
149f80cbb6a2b457fef97dc18c3d358331b04ea385970326bf76ca209430db25,2024-03,Hampshire Constabulary,Hampshire Constabulary,-1.071698,50.811373,On or near Queen'S Road,E01017082,Portsmouth 012E,Violence and sexual offences,Unable to prosecute suspect,
232015f9a256704305c839a1135b7e202582d0c1b974e827402831093c250c6a,2024-03,Hampshire Constabulary,Hampshire Constabulary,-1.077581,50.810304,On or near St Stephens Road,E01017082,Portsmouth 012E,Violence and sexual offences,Unable to prosecute suspect,
9e94dd9bba1d4521af4210d88fc2a8b2a850403d863426658dce37da207ebebd,2024-03,Hampshire Constabulary,Hampshire Constabulary,-1.071698,50.811373,On or near Queen'S Road,E01017082,Portsmouth 012E,Other theft,Investigation complete; no suspect identified,
83acee0b8d0f116cbec1fe43e6632a017e474d209128d472f68cce86e183fcea,2024-03,Hampshire Constabulary,Hampshire Constabulary,-1.069038,50.810237,On or near Carnarvon Road,E01017083,Portsmouth 012F,Burglary,Unable to prosecute suspect,
3cc4e62dc96973ed97641d292b91668b4039b5f132abe6ffcae40463cf2053dc,2024-03,Hampshire Constabulary,Hampshire Constabulary,-1.068187,50.810230,On or near Byron Road,E01017083,Portsmouth 012F,Burglary,Investigation complete; no suspect identified,
15f62f73db66c12047cff38f872e87c806501162dfb9abfa4dca112340627b1e,2024-03,Hampshire Constabulary,Hampshire Constabulary,-1.068187,50.810230,On or near Byron Road,E01017083,Portsmouth 012F,Drugs,Court result unavailable,
abe0cc34480964167f808a0322da70c7d20c4809cdb9d46d4d06ed30701add62,2024-03,Hampshire Constabulary,Hampshire Constabulary,-1.066026,50.809718,On or near New Road East,E01017083,Portsmouth 012F,Drugs,Court result unavailable,
775ae0b6f55d138f9e5de822f103e39c3c9aa091d01bfd365ae5f660115677e6,2024-03,Hampshire Constabulary,Hampshire Constabulary,-1.066026,50.809718,On or near New Road East,E01017083,Portsmouth 012F,Public order,Unable to prosecute suspect,
de767eaa408001453ffe6a2542c93f95aff2afdeb24ec050b95a62c48dc6da44,2024-03,Hampshire Constabulary,Hampshire Constabulary,-1.066026,50.809718,On or near New Road East,E01017083,Portsmouth 012F,Vehicle crime,Unable to prosecute suspect,
7b012ab2eec8e47d6d7055985bbc2b4fbb9858e33ce760d09fa7388cc01510bd,2024-03,Hampshire Constabulary,Hampshire Constabulary,-1.068187,50.810230,On or near Byron Road,E01017083,Portsmouth 012F,Violence and sexual offences,Unable to prosecute suspect,
4335c637d76efcf9aef3048cd912701f27fcacf6e9a35476c9a2cf52967c4413,2024-03,Hampshire Constabulary,Hampshire Constabulary,-1.066026,50.809718,On or near New Road East,E01017083,Portsmouth 012F,Violence and sexual offences,Awaiting court outcome,
8cc8bde1fccc360681e1bb780c4d1a17fb389792867271531238cacf9c8cec47,2024-03,Hampshire Constabulary,Hampshire Constabulary,-1.067269,50.810690,On or near Tennyson Road,E01017083,Portsmouth 012F,Public order,Investigation complete; no suspect identified,
1ca65a0f29aea00c7e7edd437412b9c306314dbd728cabd72df2434674594a12,2024-03,Hampshire Constabulary,Hampshire Constabulary,-1.069038,50.810237,On or near Carnarvon Road,E01017083,Portsmouth 012F,Vehicle crime,Investigation complete; no suspect identified,
b98dcf2b849382cd1118f2a1d1cb1f122562f806036d040ca3371d6b798718b5,2024-03,Hampshire Constabulary,Hampshire Constabulary,-1.067269,50.810690,On or near Tennyson Road,E01017083,Portsmouth 012F,Violence and sexual offences,Investigation complete; no suspect identified,
7c8922c59c447f7194411c1f0388988a98a1ff7e378fafe8d3e1c4babe37c0d9,2024-03,Hampshire Constabulary,Hampshire Constabulary,-1.067269,50.810690,On or near Tennyson Road,E01017083,Portsmouth 012F,Violence and sexual offences,Unable to prosecute suspect,
400f669a37d1f064b258be41b779332e634341b25520423681c2f641efc981fd,2024-03,Hampshire Constabulary,Hampshire Constabulary,-1.077776,50.808346,On or near Little Arthur Street,E01017036,Portsmouth 013A,Drugs,Local resolution,
0f6615ab2d7fcd6882c84cdbbae2dd24580f7a4a5701a4dc356f0f79f93c39c4,2024-03,Hampshire Constabulary,Hampshire Constabulary,-1.079919,50.808336,On or near Seymour Close,E01017036,Portsmouth 013A,Possession of weapons,Unable to prosecute suspect,
e9bdd62f47509d93d2835d589384f1ce93f66ffc2dd3b81a83d7717b45cd9371,2024-03,Hampshire Constabulary,Hampshire Constabulary,-1.078022,50.808096,On or near Parking Area,E01017036,Portsmouth 013A,Public order,Unable to prosecute suspect,
530bf8b426bf64e0d79435c2e8a9b08afbf3434345f22f1bec027125073c29cc,2024-03,Hampshire Constabulary,Hampshire Constabulary,-1.078848,50.810135,On or near Petrol Station,E01017036,Portsmouth 013A,Public order,Unable to prosecute suspect,
29610f3c47086dbcd83600e3dfbe1853847e18e2fcfa4fe439484f7bed552be4,2024-03,Hampshire Constabulary,Hampshire Constabulary,-1.078172,50.808439,On or near Hanway Road,E01017036,Portsmouth 013A,Violence and sexual offences,Unable to prosecute suspect,
4966c9975357d4e7c51e11e58542229dd0d8d04f4220ba97a1d6e43c48794a6e,2024-03,Hampshire Constabulary,Hampshire Constabulary,-1.079248,50.809283,On or near Arnaud Close,E01017036,Portsmouth 013A,Violence and sexual offences,Unable to prosecute suspect,
d7938a07ac5d0918c25b5db44f2b010587cc4e0ed6400b1ce87cc4b06961a00a,2024-03,Hampshire Constabulary,Hampshire Constabulary,-1.079991,50.806115,On or near Westminster Place,E01017036,Portsmouth 013A,Violence and sexual offences,Local resolution,
6691ead7aa7867fd46f46d3194ba576728b6fb1d742712957aff6e24ea9d90a6,2024-03,Hampshire Constabulary,Hampshire Constabulary,-1.079991,50.806115,On or near Westminster Place,E01017036,Portsmouth 013A,Violence and sexual offences,Unable to prosecute suspect,
82dc517315d74ec2c40fa711dd4c7ed501dd0391a581a34ca215ffad61ddfd86,2024-03,Hampshire Constabulary,Hampshire Constabulary,-1.079991,50.806115,On or near Westminster Place,E01017036,Portsmouth 013A,Violence and sexual offences,Unable to prosecute suspect,
d91f9b80c1b4318b4f8546a20084ab3be3ac62d654a2e25a2010a4b42e26aa83,2024-03,Hampshire Constabulary,Hampshire Constabulary,-1.079770,50.806527,On or near Mayo Close,E01017036,Portsmouth 013A,Violence and sexual offences,Investigation complete; no suspect identified,
d4cd789df549aaa2cee2b4d3d5e01ad25320483517ae8714483df0ddbddef72d,2024-03,Hampshire Constabulary,Hampshire Constabulary,-1.078172,50.808439,On or near Hanway Road,E01017036,Portsmouth 013A,Violence and sexual offences,Unable to prosecute suspect,
d601a2c0bdd3beb38d4a4a54197945a6c41382f8f87cb78c6103f791c801891b,2024-03,Hampshire Constabulary,Hampshire Constabulary,-1.077786,50.807132,On or near Parking Area,E01017036,Portsmouth 013A,Violence and sexual offences,Investigation complete; no suspect identified,
b96e37dd87b8fa2f707d40d6d462902f6809893e872bda18791736a8165a6d56,2024-03,Hampshire Constabulary,Hampshire Constabulary,-1.079770,50.806527,On or near Mayo Close,E01017036,Portsmouth 013A,Violence and sexual offences,Unable to prosecute suspect,
520fefef3e7c9ec5e3735bcc40f08ebc775c3e2086fb80414bfead46699e11cf,2024-03,Hampshire Constabulary,Hampshire Constabulary,-1.078129,50.806262,On or near Kilmiston Close,E01017036,Portsmouth 013A,Violence and sexual offences,Court result unavailable,
718a4b60e684ae16f674fd22c2a57c0eaa7022da2190c7b0f7cbef13241aaf75,2024-03,Hampshire Constabulary,Hampshire Constabulary,-1.079991,50.806115,On or near Westminster Place,E01017036,Portsmouth 013A,Violence and sexual offences,Unable to prosecute suspect,
12cd2a3249c0fb6780f14d1fce3e985d66219de883bbcdcedde9dcba72bd247d,2024-03,Hampshire Constabulary,Hampshire Constabulary,-1.078848,50.810135,On or near Petrol Station,E01017036,Portsmouth 013A,Violence and sexual offences,Unable to prosecute suspect,
,2024-03,Hampshire Constabulary,Hampshire Constabulary,-1.078455,50.809916,On or near Chapel Street,E01017036,Portsmouth 013A,Anti-social behaviour,,
,2024-03,Hampshire Constabulary,Hampshire Constabulary,-1.079991,50.806115,On or near Westminster Place,E01017036,Portsmouth 013A,Anti-social behaviour,,
d63f2d55a6d88bf00afe1c6a55a6c04cef34b027c342f81a785d1222608f464c,2024-03,Hampshire Constabulary,Hampshire Constabulary,-1.078129,50.806262,On or near Kilmiston Close,E01017036,Portsmouth 013A,Criminal damage and arson,Investigation complete; no suspect identified,
2c6df41988f7f73ef2e29ae47a2952e0a3b1448e7aa50f6147be64b9aac3b690,2024-03,Hampshire Constabulary,Hampshire Constabulary,-1.078129,50.806262,On or near Kilmiston Close,E01017036,Portsmouth 013A,Criminal damage and arson,Investigation complete; no suspect identified,
83bb94ce21923f24613afcd89c04ce1b860264118dbb3cc05ef0b74c639e60bc,2024-03,Hampshire Constabulary,Hampshire Constabulary,-1.079991,50.806115,On or near Westminster Place,E01017036,Portsmouth 013A,Criminal damage and arson,Unable to prosecute suspect,
649c51a5d55b165d6d64bd0070e043f1d08eba82be6cb5d21cc17fa04a2b9233,2024-03,Hampshire Constabulary,Hampshire Constabulary,-1.082040,50.808784,On or near Agincourt Road,E01017036,Portsmouth 013A,Drugs,Status update unavailable,
c5d747d06fca562972a886683d4ddd57b9db11535c80d8c9e43a14f6d5b7eaf8,2024-03,Hampshire Constabulary,Hampshire Constabulary,-1.077955,50.808635,On or near Parking Area,E01017036,Portsmouth 013A,Other theft,Unable to prosecute suspect,
4a53e63000d9fda1cf2594e5f4b73d41b45f62de4494aed95b11cafc1829e3a9,2024-03,Hampshire Constabulary,Hampshire Constabulary,-1.078022,50.808096,On or near Parking Area,E01017036,Portsmouth 013A,Other theft,Investigation complete; no suspect identified,
7684529dc26d5daad5fc7035cc5495897c2bfec40a4c793e12f6f94d2c84c203,2024-03,Hampshire Constabulary,Hampshire Constabulary,-1.077955,50.808635,On or near Parking Area,E01017036,Portsmouth 013A,Public order,Investigation complete; no suspect identified,
9f79a42fb2007dadd75860efa30775561138c1877a9061bb2d1355fac4afa7dc,2024-03,Hampshire Constabulary,Hampshire Constabulary,-1.077776,50.808346,On or near Little Arthur Street,E01017036,Portsmouth 013A,Public order,Unable to prosecute suspect,
8e20a2fe3b8fbcaa9889618c810a943c9eadd3034326e69ca6ea238e750c05fc,2024-03,Hampshire Constabulary,Hampshire Constabulary,-1.079991,50.806115,On or near Westminster Place,E01017036,Portsmouth 013A,Violence and sexual offences,Unable to prosecute suspect,
2dbdd5c6ec3e6d8d38efbcf5a2023345d21f8635417f17085660bbcf8820c4ba,2024-03,Hampshire Constabulary,Hampshire Constabulary,-1.078455,50.809916,On or near Chapel Street,E01017036,Portsmouth 013A,Violence and sexual offences,Unable to prosecute suspect,
9d717729f21e357c57598143bbe6d8e390ec03c4721aaf03e463d32425bd6296,2024-03,Hampshire Constabulary,Hampshire Constabulary,-1.081215,50.808849,On or near Cressy Road,E01017036,Portsmouth 013A,Violence and sexual offences,Unable to prosecute suspect,
d06fa0e9e8a91324ccf356a49822799b89d61ff3e7121348fb4a71532d532db8,2024-03,Hampshire Constabulary,Hampshire Constabulary,-1.082407,50.809569,On or near Malins Road,E01017036,Portsmouth 013A,Violence and sexual offences,Status update unavailable,
1afad27902de05a2dcc78f195b9e04e68bfa3bf795c1de853ada3b0823048efc,2024-03,Hampshire Constabulary,Hampshire Constabulary,-1.079991,50.806115,On or near Westminster Place,E01017036,Portsmouth 013A,Violence and sexual offences,Unable to prosecute suspect,
08a673bed152c07b6b5a7492762eb9d2af5d2b3ea98c43a7d3acece513ddc610,2024-03,Hampshire Constabulary,Hampshire Constabulary,-1.079991,50.806115,On or near Westminster Place,E01017036,Portsmouth 013A,Violence and sexual offences,Unable to prosecute suspect,
3efbab479e97a589872ba67b654c17cff91e56466b08c9e12bc229a3ee5573db,2024-03,Hampshire Constabulary,Hampshire Constabulary,-1.078129,50.806262,On or near Kilmiston Close,E01017036,Portsmouth 013A,Violence and sexual offences,Investigation complete; no suspect identified,
baa9f761653e342740e447b03ac581dd38c9ab4b0e912628bc4d570e21c91108,2024-03,Hampshire Constabulary,Hampshire Constabulary,-1.081730,50.805031,On or near Turner Road,E01017037,Portsmouth 013B,Criminal damage and arson,Offender given a caution,
e0eb26f49dfaeba976f13820f62102a763c30055abe1777270a66be5671aa46b,2024-03,Hampshire Constabulary,Hampshire Constabulary,-1.081730,50.805031,On or near Turner Road,E01017037,Portsmouth 013B,Drugs,Unable to prosecute suspect,
911667abb28bedc18f6fde85abca7cf30256a8954967276aa9dcd349bfa98942,2024-03,Hampshire Constabulary,Hampshire Constabulary,-1.084077,50.807667,On or near Baker Street,E01017037,Portsmouth 013B,Shoplifting,Unable to prosecute suspect,
76bf09d271137d42a4dd7a76b0d0f378fc70c239ec2b3c677d68dd29b215cc0d,2024-03,Hampshire Constabulary,Hampshire Constabulary,-1.082290,50.807581,On or near Sultan Road,E01017037,Portsmouth 013B,Violence and sexual offences,Unable to prosecute suspect,
382ef61d38c1017dbaef7c59faf1a884d9be1ad450145d2fdcb79a11d3f80e38,2024-03,Hampshire Constabulary,Hampshire Constabulary,-1.084093,50.806840,On or near Nelson Road,E01017037,Portsmouth 013B,Violence and sexual offences,Court result unavailable,
1bb2178aab5d5ea3566b68f53b8c58a4fa214e6e73dd4f259436e3840dff05a6,2024-03,Hampshire Constabulary,Hampshire Constabulary,-1.082290,50.807581,On or near Sultan Road,E01017037,Portsmouth 013B,Violence and sexual offences,Court result unavailable,
424411541a9532c4462bcf41dcd882d3d93fec68873b4d9ef5be8c7b4f024996,2024-03,Hampshire Constabulary,Hampshire Constabulary,-1.077917,50.807654,On or near Parking Area,E01017037,Portsmouth 013B,Violence and sexual offences,Awaiting court outcome,
0ef0bc5e33aceab20c8d60633387cad4eeb88ecf278489a17c7736c768e070aa,2024-03,Hampshire Constabulary,Hampshire Constabulary,-1.085981,50.806809,On or near Victoria Street,E01017037,Portsmouth 013B,Violence and sexual offences,Unable to prosecute suspect,
3bc0443099d94b0f1050735126dfc5267fef9c11c09f138aa025d7a3c5eacbeb,2024-03,Hampshire Constabulary,Hampshire Constabulary,-1.084093,50.806840,On or near Nelson Road,E01017037,Portsmouth 013B,Violence and sexual offences,Unable to prosecute suspect,
7adaa4e781e894720dba6940292ab7d04bbd98c5ba55c33418bda6659590722f,2024-03,Hampshire Constabulary,Hampshire Constabulary,-1.081235,50.805675,On or near Watts Road,E01017037,Portsmouth 013B,Violence and sexual offences,Unable to prosecute suspect,
0e17a626f60e462476fc52d9cb917a10fd6c9f4c9a4f1204564040897053540a,2024-03,Hampshire Constabulary,Hampshire Constabulary,-1.082011,50.806616,On or near Hertford Place,E01017037,Portsmouth 013B,Violence and sexual offences,Unable to prosecute suspect,
a5fe9b2fd7b80fdada2320d5b640dbdd260b24bd08fe0e090fa5ac4aba98d816,2024-03,Hampshire Constabulary,Hampshire Constabulary,-1.084093,50.806840,On or near Nelson Road,E01017037,Portsmouth 013B,Violence and sexual offences,Unable to prosecute suspect,
9c60837b0f6fd83d8ececd27db7792b537d4a2c5a4d6abc0f37fbcac1e579d21,2024-03,Hampshire Constabulary,Hampshire Constabulary,-1.084077,50.807667,On or near Baker Street,E01017037,Portsmouth 013B,Violence and sexual offences,Unable to prosecute suspect,
d27ca02a6fa327200e24a1e31d835b8816013d27907066adf3f7dcb6a8c9c04c,2024-03,Hampshire Constabulary,Hampshire Constabulary,-1.081235,50.805675,On or near Watts Road,E01017037,Portsmouth 013B,Violence and sexual offences,Unable to prosecute suspect,
a453124f9d6a79d133a67f74a812bae6b8fc2fb38beb47bcae7082b2247dbb6b,2024-03,Hampshire Constabulary,Hampshire Constabulary,-1.080393,50.806622,On or near Northbrook Close,E01017037,Portsmouth 013B,Violence and sexual offences,Action to be taken by another organisation,
,2024-03,Hampshire Constabulary,Hampshire Constabulary,-1.082290,50.807581,On or near Sultan Road,E01017037,Portsmouth 013B,Anti-social behaviour,,
,2024-03,Hampshire Constabulary,Hampshire Constabulary,-1.084093,50.806840,On or near Nelson Road,E01017037,Portsmouth 013B,Anti-social behaviour,,
,2024-03,Hampshire Constabulary,Hampshire Constabulary,-1.084093,50.806840,On or near Nelson Road,E01017037,Portsmouth 013B,Anti-social behaviour,,
a92fcc5b74092ec938e5653098a15d29c9b88c6bf14cee1f435a4fbfdd0d6354,2024-03,Hampshire Constabulary,Hampshire Constabulary,-1.084093,50.806840,On or near Nelson Road,E01017037,Portsmouth 013B,Burglary,Investigation complete; no suspect identified,
6b875565e5805f6ee46ea312cce5c25e9419335f126c94423e1ea23e557fa380,2024-03,Hampshire Constabulary,Hampshire Constabulary,-1.077917,50.807654,On or near Parking Area,E01017037,Portsmouth 013B,Criminal damage and arson,Investigation complete; no suspect identified,
9c5935e8d386be3a751b34f418f0c40a87c200f3a8d7f63e6978a11e5effa18f,2024-03,Hampshire Constabulary,Hampshire Constabulary,-1.082290,50.807581,On or near Sultan Road,E01017037,Portsmouth 013B,Criminal damage and arson,Unable to prosecute suspect,
1641411f76d75d6d8160f67e49598dc74710c2740cae6e91edde94381dbadeea,2024-03,Hampshire Constabulary,Hampshire Constabulary,-1.080155,50.804992,On or near B2152,E01017037,Portsmouth 013B,Vehicle crime,Investigation complete; no suspect identified,
4b8b897f56d9ccc543e0b2d7f9466f76a23adc53819d9bc73b7ba16a66a9cf37,2024-03,Hampshire Constabulary,Hampshire Constabulary,-1.077917,50.807654,On or near Parking Area,E01017037,Portsmouth 013B,Violence and sexual offences,Unable to prosecute suspect,
847675373a0139d7953d679f4694c86979ff07287534788a8fb09851e9adc1d7,2024-03,Hampshire Constabulary,Hampshire Constabulary,-1.081541,50.806496,On or near Sports/Recreation Area,E01017037,Portsmouth 013B,Violence and sexual offences,Status update unavailable,
b4afbabb00132640fa0ffd91d1f02536eadea907f6bbab29383265b6544f6aca,2024-03,Hampshire Constabulary,Hampshire Constabulary,-1.080155,50.804992,On or near B2152,E01017037,Portsmouth 013B,Violence and sexual offences,Unable to prosecute suspect,
1074d986c67983100006d225ff85c0e0c1349f5ccebb7f7fa3ae3fb9114b1eba,2024-03,Hampshire Constabulary,Hampshire Constabulary,-1.077917,50.807654,On or near Parking Area,E01017037,Portsmouth 013B,Violence and sexual offences,Unable to prosecute suspect,
73e4998c0d4867b230d1d38ac2673fc93a6df6fa37773a19518226f8e80a46f9,2024-03,Hampshire Constabulary,Hampshire Constabulary,-1.077917,50.807654,On or near Parking Area,E01017037,Portsmouth 013B,Violence and sexual offences,Investigation complete; no suspect identified,
3f2ecc977bb6f2998bdb451e0177e02164126212f5fed6b3e68c62ac9878f97c,2024-03,Hampshire Constabulary,Hampshire Constabulary,-1.082011,50.806616,On or near Hertford Place,E01017037,Portsmouth 013B,Violence and sexual offences,Unable to prosecute suspect,
66b1cc1aeabdb1a04aa37b3c7038bb6a0a22aa02d122d75618bbac976d19d958,2024-03,Hampshire Constabulary,Hampshire Constabulary,-1.088657,50.803494,On or near Frederick Street,E01017038,Portsmouth 013C,Bicycle theft,Investigation complete; no suspect identified,
ebc3ef4a7a85133a7ba82bd93792d10a3bf3a5362553ce2699b64a85ba71dc06,2024-03,Hampshire Constabulary,Hampshire Constabulary,-1.083637,50.806206,On or near Maitland Street,E01017038,Portsmouth 013C,Burglary,Investigation complete; no suspect identified,
a016500b429d9c79dc7d482343577c24f2f37857ee6d0bbfccba9a48e01d48c0,2024-03,Hampshire Constabulary,Hampshire Constabulary,-1.088758,50.806276,On or near Supermarket,E01017038,Portsmouth 013C,Criminal damage and arson,Investigation complete; no suspect identified,
c363208280dc9f8aed479922abd63c07e9e9f27e518165bdd7ff1eb5d7010405,2024-03,Hampshire Constabulary,Hampshire Constabulary,-1.087243,50.801747,On or near Jacob'S Street,E01017038,Portsmouth 013C,Public order,Investigation complete; no suspect identified,
4bc535a1ee7d83df2afe2948d2f2017f9dfb3b51ba6063ac0c2c09f68fa8ab0e,2024-03,Hampshire Constabulary,Hampshire Constabulary,-1.086487,50.805608,On or near Parking Area,E01017038,Portsmouth 013C,Public order,Formal action is not in the public interest,
7220b2f0369468e1e57e095be30f714ea608f78f4b40011a45bf2d220f6b6f99,2024-03,Hampshire Constabulary,Hampshire Constabulary,-1.086153,50.805282,On or near All Saints Road,E01017038,Portsmouth 013C,Public order,Local resolution,
21e6e5146692358fe75d0b505725441345dfc547207b41b4b056106f8fa98684,2024-03,Hampshire Constabulary,Hampshire Constabulary,-1.084660,50.805423,On or near Brownlow Close,E01017038,Portsmouth 013C,Public order,Unable to prosecute suspect,
e55a1624fb3ae17f271c29f70257cbb019d5367b7e76558897609f1de4615cb7,2024-03,Hampshire Constabulary,Hampshire Constabulary,-1.087243,50.801747,On or near Jacob'S Street,E01017038,Portsmouth 013C,Shoplifting,Court result unavailable,
172e526e1d6119a67c55d72073f486bc2c4158189c1053a634b575036f045dd6,2024-03,Hampshire Constabulary,Hampshire Constabulary,-1.087243,50.801747,On or near Jacob'S Street,E01017038,Portsmouth 013C,Shoplifting,Court result unavailable,
f89cdf500c8f6982418ec0e5b28335649490864ce20693aea80d9776d7d9b23a,2024-03,Hampshire Constabulary,Hampshire Constabulary,-1.088758,50.806276,On or near Supermarket,E01017038,Portsmouth 013C,Shoplifting,Investigation complete; no suspect identified,
72b86dd9af92fb44ac2a5f38592dd97737056d889def5cedf38d80bc176044a0,2024-03,Hampshire Constabulary,Hampshire Constabulary,-1.087888,50.804342,On or near Parking Area,E01017038,Portsmouth 013C,Shoplifting,Court result unavailable,
0da68d5373a94784561f5b51a920377e44bcd6c824cd114d0bfc3439bfd3e952,2024-03,Hampshire Constabulary,Hampshire Constabulary,-1.087243,50.801747,On or near Jacob'S Street,E01017038,Portsmouth 013C,Shoplifting,Investigation complete; no suspect identified,
2d3b81c198613282aa3d77c40b4836026cf5ecebbbb843af8db302af358ca352,2024-03,Hampshire Constabulary,Hampshire Constabulary,-1.087285,50.806901,On or near Mill Lane,E01017038,Portsmouth 013C,Vehicle crime,Investigation complete; no suspect identified,
a6b7fe131386a4bf6883f378dd4e6d988c87b033fb79af027f7efa809b9cbc6d,2024-03,Hampshire Constabulary,Hampshire Constabulary,-1.086513,50.802083,On or near Temple Street,E01017038,Portsmouth 013C,Violence and sexual offences,Unable to prosecute suspect,
1184891bda2a5ae53f83ee523cca5e511ef84197f03dd98eb65f837faa5df8af,2024-03,Hampshire Constabulary,Hampshire Constabulary,-1.084660,50.805423,On or near Brownlow Close,E01017038,Portsmouth 013C,Violence and sexual offences,Unable to prosecute suspect,
43cabe80ba95c92e3a479faacb18f0bd11bb22748571c6b5442580a92b84f0ac,2024-03,Hampshire Constabulary,Hampshire Constabulary,-1.084660,50.805423,On or near Brownlow Close,E01017038,Portsmouth 013C,Violence and sexual offences,Local resolution,
a6c9625c21303872048b2adc71264c3e2319406a2f4f4d9140324c60c39cf6c7,2024-03,Hampshire Constabulary,Hampshire Constabulary,-1.084660,50.805423,On or near Brownlow Close,E01017038,Portsmouth 013C,Violence and sexual offences,Local resolution,
c4c891a4cb62dee0a9e82969578d6d416dad2be5157aafefb67e2651128db30a,2024-03,Hampshire Constabulary,Hampshire Constabulary,-1.087243,50.801747,On or near Jacob'S Street,E01017038,Portsmouth 013C,Violence and sexual offences,Investigation complete; no suspect identified,
1a7865071b656fad99ffc00ba4786a2d11f77fcd62a39bb9278b0e99343a7105,2024-03,Hampshire Constabulary,Hampshire Constabulary,-1.086487,50.805608,On or near Parking Area,E01017038,Portsmouth 013C,Violence and sexual offences,Unable to prosecute suspect,
979364bcb038f3d71b93f8c150a34c08f81e15b54009a52a9251ecc4e202ade2,2024-03,Hampshire Constabulary,Hampshire Constabulary,-1.087285,50.806901,On or near Mill Lane,E01017038,Portsmouth 013C,Violence and sexual offences,Unable to prosecute suspect,
132f7043d24a482ef863e5f30689b8cd2cf726d65870292088e1243bb6f649e3,2024-03,Hampshire Constabulary,Hampshire Constabulary,-1.084660,50.805423,On or near Brownlow Close,E01017038,Portsmouth 013C,Violence and sexual offences,Unable to prosecute suspect,
edc8c65ef9f84509e852e798ca5c92cd5da1a988ef8d071dab9a06624efdc25a,2024-03,Hampshire Constabulary,Hampshire Constabulary,-1.084878,50.804436,On or near Lower Wingfield Street,E01017038,Portsmouth 013C,Violence and sexual offences,Unable to prosecute suspect,
1cab4a55acd0f35b0439ce8e2abde8e81cfc12f9b45ced84d8039a4185786147,2024-03,Hampshire Constabulary,Hampshire Constabulary,-1.086311,50.804447,On or near All Saints' Street,E01017038,Portsmouth 013C,Violence and sexual offences,Unable to prosecute suspect,
48a456b3548b3dc01900a0faaa670e41c396d18a470d9d59167f6c073e351924,2024-03,Hampshire Constabulary,Hampshire Constabulary,-1.084660,50.805423,On or near Brownlow Close,E01017038,Portsmouth 013C,Violence and sexual offences,Unable to prosecute suspect,
bc53d1849df5010443dfb5478d46526f73e52588441e355657b8f07802445f67,2024-03,Hampshire Constabulary,Hampshire Constabulary,-1.084660,50.805423,On or near Brownlow Close,E01017038,Portsmouth 013C,Violence and sexual offences,Unable to prosecute suspect,
6945493d8c57f94a8b3c234bf02f799de7bb55f07257f8250f3dc8fc1a6f8370,2024-03,Hampshire Constabulary,Hampshire Constabulary,-1.084660,50.805423,On or near Brownlow Close,E01017038,Portsmouth 013C,Violence and sexual offences,Unable to prosecute suspect,
ebfed6b2a613e7b21991f4aabf28058adee73cfb54e2e044735ca106e2f10dc6,2024-03,Hampshire Constabulary,Hampshire Constabulary,-1.086153,50.805282,On or near All Saints Road,E01017038,Portsmouth 013C,Violence and sexual offences,Unable to prosecute suspect,
377cba76b306682ff18813b00c77ebe1eabc320be72c09fe4424bac4efe2603b,2024-03,Hampshire Constabulary,Hampshire Constabulary,-1.086153,50.805282,On or near All Saints Road,E01017038,Portsmouth 013C,Violence and sexual offences,Unable to prosecute suspect,
9219aeb15cd9e1a8116b12ca527e0e076a22d9a4e05f36a56393a36c95600c40,2024-03,Hampshire Constabulary,Hampshire Constabulary,-1.081283,50.803931,On or near Foster Road,E01017038,Portsmouth 013C,Violence and sexual offences,Local resolution,
2a6412aee6530b3fa0b08b583bf366fb1374962fb9091b383fda1cd384368081,2024-03,Hampshire Constabulary,Hampshire Constabulary,-1.081283,50.803931,On or near Foster Road,E01017038,Portsmouth 013C,Violence and sexual offences,Investigation complete; no suspect identified,
17932b29236091116f064e8f2526d241152714b5e560c41acfb97fa25bdde92e,2024-03,Hampshire Constabulary,Hampshire Constabulary,-1.085077,50.803664,On or near Cornwallis Crescent,E01017038,Portsmouth 013C,Violence and sexual offences,Court result unavailable,
ba717d8515152ffbe58973d7ea89f7bb64dcc2f5b8d82e01245b8a8e08665f28,2024-03,Hampshire Constabulary,Hampshire Constabulary,-1.089119,50.807454,On or near Herbert Street,E01017038,Portsmouth 013C,Violence and sexual offences,Unable to prosecute suspect,
,2024-03,Hampshire Constabulary,Hampshire Constabulary,-1.087888,50.804342,On or near Parking Area,E01017038,Portsmouth 013C,Anti-social behaviour,,
,2024-03,Hampshire Constabulary,Hampshire Constabulary,-1.083629,50.805874,On or near Wingfield Street,E01017038,Portsmouth 013C,Anti-social behaviour,,
,2024-03,Hampshire Constabulary,Hampshire Constabulary,-1.083629,50.805874,On or near Wingfield Street,E01017038,Portsmouth 013C,Anti-social behaviour,,
,2024-03,Hampshire Constabulary,Hampshire Constabulary,-1.086153,50.805282,On or near All Saints Road,E01017038,Portsmouth 013C,Anti-social behaviour,,
,2024-03,Hampshire Constabulary,Hampshire Constabulary,-1.087243,50.801747,On or near Jacob'S Street,E01017038,Portsmouth 013C,Anti-social behaviour,,
34ed62f5861ec99868d73e7ff12713a70537f801f14b31b38740707ca9f10dad,2024-03,Hampshire Constabulary,Hampshire Constabulary,-1.087243,50.801747,On or near Jacob'S Street,E01017038,Portsmouth 013C,Bicycle theft,Investigation complete; no suspect identified,
ca53ca3f7338b5d8a4cb3ac819378042f6422ad7359212f35e2fc42cb533f63d,2024-03,Hampshire Constabulary,Hampshire Constabulary,-1.088657,50.803494,On or near Frederick Street,E01017038,Portsmouth 013C,Burglary,Status update unavailable,
63d9b2454aa0e874f5d0ccca47550b49725be11574c99caced26adb917e1603f,2024-03,Hampshire Constabulary,Hampshire Constabulary,-1.083637,50.806206,On or near Maitland Street,E01017038,Portsmouth 013C,Criminal damage and arson,Investigation complete; no suspect identified,
5f543c31546ed4171ac95c3c962a73baf61c6bb0661ec67cf1a5d2de0254708d,2024-03,Hampshire Constabulary,Hampshire Constabulary,-1.087285,50.806901,On or near Mill Lane,E01017038,Portsmouth 013C,Drugs,Formal action is not in the public interest,
d410d84d84832ea10e1737b4225b3aa2a2d48dc22cdb3214276a3acbde02a6dd,2024-03,Hampshire Constabulary,Hampshire Constabulary,-1.087243,50.801747,On or near Jacob'S Street,E01017038,Portsmouth 013C,Public order,Unable to prosecute suspect,
71b37cde06f645ffcba6a22ec13c6048ec149770e12e7848a962a20508e3663b,2024-03,Hampshire Constabulary,Hampshire Constabulary,-1.087243,50.801747,On or near Jacob'S Street,E01017038,Portsmouth 013C,Public order,Investigation complete; no suspect identified,
47926099587e5284ebec78821fd51e216e2a715e3b8e0a78527f072b89eff470,2024-03,Hampshire Constabulary,Hampshire Constabulary,-1.087243,50.801747,On or near Jacob'S Street,E01017038,Portsmouth 013C,Public order,Investigation complete; no suspect identified,
faa13113342b28344f65fcbad1bb8581c450b4c905cab1f6a04b0ddaf6075998,2024-03,Hampshire Constabulary,Hampshire Constabulary,-1.087243,50.801747,On or near Jacob'S Street,E01017038,Portsmouth 013C,Shoplifting,Investigation complete; no suspect identified,
0a242319b5ba652043132f6dfe8cb46ca4cf68d894c4278e58a9cd4487119f73,2024-03,Hampshire Constabulary,Hampshire Constabulary,-1.087243,50.801747,On or near Jacob'S Street,E01017038,Portsmouth 013C,Shoplifting,Investigation complete; no suspect identified,
a2e8b541bd74b8ad8ab18f75425e900d961cb2f80cb119125a32db7505ce4b67,2024-03,Hampshire Constabulary,Hampshire Constabulary,-1.087243,50.801747,On or near Jacob'S Street,E01017038,Portsmouth 013C,Shoplifting,Investigation complete; no suspect identified,
b044f69e9e2d69971dee6fa570550ee6cda6a15ee57539e75e4d43c7afcba18c,2024-03,Hampshire Constabulary,Hampshire Constabulary,-1.087243,50.801747,On or near Jacob'S Street,E01017038,Portsmouth 013C,Shoplifting,Investigation complete; no suspect identified,
aa1a7b7799c7e6675a4d237ee7513edb596fd8409d4626c226ecedf298fd16b6,2024-03,Hampshire Constabulary,Hampshire Constabulary,-1.087243,50.801747,On or near Jacob'S Street,E01017038,Portsmouth 013C,Shoplifting,Investigation complete; no suspect identified,
bbaccdf9a587d27ac72d52288c016c3bb324c7c7c8a27e70a4833ebd04b4acde,2024-03,Hampshire Constabulary,Hampshire Constabulary,-1.087243,50.801747,On or near Jacob'S Street,E01017038,Portsmouth 013C,Shoplifting,Investigation complete; no suspect identified,
f4dc2f4a0dfafeb2d48014142dbc7baa96b6767df5a0d282aeb5178dd554dcb0,2024-03,Hampshire Constabulary,Hampshire Constabulary,-1.087243,50.801747,On or near Jacob'S Street,E01017038,Portsmouth 013C,Shoplifting,Investigation complete; no suspect identified,
1511e2b5b0fa9107d68890148437873468a198e530ef4d4c47189ac371687725,2024-03,Hampshire Constabulary,Hampshire Constabulary,-1.087243,50.801747,On or near Jacob'S Street,E01017038,Portsmouth 013C,Shoplifting,Investigation complete; no suspect identified,
27437a8b8984c2ab00383af4fceb6159b3ed891a412b2774d1f5c56b3faa80b5,2024-03,Hampshire Constabulary,Hampshire Constabulary,-1.087243,50.801747,On or near Jacob'S Street,E01017038,Portsmouth 013C,Shoplifting,Investigation complete; no suspect identified,
59e5ac86e2e8e0bceae1fa8bebc9c1dfa2a8a2bac69d99435e8e76d11d3225b5,2024-03,Hampshire Constabulary,Hampshire Constabulary,-1.087243,50.801747,On or near Jacob'S Street,E01017038,Portsmouth 013C,Shoplifting,Investigation complete; no suspect identified,
15e59b3c18841054badf6590438e63ed9eb8091e3d63601bcad36d05130c9e5e,2024-03,Hampshire Constabulary,Hampshire Constabulary,-1.087243,50.801747,On or near Jacob'S Street,E01017038,Portsmouth 013C,Shoplifting,Investigation complete; no suspect identified,
3ab837a3e1ecd8efe8026a81a62c4311b2f226584ffa4f6152d00a3577550406,2024-03,Hampshire Constabulary,Hampshire Constabulary,-1.087243,50.801747,On or near Jacob'S Street,E01017038,Portsmouth 013C,Shoplifting,Investigation complete; no suspect identified,
10f382f4e73f5049d7b1294f2453693570977f592992933dcd34df5cd3131ecb,2024-03,Hampshire Constabulary,Hampshire Constabulary,-1.087243,50.801747,On or near Jacob'S Street,E01017038,Portsmouth 013C,Shoplifting,Investigation complete; no suspect identified,
12dd75a8d06778f21153ee227350d8f829a7d6a8e451c6604c7cc5a782ecf6f3,2024-03,Hampshire Constabulary,Hampshire Constabulary,-1.087243,50.801747,On or near Jacob'S Street,E01017038,Portsmouth 013C,Shoplifting,Status update unavailable,
6cc2ae50d8fcbe53368be5cdc3a53b2884b1730cd6766167aca874e609f508c3,2024-03,Hampshire Constabulary,Hampshire Constabulary,-1.087243,50.801747,On or near Jacob'S Street,E01017038,Portsmouth 013C,Shoplifting,Investigation complete; no suspect identified,
1eadce8d2f5f89fa3118628b1c4804be4e82847171df9e40652072c8b5c7a04a,2024-03,Hampshire Constabulary,Hampshire Constabulary,-1.087243,50.801747,On or near Jacob'S Street,E01017038,Portsmouth 013C,Shoplifting,Investigation complete; no suspect identified,
5c5e6201990a3166d82117522b87a851916a24659f1a06b90f34f34ec32a679d,2024-03,Hampshire Constabulary,Hampshire Constabulary,-1.087243,50.801747,On or near Jacob'S Street,E01017038,Portsmouth 013C,Shoplifting,Investigation complete; no suspect identified,
a37b858413d4a31466ef14f4be50414f1886d6a08e8fe353e614fe5748a127c9,2024-03,Hampshire Constabulary,Hampshire Constabulary,-1.087243,50.801747,On or near Jacob'S Street,E01017038,Portsmouth 013C,Shoplifting,Investigation complete; no suspect identified,
715e54bb4ef8260f4ba5ab127ea3fcebd288cd5cf782d17d2f0c2c2125b9c6a5,2024-03,Hampshire Constabulary,Hampshire Constabulary,-1.086311,50.804447,On or near All Saints' Street,E01017038,Portsmouth 013C,Vehicle crime,Investigation complete; no suspect identified,
ad36d2b2ab9d7e5df0ea5d4c22e4955f9651a2e66188582efb48415a09d7196c,2024-03,Hampshire Constabulary,Hampshire Constabulary,-1.084660,50.805423,On or near Brownlow Close,E01017038,Portsmouth 013C,Violence and sexual offences,Status update unavailable,
4cc92c8be13012f54d4ba6111034cee11dfa79b845e1355ceca3516ec8630248,2024-03,Hampshire Constabulary,Hampshire Constabulary,-1.084660,50.805423,On or near Brownlow Close,E01017038,Portsmouth 013C,Violence and sexual offences,Investigation complete; no suspect identified,
34fb86c3c2d7e0552b1bc0b46330eca1ca1abc1ed58f2ac695e1b9836ad17e3b,2024-03,Hampshire Constabulary,Hampshire Constabulary,-1.085974,50.804273,On or near Staunton Street,E01017038,Portsmouth 013C,Violence and sexual offences,Unable to prosecute suspect,
902c0f0d5fae8a90f83b700c4de7d32207ba2b8482e9234f250f810080e34ab3,2024-03,Hampshire Constabulary,Hampshire Constabulary,-1.084660,50.805423,On or near Brownlow Close,E01017038,Portsmouth 013C,Violence and sexual offences,Unable to prosecute suspect,
be798f5c9ed21c0ad12a4e0d3190142184866911b1a90117d5196388679b6de2,2024-03,Hampshire Constabulary,Hampshire Constabulary,-1.086513,50.802083,On or near Temple Street,E01017038,Portsmouth 013C,Violence and sexual offences,Unable to prosecute suspect,
f05860d076bf0b5ccec2528b91a2cb2500585b50c4e1c8eb35f374ecc91c8399,2024-03,Hampshire Constabulary,Hampshire Constabulary,-1.084878,50.804436,On or near Lower Wingfield Street,E01017038,Portsmouth 013C,Violence and sexual offences,Unable to prosecute suspect,
a6e37688208d31a56ea1e96cb389a84c85cd1dbc69da115b07abca15dcb6a64a,2024-03,Hampshire Constabulary,Hampshire Constabulary,-1.087243,50.801747,On or near Jacob'S Street,E01017038,Portsmouth 013C,Violence and sexual offences,Unable to prosecute suspect,
fa6e2a8ed27e9b479b52c8aa0bf28b66ee555c338705033f8eaf0b042e1da780,2024-03,Hampshire Constabulary,Hampshire Constabulary,-1.088657,50.803494,On or near Frederick Street,E01017038,Portsmouth 013C,Other crime,Status update unavailable,
184fb2d4a9ecaf9209937cbcdf407f797504bf1a63607322aeb1b8e11fae8cc0,2024-03,Hampshire Constabulary,Hampshire Constabulary,-1.080360,50.812402,On or near Nightclub,E01017102,Portsmouth 013D,Criminal damage and arson,Formal action is not in the public interest,
b9b730ad8a0c680cdf4b6730c56a1fd66f655b8aa8b2e5de9bc64d10d6edabda,2024-03,Hampshire Constabulary,Hampshire Constabulary,-1.082842,50.813457,On or near Kingston Crescent,E01017102,Portsmouth 013D,Public order,Investigation complete; no suspect identified,
fdd97b87f5cf6ee4a28937031803d034bfa2ebfc6a1a0a35c3cfa1603e61f4cf,2024-03,Hampshire Constabulary,Hampshire Constabulary,-1.083355,50.812625,On or near Garfield Road,E01017102,Portsmouth 013D,Public order,Court result unavailable,
c45128dacb47fecf7969c3ccd731b8ad7f7cdcd60ef86006a529b45382efb16a,2024-03,Hampshire Constabulary,Hampshire Constabulary,-1.081547,50.812908,On or near Supermarket,E01017102,Portsmouth 013D,Shoplifting,Investigation complete; no suspect identified,
85e61ee8e7604ba281155dbda5b942caf54475a97d6437df03413e5cebeb5ca3,2024-03,Hampshire Constabulary,Hampshire Constabulary,-1.081547,50.812908,On or near Supermarket,E01017102,Portsmouth 013D,Shoplifting,Court result unavailable,
de56eb0d6ced092efa44d2e45c4cd1fd220e7c43b7699952ac8de3735cb6f85c,2024-03,Hampshire Constabulary,Hampshire Constabulary,-1.081547,50.812908,On or near Supermarket,E01017102,Portsmouth 013D,Shoplifting,Investigation complete; no suspect identified,
8e92429e93310ed28e9098c186c0cbc47e4073635bbc7396279fc2f4bd0eadc4,2024-03,Hampshire Constabulary,Hampshire Constabulary,-1.080669,50.810617,On or near Stirling Street,E01017102,Portsmouth 013D,Vehicle crime,Unable to prosecute suspect,
7b9adb66652be4b3b46db226c6c0ea70c82c3cba3d3336321f6d88dd87f017a6,2024-03,Hampshire Constabulary,Hampshire Constabulary,-1.079499,50.810203,On or near Washington Road,E01017102,Portsmouth 013D,Violence and sexual offences,Court result unavailable,
ed7c3991f8a0007c67ec5ec1518116a4677d4ac051d5dc329718ab6d87a08c31,2024-03,Hampshire Constabulary,Hampshire Constabulary,-1.079499,50.810203,On or near Washington Road,E01017102,Portsmouth 013D,Violence and sexual offences,Unable to prosecute suspect,
9e46b19b9ea0e56bae8c6192205879c4cefc5b10159eb252a0970ceaa0f34ab5,2024-03,Hampshire Constabulary,Hampshire Constabulary,-1.083147,50.811679,On or near Flying Bull Close,E01017102,Portsmouth 013D,Violence and sexual offences,Unable to prosecute suspect,
158a0bf7aca7e0d42e16b300107aae499726645c1392b49deb47dcbb31260ac1,2024-03,Hampshire Constabulary,Hampshire Constabulary,-1.080800,50.811175,On or near Lomond Close,E01017102,Portsmouth 013D,Violence and sexual offences,Unable to prosecute suspect,
eb3bfbbf767999d0a8ce85437c94fa74d09d32c2682afd16879dc54ee2f65220,2024-03,Hampshire Constabulary,Hampshire Constabulary,-1.080830,50.812560,On or near Parking Area,E01017102,Portsmouth 013D,Violence and sexual offences,Unable to prosecute suspect,
bb7a1b4f283a364560d3f7afcacfe344b583cc9944409122c3dc48c9a1389abc,2024-03,Hampshire Constabulary,Hampshire Constabulary,-1.080336,50.811675,On or near Kilpatrick Close,E01017102,Portsmouth 013D,Violence and sexual offences,Court result unavailable,
d30801e58acc12935d74dfbb37583cfd8216dc2aa52c299a29b1dc6bde44d41e,2024-03,Hampshire Constabulary,Hampshire Constabulary,-1.079033,50.812294,On or near Basin Street,E01017102,Portsmouth 013D,Violence and sexual offences,Court result unavailable,
647038e1bd223407696ec5f996d465f37b1ebb798d9209d260e347eb5f18c44f,2024-03,Hampshire Constabulary,Hampshire Constabulary,-1.079033,50.812294,On or near Basin Street,E01017102,Portsmouth 013D,Violence and sexual offences,Unable to prosecute suspect,
bca626e5da0ee79010e9063182187e7633615894868476d14c2508de79998f88,2024-03,Hampshire Constabulary,Hampshire Constabulary,-1.081547,50.812908,On or near Supermarket,E01017102,Portsmouth 013D,Violence and sexual offences,Investigation complete; no suspect identified,
1ab8dd17aaa4ac4cd9d12657e5f0f74ac9a97f38b8d407a6470894ccebb773a6,2024-03,Hampshire Constabulary,Hampshire Constabulary,-1.080830,50.812560,On or near Parking Area,E01017102,Portsmouth 013D,Violence and sexual offences,Unable to prosecute suspect,
9f9c88000204fbaa5b124bb42b1ef6a9e5480499c2d5c480ee390ec9d24f6f31,2024-03,Hampshire Constabulary,Hampshire Constabulary,-1.080800,50.811175,On or near Lomond Close,E01017102,Portsmouth 013D,Violence and sexual offences,Unable to prosecute suspect,
b2a339ba1a3f3d1be4715123ed44c5df4e8393131b61719e531d15b117a10eeb,2024-03,Hampshire Constabulary,Hampshire Constabulary,-1.080360,50.812402,On or near Nightclub,E01017102,Portsmouth 013D,Violence and sexual offences,Unable to prosecute suspect,
857b5f1b550bb1aff3d6c18e2dcc68333bfc8a0326264ef492824f3bea8de605,2024-03,Hampshire Constabulary,Hampshire Constabulary,-1.079033,50.812294,On or near Basin Street,E01017102,Portsmouth 013D,Violence and sexual offences,Unable to prosecute suspect,
1db0772f85edcf5f4d36229d44e27fcfaa67daa42f693e0922af86a7875fe088,2024-03,Hampshire Constabulary,Hampshire Constabulary,-1.084693,50.811709,On or near Centaur Street,E01017102,Portsmouth 013D,Violence and sexual offences,Unable to prosecute suspect,
2c8745f96d59edcde88550f2330acba3c77cefd187ee3b4afc412721919d6a97,2024-03,Hampshire Constabulary,Hampshire Constabulary,-1.080336,50.811675,On or near Kilpatrick Close,E01017102,Portsmouth 013D,Violence and sexual offences,Court result unavailable,
72fb073e9a09915c3dd27708045799a5593fe9855b9f16a4640e29bde1328538,2024-03,Hampshire Constabulary,Hampshire Constabulary,-1.079033,50.812294,On or near Basin Street,E01017102,Portsmouth 013D,Violence and sexual offences,Unable to prosecute suspect,
ad490c51737c30b0e73894c85d9af92918d408c96ab08269273244d4c150bca7,2024-03,Hampshire Constabulary,Hampshire Constabulary,-1.079033,50.812294,On or near Basin Street,E01017102,Portsmouth 013D,Violence and sexual offences,Unable to prosecute suspect,
42f3569ef2c77ca9a8a17eae0b141b98faf2018b03a27b0ecc3384bcde1e4d47,2024-03,Hampshire Constabulary,Hampshire Constabulary,-1.082126,50.812355,On or near Gamble Road,E01017102,Portsmouth 013D,Violence and sexual offences,Unable to prosecute suspect,
,2024-03,Hampshire Constabulary,Hampshire Constabulary,-1.082842,50.813457,On or near Kingston Crescent,E01017102,Portsmouth 013D,Anti-social behaviour,,
,2024-03,Hampshire Constabulary,Hampshire Constabulary,-1.083147,50.811679,On or near Flying Bull Close,E01017102,Portsmouth 013D,Anti-social behaviour,,
,2024-03,Hampshire Constabulary,Hampshire Constabulary,-1.083147,50.811679,On or near Flying Bull Close,E01017102,Portsmouth 013D,Anti-social behaviour,,
5f65ef5b1eafab5db65af6e64711bf4b9c5d924d6acc0e53f25d1634436fe744,2024-03,Hampshire Constabulary,Hampshire Constabulary,-1.083147,50.811679,On or near Flying Bull Close,E01017102,Portsmouth 013D,Criminal damage and arson,Unable to prosecute suspect,
9e5c15c41f773991ce1a9185da4c0969c1c75fefc231afb6670a8f06818d914d,2024-03,Hampshire Constabulary,Hampshire Constabulary,-1.079907,50.811132,On or near Dumbarton Close,E01017102,Portsmouth 013D,Criminal damage and arson,Investigation complete; no suspect identified,
37b545c79cf71d99e5a894dcd00fdea5e6dd551425ca6554d42ee8857cce3083,2024-03,Hampshire Constabulary,Hampshire Constabulary,-1.084693,50.811709,On or near Centaur Street,E01017102,Portsmouth 013D,Other theft,Investigation complete; no suspect identified,
10f16cc2099018f1a7b591eb84b7c35f111e3fef233848b2d95029187a77922f,2024-03,Hampshire Constabulary,Hampshire Constabulary,-1.080830,50.812560,On or near Parking Area,E01017102,Portsmouth 013D,Other theft,Investigation complete; no suspect identified,
93c907e1f21f6696948765ecd075c5ef68335a1391427b4c7fbcd10be015314f,2024-03,Hampshire Constabulary,Hampshire Constabulary,-1.079033,50.812294,On or near Basin Street,E01017102,Portsmouth 013D,Other theft,Unable to prosecute suspect,
f2e06ced03b4fc3e11e79ab213ca0bcb58d131252c0b99cbf8d59a0ece66ee7c,2024-03,Hampshire Constabulary,Hampshire Constabulary,-1.079033,50.812294,On or near Basin Street,E01017102,Portsmouth 013D,Public order,Unable to prosecute suspect,
098fcb0c6622a1810a61d8fa77c517665d7fb4f9b1b77a22bc7617e1cd1ade79,2024-03,Hampshire Constabulary,Hampshire Constabulary,-1.084693,50.811709,On or near Centaur Street,E01017102,Portsmouth 013D,Public order,Unable to prosecute suspect,
517eca4a033ad1133756fab948220374b57a85b3f1774e7aa07f43d363088f63,2024-03,Hampshire Constabulary,Hampshire Constabulary,-1.080360,50.812402,On or near Nightclub,E01017102,Portsmouth 013D,Public order,Unable to prosecute suspect,
5f4490c2d445bdeff80a8de13230f8ebaff9e59234fb9778a7eac57c3c0d97b3,2024-03,Hampshire Constabulary,Hampshire Constabulary,-1.081547,50.812908,On or near Supermarket,E01017102,Portsmouth 013D,Shoplifting,Investigation complete; no suspect identified,
34fadff859fa8c2ca5f8c4ffe64a3228a788e519152eae688b1bf5486dd0d23e,2024-03,Hampshire Constabulary,Hampshire Constabulary,-1.081547,50.812908,On or near Supermarket,E01017102,Portsmouth 013D,Shoplifting,Investigation complete; no suspect identified,
18a3a83db0fc0fbb33ee2f45be068afb7d60ecde7e4ca3133b4b6b57b8b7dba2,2024-03,Hampshire Constabulary,Hampshire Constabulary,-1.081547,50.812908,On or near Supermarket,E01017102,Portsmouth 013D,Shoplifting,Investigation complete; no suspect identified,
c4a19f48ede0fec7a2fb6526619b7d62dad44195f7bbff6318ef9f3399c2ce04,2024-03,Hampshire Constabulary,Hampshire Constabulary,-1.081547,50.812908,On or near Supermarket,E01017102,Portsmouth 013D,Shoplifting,Investigation complete; no suspect identified,
ef7a0dbb54b962e41cf3aed5366546be188cb9b72a30242a6edafff7ae86431a,2024-03,Hampshire Constabulary,Hampshire Constabulary,-1.081547,50.812908,On or near Supermarket,E01017102,Portsmouth 013D,Shoplifting,Investigation complete; no suspect identified,
09809499f21c33e6ce5a218f6eb01107f3bbbe2e5605034693bb630408d4dd3c,2024-03,Hampshire Constabulary,Hampshire Constabulary,-1.079033,50.812294,On or near Basin Street,E01017102,Portsmouth 013D,Vehicle crime,Investigation complete; no suspect identified,
73b0d82d03b124417c0a9997a596f2f26cfacd4e0bf4aa43cff097728353556e,2024-03,Hampshire Constabulary,Hampshire Constabulary,-1.079033,50.812294,On or near Basin Street,E01017102,Portsmouth 013D,Vehicle crime,Investigation complete; no suspect identified,
2aeea2a4807d01bb96e6ee0827965ca1969b3800929028ae06ae36090250912e,2024-03,Hampshire Constabulary,Hampshire Constabulary,-1.081547,50.812908,On or near Supermarket,E01017102,Portsmouth 013D,Vehicle crime,Investigation complete; no suspect identified,
6938dc5f74fd82a78a2f3a2e777a4c57e26bdf3ff7aa2001cf259be3ee9b31fb,2024-03,Hampshire Constabulary,Hampshire Constabulary,-1.082842,50.813457,On or near Kingston Crescent,E01017102,Portsmouth 013D,Violence and sexual offences,Status update unavailable,
947a1fecd89c7fa064b9bdd404c13c5c5ae0ea8f16e87bd8020a6ee8353808b8,2024-03,Hampshire Constabulary,Hampshire Constabulary,-1.083062,50.811679,On or near Nessus Street,E01017102,Portsmouth 013D,Violence and sexual offences,Unable to prosecute suspect,
59a02e2d38f578a13f8bcaecfc34716a117b632218b0af6d5702b442662f472c,2024-03,Hampshire Constabulary,Hampshire Constabulary,-1.079907,50.811132,On or near Dumbarton Close,E01017102,Portsmouth 013D,Violence and sexual offences,Status update unavailable,
545024a11360b09acccdc749660c7dd842227923251a0c59421788da0f7842f8,2024-03,Hampshire Constabulary,Hampshire Constabulary,-1.083147,50.811679,On or near Flying Bull Close,E01017102,Portsmouth 013D,Other crime,Court result unavailable,
8c707758f59be4402bd02ce00576b3a3f3a3dcfe2b7031aae2b8e4a2c8b2afa5,2024-03,Hampshire Constabulary,Hampshire Constabulary,-1.082126,50.812355,On or near Gamble Road,E01017102,Portsmouth 013D,Other crime,Further investigation is not in the public interest,
833a225e1f6d93aef0c0aa15652d874df38bcc1794865245b32adcbaee908ac2,2024-03,Hampshire Constabulary,Hampshire Constabulary,-1.085940,50.808913,On or near Grafton Street,E01017103,Portsmouth 013E,Violence and sexual offences,Unable to prosecute suspect,
a66ab70eba09d3d1ac56a7c3dedb0aa4c884d3af4149575244b4e5a062b23603,2024-03,Hampshire Constabulary,Hampshire Constabulary,-1.085713,50.810368,On or near Estella Road,E01017103,Portsmouth 013E,Violence and sexual offences,Investigation complete; no suspect identified,
59068dfc5e756047dd2e4cb4a54063ccd16aba274d0a2c066e86607650071b65,2024-03,Hampshire Constabulary,Hampshire Constabulary,-1.085713,50.810368,On or near Estella Road,E01017103,Portsmouth 013E,Violence and sexual offences,Unable to prosecute suspect,
925ba3f46f9850cf7d8209d99cfd47804a35435cbb92907d172920729b33febe,2024-03,Hampshire Constabulary,Hampshire Constabulary,-1.085713,50.810368,On or near Estella Road,E01017103,Portsmouth 013E,Violence and sexual offences,Unable to prosecute suspect,
8bb039c89d9eada0ec0e1ffe522ce5a4bb07852fd5b715b315ce7d760f3a1dc6,2024-03,Hampshire Constabulary,Hampshire Constabulary,-1.085940,50.808913,On or near Grafton Street,E01017103,Portsmouth 013E,Violence and sexual offences,Unable to prosecute suspect,
9fe167da2b05e577ea0202bf278593558470180da121759c568d95f2d172fbd2,2024-03,Hampshire Constabulary,Hampshire Constabulary,-1.085713,50.810368,On or near Estella Road,E01017103,Portsmouth 013E,Other crime,Unable to prosecute suspect,
,2024-03,Hampshire Constabulary,Hampshire Constabulary,-1.085713,50.810368,On or near Estella Road,E01017103,Portsmouth 013E,Anti-social behaviour,,
649660029ee038b5ed6aa78d28e7883375348871cf84e9fb291a287f1a55e96f,2024-03,Hampshire Constabulary,Hampshire Constabulary,-1.087318,50.809782,On or near Petrol Station,E01017103,Portsmouth 013E,Other theft,Investigation complete; no suspect identified,
511821e9f349de9b808e71db076bbdc436bcb79228e569fbb6a05399b58dabaf,2024-03,Hampshire Constabulary,Hampshire Constabulary,-1.087318,50.809782,On or near Petrol Station,E01017103,Portsmouth 013E,Other theft,Investigation complete; no suspect identified,
8ceaf63a7f584d4cb1fd75d668fbcffd9ef325609bd58e043aabe1c9767a5cc5,2024-03,Hampshire Constabulary,Hampshire Constabulary,-1.087318,50.809782,On or near Petrol Station,E01017103,Portsmouth 013E,Other theft,Investigation complete; no suspect identified,
0b89958285441a990dc396fbbfa02a278a6ecd9db828d19d397d760b90b9d316,2024-03,Hampshire Constabulary,Hampshire Constabulary,-1.087318,50.809782,On or near Petrol Station,E01017103,Portsmouth 013E,Other theft,Investigation complete; no suspect identified,
6bc9adac0a559779b1e7553a925b5dda843ffe40d5e39356be2130f631e0d28f,2024-03,Hampshire Constabulary,Hampshire Constabulary,-1.085713,50.810368,On or near Estella Road,E01017103,Portsmouth 013E,Public order,Investigation complete; no suspect identified,
9ee1e3bf2ba462e6c457d2ae743776c170fc8bf38d0e03b876b582a82c6784d3,2024-03,Hampshire Constabulary,Hampshire Constabulary,-1.085713,50.810368,On or near Estella Road,E01017103,Portsmouth 013E,Violence and sexual offences,Status update unavailable,
b28fb51fa0d9a522f30bb8f8144da9072fb502db5c5c5f1a9013678b778ea0f1,2024-03,Hampshire Constabulary,Hampshire Constabulary,-1.085713,50.810368,On or near Estella Road,E01017103,Portsmouth 013E,Violence and sexual offences,Action to be taken by another organisation,
5e38f3857a4e78f6463c6148d90da98fbe6e1ad16696d86ee50246bea1fe150b,2024-03,Hampshire Constabulary,Hampshire Constabulary,-1.085940,50.808913,On or near Grafton Street,E01017103,Portsmouth 013E,Violence and sexual offences,Unable to prosecute suspect,
57e88b8945367c72ea9f0714c7038d676f6275b417561fc7a8ef6edbe3818c9a,2024-03,Hampshire Constabulary,Hampshire Constabulary,-1.083867,50.808223,On or near Cairo Terrace,E01017103,Portsmouth 013E,Violence and sexual offences,Action to be taken by another organisation,
f04f57804c6d939a67cf25984b668825201636556972f06a7991d815589b441b,2024-03,Hampshire Constabulary,Hampshire Constabulary,-1.084632,50.808310,On or near Baythorn Close,E01017103,Portsmouth 013E,Other crime,Status update unavailable,
75b857cb714cfe26056c6367b05f360e643a4f0e763ec515cecb85b8d67cfa6c,2024-03,Hampshire Constabulary,Hampshire Constabulary,-1.044550,50.811181,On or near Park/Open Space,E01017015,Portsmouth 014A,Drugs,Local resolution,
3ad2a45fabef63c260a686b52cf29f58dbb6de7de3e55038e52266c9bd66a572,2024-03,Hampshire Constabulary,Hampshire Constabulary,-1.052625,50.805608,On or near Jenkins Grove,E01017015,Portsmouth 014A,Violence and sexual offences,Unable to prosecute suspect,
,2024-03,Hampshire Constabulary,Hampshire Constabulary,-1.045890,50.806722,On or near Sword Sands Road,E01017015,Portsmouth 014A,Anti-social behaviour,,
34ad2d9832ada5921b1805a795eac1a017230453d84aeed5bdb6e318861ef258,2024-03,Hampshire Constabulary,Hampshire Constabulary,-1.056208,50.808083,On or near Silchester Road,E01017015,Portsmouth 014A,Criminal damage and arson,Investigation complete; no suspect identified,
9f66bf0c9f5e498be97663e2d982ba37e5d38d0471c39898a0dc44d8a2fbfb59,2024-03,Hampshire Constabulary,Hampshire Constabulary,-1.044550,50.811181,On or near Park/Open Space,E01017015,Portsmouth 014A,Criminal damage and arson,Court result unavailable,
6544b759b4cf9f940155c1418e510d90e5b7c22540bc374b8993b20c94bbc2d4,2024-03,Hampshire Constabulary,Hampshire Constabulary,-1.052625,50.805608,On or near Jenkins Grove,E01017015,Portsmouth 014A,Public order,Investigation complete; no suspect identified,
09adca4d2ff436b97b89861825b7f69b40321920becf7be1966336f0d112eb98,2024-03,Hampshire Constabulary,Hampshire Constabulary,-1.052327,50.809131,On or near Tangier Road,E01017015,Portsmouth 014A,Violence and sexual offences,Investigation complete; no suspect identified,
9e9f806ebd139ea443a22cb43a4a0525dc7bcb0fb6b2aebf355bb7065f138264,2024-03,Hampshire Constabulary,Hampshire Constabulary,-1.058685,50.809848,On or near Ripley Grove,E01017016,Portsmouth 014B,Violence and sexual offences,Unable to prosecute suspect,
cb6b2b6fefd630c949aba5e65eed5a954fb4fd2de79ac6e7e13a574cbf66cd5e,2024-03,Hampshire Constabulary,Hampshire Constabulary,-1.058685,50.809848,On or near Ripley Grove,E01017016,Portsmouth 014B,Violence and sexual offences,Unable to prosecute suspect,
b919a255800fdaed7c7efd8fd20dbe3318718ae72b306229a6cd5be0fe0a2041,2024-03,Hampshire Constabulary,Hampshire Constabulary,-1.060481,50.810168,On or near Chesterfield Road,E01017016,Portsmouth 014B,Violence and sexual offences,Unable to prosecute suspect,
,2024-03,Hampshire Constabulary,Hampshire Constabulary,-1.060853,50.808606,On or near Supermarket,E01017016,Portsmouth 014B,Anti-social behaviour,,
fd2f37ad4d14d4f3b79f348aa798d21b07c92a31c7b3121cdfa5b071f4e54e43,2024-03,Hampshire Constabulary,Hampshire Constabulary,-1.060481,50.810168,On or near Chesterfield Road,E01017016,Portsmouth 014B,Violence and sexual offences,Investigation complete; no suspect identified,
9c9faaee0b0fb29d8c792b1f5bce6e65fbf7066d89cdfd9dc734ce14750e8aa7,2024-03,Hampshire Constabulary,Hampshire Constabulary,-1.059601,50.810161,On or near Lynton Grove,E01017016,Portsmouth 014B,Violence and sexual offences,Status update unavailable,
c7bc559c452bffbd4752a277b813ee5618d877cca9edca5d7824ecc6f41f3010,2024-03,Hampshire Constabulary,Hampshire Constabulary,-1.050163,50.805264,On or near Ebery Grove,E01017017,Portsmouth 014C,Criminal damage and arson,Unable to prosecute suspect,
c35d858cd52f7cb9a502845c271f2e64a7314721f830262e586234aee7637e70,2024-03,Hampshire Constabulary,Hampshire Constabulary,-1.055080,50.806347,On or near Hayling Avenue,E01017017,Portsmouth 014C,Criminal damage and arson,Investigation complete; no suspect identified,
80f201463c5b318a757839f073b87b952d8c2c3d940366dd5437648c2f073fce,2024-03,Hampshire Constabulary,Hampshire Constabulary,-1.050163,50.805264,On or near Ebery Grove,E01017017,Portsmouth 014C,Other theft,Status update unavailable,
e2fe46090e802b417829b22c47dabae413daa2e1d9c173ef40c188f34c7f6f47,2024-03,Hampshire Constabulary,Hampshire Constabulary,-1.054726,50.803467,On or near Beasant Close,E01017017,Portsmouth 014C,Violence and sexual offences,Unable to prosecute suspect,
,2024-03,Hampshire Constabulary,Hampshire Constabulary,-1.059115,50.806830,On or near Chilcote Road,E01017018,Portsmouth 014D,Anti-social behaviour,,
18bafa38d852dbfa86fdbd5703338e30aecdaaee2e75990367d859d84adc0890,2024-03,Hampshire Constabulary,Hampshire Constabulary,-1.058037,50.807495,On or near Neville Road,E01017018,Portsmouth 014D,Vehicle crime,Investigation complete; no suspect identified,
ce504fb57a07f162a9235d9859eeffe58d7f9e14e3ba1f4dd739978379247386,2024-03,Hampshire Constabulary,Hampshire Constabulary,-1.062461,50.802001,On or near Priorsdean Avenue,E01017019,Portsmouth 014E,Criminal damage and arson,Investigation complete; no suspect identified,
5cfb63261fb85763e6497cdeacb390332e50f16d43d25e46e023cd95cbb65519,2024-03,Hampshire Constabulary,Hampshire Constabulary,-1.065478,50.804435,On or near Bowler Court,E01017019,Portsmouth 014E,Public order,Unable to prosecute suspect,
a65d63fd3eed75c74546fceaf6aa0c65c7759288b27912ee03afbdc40dd8d6ae,2024-03,Hampshire Constabulary,Hampshire Constabulary,-1.062581,50.801696,On or near Warblington Place,E01017019,Portsmouth 014E,Public order,Local resolution,
ad13141db4a290549ad6a4edd9824e6aed3b9982d758763d34f4e5b99b8415f1,2024-03,Hampshire Constabulary,Hampshire Constabulary,-1.062581,50.801696,On or near Warblington Place,E01017019,Portsmouth 014E,Public order,Action to be taken by another organisation,
c4dd9e20a87f83762b4ebd9f1dc0cc2bf2623ef276f44c555c6d683cd59038ff,2024-03,Hampshire Constabulary,Hampshire Constabulary,-1.062581,50.801696,On or near Warblington Place,E01017019,Portsmouth 014E,Public order,Local resolution,
a7b05c5691501a44e4380970c997d43a3e44b0893a4dc9c18b0ae3413a4ceab9,2024-03,Hampshire Constabulary,Hampshire Constabulary,-1.062581,50.801696,On or near Warblington Place,E01017019,Portsmouth 014E,Violence and sexual offences,Unable to prosecute suspect,
cdfd96f699d4c1efba6081da496dd43809bb313517dd96f1966721e741d20d45,2024-03,Hampshire Constabulary,Hampshire Constabulary,-1.061385,50.801183,On or near James Road,E01017019,Portsmouth 014E,Violence and sexual offences,Action to be taken by another organisation,
f2f844e73d0771c2882f05d18aea1717f1c180c50eb648be4c459687bd04fb5e,2024-03,Hampshire Constabulary,Hampshire Constabulary,-1.061385,50.801183,On or near James Road,E01017019,Portsmouth 014E,Violence and sexual offences,Action to be taken by another organisation,
b12d8227b8c8bcb1e7ba9eb25f62dc6781130b0d1aea471aa9c65145aedc89a8,2024-03,Hampshire Constabulary,Hampshire Constabulary,-1.061385,50.801183,On or near James Road,E01017019,Portsmouth 014E,Violence and sexual offences,Offender given a caution,
af7ec059c9758447f0fb93e70098000dd064234ade75a4d90db756a26ee27804,2024-03,Hampshire Constabulary,Hampshire Constabulary,-1.061385,50.801183,On or near James Road,E01017019,Portsmouth 014E,Violence and sexual offences,Local resolution,
c436e455a9134d10ce241bfb9f86e41e35c72dafa31ea61c1bb7c001ef282997,2024-03,Hampshire Constabulary,Hampshire Constabulary,-1.062581,50.801696,On or near Warblington Place,E01017019,Portsmouth 014E,Violence and sexual offences,Investigation complete; no suspect identified,
b9326b78b000145163f6d5e22ad278afa39c1bdf406c4fb5dbb2734284b47381,2024-03,Hampshire Constabulary,Hampshire Constabulary,-1.062581,50.801696,On or near Warblington Place,E01017019,Portsmouth 014E,Violence and sexual offences,Unable to prosecute suspect,
68377360215444c1e4b91e27a1f7af192167bfdf24a7b32f2b43e8e6f3116012,2024-03,Hampshire Constabulary,Hampshire Constabulary,-1.062581,50.801696,On or near Warblington Place,E01017019,Portsmouth 014E,Violence and sexual offences,Unable to prosecute suspect,
43d5108d9422e81b96f73e29042b013357c2231952a7b390e9ed078db9fbbdd7,2024-03,Hampshire Constabulary,Hampshire Constabulary,-1.062581,50.801696,On or near Warblington Place,E01017019,Portsmouth 014E,Violence and sexual offences,Unable to prosecute suspect,
591c9f2b9511bef576de076a3982ffbb8838b2745928933bf366de85af4cecfb,2024-03,Hampshire Constabulary,Hampshire Constabulary,-1.062461,50.802001,On or near Priorsdean Avenue,E01017019,Portsmouth 014E,Violence and sexual offences,Unable to prosecute suspect,
7fec8d3fc9731a61dae8962416f06ce81667da194469a8fa365b53933e6a6a53,2024-03,Hampshire Constabulary,Hampshire Constabulary,-1.062581,50.801696,On or near Warblington Place,E01017019,Portsmouth 014E,Violence and sexual offences,Investigation complete; no suspect identified,
049a6a467b8b41e1460d52b9bae4f212ea57858eff32b7c586149ae1de2da2e7,2024-03,Hampshire Constabulary,Hampshire Constabulary,-1.061235,50.801595,On or near Cotton Road,E01017019,Portsmouth 014E,Violence and sexual offences,Unable to prosecute suspect,
c58bd016ff03a551901b97407e0ff7fd08a7e93c8ec027b5b7d6b549ba468ada,2024-03,Hampshire Constabulary,Hampshire Constabulary,-1.062461,50.802001,On or near Priorsdean Avenue,E01017019,Portsmouth 014E,Other crime,Local resolution,
26acf4e660f34c1d3218eb2a6e107035e4810da31dd69a373b2f07b00668a8a7,2024-03,Hampshire Constabulary,Hampshire Constabulary,-1.061385,50.801183,On or near James Road,E01017019,Portsmouth 014E,Other crime,Further investigation is not in the public interest,
,2024-03,Hampshire Constabulary,Hampshire Constabulary,-1.062581,50.801696,On or near Warblington Place,E01017019,Portsmouth 014E,Anti-social behaviour,,
,2024-03,Hampshire Constabulary,Hampshire Constabulary,-1.065478,50.804435,On or near Bowler Court,E01017019,Portsmouth 014E,Anti-social behaviour,,
,2024-03,Hampshire Constabulary,Hampshire Constabulary,-1.065478,50.804435,On or near Bowler Court,E01017019,Portsmouth 014E,Anti-social behaviour,,
,2024-03,Hampshire Constabulary,Hampshire Constabulary,-1.062581,50.801696,On or near Warblington Place,E01017019,Portsmouth 014E,Anti-social behaviour,,
4143af512777f3fba28377b5f0df7039094cb07f98ab8ef4e6a10026fe8c47d0,2024-03,Hampshire Constabulary,Hampshire Constabulary,-1.062581,50.801696,On or near Warblington Place,E01017019,Portsmouth 014E,Criminal damage and arson,Unable to prosecute suspect,
faf59a6dd8eeff5d2bc0f52313bc1ad11a14cf82ea4ffa68fb55058024119905,2024-03,Hampshire Constabulary,Hampshire Constabulary,-1.061385,50.801183,On or near James Road,E01017019,Portsmouth 014E,Criminal damage and arson,Investigation complete; no suspect identified,
902cd24f331481d60c2792d447fec84af57d5a9dd7c012f679e3000c77549723,2024-03,Hampshire Constabulary,Hampshire Constabulary,-1.062581,50.801696,On or near Warblington Place,E01017019,Portsmouth 014E,Drugs,Court result unavailable,
14f173fcbcce166ebaa4bb153848e2d1c49b38be6b91c28553b653e1f5e87580,2024-03,Hampshire Constabulary,Hampshire Constabulary,-1.065478,50.804435,On or near Bowler Court,E01017019,Portsmouth 014E,Other theft,Unable to prosecute suspect,
b7b3bb848ed80ef7592646feb1bd9efebf8490f1f4fff45db9563fecda7b083b,2024-03,Hampshire Constabulary,Hampshire Constabulary,-1.065478,50.804435,On or near Bowler Court,E01017019,Portsmouth 014E,Other theft,Investigation complete; no suspect identified,
db1b0ad9b811898636682b9ff5f6f3662cdc4733b08ec1a3571d8d909a7cd82b,2024-03,Hampshire Constabulary,Hampshire Constabulary,-1.061385,50.801183,On or near James Road,E01017019,Portsmouth 014E,Possession of weapons,Investigation complete; no suspect identified,
985eab3e3d69ff283d54e79f5f17e9b946695d82ff6ffed768e6e297618f47a3,2024-03,Hampshire Constabulary,Hampshire Constabulary,-1.065478,50.804435,On or near Bowler Court,E01017019,Portsmouth 014E,Public order,Unable to prosecute suspect,
ca9e8c5bd05219f003b5830215454283c24cdeb3234def8e48557e46e090c8c2,2024-03,Hampshire Constabulary,Hampshire Constabulary,-1.062581,50.801696,On or near Warblington Place,E01017019,Portsmouth 014E,Public order,Status update unavailable,
4e60545fe86093b94b9542a715c65aa2b565bbcd07cd13aafd2b2939ddab3c68,2024-03,Hampshire Constabulary,Hampshire Constabulary,-1.062581,50.801696,On or near Warblington Place,E01017019,Portsmouth 014E,Public order,Status update unavailable,
fac1ff0b5f9cf3915709d1ac6582a09a99e6453e3aa30663ed3de4eabff8f69e,2024-03,Hampshire Constabulary,Hampshire Constabulary,-1.062581,50.801696,On or near Warblington Place,E01017019,Portsmouth 014E,Public order,Action to be taken by another organisation,
3a6fc84143c0ca4d0126b08f3a7a9a4c24abba80eb033f8de29301eb0af456c0,2024-03,Hampshire Constabulary,Hampshire Constabulary,-1.061385,50.801183,On or near James Road,E01017019,Portsmouth 014E,Public order,Local resolution,
b90177305a1f4d89735e94ffcaa2fccea6c920367abb23f25e7418b34d000326,2024-03,Hampshire Constabulary,Hampshire Constabulary,-1.062581,50.801696,On or near Warblington Place,E01017019,Portsmouth 014E,Public order,Investigation complete; no suspect identified,
6572baf857528a469240b845dd4567a895ed07f0c3d87a11cd432eb7fad2d545,2024-03,Hampshire Constabulary,Hampshire Constabulary,-1.065478,50.804435,On or near Bowler Court,E01017019,Portsmouth 014E,Public order,Investigation complete; no suspect identified,
acfc2e8c4dea58592e3500e34c5bd69d32305993fba4803818ccd8cecac8c80b,2024-03,Hampshire Constabulary,Hampshire Constabulary,-1.064383,50.805235,On or near A288,E01017019,Portsmouth 014E,Vehicle crime,Investigation complete; no suspect identified,
0661688b140779328fc9360b0da5208e5997e14ebe1d43f9cfd48df64918aeaf,2024-03,Hampshire Constabulary,Hampshire Constabulary,-1.062581,50.801696,On or near Warblington Place,E01017019,Portsmouth 014E,Violence and sexual offences,Investigation complete; no suspect identified,
679d4bf5b6a8712a2ff12243dd90c8f3eb660fd6818240a69f5f3afe88780c3a,2024-03,Hampshire Constabulary,Hampshire Constabulary,-1.062581,50.801696,On or near Warblington Place,E01017019,Portsmouth 014E,Violence and sexual offences,Unable to prosecute suspect,
f41e780f584a56e39f2444322cbddfcf6ad96f30ce9f172d47f852a76f9ed57c,2024-03,Hampshire Constabulary,Hampshire Constabulary,-1.062581,50.801696,On or near Warblington Place,E01017019,Portsmouth 014E,Violence and sexual offences,Unable to prosecute suspect,
1fb4cb436605634d28edb31d14f0fb4dfdec878069bc005b274e0c733f550085,2024-03,Hampshire Constabulary,Hampshire Constabulary,-1.062581,50.801696,On or near Warblington Place,E01017019,Portsmouth 014E,Violence and sexual offences,Investigation complete; no suspect identified,
c351a9768df2f86b5b558c728da0049b55051914c776ccc1e84cffc24663da3e,2024-03,Hampshire Constabulary,Hampshire Constabulary,-1.065478,50.804435,On or near Bowler Court,E01017019,Portsmouth 014E,Violence and sexual offences,Investigation complete; no suspect identified,
c361066eead8c06017b023d4ac0045f2a93b7f3e29b74e44ff472f41b7c1a9e3,2024-03,Hampshire Constabulary,Hampshire Constabulary,-1.062581,50.801696,On or near Warblington Place,E01017019,Portsmouth 014E,Violence and sexual offences,Unable to prosecute suspect,
c5d777c3724e4a3090b6557c1971db3a2c280f5af66ac63d43d4c91d6cd3e012,2024-03,Hampshire Constabulary,Hampshire Constabulary,-1.062581,50.801696,On or near Warblington Place,E01017019,Portsmouth 014E,Violence and sexual offences,Investigation complete; no suspect identified,
2ac9909dd89f511609ab7a9095b01042636527524fca7880418200a04f4f168b,2024-03,Hampshire Constabulary,Hampshire Constabulary,-1.059466,50.802759,On or near Walsall Road,E01017020,Portsmouth 014F,Burglary,Investigation complete; no suspect identified,
a05d08858d824c3e1b56623f38bf5b0139603b1afdd908736c1ec2a6715f4d8a,2024-03,Hampshire Constabulary,Hampshire Constabulary,-1.050072,50.799229,On or near Redwing Court,E01017020,Portsmouth 014F,Violence and sexual offences,Unable to prosecute suspect,
3b34da5cd84adae7f9bb7df58c472195702fdd18ec3beaced68d4ab78129de1f,2024-03,Hampshire Constabulary,Hampshire Constabulary,-1.052551,50.800868,On or near Eastern Avenue,E01017020,Portsmouth 014F,Other crime,Formal action is not in the public interest,
e74f38fa0f401aa19f87b2db296d2515f2401c52be3b26412c52ad0cde19fdea,2024-03,Hampshire Constabulary,Hampshire Constabulary,-1.059466,50.802759,On or near Walsall Road,E01017020,Portsmouth 014F,Burglary,Investigation complete; no suspect identified,
8f030a9e814afb94e79b80a215f90226a42ff6bf16209ee9e1c46d9ef2acd456,2024-03,Hampshire Constabulary,Hampshire Constabulary,-1.057972,50.802270,On or near Langstone Road,E01017020,Portsmouth 014F,Criminal damage and arson,Investigation complete; no suspect identified,
8806c2473bbdd1f03b222e7401c18f60b40b5ea188e457a01027e288f6c0b727,2024-03,Hampshire Constabulary,Hampshire Constabulary,-1.053469,50.801083,On or near Salterns Avenue,E01017020,Portsmouth 014F,Other theft,Investigation complete; no suspect identified,
33d73b65898b23780abcc93ad4a441bead3c8c82df6a90b3e7789e313c26f51e,2024-03,Hampshire Constabulary,Hampshire Constabulary,-1.053469,50.801083,On or near Salterns Avenue,E01017020,Portsmouth 014F,Possession of weapons,Investigation complete; no suspect identified,
3a2b552b1bbed417292c80f290cda397cbebed720da1ef0eadbac21e120e493e,2024-03,Hampshire Constabulary,Hampshire Constabulary,-1.059466,50.802759,On or near Walsall Road,E01017020,Portsmouth 014F,Violence and sexual offences,Status update unavailable,
f679e96b0c8b6c436c806c7e509eab53384b93780afeb721aa8435efa183c103,2024-03,Hampshire Constabulary,Hampshire Constabulary,-1.056189,50.803425,On or near Wells Close,E01017020,Portsmouth 014F,Violence and sexual offences,Unable to prosecute suspect,
83cd9b16d08fb5c0fbb81b39bb64a6e00d4bc3ac90a564bc57e9c9b1370679a1,2024-03,Hampshire Constabulary,Hampshire Constabulary,-1.055949,50.801247,On or near Romsey Avenue,E01017020,Portsmouth 014F,Violence and sexual offences,Investigation complete; no suspect identified,
1260443a64d4ab37f10011a4a92fca99cda54bc969a6aaa79861ed1792b82546,2024-03,Hampshire Constabulary,Hampshire Constabulary,-1.051362,50.801380,On or near Shore Avenue,E01017020,Portsmouth 014F,Violence and sexual offences,Investigation complete; no suspect identified,
26a24481d1940df4f3a7c7ec310771aa04f23ee071ccfb130565e21cc86d49fe,2024-03,Hampshire Constabulary,Hampshire Constabulary,-1.050072,50.799229,On or near Redwing Court,E01017020,Portsmouth 014F,Other crime,Status update unavailable,
a87119282d782a62f27695a5405be46a54661d29dedb45b772b83c522f7f9b45,2024-03,Hampshire Constabulary,Hampshire Constabulary,-1.069684,50.801330,On or near Clarkes Road,E01017076,Portsmouth 015A,Violence and sexual offences,Unable to prosecute suspect,
cecad606ecee2c0618a16939c17f37b7f7919edd5bb5d7865adc4dad8ff09b64,2024-03,Hampshire Constabulary,Hampshire Constabulary,-1.070629,50.803055,On or near St Marys Road,E01017076,Portsmouth 015A,Violence and sexual offences,Unable to prosecute suspect,
aa05671dc8d3e3a93108a09eeff96e694018fc79114919ea35a6edca27c3ca59,2024-03,Hampshire Constabulary,Hampshire Constabulary,-1.070629,50.803055,On or near St Marys Road,E01017076,Portsmouth 015A,Violence and sexual offences,Unable to prosecute suspect,
e1291bf20fdf016c7eccb8437e056252f262dc72e3fc0730689a44eb5babb4ff,2024-03,Hampshire Constabulary,Hampshire Constabulary,-1.069684,50.801330,On or near Clarkes Road,E01017076,Portsmouth 015A,Violence and sexual offences,Investigation complete; no suspect identified,
86fdb5f1e55d2c5a651b01a67010e5bca27a8f69af57ef98fedadef161385ba6,2024-03,Hampshire Constabulary,Hampshire Constabulary,-1.070358,50.804510,On or near Fifth Street,E01017076,Portsmouth 015A,Violence and sexual offences,Action to be taken by another organisation,
bdfa425a973c8485c3c9f9b97d5982685997a4c13106c49cd416811df34bed74,2024-03,Hampshire Constabulary,Hampshire Constabulary,-1.071884,50.804864,On or near Cranleigh Road,E01017076,Portsmouth 015A,Violence and sexual offences,Unable to prosecute suspect,
219560d3245ea45630844f9999aa4c0217fedf777ec528f18c197e31666a4905,2024-03,Hampshire Constabulary,Hampshire Constabulary,-1.069409,50.800159,On or near Byerley Road,E01017076,Portsmouth 015A,Violence and sexual offences,Unable to prosecute suspect,
b1b8bb7fb96118f0c8c2917f2dfff8e455842f398c80486b22d29e2ffea2f9ca,2024-03,Hampshire Constabulary,Hampshire Constabulary,-1.070666,50.801886,On or near Cuthbert Road,E01017076,Portsmouth 015A,Violence and sexual offences,Unable to prosecute suspect,
185774a814b7fba73aef9e63982f1ec7757a23f6009d2a4ad5980f7c2b8aa948,2024-03,Hampshire Constabulary,Hampshire Constabulary,-1.070629,50.803055,On or near St Marys Road,E01017076,Portsmouth 015A,Violence and sexual offences,Investigation complete; no suspect identified,
78e585724da6b205ab59cc11849ca8cb977451d5b9faad2d8f9be56159e4b882,2024-03,Hampshire Constabulary,Hampshire Constabulary,-1.069684,50.801330,On or near Clarkes Road,E01017076,Portsmouth 015A,Criminal damage and arson,Investigation complete; no suspect identified,
bb18a479b7a947c549588767e6206e5520b54d3d05bdc84b4607487237986529,2024-03,Hampshire Constabulary,Hampshire Constabulary,-1.069841,50.806997,On or near Durban Road,E01017076,Portsmouth 015A,Other theft,Investigation complete; no suspect identified,
1cd4a91148f46ca9e221833be088b23dbeea4ee576387c9278483d36cdf6f1ce,2024-03,Hampshire Constabulary,Hampshire Constabulary,-1.070629,50.803055,On or near St Marys Road,E01017076,Portsmouth 015A,Violence and sexual offences,Action to be taken by another organisation,
593324aa4fdc16a593ac93086788e7ecd34656e6f7636e070950d89d9c20985e,2024-03,Hampshire Constabulary,Hampshire Constabulary,-1.076469,50.806968,On or near Little George Street,E01017077,Portsmouth 015B,Criminal damage and arson,Investigation complete; no suspect identified,
15d033e106220857aed934c821bf5e443678e99a220575c085d7aad00be2a200,2024-03,Hampshire Constabulary,Hampshire Constabulary,-1.073388,50.804876,On or near Shakespeare Road,E01017077,Portsmouth 015B,Drugs,Investigation complete; no suspect identified,
14321748b592fb80cb192394530aca2237e48782ba4767349f100d2443efbdb1,2024-03,Hampshire Constabulary,Hampshire Constabulary,-1.076469,50.806968,On or near Little George Street,E01017077,Portsmouth 015B,Possession of weapons,Unable to prosecute suspect,
807dd8c768ad2ae7c3c4b1789fde251fb444087a5c39023cfc9a4c1859df2730,2024-03,Hampshire Constabulary,Hampshire Constabulary,-1.075336,50.807589,On or near Inverness Road,E01017077,Portsmouth 015B,Violence and sexual offences,Investigation complete; no suspect identified,
58a0e372190767dc59e43e2387a92b60289217ade2df6530dc9028d491f48e34,2024-03,Hampshire Constabulary,Hampshire Constabulary,-1.071351,50.803825,On or near Fourth Street,E01017077,Portsmouth 015B,Violence and sexual offences,Unable to prosecute suspect,
ef74711ab2276145555ce5fb65abc3c35ab57f4ea0a305b4b4630f7ac3f07365,2024-03,Hampshire Constabulary,Hampshire Constabulary,-1.075371,50.803650,On or near Woodland Street,E01017077,Portsmouth 015B,Violence and sexual offences,Local resolution,
eaed552e9a1c34071a687768fdf09e7e7ccd12ccb2fe1f0e3758e0843b4fe1b2,2024-03,Hampshire Constabulary,Hampshire Constabulary,-1.073853,50.807190,On or near Ernest Road,E01017077,Portsmouth 015B,Violence and sexual offences,Local resolution,
7c5bee15b0b7a38b92179196d583aa45725a151486141fa3d7fa2c68127bdcde,2024-03,Hampshire Constabulary,Hampshire Constabulary,-1.075336,50.807589,On or near Inverness Road,E01017077,Portsmouth 015B,Violence and sexual offences,Unable to prosecute suspect,
17d5a38161f43423883bde5b17aafeedf2b104ad9ed808853210e985aeade4dd,2024-03,Hampshire Constabulary,Hampshire Constabulary,-1.076403,50.807426,On or near Belmore Close,E01017077,Portsmouth 015B,Violence and sexual offences,Unable to prosecute suspect,
845eac367400827a8dfaf3c82b5cc7df36bb447c3aa5054b1a3c518a7ccf5a7f,2024-03,Hampshire Constabulary,Hampshire Constabulary,-1.075336,50.807589,On or near Inverness Road,E01017077,Portsmouth 015B,Violence and sexual offences,Unable to prosecute suspect,
c1ce928ace2657d6285cfa33c19c14ce687a93aba2e27432c629a5bb0c3507c7,2024-03,Hampshire Constabulary,Hampshire Constabulary,-1.073853,50.807190,On or near Ernest Road,E01017077,Portsmouth 015B,Violence and sexual offences,Unable to prosecute suspect,
b529bd3e0965b398015739096127ef13ed6f706b9021420d8026fdaffa794fff,2024-03,Hampshire Constabulary,Hampshire Constabulary,-1.071351,50.803825,On or near Fourth Street,E01017077,Portsmouth 015B,Violence and sexual offences,Unable to prosecute suspect,
3e50c247c20b67dac648bc10734260a5ea339d5bc1c4a568f2434c6b7ff087a2,2024-03,Hampshire Constabulary,Hampshire Constabulary,-1.075371,50.803650,On or near Woodland Street,E01017077,Portsmouth 015B,Violence and sexual offences,Unable to prosecute suspect,
33a334deaa509f3edd6a17866e7fe2530bff45b61d940b4f0237882291655bbb,2024-03,Hampshire Constabulary,Hampshire Constabulary,-1.073853,50.807190,On or near Ernest Road,E01017077,Portsmouth 015B,Violence and sexual offences,Unable to prosecute suspect,
d4557d2bf09c79af8be3af7e267d5946ea4450680d0db89d28e3464ed56db691,2024-03,Hampshire Constabulary,Hampshire Constabulary,-1.075371,50.803650,On or near Woodland Street,E01017077,Portsmouth 015B,Violence and sexual offences,Local resolution,
6ca98af7adce73877905f997c637e9feb05c7ffc378a4cf9dcc23a4ea0c2bbda,2024-03,Hampshire Constabulary,Hampshire Constabulary,-1.073388,50.804876,On or near Shakespeare Road,E01017077,Portsmouth 015B,Violence and sexual offences,Unable to prosecute suspect,
c22e549992b90215a2f22898333483ebdc475739c698d3c190f12fcdad643143,2024-03,Hampshire Constabulary,Hampshire Constabulary,-1.075371,50.803650,On or near Woodland Street,E01017077,Portsmouth 015B,Violence and sexual offences,Unable to prosecute suspect,
f98829a7a4a5805a50a8109f8c106d93b89f9149e6b96027c4d065dd6ca3594f,2024-03,Hampshire Constabulary,Hampshire Constabulary,-1.071351,50.803825,On or near Fourth Street,E01017077,Portsmouth 015B,Violence and sexual offences,Unable to prosecute suspect,
022e5d024e32d06d974ebdca4546fb575a0507fcb1a1a5d85e3a8fffcf4dfd76,2024-03,Hampshire Constabulary,Hampshire Constabulary,-1.074814,50.805283,On or near Manor Road,E01017077,Portsmouth 015B,Violence and sexual offences,Investigation complete; no suspect identified,
38fa8fe9f0276505c1f1cb3f509620e8b9df47528fdd7d6b740d7255bf62dbe9,2024-03,Hampshire Constabulary,Hampshire Constabulary,-1.075336,50.807589,On or near Inverness Road,E01017077,Portsmouth 015B,Other crime,Unable to prosecute suspect,
8eaa744285ff957a9e336fd16355a300b3957d53675ddecdc0c9c7ca25287b5d,2024-03,Hampshire Constabulary,Hampshire Constabulary,-1.072794,50.803333,On or near Moorland Road,E01017077,Portsmouth 015B,Burglary,Investigation complete; no suspect identified,
df865eb950d1d8b80dd48c45286d8762b651d9633e2750eae4a8af36a8277dff,2024-03,Hampshire Constabulary,Hampshire Constabulary,-1.076403,50.807426,On or near Belmore Close,E01017077,Portsmouth 015B,Burglary,Unable to prosecute suspect,
37c90649bd40aad1b4d25b0bcb3d9eaa791d056bb896055402f5cd47f9b9ebb1,2024-03,Hampshire Constabulary,Hampshire Constabulary,-1.071351,50.803825,On or near Fourth Street,E01017077,Portsmouth 015B,Other theft,Investigation complete; no suspect identified,
f5da2e32e775d3279d4cb7cd9fc4e53c5c4071413d49ba83289e57e8fc57e941,2024-03,Hampshire Constabulary,Hampshire Constabulary,-1.076403,50.807426,On or near Belmore Close,E01017077,Portsmouth 015B,Other theft,Investigation complete; no suspect identified,
61616e3944f4cba53455c01b9fc27ff4953a839d93b44815b10d1f45c4fd53d9,2024-03,Hampshire Constabulary,Hampshire Constabulary,-1.073388,50.804876,On or near Shakespeare Road,E01017077,Portsmouth 015B,Other theft,Investigation complete; no suspect identified,
92b286633dd6e41a4bab7a86d9bb2d60e1b299667a5a9757c4e85046cd72a722,2024-03,Hampshire Constabulary,Hampshire Constabulary,-1.075371,50.803650,On or near Woodland Street,E01017077,Portsmouth 015B,Possession of weapons,Action to be taken by another organisation,
de3accd7fbf424d01cf1432fd39762c02dfcfd5d91db2dd6450b1ee01b64c92e,2024-03,Hampshire Constabulary,Hampshire Constabulary,-1.076469,50.806968,On or near Little George Street,E01017077,Portsmouth 015B,Public order,Status update unavailable,
23db822e4e5079e92a55f36ed99ebe56d26d3367e201bc18df7afeb22f5cad16,2024-03,Hampshire Constabulary,Hampshire Constabulary,-1.076469,50.806968,On or near Little George Street,E01017077,Portsmouth 015B,Public order,Investigation complete; no suspect identified,
aca1abf4dda87343239b1d2e3dd1d4f7efeca48f1fd437b86971023c588ac98e,2024-03,Hampshire Constabulary,Hampshire Constabulary,-1.074695,50.806990,On or near Shopping Area,E01017077,Portsmouth 015B,Vehicle crime,Investigation complete; no suspect identified,
d6bea368dfcca1309ee717fd2bba26080248fe001d2445e024cb395a970429f1,2024-03,Hampshire Constabulary,Hampshire Constabulary,-1.075336,50.807589,On or near Inverness Road,E01017077,Portsmouth 015B,Violence and sexual offences,Status update unavailable,
4d0349c03bb1dc77880df4c7feb939d9ac73d2b18ce2d3ba10c3f424dfa7ea38,2024-03,Hampshire Constabulary,Hampshire Constabulary,-1.075371,50.803650,On or near Woodland Street,E01017077,Portsmouth 015B,Violence and sexual offences,Unable to prosecute suspect,
52be82fdb649361a279d9c25d5b0d01e7fa561f754dbd69a440e51e657200ee6,2024-03,Hampshire Constabulary,Hampshire Constabulary,-1.071351,50.803825,On or near Fourth Street,E01017077,Portsmouth 015B,Violence and sexual offences,Unable to prosecute suspect,
4fd055992600081961aaf06bbcff4d2cd6e5da6769d22f065de6f068bb83fc61,2024-03,Hampshire Constabulary,Hampshire Constabulary,-1.071247,50.809085,On or near Supermarket,E01017078,Portsmouth 015C,Shoplifting,Court result unavailable,
4bf1eb8d1713fc5e9951de7b236da875516ab53dc810264f2191567b8ecad53e,2024-03,Hampshire Constabulary,Hampshire Constabulary,-1.071247,50.809085,On or near Supermarket,E01017078,Portsmouth 015C,Shoplifting,Court result unavailable,
5d3c4bd5c43302ba184e3c3d14d9bfa71a5cfdb3cafd8c392e3e5524bb50cbdc,2024-03,Hampshire Constabulary,Hampshire Constabulary,-1.071247,50.809085,On or near Supermarket,E01017078,Portsmouth 015C,Shoplifting,Court result unavailable,
ef88c48380c4e22923a83a9608385d9e8c0661363cdce76a8f35ed9cedb51e12,2024-03,Hampshire Constabulary,Hampshire Constabulary,-1.071247,50.809085,On or near Supermarket,E01017078,Portsmouth 015C,Shoplifting,Unable to prosecute suspect,
13b96f930291facaa624a9b9b741e3bf62dde30e845d63fbd487642bdcd4e6a1,2024-03,Hampshire Constabulary,Hampshire Constabulary,-1.071247,50.809085,On or near Supermarket,E01017078,Portsmouth 015C,Shoplifting,Court result unavailable,
bd22647c7097a79464624f46135032b1257ba8f857e6cb0b891c553a9391a677,2024-03,Hampshire Constabulary,Hampshire Constabulary,-1.071247,50.809085,On or near Supermarket,E01017078,Portsmouth 015C,Shoplifting,Court result unavailable,
0001145ad886aac8a68fc098f224f6cc860f12dbec0272ef0098326cfc9299db,2024-03,Hampshire Constabulary,Hampshire Constabulary,-1.071247,50.809085,On or near Supermarket,E01017078,Portsmouth 015C,Violence and sexual offences,Unable to prosecute suspect,
c595ea346a1b80b0ca484bdc89902760f09b96e3af149012acabeda66c19af4b,2024-03,Hampshire Constabulary,Hampshire Constabulary,-1.071214,50.808581,On or near Langford Road,E01017078,Portsmouth 015C,Violence and sexual offences,Unable to prosecute suspect,
c9629956a0e71bef58e7cadbdab5f00b5736cf3656a4f9dbe3fcde273fea9b4d,2024-03,Hampshire Constabulary,Hampshire Constabulary,-1.071721,50.806625,On or near Daulston Road,E01017078,Portsmouth 015C,Criminal damage and arson,Investigation complete; no suspect identified,
b3f4a9fe9cba679b295ad90bc15c2f6904c43b0adf3ba84333d66ddd2047193e,2024-03,Hampshire Constabulary,Hampshire Constabulary,-1.071247,50.807637,On or near George Street,E01017078,Portsmouth 015C,Drugs,Local resolution,
0041c08072e1f2914192c34e39807741be0ea0be9bd01d811d0f376f4e7e0c50,2024-03,Hampshire Constabulary,Hampshire Constabulary,-1.071247,50.809085,On or near Supermarket,E01017078,Portsmouth 015C,Shoplifting,Unable to prosecute suspect,
ab60c6830e32970b68478ebcd8b452f9aec6f70318c9950c350c00851641a590,2024-03,Hampshire Constabulary,Hampshire Constabulary,-1.071176,50.805496,On or near Beecham Road,E01017078,Portsmouth 015C,Violence and sexual offences,Unable to prosecute suspect,
353bf73b5ceb9b0d91dc23b4f997fdb1fea9e86711285b7339d08c12afa6187e,2024-03,Hampshire Constabulary,Hampshire Constabulary,-1.071247,50.809085,On or near Supermarket,E01017078,Portsmouth 015C,Other crime,Court result unavailable,
0adf1dffa8bbe820a4d563021fe38286f8744484d1c877b726ed68ddee043549,2024-03,Hampshire Constabulary,Hampshire Constabulary,-1.073264,50.801134,On or near Clive Road,E01017079,Portsmouth 015D,Public order,Unable to prosecute suspect,
94725f1e02a15df3367cbdd9176c2b4f5c79f52b2ce6c100d9d236ae31237c86,2024-03,Hampshire Constabulary,Hampshire Constabulary,-1.076438,50.801339,On or near Trafalgar Place,E01017079,Portsmouth 015D,Public order,Unable to prosecute suspect,
fbeb320449e6d6524882766452ebee94199fd3a9a2e084b7d044304eca0105d6,2024-03,Hampshire Constabulary,Hampshire Constabulary,-1.074148,50.801617,On or near Lower Brookfield Road,E01017079,Portsmouth 015D,Vehicle crime,Investigation complete; no suspect identified,
a7cce613969297281f3f76e3e5e0051e97464d4a82791ee0add0fee83687d12f,2024-03,Hampshire Constabulary,Hampshire Constabulary,-1.074148,50.801617,On or near Lower Brookfield Road,E01017079,Portsmouth 015D,Violence and sexual offences,Unable to prosecute suspect,
b5251a086c4de5f1178b125ba470d623a7364ff0aff8118c6c568ba53fec61d3,2024-03,Hampshire Constabulary,Hampshire Constabulary,-1.073980,50.802938,On or near Forton Road,E01017079,Portsmouth 015D,Violence and sexual offences,Investigation complete; no suspect identified,
f443d621991ce11d50096b0c889c9ed451225cab657027a8867078ddf6bfa790,2024-03,Hampshire Constabulary,Hampshire Constabulary,-1.073980,50.802938,On or near Forton Road,E01017079,Portsmouth 015D,Other crime,Investigation complete; no suspect identified,
,2024-03,Hampshire Constabulary,Hampshire Constabulary,-1.073264,50.801134,On or near Clive Road,E01017079,Portsmouth 015D,Anti-social behaviour,,
ee7f99640439b9d2e066d8a662bff7d1507a7f89cde1e978fd16a57838110025,2024-03,Hampshire Constabulary,Hampshire Constabulary,-1.074148,50.801617,On or near Lower Brookfield Road,E01017079,Portsmouth 015D,Burglary,Investigation complete; no suspect identified,
32525453fe64d311929e01a50734463314961281af832624e04af8a906867d19,2024-03,Hampshire Constabulary,Hampshire Constabulary,-1.076438,50.801339,On or near Trafalgar Place,E01017079,Portsmouth 015D,Drugs,Status update unavailable,
46e222c581f117868002f1638c3dea195ef5ede2b9def530a861789e54a3168e,2024-03,Hampshire Constabulary,Hampshire Constabulary,-1.073264,50.801134,On or near Clive Road,E01017079,Portsmouth 015D,Violence and sexual offences,Investigation complete; no suspect identified,
dff59d763c4fcde708f6ea8a980a901021fbdcfa7991617ff4e0bd0300a9e840,2024-03,Hampshire Constabulary,Hampshire Constabulary,-1.074148,50.801617,On or near Lower Brookfield Road,E01017079,Portsmouth 015D,Violence and sexual offences,Status update unavailable,
091d89742462afa09be8862f7aeb30df50197cd2db438e612c85eca2863c07f2,2024-03,Hampshire Constabulary,Hampshire Constabulary,-1.073980,50.802938,On or near Forton Road,E01017079,Portsmouth 015D,Violence and sexual offences,Investigation complete; no suspect identified,
12d5591b512d7470d534d4e6e289a7125a6e2bff9522369672a4eb97f0952f0b,2024-03,Hampshire Constabulary,Hampshire Constabulary,-1.075589,50.801215,On or near Ethel Road,E01017079,Portsmouth 015D,Violence and sexual offences,Unable to prosecute suspect,
19f8c440d2f2ce0e5c502e96e259080f0137d9bf437f9b1285325fa4ae137eab,2024-03,Hampshire Constabulary,Hampshire Constabulary,-1.073264,50.801134,On or near Clive Road,E01017079,Portsmouth 015D,Violence and sexual offences,Investigation complete; no suspect identified,
a9e4c14e118809372e8bcd95a1570a440684e99f1b5278906ef4b40f74f56627,2024-03,Hampshire Constabulary,Hampshire Constabulary,-1.075972,50.799806,On or near Sandringham Road,E01017080,Portsmouth 015E,Other theft,Investigation complete; no suspect identified,
c90a3743950228681c78622263c5c6c904ca3b8bb0e1c6f19afb462673525f86,2024-03,Hampshire Constabulary,Hampshire Constabulary,-1.076278,50.798657,On or near Nancy Road,E01017080,Portsmouth 015E,Violence and sexual offences,Unable to prosecute suspect,
3506ad5de6aed034ca46256989fa241cdcb67e36ae0386774713b66d9e792987,2024-03,Hampshire Constabulary,Hampshire Constabulary,-1.075972,50.799806,On or near Sandringham Road,E01017080,Portsmouth 015E,Violence and sexual offences,Investigation complete; no suspect identified,
680e4d6c2d67d2e403b1a4393b0b15e71fae45880d0da50bef83cea93ef595c2,2024-03,Hampshire Constabulary,Hampshire Constabulary,-1.076082,50.796381,On or near Selbourne Terrace,E01017080,Portsmouth 015E,Violence and sexual offences,Unable to prosecute suspect,
b797d25cc964f65292631bc01e960dd461a35c7a52ddb88243d0eca9f7bdb2a0,2024-03,Hampshire Constabulary,Hampshire Constabulary,-1.073740,50.799267,On or near Penhale Road,E01017080,Portsmouth 015E,Violence and sexual offences,Investigation complete; no suspect identified,
816a3eb91147b6313be989574c093d61520ed19dedc08b97c52a790d13097576,2024-03,Hampshire Constabulary,Hampshire Constabulary,-1.075933,50.799590,On or near Sandringham Lane,E01017080,Portsmouth 015E,Violence and sexual offences,Unable to prosecute suspect,
57719906d604565aa88785b70437682b8bd4a8b3ec148fb954f456090b3c4a18,2024-03,Hampshire Constabulary,Hampshire Constabulary,-1.075933,50.799590,On or near Sandringham Lane,E01017080,Portsmouth 015E,Violence and sexual offences,Unable to prosecute suspect,
cc74e00c77c603330ecc0d7188cca09d2b92d4e3ad09e4f4bf5cbe81df898429,2024-03,Hampshire Constabulary,Hampshire Constabulary,-1.073437,50.796648,On or near Parking Area,E01017080,Portsmouth 015E,Violence and sexual offences,Unable to prosecute suspect,
96be9d88e341ced51ce35b159913ea298d6ec7f28f3837cee7918befae4c5226,2024-03,Hampshire Constabulary,Hampshire Constabulary,-1.073696,50.796506,On or near Fratton,E01017080,Portsmouth 015E,Violence and sexual offences,Offender given a caution,
511c858fdaba3ac8a62b7e3039231f59e159fe2528871c34905fd6d06a85c966,2024-03,Hampshire Constabulary,Hampshire Constabulary,-1.076278,50.798657,On or near Nancy Road,E01017080,Portsmouth 015E,Violence and sexual offences,Court result unavailable,
0bb260774c829deaa6133bdd7e209dc20b195254601273b892a72b3d4963dd23,2024-03,Hampshire Constabulary,Hampshire Constabulary,-1.075933,50.799590,On or near Sandringham Lane,E01017080,Portsmouth 015E,Violence and sexual offences,Investigation complete; no suspect identified,
29f6e1ad189e3e8b13669d65559b470d2db3d9a3ce6746b9d9da255bbc722924,2024-03,Hampshire Constabulary,Hampshire Constabulary,-1.075472,50.798507,On or near Ariel Road,E01017080,Portsmouth 015E,Violence and sexual offences,Unable to prosecute suspect,
199ac814d016260ee02b3b47e1e6f9b7cf10268e836306c7d93f2959b2e176ca,2024-03,Hampshire Constabulary,Hampshire Constabulary,-1.075920,50.800255,On or near Sheffield Road,E01017080,Portsmouth 015E,Bicycle theft,Status update unavailable,
2910d4bb86b1d49e8fc441f33200e6b09eebb2e0db638c0e862679e485e2e319,2024-03,Hampshire Constabulary,Hampshire Constabulary,-1.075972,50.799806,On or near Sandringham Road,E01017080,Portsmouth 015E,Drugs,Local resolution,
47ede9f5e902d9d9be51e7f4f97f500c1454903557d8408024941cda22941dcb,2024-03,Hampshire Constabulary,Hampshire Constabulary,-1.076082,50.796381,On or near Selbourne Terrace,E01017080,Portsmouth 015E,Public order,Investigation complete; no suspect identified,
18bbb4d9e308ce26c5abe25681672e244b2e44d36611e899674624b31549008d,2024-03,Hampshire Constabulary,Hampshire Constabulary,-1.073437,50.796648,On or near Parking Area,E01017080,Portsmouth 015E,Public order,Investigation complete; no suspect identified,
5a2a908add2286f16ff3c848e5cf5314cd0b07c6b5c6f3732fe6a0936b2a3687,2024-03,Hampshire Constabulary,Hampshire Constabulary,-1.073635,50.800273,On or near Guildford Road,E01017080,Portsmouth 015E,Violence and sexual offences,Unable to prosecute suspect,
2f547e1e792a5a2d4eeb283f5f2d5bac03ab555265f3e1c42911f2c1c4ad1211,2024-03,Hampshire Constabulary,Hampshire Constabulary,-1.075933,50.799590,On or near Sandringham Lane,E01017080,Portsmouth 015E,Violence and sexual offences,Unable to prosecute suspect,
991fb4adfeced4143e18c1c79c174be19530acbada388c2a8370191b9ebc3930,2024-03,Hampshire Constabulary,Hampshire Constabulary,-1.075972,50.799806,On or near Sandringham Road,E01017080,Portsmouth 015E,Violence and sexual offences,Unable to prosecute suspect,
7babe2d798fe70db44f49c752c0a0ecb8cacea0c8f9202fcfd9168fe17526583,2024-03,Hampshire Constabulary,Hampshire Constabulary,-1.075194,50.797489,On or near Cornwall Road,E01017080,Portsmouth 015E,Violence and sexual offences,Further investigation is not in the public interest,
b0662401562b864ae1f7eab4972f9dccda537bc83884ccff3c5185da0a4ac9ce,2024-03,Hampshire Constabulary,Hampshire Constabulary,-1.075972,50.799806,On or near Sandringham Road,E01017080,Portsmouth 015E,Violence and sexual offences,Court result unavailable,
e2e2ec34005c8d52ad0169a16a7bbee9dd0c58736348bf742357fb06dc6d58d1,2024-03,Hampshire Constabulary,Hampshire Constabulary,-1.075972,50.799806,On or near Sandringham Road,E01017080,Portsmouth 015E,Violence and sexual offences,Investigation complete; no suspect identified,
0a3c761e56af1523f639023db562799c7b52c375405d08a3efc1a1bb03198193,2024-03,Hampshire Constabulary,Hampshire Constabulary,-1.075972,50.799806,On or near Sandringham Road,E01017080,Portsmouth 015E,Violence and sexual offences,Court result unavailable,
bcdb32d8bb6c7b487f2c555ee712c46cfe887273a9e7d1d34fdb15578b1dba78,2024-03,Hampshire Constabulary,Hampshire Constabulary,-1.071116,50.797807,On or near Walmer Road,E01017081,Portsmouth 015F,Criminal damage and arson,Unable to prosecute suspect,
3a7b5f7347e5316dd35abe0829b8ef98d5849115d78707d00dcc9798a99cc2be,2024-03,Hampshire Constabulary,Hampshire Constabulary,-1.071927,50.799855,On or near Liverpool Road,E01017081,Portsmouth 015F,Robbery,Investigation complete; no suspect identified,
dabe772eda6ccf9d21dcd479fb7b7872ba1ce6d6f2af8bf391fe94eb262671e1,2024-03,Hampshire Constabulary,Hampshire Constabulary,-1.071927,50.799855,On or near Liverpool Road,E01017081,Portsmouth 015F,Violence and sexual offences,Court result unavailable,
35cc01a93d19d1219dc8f194e2a119b6b1850659bf4c5b23dec71fd6178e41bb,2024-03,Hampshire Constabulary,Hampshire Constabulary,-1.071927,50.799855,On or near Liverpool Road,E01017081,Portsmouth 015F,Violence and sexual offences,Unable to prosecute suspect,
6d44ca52f144886192b348df8cf32dc00d297ef6254dd7faa391104e5e11fb31,2024-03,Hampshire Constabulary,Hampshire Constabulary,-1.071116,50.797807,On or near Walmer Road,E01017081,Portsmouth 015F,Vehicle crime,Investigation complete; no suspect identified,
43262772fa883f41615a6e6a0e127e8e328bb45866a02804a5d9d2389c55f5a5,2024-03,Hampshire Constabulary,Hampshire Constabulary,-1.071927,50.799855,On or near Liverpool Road,E01017081,Portsmouth 015F,Violence and sexual offences,Status update unavailable,
5d3ac64345646861491f2432e8770ce08555caa6d259548bd706fd93fe667b9e,2024-03,Hampshire Constabulary,Hampshire Constabulary,-1.071927,50.799855,On or near Liverpool Road,E01017081,Portsmouth 015F,Violence and sexual offences,Status update unavailable,
ca4c7dbc940d3bbcb5738bd316233833fc3a66209d031e32ac7cd5719f5a5e60,2024-03,Hampshire Constabulary,Hampshire Constabulary,-1.071927,50.799855,On or near Liverpool Road,E01017081,Portsmouth 015F,Violence and sexual offences,Action to be taken by another organisation,
40d5c8d4a96ede95225437f65aa78840a93d17d3a715b3a73b7e8440f673da79,2024-03,Hampshire Constabulary,Hampshire Constabulary,-1.052210,50.799472,On or near Mariners Walk,E01017021,Portsmouth 017A,Violence and sexual offences,Action to be taken by another organisation,
ee4497c26b883abb3b24a6a737a0367f016ed9b9bf7dc369d1ef7b3e287bbd58,2024-03,Hampshire Constabulary,Hampshire Constabulary,-1.043552,50.799563,On or near Sovereign Drive,E01017021,Portsmouth 017A,Violence and sexual offences,Status update unavailable,
8bde50a529bb3f04ef54197a4c952cac7dc35a9e3b3c8c009ced5d7c3b73cf9e,2024-03,Hampshire Constabulary,Hampshire Constabulary,-1.044647,50.795264,On or near Orchard Lane,E01017093,Portsmouth 017B,Criminal damage and arson,Unable to prosecute suspect,
8dc2667c9b502d107882ca276949f940811c6d738bd6ae75a394764cfb532994,2024-03,Hampshire Constabulary,Hampshire Constabulary,-1.047855,50.788924,On or near Parking Area,E01017093,Portsmouth 017B,Criminal damage and arson,Unable to prosecute suspect,
1154234c089290d2e12a29ea7802dcab2468939a9f4cc1c6f4d206866d12c099,2024-03,Hampshire Constabulary,Hampshire Constabulary,-1.040998,50.795378,On or near Broom Square,E01017093,Portsmouth 017B,Other theft,Unable to prosecute suspect,
676c8b642ecb2e4d1b4f12c9c52f6dbc01bd85f0770d08e954386966948851c5,2024-03,Hampshire Constabulary,Hampshire Constabulary,-1.044663,50.790336,On or near Leofric Court,E01017093,Portsmouth 017B,Vehicle crime,Investigation complete; no suspect identified,
3d1daaebb33ee671a13eee4d55c5b95feeaa8b3c0937e5ab8369fb3d38c1a285,2024-03,Hampshire Constabulary,Hampshire Constabulary,-1.044647,50.795264,On or near Orchard Lane,E01017093,Portsmouth 017B,Violence and sexual offences,Unable to prosecute suspect,
97029806df2eddfe6b4264596af324188b30bf88238fe0c5f09586f7908eee97,2024-03,Hampshire Constabulary,Hampshire Constabulary,-1.044647,50.795264,On or near Orchard Lane,E01017093,Portsmouth 017B,Violence and sexual offences,Unable to prosecute suspect,
1cf2b2aad0ed8d31e02b8217cc1154cf6b24785c2cd46196c74ba4e1e0517291,2024-03,Hampshire Constabulary,Hampshire Constabulary,-1.047396,50.794738,On or near Fair Oak Road,E01017093,Portsmouth 017B,Violence and sexual offences,Unable to prosecute suspect,
5e85f3a88b6feb105154d61137d15bfcf7d10bce9de69fb4228a099ab5e424b1,2024-03,Hampshire Constabulary,Hampshire Constabulary,-1.047855,50.788924,On or near Parking Area,E01017093,Portsmouth 017B,Violence and sexual offences,Unable to prosecute suspect,
19be9a29f8f948e636567c1687d1a38077e45a3312c4f5ee96252bb140d82743,2024-03,Hampshire Constabulary,Hampshire Constabulary,-1.040998,50.795378,On or near Broom Square,E01017093,Portsmouth 017B,Other crime,Unable to prosecute suspect,
75f9ebcfdd95111503256b0efa6f073ba9a5bcf512d78d9ebfc0e5cd9828b10b,2024-03,Hampshire Constabulary,Hampshire Constabulary,-1.047396,50.794738,On or near Fair Oak Road,E01017093,Portsmouth 017B,Criminal damage and arson,Offender given a caution,
f0fceccd6f95ae67d9f936229ea6803af17d59cc550c93c559a47d6641b1dbb9,2024-03,Hampshire Constabulary,Hampshire Constabulary,-1.044647,50.795264,On or near Orchard Lane,E01017093,Portsmouth 017B,Violence and sexual offences,Unable to prosecute suspect,
3350a1b5f5d995998bf6c7e789c119ec8a31eb6d1e78dfc977015e698c0ed1d2,2024-03,Hampshire Constabulary,Hampshire Constabulary,-1.044647,50.795264,On or near Orchard Lane,E01017093,Portsmouth 017B,Violence and sexual offences,Unable to prosecute suspect,
881bd35c19b04a294cf3ff3bc1e31abff9ad091d103bc962497148201d7818e9,2024-03,Hampshire Constabulary,Hampshire Constabulary,-1.044647,50.795264,On or near Orchard Lane,E01017093,Portsmouth 017B,Violence and sexual offences,Unable to prosecute suspect,
f7676d4ba3cc766bd0738e94af4a569fbf2de5f70d3c3e4ccab148d9997d90e0,2024-03,Hampshire Constabulary,Hampshire Constabulary,-1.044647,50.795264,On or near Orchard Lane,E01017093,Portsmouth 017B,Violence and sexual offences,Investigation complete; no suspect identified,
a9b2595ac440113bcd13265e789cbd394ab8151ed5df34dcdfa5fd57b6a75ec3,2024-03,Hampshire Constabulary,Hampshire Constabulary,-1.050386,50.791453,On or near Kingsley Road,E01017096,Portsmouth 017C,Other theft,Unable to prosecute suspect,
6bac16e41893ef89f11847ba30166228b678abc38e659adf05b632feeccf4bc6,2024-03,Hampshire Constabulary,Hampshire Constabulary,-1.051842,50.789586,On or near Bransbury Road,E01017096,Portsmouth 017C,Violence and sexual offences,Local resolution,
7f6e6163f69965431df319763502f0bf8d2bf06466c5c4abc35d124c17ca9207,2024-03,Hampshire Constabulary,Hampshire Constabulary,-1.051842,50.789586,On or near Bransbury Road,E01017096,Portsmouth 017C,Violence and sexual offences,Local resolution,
1e6e2ec27ffc7d0066c56780acbc01dd531f0c7330cfad6a1e1f2364d8598454,2024-03,Hampshire Constabulary,Hampshire Constabulary,-1.052769,50.790789,On or near Glasgow Road,E01017096,Portsmouth 017C,Violence and sexual offences,Unable to prosecute suspect,
49f0f9d43578f520248f37deb2ce10ab3a2486a5d67fd2d8cfc585efd16d3001,2024-03,Hampshire Constabulary,Hampshire Constabulary,-1.052769,50.790789,On or near Glasgow Road,E01017096,Portsmouth 017C,Violence and sexual offences,Unable to prosecute suspect,
f346803021cfc4beb986b47e1a464bedb1ac242ac315d32ee455c511ffb3665f,2024-03,Hampshire Constabulary,Hampshire Constabulary,-1.052769,50.790789,On or near Glasgow Road,E01017096,Portsmouth 017C,Violence and sexual offences,Unable to prosecute suspect,
346b957b9cd5d5159af726579bd3fad4e46b51320d27c71450327305aee4a751,2024-03,Hampshire Constabulary,Hampshire Constabulary,-1.052769,50.790789,On or near Glasgow Road,E01017096,Portsmouth 017C,Violence and sexual offences,Unable to prosecute suspect,
73d6fd6cddbc5c40caf418c1abc164ed6d852fd1fa2add6fba6f2d6fc220b179,2024-03,Hampshire Constabulary,Hampshire Constabulary,-1.052769,50.790789,On or near Glasgow Road,E01017096,Portsmouth 017C,Violence and sexual offences,Unable to prosecute suspect,
5a93bf5eaea334cff6203614d03f3152802dbae1935e5dfa5fb0c5e580b9ff59,2024-03,Hampshire Constabulary,Hampshire Constabulary,-1.050928,50.793409,On or near Stowe Road,E01017096,Portsmouth 017C,Public order,Investigation complete; no suspect identified,
f93cb75ed06c756bf38eb5d80270cb7b9ceaa50850d2947c9b9a6a2440849120,2024-03,Hampshire Constabulary,Hampshire Constabulary,-1.052428,50.792891,On or near Bertie Road,E01017096,Portsmouth 017C,Vehicle crime,Investigation complete; no suspect identified,
b944c2a8686ad254edab438d6dc8e801ab5f345dfb79bedbe89ddf4f01925633,2024-03,Hampshire Constabulary,Hampshire Constabulary,-1.053999,50.791680,On or near Gurney Road,E01017096,Portsmouth 017C,Violence and sexual offences,Unable to prosecute suspect,
dd115e78e5ad8ed05b04e5c5bf2698c955ad512f1143692ffafd01c00cfe2341,2024-03,Hampshire Constabulary,Hampshire Constabulary,-1.050928,50.793409,On or near Stowe Road,E01017096,Portsmouth 017C,Violence and sexual offences,Unable to prosecute suspect,
4dae37469f24ac61ed74e7475c033ab45324e8a268b190d45cb411ad9579b5cb,2024-03,Hampshire Constabulary,Hampshire Constabulary,-1.064090,50.798587,On or near Rodney Road,E01017099,Portsmouth 017D,Burglary,Unable to prosecute suspect,
0a24c43f5ca357dfa05285964ff594f14ab9f67a7fef15e998efb538398dfdc9,2024-03,Hampshire Constabulary,Hampshire Constabulary,-1.065924,50.795677,On or near Shopping Area,E01017099,Portsmouth 017D,Criminal damage and arson,Unable to prosecute suspect,
e6884c53acfd7fc598246e7a694a19e93b1a60710b3564cbf4b24b49d5c98625,2024-03,Hampshire Constabulary,Hampshire Constabulary,-1.066030,50.796678,On or near Supermarket,E01017099,Portsmouth 017D,Other theft,Investigation complete; no suspect identified,
3e9124941293890dc5deda6583649825f397513d914c5a5d8f4fc004d5bf5e18,2024-03,Hampshire Constabulary,Hampshire Constabulary,-1.066030,50.796678,On or near Supermarket,E01017099,Portsmouth 017D,Other theft,Unable to prosecute suspect,
3d77c09f9591dcc23a29938d5b805806c03f9404496338529fc0d3d08a197092,2024-03,Hampshire Constabulary,Hampshire Constabulary,-1.066030,50.796678,On or near Supermarket,E01017099,Portsmouth 017D,Other theft,Investigation complete; no suspect identified,
c32df92dcaaa3bae245384552c699c4c47bc632c2a533943e765c49bbb483193,2024-03,Hampshire Constabulary,Hampshire Constabulary,-1.066030,50.796678,On or near Supermarket,E01017099,Portsmouth 017D,Other theft,Unable to prosecute suspect,
1552376c0bf07077ccc09f4b1944b60cc88e3f681d4db6f221f3093870ae3ac8,2024-03,Hampshire Constabulary,Hampshire Constabulary,-1.067030,50.797028,On or near Fratton Way,E01017099,Portsmouth 017D,Other theft,Unable to prosecute suspect,
7ba490b1f3ed837f42ae3e395a195475ffa984b772cad72f722cd506353fa295,2024-03,Hampshire Constabulary,Hampshire Constabulary,-1.066030,50.796678,On or near Supermarket,E01017099,Portsmouth 017D,Other theft,Investigation complete; no suspect identified,
50a5286c8af71eefa1f5fd7846b13a139006af1caf02ab07a1be97f7737a1a4b,2024-03,Hampshire Constabulary,Hampshire Constabulary,-1.066030,50.796678,On or near Supermarket,E01017099,Portsmouth 017D,Other theft,Investigation complete; no suspect identified,
68c2831c3df54c7e685833db8e9c2196c857d5ca4af8563e57390c5bae4cd1ae,2024-03,Hampshire Constabulary,Hampshire Constabulary,-1.065924,50.795677,On or near Shopping Area,E01017099,Portsmouth 017D,Public order,Investigation complete; no suspect identified,
f183f2a1aef32c4a28e9046ebb9bb7a7620d2c67d605ae0a3b0a84866563b202,2024-03,Hampshire Constabulary,Hampshire Constabulary,-1.065924,50.795677,On or near Shopping Area,E01017099,Portsmouth 017D,Robbery,Court result unavailable,
50a9e04e4beac65214a7263e3edda77534916cbec870a1f5232b233002d8fdff,2024-03,Hampshire Constabulary,Hampshire Constabulary,-1.061537,50.794988,On or near Priory Crescent,E01017099,Portsmouth 017D,Violence and sexual offences,Unable to prosecute suspect,
40080281814d5b047c5190a904e2b4f6ad382b12b26b0057789df59f39ff40e6,2024-03,Hampshire Constabulary,Hampshire Constabulary,-1.064314,50.794506,On or near Ruskin Road,E01017099,Portsmouth 017D,Violence and sexual offences,Unable to prosecute suspect,
859329a3b013dc702eaee1c89a5739148af548140591d8fd8ac0aa4ba09a6ed9,2024-03,Hampshire Constabulary,Hampshire Constabulary,-1.061537,50.794988,On or near Priory Crescent,E01017099,Portsmouth 017D,Violence and sexual offences,Unable to prosecute suspect,
f5863e524876e391c8d2b607b438fed41abef0936c66531b3beeecab03083974,2024-03,Hampshire Constabulary,Hampshire Constabulary,-1.066667,50.794615,On or near Goldsmith Avenue,E01017099,Portsmouth 017D,Violence and sexual offences,Unable to prosecute suspect,
341631168106a305f8a54a6d792f8d258a5519d5404e8da9e0734157ba2f599e,2024-03,Hampshire Constabulary,Hampshire Constabulary,-1.067807,50.797710,On or near Shopping Area,E01017099,Portsmouth 017D,Violence and sexual offences,Unable to prosecute suspect,
ea8d619f49042b20d00c97c62b2a094f7769f01f5bdec344d6c439b276257237,2024-03,Hampshire Constabulary,Hampshire Constabulary,-1.063595,50.800372,On or near Hospital,E01017099,Portsmouth 017D,Violence and sexual offences,Unable to prosecute suspect,
f500c5eb148f41290b1148f19eed42b2c7a62464216cbed67f6c37f02bef74f8,2024-03,Hampshire Constabulary,Hampshire Constabulary,-1.061408,50.796470,On or near Vernon Avenue,E01017099,Portsmouth 017D,Violence and sexual offences,Unable to prosecute suspect,
af7d7e9b2ffd0d044d417197e3786b2c5c8a2c2a2f205a3e82ced46804796110,2024-03,Hampshire Constabulary,Hampshire Constabulary,-1.064454,50.800982,On or near Union Close,E01017099,Portsmouth 017D,Violence and sexual offences,Awaiting court outcome,
,2024-03,Hampshire Constabulary,Hampshire Constabulary,-1.062676,50.796247,On or near Specks Lane,E01017099,Portsmouth 017D,Anti-social behaviour,,
,2024-03,Hampshire Constabulary,Hampshire Constabulary,-1.066943,50.799303,On or near Illustrious Drive,E01017099,Portsmouth 017D,Anti-social behaviour,,
,2024-03,Hampshire Constabulary,Hampshire Constabulary,-1.065924,50.795677,On or near Shopping Area,E01017099,Portsmouth 017D,Anti-social behaviour,,
,2024-03,Hampshire Constabulary,Hampshire Constabulary,-1.066667,50.794615,On or near Goldsmith Avenue,E01017099,Portsmouth 017D,Anti-social behaviour,,
,2024-03,Hampshire Constabulary,Hampshire Constabulary,-1.065924,50.795677,On or near Shopping Area,E01017099,Portsmouth 017D,Anti-social behaviour,,
,2024-03,Hampshire Constabulary,Hampshire Constabulary,-1.066030,50.796678,On or near Supermarket,E01017099,Portsmouth 017D,Anti-social behaviour,,
,2024-03,Hampshire Constabulary,Hampshire Constabulary,-1.066667,50.794615,On or near Goldsmith Avenue,E01017099,Portsmouth 017D,Anti-social behaviour,,
,2024-03,Hampshire Constabulary,Hampshire Constabulary,-1.066030,50.796678,On or near Supermarket,E01017099,Portsmouth 017D,Anti-social behaviour,,
,2024-03,Hampshire Constabulary,Hampshire Constabulary,-1.066667,50.794615,On or near Goldsmith Avenue,E01017099,Portsmouth 017D,Anti-social behaviour,,
,2024-03,Hampshire Constabulary,Hampshire Constabulary,-1.065924,50.795677,On or near Shopping Area,E01017099,Portsmouth 017D,Anti-social behaviour,,
,2024-03,Hampshire Constabulary,Hampshire Constabulary,-1.066667,50.794615,On or near Goldsmith Avenue,E01017099,Portsmouth 017D,Anti-social behaviour,,
7be6a2e526fa7a11b4aaa8ae0f147b3ecdff3f3cd7898ed1a0407fb020983092,2024-03,Hampshire Constabulary,Hampshire Constabulary,-1.066030,50.796678,On or near Supermarket,E01017099,Portsmouth 017D,Bicycle theft,Investigation complete; no suspect identified,
71eedbfd43e2f111cab9d356da91167e3f8281f3367f1a1147c0c94d0278edfa,2024-03,Hampshire Constabulary,Hampshire Constabulary,-1.068275,50.797218,On or near Dickinson Road,E01017099,Portsmouth 017D,Bicycle theft,Investigation complete; no suspect identified,
78c4766e0dd0187eee716391a8a979948a39d1166b181d42467b6e4003ecd0e0,2024-03,Hampshire Constabulary,Hampshire Constabulary,-1.067030,50.797028,On or near Fratton Way,E01017099,Portsmouth 017D,Bicycle theft,Investigation complete; no suspect identified,
72b2df840ced3f63689538c2667c271baa627de873bac7aab5e81e9176f327f1,2024-03,Hampshire Constabulary,Hampshire Constabulary,-1.066943,50.799303,On or near Illustrious Drive,E01017099,Portsmouth 017D,Criminal damage and arson,Investigation complete; no suspect identified,
4624c954c253e0e9b45ac31c741b93e9adc6a87b56d722f14fb1c1ecd38ce039,2024-03,Hampshire Constabulary,Hampshire Constabulary,-1.063595,50.800372,On or near Hospital,E01017099,Portsmouth 017D,Criminal damage and arson,Investigation complete; no suspect identified,
802baa71bf7670f9477212f1ca1a73aa7c9ac0dc333222c11b43598646f5b4b3,2024-03,Hampshire Constabulary,Hampshire Constabulary,-1.066943,50.799303,On or near Illustrious Drive,E01017099,Portsmouth 017D,Criminal damage and arson,Investigation complete; no suspect identified,
75e005d8cbbb912d93eb5589fb0f928a1fe9946205b21f598caac9115983fc5c,2024-03,Hampshire Constabulary,Hampshire Constabulary,-1.067030,50.797028,On or near Fratton Way,E01017099,Portsmouth 017D,Criminal damage and arson,Investigation complete; no suspect identified,
96e4958a81b61f0c2330540f402892a44190b2d4d2cfcafbfcbffc7cceb84661,2024-03,Hampshire Constabulary,Hampshire Constabulary,-1.066030,50.796678,On or near Supermarket,E01017099,Portsmouth 017D,Other theft,Investigation complete; no suspect identified,
6a17e4f4a448050280d0b30bd588ae8d6ba59eb0207ef1e66b68806b43d02975,2024-03,Hampshire Constabulary,Hampshire Constabulary,-1.067030,50.797028,On or near Fratton Way,E01017099,Portsmouth 017D,Other theft,Investigation complete; no suspect identified,
ebf3cc3699af7275990ee22ad7a31b79b9f856907961ce33ef4a4a846fca9955,2024-03,Hampshire Constabulary,Hampshire Constabulary,-1.066030,50.796678,On or near Supermarket,E01017099,Portsmouth 017D,Other theft,Investigation complete; no suspect identified,
53cd79b3070ad6cce9608d06f9c4389b62c3f6d893c430c287034577ecb10889,2024-03,Hampshire Constabulary,Hampshire Constabulary,-1.065924,50.795677,On or near Shopping Area,E01017099,Portsmouth 017D,Other theft,Investigation complete; no suspect identified,
212f4a47a2b4711d44028049696b6e2f025802df82f53f92ecd3e65eb5913cb8,2024-03,Hampshire Constabulary,Hampshire Constabulary,-1.066030,50.796678,On or near Supermarket,E01017099,Portsmouth 017D,Other theft,Investigation complete; no suspect identified,
d256915182388590d2aeb7cdb8ee74c5ad13ec0c5ed0a65872f3046cb67de142,2024-03,Hampshire Constabulary,Hampshire Constabulary,-1.063088,50.795513,On or near Carisbrooke Road,E01017099,Portsmouth 017D,Other theft,Investigation complete; no suspect identified,
5a2d044b83af3ee582e0385c3657686e3ae1f5461ac06ac7f63258ae26b631c2,2024-03,Hampshire Constabulary,Hampshire Constabulary,-1.068275,50.797218,On or near Dickinson Road,E01017099,Portsmouth 017D,Other theft,Investigation complete; no suspect identified,
971b5553b24bbf655c58fb983e9996345e092b18b6a2cd9e0e4a0d686cbac797,2024-03,Hampshire Constabulary,Hampshire Constabulary,-1.066030,50.796678,On or near Supermarket,E01017099,Portsmouth 017D,Other theft,Investigation complete; no suspect identified,
169e3ca2e51d56a32e32a182642ff30a54aae6129a185a51cefd90a6dcbffa0a,2024-03,Hampshire Constabulary,Hampshire Constabulary,-1.063154,50.795037,On or near Apsley Road,E01017099,Portsmouth 017D,Other theft,Unable to prosecute suspect,
5e8ebfc1ef0f419fcca3dec66a03b8545766c1becdbe3d295afde4542812ebe3,2024-03,Hampshire Constabulary,Hampshire Constabulary,-1.069767,50.795674,On or near Parking Area,E01017099,Portsmouth 017D,Possession of weapons,Investigation complete; no suspect identified,
6397d19438205ff18cd1d2c131946212f31666081c5c2629dddfdfaf3ca05284,2024-03,Hampshire Constabulary,Hampshire Constabulary,-1.066030,50.796678,On or near Supermarket,E01017099,Portsmouth 017D,Possession of weapons,Unable to prosecute suspect,
39b7184207eafc36f9258018552dd1ff4ac0a706e6f022dcb9f90b9ef63641ba,2024-03,Hampshire Constabulary,Hampshire Constabulary,-1.069767,50.795674,On or near Parking Area,E01017099,Portsmouth 017D,Public order,Investigation complete; no suspect identified,
c8da8db87d2f8675629d374961c749bae5ea3d8a4f2e3f72ac52b3213cb7cb9d,2024-03,Hampshire Constabulary,Hampshire Constabulary,-1.066667,50.794615,On or near Goldsmith Avenue,E01017099,Portsmouth 017D,Robbery,Unable to prosecute suspect,
67786ffd04a6e95c244a38d4e5c74f5b0592527015af69ef6732b24d1f2d5771,2024-03,Hampshire Constabulary,Hampshire Constabulary,-1.066030,50.796678,On or near Supermarket,E01017099,Portsmouth 017D,Shoplifting,Investigation complete; no suspect identified,
7213dfd9a021d13d755a81335b45fd1287c7932579dc1ea6469332e1edf670f7,2024-03,Hampshire Constabulary,Hampshire Constabulary,-1.061537,50.794988,On or near Priory Crescent,E01017099,Portsmouth 017D,Vehicle crime,Investigation complete; no suspect identified,
4116e2a1a12a487f4dd472e3b24173d7e417c923bce941e7203ac4c9a3b90135,2024-03,Hampshire Constabulary,Hampshire Constabulary,-1.064454,50.800982,On or near Union Close,E01017099,Portsmouth 017D,Vehicle crime,Investigation complete; no suspect identified,
068a207c6748aec9bb06a61f03d61c77184eaa4e94f00624d6fb1d838ad84cc2,2024-03,Hampshire Constabulary,Hampshire Constabulary,-1.062433,50.794923,On or near Claydon Avenue,E01017099,Portsmouth 017D,Vehicle crime,Investigation complete; no suspect identified,
1d710e7492d6908c25cad1fbb3edfb7cd21b8e9f80b82a1d0da6237c9413aeab,2024-03,Hampshire Constabulary,Hampshire Constabulary,-1.065924,50.795677,On or near Shopping Area,E01017099,Portsmouth 017D,Violence and sexual offences,Unable to prosecute suspect,
e8e5124fc9387b3e8724c89968b5a2d0c70e03db56120ef40ab06db5baeb7af9,2024-03,Hampshire Constabulary,Hampshire Constabulary,-1.062676,50.796247,On or near Specks Lane,E01017099,Portsmouth 017D,Violence and sexual offences,Unable to prosecute suspect,
3e69d40f682b65ed0f861681241c9d1c66fa55b0a58c3630c88e748969c75b19,2024-03,Hampshire Constabulary,Hampshire Constabulary,-1.063595,50.800372,On or near Hospital,E01017099,Portsmouth 017D,Violence and sexual offences,Status update unavailable,
a4935c54b72d384b0cba4849d125f606fb6e61b029888a79572270ecae925a87,2024-03,Hampshire Constabulary,Hampshire Constabulary,-1.051507,50.794916,On or near Solent Drive,E01017100,Portsmouth 017E,Violence and sexual offences,Unable to prosecute suspect,
884cf7754f748d6551a8b32ca18f36bda8d25138203493d02ddec0d3d389f237,2024-03,Hampshire Constabulary,Hampshire Constabulary,-1.055305,50.795144,On or near Hollam Road,E01017100,Portsmouth 017E,Vehicle crime,Status update unavailable,
e88905df92e8be156a47e28c115c55b6c190eab0009de8a3ef17e23a0d84e471,2024-03,Hampshire Constabulary,Hampshire Constabulary,-1.049864,50.794821,On or near The Driveway,E01017100,Portsmouth 017E,Violence and sexual offences,Investigation complete; no suspect identified,
96280fac0e0ee7265bea73f5a564c4344c416af3c8811be95ed084b03106fd73,2024-03,Hampshire Constabulary,Hampshire Constabulary,-1.057835,50.794940,On or near Posbrooke Road,E01017101,Portsmouth 017F,Public order,Investigation complete; no suspect identified,
200b081b6aa6db4bbfb7504af5ca676d81c2e74c694f8f42443b1afcdc45cbea,2024-03,Hampshire Constabulary,Hampshire Constabulary,-1.056873,50.794078,On or near Cromarty Avenue,E01017101,Portsmouth 017F,Public order,Investigation complete; no suspect identified,
4dd148f08249f9eb4082071493113d21135a5c8b36eb185bcf648f515e62e9a4,2024-03,Hampshire Constabulary,Hampshire Constabulary,-1.057299,50.796195,On or near Blendworth Road,E01017101,Portsmouth 017F,Violence and sexual offences,Unable to prosecute suspect,
1c1f02bd28b5265b02fafdbeba1bc6e6e98ffb7102c86d81eb82df75ed9cb36c,2024-03,Hampshire Constabulary,Hampshire Constabulary,-1.084644,50.796044,On or near Somerville Court,E01017035,Portsmouth 018A,Criminal damage and arson,Local resolution,
6316990c7d23463b0706fc383a596a15d8c8ab637346cd01750d8c2e048fec86,2024-03,Hampshire Constabulary,Hampshire Constabulary,-1.083725,50.796603,On or near Omega Street,E01017035,Portsmouth 018A,Other theft,Unable to prosecute suspect,
30e13535de1ab3b10115b6209e96d3959ddb7d4159070c90b5b309e2fac06378,2024-03,Hampshire Constabulary,Hampshire Constabulary,-1.084679,50.795738,On or near Quinton Close,E01017035,Portsmouth 018A,Public order,Unable to prosecute suspect,
660270e47a5bb7df4b63f2e8f994e4413679340800a7fffeaf1ef4a5d089c59c,2024-03,Hampshire Constabulary,Hampshire Constabulary,-1.083725,50.796603,On or near Omega Street,E01017035,Portsmouth 018A,Violence and sexual offences,Unable to prosecute suspect,
05f0748bd0f685fab6d8b2f2cbe1c6665d4befe974824cac6e67ae5a92b4d41c,2024-03,Hampshire Constabulary,Hampshire Constabulary,-1.084644,50.796044,On or near Somerville Court,E01017035,Portsmouth 018A,Violence and sexual offences,Unable to prosecute suspect,
46d32df47d207053665277598b7b694e7d5934e5f7757e8bed34c698520535ee,2024-03,Hampshire Constabulary,Hampshire Constabulary,-1.083725,50.796603,On or near Omega Street,E01017035,Portsmouth 018A,Violence and sexual offences,Unable to prosecute suspect,
9fda8db813dce4130f4f87146e39b3f7ee213784714b0e54f03434ee0518048b,2024-03,Hampshire Constabulary,Hampshire Constabulary,-1.084679,50.795738,On or near Quinton Close,E01017035,Portsmouth 018A,Violence and sexual offences,Unable to prosecute suspect,
da1a39fb6eadb0e9a92b9bc9c6629f08c6eb60835dc4415b97ab4289fbdcd7a7,2024-03,Hampshire Constabulary,Hampshire Constabulary,-1.084679,50.795738,On or near Quinton Close,E01017035,Portsmouth 018A,Violence and sexual offences,Unable to prosecute suspect,
60bb4ac37a07bf4827a83edce28704573323b4a99979d800184700bb6cae0131,2024-03,Hampshire Constabulary,Hampshire Constabulary,-1.084679,50.795738,On or near Quinton Close,E01017035,Portsmouth 018A,Violence and sexual offences,Unable to prosecute suspect,
521f2aa5743f3c75d0024aea3e7c44598e9f9f4acbbfc2535b0603d5bccf4c73,2024-03,Hampshire Constabulary,Hampshire Constabulary,-1.084644,50.796044,On or near Somerville Court,E01017035,Portsmouth 018A,Violence and sexual offences,Local resolution,
b83bf0a2d7eb7e9a3604771a20e511f431b54dce651a5928525f9b1146b95963,2024-03,Hampshire Constabulary,Hampshire Constabulary,-1.080301,50.796135,On or near Carlisle Road,E01017035,Portsmouth 018A,Other crime,Formal action is not in the public interest,
,2024-03,Hampshire Constabulary,Hampshire Constabulary,-1.081939,50.797236,On or near Port Royal Street,E01017035,Portsmouth 018A,Anti-social behaviour,,
,2024-03,Hampshire Constabulary,Hampshire Constabulary,-1.084644,50.796044,On or near Somerville Court,E01017035,Portsmouth 018A,Anti-social behaviour,,
0c785fee255ddfbe60512ea9031e42f61c1621b5935ebb4ba75d8e7b0877313c,2024-03,Hampshire Constabulary,Hampshire Constabulary,-1.084679,50.795738,On or near Quinton Close,E01017035,Portsmouth 018A,Criminal damage and arson,Investigation complete; no suspect identified,
c13060ce54c7f7c6400c68c9add66c9d125d3aeb305a15e47b67ae9d6c741a08,2024-03,Hampshire Constabulary,Hampshire Constabulary,-1.084679,50.795738,On or near Quinton Close,E01017035,Portsmouth 018A,Criminal damage and arson,Investigation complete; no suspect identified,
3fa8a2d6c62fdf0a47031c1f1bd054cf0d6412f2699f30902bfcd1c06ff8dd73,2024-03,Hampshire Constabulary,Hampshire Constabulary,-1.085178,50.797055,On or near Maxstoke Close,E01017035,Portsmouth 018A,Criminal damage and arson,Investigation complete; no suspect identified,
6d428670c108f49de53f2f55c58933301297b340aa32e2ccdb2c70be5b144890,2024-03,Hampshire Constabulary,Hampshire Constabulary,-1.081939,50.797236,On or near Port Royal Street,E01017035,Portsmouth 018A,Other theft,Investigation complete; no suspect identified,
ddd28f3be1836c45021c418fa3862fb4a48f28b7507b3e90667cd880ff4c1ee8,2024-03,Hampshire Constabulary,Hampshire Constabulary,-1.085178,50.797055,On or near Maxstoke Close,E01017035,Portsmouth 018A,Violence and sexual offences,Status update unavailable,
2e05175323e6fa75952e9d67bdadb9f3d986c4d3a12446e9ae6685983e1df122,2024-03,Hampshire Constabulary,Hampshire Constabulary,-1.086008,50.795982,On or near Tyseley Road,E01017035,Portsmouth 018A,Violence and sexual offences,Unable to prosecute suspect,
a3c4c76d18a53eb286af395e48429e6ed0b5347f732c64f6d0fefc885519b997,2024-03,Hampshire Constabulary,Hampshire Constabulary,-1.084644,50.796044,On or near Somerville Court,E01017035,Portsmouth 018A,Violence and sexual offences,Unable to prosecute suspect,
4c7eb4e4c6676cdb0396cdef54dfcf33772ea17721b1b0a771963f993f436002,2024-03,Hampshire Constabulary,Hampshire Constabulary,-1.084644,50.796044,On or near Somerville Court,E01017035,Portsmouth 018A,Violence and sexual offences,Investigation complete; no suspect identified,
7dd222dfe8e264cab3cb0f322c267d6bc339ce33fdcec31eb5c64b61d439af00,2024-03,Hampshire Constabulary,Hampshire Constabulary,-1.083789,50.795533,On or near Blackfriars Close,E01017035,Portsmouth 018A,Violence and sexual offences,Unable to prosecute suspect,
38489086a1e5eb2d6aef56fe85f6ec8b428eb55e638dff4c95d6380536e6d204,2024-03,Hampshire Constabulary,Hampshire Constabulary,-1.083236,50.791896,On or near St Andrews Road,E01017128,Portsmouth 018B,Criminal damage and arson,Unable to prosecute suspect,
60a52f55100e70e7ddcdbc29dc937c70626df9a52dba09975cf49d4594196091,2024-03,Hampshire Constabulary,Hampshire Constabulary,-1.084901,50.792332,On or near Hudson Road,E01017128,Portsmouth 018B,Drugs,Investigation complete; no suspect identified,
32ce865d29d51d1bb290aec2d7527a3fd4eff536636a4f047f02d0c055d7b2ea,2024-03,Hampshire Constabulary,Hampshire Constabulary,-1.084445,50.790260,On or near St Ursula Grove,E01017128,Portsmouth 018B,Public order,Unable to prosecute suspect,
,2024-03,Hampshire Constabulary,Hampshire Constabulary,-1.084445,50.790260,On or near St Ursula Grove,E01017128,Portsmouth 018B,Anti-social behaviour,,
9c170f135fc4f175fe57183b1eebb1df319a0dcacf238db09f0b3c01bae20f72,2024-03,Hampshire Constabulary,Hampshire Constabulary,-1.083236,50.791896,On or near St Andrews Road,E01017128,Portsmouth 018B,Other theft,Investigation complete; no suspect identified,
e1d01652a98799ff080ee46dbff8e82147be2d43408e4cbb39b80e9e90be5ccd,2024-03,Hampshire Constabulary,Hampshire Constabulary,-1.086282,50.791398,On or near Cottage Grove,E01017128,Portsmouth 018B,Other theft,Investigation complete; no suspect identified,
a75ef37d5fd3269ad0c580b6180ff321c462a5f3a7682e81ebde633a5a018700,2024-03,Hampshire Constabulary,Hampshire Constabulary,-1.086282,50.791398,On or near Cottage Grove,E01017128,Portsmouth 018B,Other theft,Investigation complete; no suspect identified,
ee64e98ef2cb2cf0efaf9c607cba5a880275f3b5f1143c318d0ae36516952ad1,2024-03,Hampshire Constabulary,Hampshire Constabulary,-1.084445,50.790260,On or near St Ursula Grove,E01017128,Portsmouth 018B,Possession of weapons,Status update unavailable,
31868fd0f3bfb88db1d92ffd3f47f870c60365705fd2e6d83655a8c85e6f84ae,2024-03,Hampshire Constabulary,Hampshire Constabulary,-1.084445,50.790260,On or near St Ursula Grove,E01017128,Portsmouth 018B,Violence and sexual offences,Unable to prosecute suspect,
76554146c3459d6d85e56dbc789997717536daf433c7b6765ed32874aa834d7d,2024-03,Hampshire Constabulary,Hampshire Constabulary,-1.084445,50.790260,On or near St Ursula Grove,E01017128,Portsmouth 018B,Violence and sexual offences,Unable to prosecute suspect,
8f9121382b1f594d138823d55cca50c0a6dbd5f68e1ea6a45aef7cfac0ee9d1b,2024-03,Hampshire Constabulary,Hampshire Constabulary,-1.086019,50.793222,On or near Worcester Close,E01017129,Portsmouth 018C,Criminal damage and arson,Investigation complete; no suspect identified,
8d0f6aee85071b8f1a6e2cbb70fd89c29fa0c5fbcdaa98124b02c1f6f7d0c3ce,2024-03,Hampshire Constabulary,Hampshire Constabulary,-1.084080,50.794411,On or near Lower Forbury Road,E01017129,Portsmouth 018C,Criminal damage and arson,Unable to prosecute suspect,
4d5f6f28fdf9d2b099c0501018cd46b8b1f5c8ed55ff02f829c4b6006f67454f,2024-03,Hampshire Constabulary,Hampshire Constabulary,-1.081531,50.794158,On or near Montgomerie Road,E01017129,Portsmouth 018C,Criminal damage and arson,Unable to prosecute suspect,
2e49981f2427df113184ff6c59663d3a81f09851e8870d5a298f2b7c0701bd60,2024-03,Hampshire Constabulary,Hampshire Constabulary,-1.084080,50.794411,On or near Lower Forbury Road,E01017129,Portsmouth 018C,Criminal damage and arson,Investigation complete; no suspect identified,
be38ea78936d0106e7a0ee5c933bbb6bf53f292d73deb2ed497070bf0673db9a,2024-03,Hampshire Constabulary,Hampshire Constabulary,-1.081531,50.794158,On or near Montgomerie Road,E01017129,Portsmouth 018C,Drugs,Local resolution,
762a7717b1516f9661a0eea1d89dc9afe5038ed6d636064360849c36812c864d,2024-03,Hampshire Constabulary,Hampshire Constabulary,-1.084080,50.794411,On or near Lower Forbury Road,E01017129,Portsmouth 018C,Other theft,Unable to prosecute suspect,
00f8acc5351095913c16010836c6ad6f96b2dfc42dbbdb96be67363e67bfd0ba,2024-03,Hampshire Constabulary,Hampshire Constabulary,-1.080534,50.792909,On or near Victoria Road North,E01017129,Portsmouth 018C,Violence and sexual offences,Unable to prosecute suspect,
dc718a1304ff63b2ac6d7b4aa4f0a96f246d1c921002ef816a388ab92ba5505d,2024-03,Hampshire Constabulary,Hampshire Constabulary,-1.086019,50.793222,On or near Worcester Close,E01017129,Portsmouth 018C,Violence and sexual offences,Unable to prosecute suspect,
eda9d7a780ffa7cf03e1edd2a92373505cb8c428f40cc5890fe930cf8a18a941,2024-03,Hampshire Constabulary,Hampshire Constabulary,-1.086019,50.793222,On or near Worcester Close,E01017129,Portsmouth 018C,Violence and sexual offences,Unable to prosecute suspect,
c58b15fa6aa82904def7cd38ebe7e12fabf99d7139cbb57dfc38bbf6b7c5fe52,2024-03,Hampshire Constabulary,Hampshire Constabulary,-1.080534,50.792909,On or near Victoria Road North,E01017129,Portsmouth 018C,Violence and sexual offences,Unable to prosecute suspect,
7ac236c9f2fb22c1ace4cd82468a7f96774dd3a27299d5cf4aa12d5e85189d85,2024-03,Hampshire Constabulary,Hampshire Constabulary,-1.084074,50.793260,On or near Playfair Road,E01017129,Portsmouth 018C,Violence and sexual offences,Unable to prosecute suspect,
89964694babc93b8cb21e6dbffa9ac831b874ba1453530e2b5ebd999a5451f93,2024-03,Hampshire Constabulary,Hampshire Constabulary,-1.083594,50.794623,On or near Aldwell Street,E01017129,Portsmouth 018C,Violence and sexual offences,Unable to prosecute suspect,
fdfc8ae44e53ff3ea01e8dd5ff556df550c6dd2d7d1b66b4eb3b3d58b3b93727,2024-03,Hampshire Constabulary,Hampshire Constabulary,-1.080534,50.792909,On or near Victoria Road North,E01017129,Portsmouth 018C,Violence and sexual offences,Unable to prosecute suspect,
457b432e553af4474ce9a587c77b6a86b35cfe5fc58fa119ec4767670b9ecbac,2024-03,Hampshire Constabulary,Hampshire Constabulary,-1.086019,50.793222,On or near Worcester Close,E01017129,Portsmouth 018C,Violence and sexual offences,Unable to prosecute suspect,
,2024-03,Hampshire Constabulary,Hampshire Constabulary,-1.081948,50.792452,On or near St Davids Road,E01017129,Portsmouth 018C,Anti-social behaviour,,
c2568515674ab02872d15c1d45298c24e6ed95e79f8396353911b9b9e1b7caed,2024-03,Hampshire Constabulary,Hampshire Constabulary,-1.084080,50.794411,On or near Lower Forbury Road,E01017129,Portsmouth 018C,Vehicle crime,Investigation complete; no suspect identified,
2ff131cfeecf845126ac93df594d00d247472d57f43521e6c672393f6a6badf0,2024-03,Hampshire Constabulary,Hampshire Constabulary,-1.084074,50.793260,On or near Playfair Road,E01017129,Portsmouth 018C,Violence and sexual offences,Investigation complete; no suspect identified,
39b9a97d3cfd39b7f00867f03f026782bd6f9676c083405a62c9003b22521e51,2024-03,Hampshire Constabulary,Hampshire Constabulary,-1.086019,50.793222,On or near Worcester Close,E01017129,Portsmouth 018C,Violence and sexual offences,Investigation complete; no suspect identified,
47261cce2030f595311b667524a904a6bc9819ecd205f3fc6587c9365d306d17,2024-03,Hampshire Constabulary,Hampshire Constabulary,-1.080418,50.794500,On or near Bradford Road,E01017129,Portsmouth 018C,Other crime,Investigation complete; no suspect identified,
081e661420dcb0343c5d22d1c07686d5afe6d1ceaf4468994fc3685698229234,2024-03,Hampshire Constabulary,Hampshire Constabulary,-1.085763,50.794721,On or near River'S Street,E01017130,Portsmouth 018D,Criminal damage and arson,Investigation complete; no suspect identified,
56d0ae761eb08167b57527d8d7d45556df2e8987eda5ddcdb1f561b56f7fe0f6,2024-03,Hampshire Constabulary,Hampshire Constabulary,-1.086826,50.793300,On or near Crabbe Court,E01017130,Portsmouth 018D,Criminal damage and arson,Unable to prosecute suspect,
f4955f69952e3ac5a1f202487f0e99047059c3bd747946b4513c77ff8a059b97,2024-03,Hampshire Constabulary,Hampshire Constabulary,-1.085763,50.794721,On or near River'S Street,E01017130,Portsmouth 018D,Drugs,Local resolution,
76aad29b988c0d6c755d22553321a6099c0112067bf8a74e56b1f74baf487785,2024-03,Hampshire Constabulary,Hampshire Constabulary,-1.087255,50.793843,On or near Henrietta Place,E01017130,Portsmouth 018D,Drugs,Local resolution,
b05f3a830ad06c0734af58904efbb328ba7e3c31225082035a22160b02a6314a,2024-03,Hampshire Constabulary,Hampshire Constabulary,-1.087255,50.793843,On or near Henrietta Place,E01017130,Portsmouth 018D,Drugs,Local resolution,
128857916a3ec6474c32f7bba53077e66084b2c2d183d5047ce7cc8b0cb54aab,2024-03,Hampshire Constabulary,Hampshire Constabulary,-1.087255,50.793843,On or near Henrietta Place,E01017130,Portsmouth 018D,Drugs,Court result unavailable,
91f1540cfdec43f5a0595bd64d67bcd6198d597d5c4b30f29793901d66005ef6,2024-03,Hampshire Constabulary,Hampshire Constabulary,-1.088995,50.794873,On or near Wellington Street,E01017130,Portsmouth 018D,Public order,Local resolution,
bddc0f0613d69365e32aee6549f7e1fa33b62d536f4d00ab91caa3e9a2a4524f,2024-03,Hampshire Constabulary,Hampshire Constabulary,-1.085756,50.794335,On or near Cross Street,E01017130,Portsmouth 018D,Public order,Unable to prosecute suspect,
ccd3c14631676bbd1072a85cce92c908b66174e68bf1c8bc5c73650122669ac4,2024-03,Hampshire Constabulary,Hampshire Constabulary,-1.087381,50.793223,On or near Warwick Crescent,E01017130,Portsmouth 018D,Shoplifting,Investigation complete; no suspect identified,
42b899aaed53346aa60c01c02e1c6bccb310d6517180872ce40a033851ef8706,2024-03,Hampshire Constabulary,Hampshire Constabulary,-1.090900,50.793916,On or near Bedford Street,E01017130,Portsmouth 018D,Violence and sexual offences,Unable to prosecute suspect,
d90e0bf63e74f6f51da30897fe4d273e36c8b0132e4cb7216fe21b6c2354e42b,2024-03,Hampshire Constabulary,Hampshire Constabulary,-1.085763,50.794721,On or near River'S Street,E01017130,Portsmouth 018D,Violence and sexual offences,Unable to prosecute suspect,
cbcc22bd7f92d60025b822ca12c4357980527213ea617c474235bccb0152cc79,2024-03,Hampshire Constabulary,Hampshire Constabulary,-1.089814,50.792883,On or near Brougham Road,E01017130,Portsmouth 018D,Violence and sexual offences,Action to be taken by another organisation,
9cba1e33745c9c95008c4454324b62c216afb39f8fa3513557ba631a7e440343,2024-03,Hampshire Constabulary,Hampshire Constabulary,-1.086826,50.793300,On or near Crabbe Court,E01017130,Portsmouth 018D,Violence and sexual offences,Unable to prosecute suspect,
b2741b374104096717030c8e1c6516198e1fa60c88490430887d93b4a5184e60,2024-03,Hampshire Constabulary,Hampshire Constabulary,-1.090900,50.793916,On or near Bedford Street,E01017130,Portsmouth 018D,Violence and sexual offences,Unable to prosecute suspect,
c8d878a78d9db97075669b8eb5d1f4744ea86f5babea824413c589b12ca2b4f1,2024-03,Hampshire Constabulary,Hampshire Constabulary,-1.089814,50.792883,On or near Brougham Road,E01017130,Portsmouth 018D,Violence and sexual offences,Unable to prosecute suspect,
db892ad2373c398e23a045b6c7205335b7f74355aaf358c68dcae9e3ac9ed95f,2024-03,Hampshire Constabulary,Hampshire Constabulary,-1.091452,50.794019,On or near Middle Street,E01017130,Portsmouth 018D,Other crime,Unable to prosecute suspect,
,2024-03,Hampshire Constabulary,Hampshire Constabulary,-1.085763,50.794721,On or near River'S Street,E01017130,Portsmouth 018D,Anti-social behaviour,,
9b9212b2a5897b8c26d933f6d536e862998acebd8771a762b73c1e390d1c77af,2024-03,Hampshire Constabulary,Hampshire Constabulary,-1.088995,50.794873,On or near Wellington Street,E01017130,Portsmouth 018D,Other theft,Investigation complete; no suspect identified,
6891aece10cf10cd3e9aee48e7c53b8e81bf66f48d379e36295c08c1ee27e5b9,2024-03,Hampshire Constabulary,Hampshire Constabulary,-1.090529,50.793302,On or near Supermarket,E01017130,Portsmouth 018D,Public order,Investigation complete; no suspect identified,
ce16fe5a8af4401f41fbfd0efe0378f903dee0c5de01868c48d2b5bc372f805f,2024-03,Hampshire Constabulary,Hampshire Constabulary,-1.089780,50.793890,On or near Radnor Street,E01017130,Portsmouth 018D,Vehicle crime,Investigation complete; no suspect identified,
759006f514aaafd148d4781ae57d00893624ce10530bb880da6f660317779f5e,2024-03,Hampshire Constabulary,Hampshire Constabulary,-1.088536,50.794401,On or near Waterloo Street,E01017130,Portsmouth 018D,Violence and sexual offences,Investigation complete; no suspect identified,
4607f6cac6f5f8b85fd33eeec54028d159718a0cde48660dc9b4e0879e558f08,2024-03,Hampshire Constabulary,Hampshire Constabulary,-1.088995,50.794873,On or near Wellington Street,E01017130,Portsmouth 018D,Violence and sexual offences,Unable to prosecute suspect,
685671c63e2bb4ef850f27d5da56989cce629fd287d144b29fd7630677386a51,2024-03,Hampshire Constabulary,Hampshire Constabulary,-1.089814,50.792883,On or near Brougham Road,E01017130,Portsmouth 018D,Violence and sexual offences,Unable to prosecute suspect,
b4e43b124945848116be891a1ec12dab9d254884aa064eb092236833432bd359,2024-03,Hampshire Constabulary,Hampshire Constabulary,-1.089814,50.792883,On or near Brougham Road,E01017130,Portsmouth 018D,Violence and sexual offences,Unable to prosecute suspect,
eaf4ce5bcc8ac63329666a78c34adbbe5036f8d164b4134b1413e65ffc0e7b04,2024-03,Hampshire Constabulary,Hampshire Constabulary,-1.085763,50.794721,On or near River'S Street,E01017130,Portsmouth 018D,Violence and sexual offences,Investigation complete; no suspect identified,
bc89681ce331fbd19a09e307191d166b4d131047a5a04f0f74fe6eb5b72116f7,2024-03,Hampshire Constabulary,Hampshire Constabulary,-1.087381,50.793223,On or near Warwick Crescent,E01017130,Portsmouth 018D,Other crime,Status update unavailable,
49bb03a38dab4293bb44d056f89aacf806d22ce67fdee4eeb7fad463bc882f11,2024-03,Hampshire Constabulary,Hampshire Constabulary,-1.094153,50.791531,On or near Meadow Street,E01017132,Portsmouth 018E,Criminal damage and arson,Unable to prosecute suspect,
f358e20632aa08eefd0da3a2709ad81e50684c6d8bb49aae2f64c14767b8954d,2024-03,Hampshire Constabulary,Hampshire Constabulary,-1.092261,50.793261,On or near Sackville Street,E01017132,Portsmouth 018E,Drugs,Court result unavailable,
1ecb9317909ab3805cf4c0715c8b62ab5e5e65da26dfc2cab72a33420414b227,2024-03,Hampshire Constabulary,Hampshire Constabulary,-1.093636,50.795188,On or near Further/Higher Educational Building,E01017132,Portsmouth 018E,Other theft,Unable to prosecute suspect,
27837e7d72fc04d796396c73f2ed3db12500ef6b6fbd3596375eee404ddbaead,2024-03,Hampshire Constabulary,Hampshire Constabulary,-1.093554,50.790987,On or near King'S Road,E01017132,Portsmouth 018E,Public order,Investigation complete; no suspect identified,
314362ca4cdf2c7f75ef5db869e460fd811ecaafd924135f0cb4733f2108438c,2024-03,Hampshire Constabulary,Hampshire Constabulary,-1.091488,50.792176,On or near King Street,E01017132,Portsmouth 018E,Public order,Unable to prosecute suspect,
453d829cc0bbd7c465835787f87b5c9c8b49676e4af35baf9747f13232d5e576,2024-03,Hampshire Constabulary,Hampshire Constabulary,-1.093636,50.795188,On or near Further/Higher Educational Building,E01017132,Portsmouth 018E,Vehicle crime,Unable to prosecute suspect,
2c9bdacc231bc529fec0916cb717fff45f137fbe2b306acd310d592b29ff9042,2024-03,Hampshire Constabulary,Hampshire Constabulary,-1.094303,50.794779,On or near Further/Higher Educational Building,E01017132,Portsmouth 018E,Violence and sexual offences,Unable to prosecute suspect,
1b878591d8727cc9a51181d955cb4c9898ee7277c6d707d5c11a56414e91d3f8,2024-03,Hampshire Constabulary,Hampshire Constabulary,-1.094153,50.791531,On or near Meadow Street,E01017132,Portsmouth 018E,Violence and sexual offences,Unable to prosecute suspect,
33516a6b5c8211a5e079afb6d7312104341f1c43008520b1d047f8ffada14cdc,2024-03,Hampshire Constabulary,Hampshire Constabulary,-1.093359,50.795194,On or near St Vincent Street,E01017132,Portsmouth 018E,Violence and sexual offences,Unable to prosecute suspect,
e7aecf71e278e9501b33c9b29e8c10c22a3655e0a0b79c615e2b73c7a7f19357,2024-03,Hampshire Constabulary,Hampshire Constabulary,-1.094303,50.794779,On or near Further/Higher Educational Building,E01017132,Portsmouth 018E,Violence and sexual offences,Investigation complete; no suspect identified,
f5becddf2dfabe05b58d6438059e1f90586f555203adb38421dd73dc3943f173,2024-03,Hampshire Constabulary,Hampshire Constabulary,-1.093636,50.795188,On or near Further/Higher Educational Building,E01017132,Portsmouth 018E,Violence and sexual offences,Unable to prosecute suspect,
3b7559ea8e9f23ac11ec0875c459e36688c190d879a3251662bf718f636b3073,2024-03,Hampshire Constabulary,Hampshire Constabulary,-1.093729,50.793668,On or near Meriden Road,E01017132,Portsmouth 018E,Violence and sexual offences,Unable to prosecute suspect,
24ed9c9380e03d4c181b5e455939b36928499cd6837c3e14dc3f763ebf68fe11,2024-03,Hampshire Constabulary,Hampshire Constabulary,-1.093729,50.793668,On or near Meriden Road,E01017132,Portsmouth 018E,Violence and sexual offences,Unable to prosecute suspect,
1d384513dd105aca1247d8d1faf356378de7c20f701618cb997795e151b4669e,2024-03,Hampshire Constabulary,Hampshire Constabulary,-1.093999,50.793635,On or near Park Street,E01017132,Portsmouth 018E,Violence and sexual offences,Unable to prosecute suspect,
,2024-03,Hampshire Constabulary,Hampshire Constabulary,-1.093636,50.795188,On or near Further/Higher Educational Building,E01017132,Portsmouth 018E,Anti-social behaviour,,
,2024-03,Hampshire Constabulary,Hampshire Constabulary,-1.091291,50.792795,On or near Eldon Street,E01017132,Portsmouth 018E,Anti-social behaviour,,
5d6d110622279fae24a8551e4e029e343f52b3ba4de908f479541ffe10249c52,2024-03,Hampshire Constabulary,Hampshire Constabulary,-1.091828,50.795110,On or near Supermarket,E01017132,Portsmouth 018E,Bicycle theft,Investigation complete; no suspect identified,
ec9d889ca9c303be484c3099e9fafaa717bffc08a157394b49fa8808a76f33a7,2024-03,Hampshire Constabulary,Hampshire Constabulary,-1.091291,50.792795,On or near Eldon Street,E01017132,Portsmouth 018E,Criminal damage and arson,Unable to prosecute suspect,
3ca0e257b9f23a75de3c5e5bec8c4f4dcfff65d7b0f269659b955fcb1b958432,2024-03,Hampshire Constabulary,Hampshire Constabulary,-1.093729,50.793668,On or near Meriden Road,E01017132,Portsmouth 018E,Criminal damage and arson,Investigation complete; no suspect identified,
bd5b0992ea1c035e84a708074361ea7ac89c5520e6b2deba3ad8651ee15c8a63,2024-03,Hampshire Constabulary,Hampshire Constabulary,-1.094153,50.791531,On or near Meadow Street,E01017132,Portsmouth 018E,Other theft,Unable to prosecute suspect,
36628647fb0e87a4de1814b264cfc80cac05de52424a644f2cde59c34ebfed0a,2024-03,Hampshire Constabulary,Hampshire Constabulary,-1.093359,50.795194,On or near St Vincent Street,E01017132,Portsmouth 018E,Other theft,Investigation complete; no suspect identified,
a553b2112106ab3697ebebe18b91c990b348eb0bec4230dca94bd62d73497cba,2024-03,Hampshire Constabulary,Hampshire Constabulary,-1.094303,50.794779,On or near Further/Higher Educational Building,E01017132,Portsmouth 018E,Other theft,Investigation complete; no suspect identified,
a92b6dd6afad75188635a98cad501fdeee9518de0d0c44ae68d236a3252df194,2024-03,Hampshire Constabulary,Hampshire Constabulary,-1.093636,50.795188,On or near Further/Higher Educational Building,E01017132,Portsmouth 018E,Possession of weapons,Investigation complete; no suspect identified,
7f5be484008c5ca40e2ce39e123fef966992d5fd914cac7133b612e6479b7ed6,2024-03,Hampshire Constabulary,Hampshire Constabulary,-1.093359,50.795194,On or near St Vincent Street,E01017132,Portsmouth 018E,Public order,Status update unavailable,
b8127591d9cfb37728cf68516aeb9273a40bb25ee35547cbce66008ca2b17126,2024-03,Hampshire Constabulary,Hampshire Constabulary,-1.092261,50.793261,On or near Sackville Street,E01017132,Portsmouth 018E,Violence and sexual offences,Investigation complete; no suspect identified,
e4045a8a858b29de26aa34a53141a714c24cb9b027ec6e38616308c2aaa0fe36,2024-03,Hampshire Constabulary,Hampshire Constabulary,-1.093359,50.795194,On or near St Vincent Street,E01017132,Portsmouth 018E,Violence and sexual offences,Unable to prosecute suspect,
8f1826f0ddfd11f5c54d3e6de7b1971058cff1e6784d15a755b3f8071d0976e2,2024-03,Hampshire Constabulary,Hampshire Constabulary,-1.094153,50.791531,On or near Meadow Street,E01017132,Portsmouth 018E,Violence and sexual offences,Unable to prosecute suspect,
903705708b97d2c6da017e43f94f1ae70b18041f906e8d4cc70b7cfb0ea3f3c7,2024-03,Hampshire Constabulary,Hampshire Constabulary,-1.092072,50.794249,On or near Earlsdon Street,E01017132,Portsmouth 018E,Violence and sexual offences,Court result unavailable,
2528ecb63ca27deaaaa9115255e1a3b5562064d4e2d800620e830ac65ed28eca,2024-03,Hampshire Constabulary,Hampshire Constabulary,-1.088112,50.790648,On or near Belmont Place,E01017133,Portsmouth 018F,Other theft,Investigation complete; no suspect identified,
b318ca528bc93a9c689f717ba3622b0919530a542ea41ed95f8ff4f0548dc1d2,2024-03,Hampshire Constabulary,Hampshire Constabulary,-1.091841,50.791531,On or near Norfolk Street,E01017133,Portsmouth 018F,Other theft,Unable to prosecute suspect,
8019e79019d935d0f3924037caf5a752c966c1707a8100f3d839d182d36241a7,2024-03,Hampshire Constabulary,Hampshire Constabulary,-1.088112,50.790648,On or near Belmont Place,E01017133,Portsmouth 018F,Other theft,Unable to prosecute suspect,
7662a835131ee3f0d1b487d10db21fa2d2eb0e2934a9d757cd698821d1cbaa27,2024-03,Hampshire Constabulary,Hampshire Constabulary,-1.087385,50.790085,On or near Elm Grove,E01017133,Portsmouth 018F,Public order,Investigation complete; no suspect identified,
fec57ce47a702299322ccdb6bd7bb6a74744863277234567eb5eb53ccabaf7ef,2024-03,Hampshire Constabulary,Hampshire Constabulary,-1.087296,50.791775,On or near Milverton Close,E01017133,Portsmouth 018F,Public order,Unable to prosecute suspect,
a0b5d309c173d4b10a3c49185deccade6cb1ff89a2246a329da055486dd92616,2024-03,Hampshire Constabulary,Hampshire Constabulary,-1.089684,50.792252,On or near Ockendon Close,E01017133,Portsmouth 018F,Public order,Unable to prosecute suspect,
b2a95f695849269aff601fa59fd0c69cdec1f9bff8d1738334479737a16ab9e5,2024-03,Hampshire Constabulary,Hampshire Constabulary,-1.089684,50.792252,On or near Ockendon Close,E01017133,Portsmouth 018F,Public order,Unable to prosecute suspect,
76173cd930dab3a7b6796e686c09b8aee044a68e7a275f44e6562b24c4893999,2024-03,Hampshire Constabulary,Hampshire Constabulary,-1.087385,50.790085,On or near Elm Grove,E01017133,Portsmouth 018F,Public order,Unable to prosecute suspect,
ad76e27681616cbd153dd1bac7fca23aa8b01b142835d02c5bc6aca2bbbecce3,2024-03,Hampshire Constabulary,Hampshire Constabulary,-1.088112,50.790648,On or near Belmont Place,E01017133,Portsmouth 018F,Shoplifting,Investigation complete; no suspect identified,
49d84556ff554eb94f65eb7790429afc884d5f11bbe08b6cb7715c9a39283bb3,2024-03,Hampshire Constabulary,Hampshire Constabulary,-1.087385,50.790085,On or near Elm Grove,E01017133,Portsmouth 018F,Violence and sexual offences,Unable to prosecute suspect,
d16e0345fc530a872a21bb005ef74487eec42964c439da1187ab3f6659abcaa1,2024-03,Hampshire Constabulary,Hampshire Constabulary,-1.088112,50.790648,On or near Belmont Place,E01017133,Portsmouth 018F,Violence and sexual offences,Investigation complete; no suspect identified,
1ed6857390e811a68d129a83ff37372359a4b94dd85723dfdc0936e1735603c2,2024-03,Hampshire Constabulary,Hampshire Constabulary,-1.086298,50.790553,On or near Grove Road North,E01017133,Portsmouth 018F,Violence and sexual offences,Unable to prosecute suspect,
1d22ec648b0423fdd805dc92667d3095d0099ceac0dd548b18b2e7128c2184ae,2024-03,Hampshire Constabulary,Hampshire Constabulary,-1.089684,50.792252,On or near Ockendon Close,E01017133,Portsmouth 018F,Violence and sexual offences,Unable to prosecute suspect,
4cc08be597fcd979697a6970fd045af71f9e0dc40e2fad22421c6bbddd3f5518,2024-03,Hampshire Constabulary,Hampshire Constabulary,-1.089684,50.792252,On or near Ockendon Close,E01017133,Portsmouth 018F,Violence and sexual offences,Unable to prosecute suspect,
d3571644f84359da482b82d7225b9589b500178fcae8cafbee221f647ca36429,2024-03,Hampshire Constabulary,Hampshire Constabulary,-1.086298,50.790553,On or near Grove Road North,E01017133,Portsmouth 018F,Violence and sexual offences,Unable to prosecute suspect,
,2024-03,Hampshire Constabulary,Hampshire Constabulary,-1.089692,50.791128,On or near Petrol Station,E01017133,Portsmouth 018F,Anti-social behaviour,,
,2024-03,Hampshire Constabulary,Hampshire Constabulary,-1.091841,50.791531,On or near Norfolk Street,E01017133,Portsmouth 018F,Anti-social behaviour,,
,2024-03,Hampshire Constabulary,Hampshire Constabulary,-1.089692,50.791128,On or near Petrol Station,E01017133,Portsmouth 018F,Anti-social behaviour,,
,2024-03,Hampshire Constabulary,Hampshire Constabulary,-1.089684,50.792252,On or near Ockendon Close,E01017133,Portsmouth 018F,Anti-social behaviour,,
8aa16c9b53b5d5027ebbe62c86f735676dbf583a37acd886ac1d77701b0cc188,2024-03,Hampshire Constabulary,Hampshire Constabulary,-1.087119,50.791405,On or near Mosaic Lane,E01017133,Portsmouth 018F,Criminal damage and arson,Investigation complete; no suspect identified,
8c4a1715a0b5ea87effc2dbe0553b320cd6e118b6d98985bb22ebc3bd803a334,2024-03,Hampshire Constabulary,Hampshire Constabulary,-1.090840,50.791191,On or near Gloucester Place,E01017133,Portsmouth 018F,Other theft,Investigation complete; no suspect identified,
fc9c52c5a23e5a2273fae21d1e067ddc3b921e8925f9b802987210ecb2915f9a,2024-03,Hampshire Constabulary,Hampshire Constabulary,-1.089692,50.791128,On or near Petrol Station,E01017133,Portsmouth 018F,Other theft,Investigation complete; no suspect identified,
b30a7b72bbdb191bf2eabc60babaf70d2016b2469a2a1304d7704b7c4a047524,2024-03,Hampshire Constabulary,Hampshire Constabulary,-1.089692,50.791128,On or near Petrol Station,E01017133,Portsmouth 018F,Other theft,Investigation complete; no suspect identified,
a40c88cff400f3aa4518271d488ff262d3c6562de4324d65f6647ae54604e614,2024-03,Hampshire Constabulary,Hampshire Constabulary,-1.089692,50.791128,On or near Petrol Station,E01017133,Portsmouth 018F,Other theft,Investigation complete; no suspect identified,
2e82d2dd71fa23bc1b8afcd0b31531f1e3a73935df972c808b2c6cab02ef4e12,2024-03,Hampshire Constabulary,Hampshire Constabulary,-1.089692,50.791128,On or near Petrol Station,E01017133,Portsmouth 018F,Other theft,Investigation complete; no suspect identified,
e5730e6a76a092c4f29e9b5d1373095ded14754721172cac7a4963a9f2e31da6,2024-03,Hampshire Constabulary,Hampshire Constabulary,-1.089692,50.791128,On or near Petrol Station,E01017133,Portsmouth 018F,Other theft,Investigation complete; no suspect identified,
4094151d46298c316b0dfc61055340e9ff2ce0aaa6ead0807598dd6a05bfe60b,2024-03,Hampshire Constabulary,Hampshire Constabulary,-1.089692,50.791128,On or near Petrol Station,E01017133,Portsmouth 018F,Shoplifting,Investigation complete; no suspect identified,
d98762346a0224c6610e3540ba52dd7bb093e0fac4e4d7b352356c6cc7e95f95,2024-03,Hampshire Constabulary,Hampshire Constabulary,-1.089692,50.791128,On or near Petrol Station,E01017133,Portsmouth 018F,Shoplifting,Investigation complete; no suspect identified,
19f06f81c47b019c08e633a1a48606024ee7581cdf19b0b4e660c59d03bd523e,2024-03,Hampshire Constabulary,Hampshire Constabulary,-1.088112,50.790648,On or near Belmont Place,E01017133,Portsmouth 018F,Shoplifting,Investigation complete; no suspect identified,
b19613c86a17cefc7150960be46e928269826399beec5e84a67aeeb7d07c2b44,2024-03,Hampshire Constabulary,Hampshire Constabulary,-1.089692,50.791128,On or near Petrol Station,E01017133,Portsmouth 018F,Shoplifting,Investigation complete; no suspect identified,
7d5ff04b3677ac846f856b98f237e55271f16f006695207be7b77d81b686c5bd,2024-03,Hampshire Constabulary,Hampshire Constabulary,-1.087296,50.791775,On or near Milverton Close,E01017133,Portsmouth 018F,Theft from the person,Unable to prosecute suspect,
34cc2fec5e71ded72c7bb90aa286180df1b25e08b7695c08823400edbe3eeb13,2024-03,Hampshire Constabulary,Hampshire Constabulary,-1.087296,50.791775,On or near Milverton Close,E01017133,Portsmouth 018F,Theft from the person,Unable to prosecute suspect,
d234014d10dc7f7ca7ca484f77b5db98e8b44e528e565bea16ecdbc9c10c709b,2024-03,Hampshire Constabulary,Hampshire Constabulary,-1.089684,50.792252,On or near Ockendon Close,E01017133,Portsmouth 018F,Violence and sexual offences,Unable to prosecute suspect,
721f43a356700b8371e1894f195dc2b5f7f50b2fb96317d9f792c754b54908ce,2024-03,Hampshire Constabulary,Hampshire Constabulary,-1.086298,50.790553,On or near Grove Road North,E01017133,Portsmouth 018F,Violence and sexual offences,Unable to prosecute suspect,
e86edc5936ee1f73bcfa50d608d4e523586e54113388623f0fe8d29bc0dfe4f7,2024-03,Hampshire Constabulary,Hampshire Constabulary,-1.088112,50.790648,On or near Belmont Place,E01017133,Portsmouth 018F,Violence and sexual offences,Unable to prosecute suspect,
478ca260c780a252c04d6c8b8cd9b7a065950d4c439bb23b78bee6765ea8a928,2024-03,Hampshire Constabulary,Hampshire Constabulary,-1.087385,50.790085,On or near Elm Grove,E01017133,Portsmouth 018F,Violence and sexual offences,Unable to prosecute suspect,
15f01f5af5887e9ecc7cf1e7562657536a40f0b30481b419e27568c765150a66,2024-03,Hampshire Constabulary,Hampshire Constabulary,-1.087119,50.791405,On or near Mosaic Lane,E01017133,Portsmouth 018F,Violence and sexual offences,Investigation complete; no suspect identified,
951c3e677438261661c3e46f7600e476b16ba011208e69b63b08fa0642aa617f,2024-03,Hampshire Constabulary,Hampshire Constabulary,-1.088112,50.790648,On or near Belmont Place,E01017133,Portsmouth 018F,Violence and sexual offences,Investigation complete; no suspect identified,
,2024-03,Hampshire Constabulary,Hampshire Constabulary,-1.063478,50.791837,On or near Supermarket,E01017023,Portsmouth 019A,Anti-social behaviour,,
,2024-03,Hampshire Constabulary,Hampshire Constabulary,-1.063478,50.791837,On or near Supermarket,E01017023,Portsmouth 019A,Anti-social behaviour,,
ff64728a6689f3797b638ee351a21f53483235d91ab63f930d5885ca0b8b248f,2024-03,Hampshire Constabulary,Hampshire Constabulary,-1.063955,50.790457,On or near Winter Road,E01017023,Portsmouth 019A,Burglary,Investigation complete; no suspect identified,
96955af75b26ac9b4c1e7a8a58546898542a2d5b0f178b7d23bc58605a97c3f2,2024-03,Hampshire Constabulary,Hampshire Constabulary,-1.063955,50.790457,On or near Winter Road,E01017023,Portsmouth 019A,Vehicle crime,Investigation complete; no suspect identified,
8552ca632361ba61c7538f2cd3e5d15e65423df68725e2bb08dd1fd3eac84053,2024-03,Hampshire Constabulary,Hampshire Constabulary,-1.065050,50.789620,On or near Aston Road,E01017023,Portsmouth 019A,Vehicle crime,Investigation complete; no suspect identified,
e3c6ec22fa5138299dce4b990f41b7814c0c3b6713a4332109620c0efcc1dd31,2024-03,Hampshire Constabulary,Hampshire Constabulary,-1.066314,50.790251,On or near Pretoria Road,E01017023,Portsmouth 019A,Violence and sexual offences,Unable to prosecute suspect,
d4a45a4336f1de680294ba0f5dcb8c2592e11745cf10c8997a3ae79b7a8ee4d7,2024-03,Hampshire Constabulary,Hampshire Constabulary,-1.066314,50.790251,On or near Pretoria Road,E01017023,Portsmouth 019A,Violence and sexual offences,Unable to prosecute suspect,
51340bdd28c9a8547f54f6126f259964e9827eb8e6f6321da0ad761060fe2b52,2024-03,Hampshire Constabulary,Hampshire Constabulary,-1.070265,50.792072,On or near Supermarket,E01017025,Portsmouth 019B,Vehicle crime,Investigation complete; no suspect identified,
95e1850b0dae76a5c9662f444d56e9cbd9fac60427db794ea2f956be4080477c,2024-03,Hampshire Constabulary,Hampshire Constabulary,-1.070265,50.792072,On or near Supermarket,E01017025,Portsmouth 019B,Vehicle crime,Investigation complete; no suspect identified,
4a5e10015c095e226524f5e9817b1800bf40d9250677d1bbdb6bf4090f4d81bf,2024-03,Hampshire Constabulary,Hampshire Constabulary,-1.069938,50.791359,On or near Jubilee Road,E01017025,Portsmouth 019B,Violence and sexual offences,Unable to prosecute suspect,
265f268e0e4645cfcef2c17d937df9fe905322a3e1b8b2374df99cf9b94cc994,2024-03,Hampshire Constabulary,Hampshire Constabulary,-1.069680,50.790071,On or near Bath Road,E01017025,Portsmouth 019B,Violence and sexual offences,Investigation complete; no suspect identified,
ed132dd255ea6d6fa7204be3da83d032be856bc7c03b3bae647992df9b5acab5,2024-03,Hampshire Constabulary,Hampshire Constabulary,-1.070265,50.792072,On or near Supermarket,E01017025,Portsmouth 019B,Violence and sexual offences,Investigation complete; no suspect identified,
b03e8b40c60ef624ca993acb044ae25d852dd6836c7a58d9533c6c89c86104b4,2024-03,Hampshire Constabulary,Hampshire Constabulary,-1.068480,50.787633,On or near Brompton Road,E01017026,Portsmouth 019C,Other theft,Unable to prosecute suspect,
b237079e44e027169b630aed4fa29dda3266b79579816d21d4d850d50abb664d,2024-03,Hampshire Constabulary,Hampshire Constabulary,-1.065934,50.787946,On or near St Albans Road,E01017026,Portsmouth 019C,Violence and sexual offences,Unable to prosecute suspect,
728bb3f689b4c726c98ffa565f7301a1283857fd8ab679dd7dbf23a6556aeaf9,2024-03,Hampshire Constabulary,Hampshire Constabulary,-1.064885,50.788612,On or near Hunter Road,E01017026,Portsmouth 019C,Vehicle crime,Investigation complete; no suspect identified,
68ff1b6d0200bb44fa4b1f8b69898d5c33080562ef933c34991e98188372a2ae,2024-03,Hampshire Constabulary,Hampshire Constabulary,-1.068881,50.788877,On or near St Augustine Road,E01017026,Portsmouth 019C,Violence and sexual offences,Unable to prosecute suspect,
7c3bb724d899311372446629c5f877e52cb9b1b3c5a992fa2d056cbbe517794c,2024-03,Hampshire Constabulary,Hampshire Constabulary,-1.065607,50.792296,On or near Empshott Road,E01017029,Portsmouth 019D,Violence and sexual offences,Court result unavailable,
,2024-03,Hampshire Constabulary,Hampshire Constabulary,-1.065387,50.793337,On or near Bramshott Road,E01017029,Portsmouth 019D,Anti-social behaviour,,
b5159876e02f2e51858981c9ebdf92040296dabd0a056fd6c5d7ccfaa5ef39fc,2024-03,Hampshire Constabulary,Hampshire Constabulary,-1.065787,50.791793,On or near Heyshott Road,E01017029,Portsmouth 019D,Shoplifting,Investigation complete; no suspect identified,
d395c4d414ac8e99234ec517882d2ea27384db39390bf4e55299a4312979a0df,2024-03,Hampshire Constabulary,Hampshire Constabulary,-1.065787,50.791793,On or near Heyshott Road,E01017029,Portsmouth 019D,Shoplifting,Investigation complete; no suspect identified,
f9bb6361bfafd8dedbd5a0ca896ce13a3252e983c65ea24515b208cb311644bb,2024-03,Hampshire Constabulary,Hampshire Constabulary,-1.069264,50.793152,On or near Heidelberg Road,E01017030,Portsmouth 019E,Other theft,Investigation complete; no suspect identified,
fea51447ef333db5321319401fe4567690b5b7da3c8f1116d25bd2b8531c0aa0,2024-03,Hampshire Constabulary,Hampshire Constabulary,-1.069799,50.794775,On or near Supermarket,E01017030,Portsmouth 019E,Vehicle crime,Unable to prosecute suspect,
23f1f8c627c68f3da61e93fe2170e5fcca04864f91ebb6fbfda3558313542a49,2024-03,Hampshire Constabulary,Hampshire Constabulary,-1.069799,50.794775,On or near Supermarket,E01017030,Portsmouth 019E,Violence and sexual offences,Action to be taken by another organisation,
20afa1a7e20fd1d04a68764d7fc869460ad38e0fe652d7dbd1e4b816c1c6b583,2024-03,Hampshire Constabulary,Hampshire Constabulary,-1.068616,50.793642,On or near Fernhurst Road,E01017030,Portsmouth 019E,Other theft,Investigation complete; no suspect identified,
0c300e4fe6648ae633b396d5282700ee91878a7853ebcddb4c24e8c9022fca24,2024-03,Hampshire Constabulary,Hampshire Constabulary,-1.069286,50.794693,On or near Petrol Station,E01017030,Portsmouth 019E,Other theft,Investigation complete; no suspect identified,
089a8760f52f151adc98ae742fb8ee63eb7327700755070493b44f355a0308e6,2024-03,Hampshire Constabulary,Hampshire Constabulary,-1.069264,50.793152,On or near Heidelberg Road,E01017030,Portsmouth 019E,Violence and sexual offences,Unable to prosecute suspect,
625e85ac90c45ac88ecbbfb3de55ad2dad6d545b5b4555d0f96f38c5d5af3985,2024-03,Hampshire Constabulary,Hampshire Constabulary,-1.082647,50.789328,On or near B2154,E01017022,Portsmouth 020A,Drugs,Unable to prosecute suspect,
b72197363b45ebf89ff3a8d187e5cdb3a5a733ef9513c0642ca28bfba5e2dc72,2024-03,Hampshire Constabulary,Hampshire Constabulary,-1.082647,50.789328,On or near B2154,E01017022,Portsmouth 020A,Drugs,Local resolution,
553e71fa4b9acfd46e7e8e0d82ea34d35e8d6b65cf20183623ba685bfca96f4b,2024-03,Hampshire Constabulary,Hampshire Constabulary,-1.081191,50.790531,On or near Outram Road,E01017022,Portsmouth 020A,Other theft,Unable to prosecute suspect,
e63ca6f4d0be14c3c206dbf602dc6fec3ea2933230f8b99794b27c620955b296,2024-03,Hampshire Constabulary,Hampshire Constabulary,-1.077264,50.793971,On or near Eton Road,E01017022,Portsmouth 020A,Public order,Unable to prosecute suspect,
a439cc74771f05f365b3c4860f5919516e5ff7b9609ab40c3308699865c926e5,2024-03,Hampshire Constabulary,Hampshire Constabulary,-1.082647,50.789328,On or near B2154,E01017022,Portsmouth 020A,Violence and sexual offences,Investigation complete; no suspect identified,
3314b138fdb9a27cbc11fbb27dc04aa7bf2f22565877dd221b4cb7cefd948717,2024-03,Hampshire Constabulary,Hampshire Constabulary,-1.082647,50.789328,On or near B2154,E01017022,Portsmouth 020A,Violence and sexual offences,Unable to prosecute suspect,
a3fb68bed366cfaf374aee4b2a1c2505437479a335c8161befb2981985776971,2024-03,Hampshire Constabulary,Hampshire Constabulary,-1.077264,50.793971,On or near Eton Road,E01017022,Portsmouth 020A,Violence and sexual offences,Unable to prosecute suspect,
07b9a5f2f49315684cab86a4c8078e7a2fd347625a5bcc4d447a1c06bd89ff68,2024-03,Hampshire Constabulary,Hampshire Constabulary,-1.078829,50.790170,On or near Campbell Road,E01017022,Portsmouth 020A,Violence and sexual offences,Unable to prosecute suspect,
c634416d51c4d080168fe0823860b2b8c7381d2f133793ca6dbf9537a8c71243,2024-03,Hampshire Constabulary,Hampshire Constabulary,-1.081191,50.790531,On or near Outram Road,E01017022,Portsmouth 020A,Violence and sexual offences,Unable to prosecute suspect,
c7f2619bb503e9c5b62a847cd350fc56d9c1799f04ec4887a196a1b2c4375619,2024-03,Hampshire Constabulary,Hampshire Constabulary,-1.081191,50.790531,On or near Outram Road,E01017022,Portsmouth 020A,Violence and sexual offences,Unable to prosecute suspect,
dd998aa5a2210fc34888b57d1c0dda488ee4e96cefd72cccf4fca7ef5b2c6ab4,2024-03,Hampshire Constabulary,Hampshire Constabulary,-1.077264,50.793971,On or near Eton Road,E01017022,Portsmouth 020A,Violence and sexual offences,Court result unavailable,
b20373b10e3fdfb05b19572527fa725bce30b59d2d2ab7cef58ea0ea56073461,2024-03,Hampshire Constabulary,Hampshire Constabulary,-1.077264,50.793971,On or near Eton Road,E01017022,Portsmouth 020A,Violence and sexual offences,Unable to prosecute suspect,
,2024-03,Hampshire Constabulary,Hampshire Constabulary,-1.077264,50.793971,On or near Eton Road,E01017022,Portsmouth 020A,Anti-social behaviour,,
,2024-03,Hampshire Constabulary,Hampshire Constabulary,-1.082647,50.789328,On or near B2154,E01017022,Portsmouth 020A,Anti-social behaviour,,
,2024-03,Hampshire Constabulary,Hampshire Constabulary,-1.078573,50.790906,On or near Lorne Road,E01017022,Portsmouth 020A,Anti-social behaviour,,
31f2c21390b8c551907c272da189d90373ff5c3ce9144a5e0ba16705f552e93f,2024-03,Hampshire Constabulary,Hampshire Constabulary,-1.077264,50.793971,On or near Eton Road,E01017022,Portsmouth 020A,Shoplifting,Investigation complete; no suspect identified,
1661dad26aa436cd607f4a3463cf344e790f40f0e65290b77cf9f2114394d6cf,2024-03,Hampshire Constabulary,Hampshire Constabulary,-1.081191,50.790531,On or near Outram Road,E01017022,Portsmouth 020A,Vehicle crime,Investigation complete; no suspect identified,
ba9cfbd8b3617785f567c815fc12709e6b511c79ab48c136570610c66c10144c,2024-03,Hampshire Constabulary,Hampshire Constabulary,-1.077264,50.793971,On or near Eton Road,E01017022,Portsmouth 020A,Vehicle crime,Investigation complete; no suspect identified,
3c2edacdc995c20327e93754195947432a2d0fe7114bd2150ceee6c0cdc3059b,2024-03,Hampshire Constabulary,Hampshire Constabulary,-1.077264,50.793971,On or near Eton Road,E01017022,Portsmouth 020A,Violence and sexual offences,Unable to prosecute suspect,
5dab703a58f47e09113ddce1a1414b028d9f3b8452a0ffda96166753016fa508,2024-03,Hampshire Constabulary,Hampshire Constabulary,-1.077264,50.793971,On or near Eton Road,E01017022,Portsmouth 020A,Violence and sexual offences,Investigation complete; no suspect identified,
e42061dee63fe4cda4a6554517a30291a8f6c0b31c9f6968ced233663b32b849,2024-03,Hampshire Constabulary,Hampshire Constabulary,-1.074638,50.791882,On or near Bramble Road,E01017024,Portsmouth 020B,Drugs,Local resolution,
10f4726eed993248d96a941f7f147777a2784bf60c2f7a42b50198cd84a9c85b,2024-03,Hampshire Constabulary,Hampshire Constabulary,-1.074181,50.789891,On or near Chetwynd Road,E01017024,Portsmouth 020B,Other theft,Investigation complete; no suspect identified,
176a7fe6708333e8b9867c618a6b3c1c2d70b3593d08c9e4a21ee866e8bad0a4,2024-03,Hampshire Constabulary,Hampshire Constabulary,-1.076053,50.791372,On or near Supermarket,E01017024,Portsmouth 020B,Shoplifting,Court result unavailable,
5d45229c6d0b595c69ce516639b876abb988237dada8726caa36d37bb9224778,2024-03,Hampshire Constabulary,Hampshire Constabulary,-1.076470,50.788938,On or near Lawrence Road,E01017024,Portsmouth 020B,Violence and sexual offences,Unable to prosecute suspect,
ac62cf920438742b8044312a5892d39810747d7c44b78ea2bec35a65c2f0b270,2024-03,Hampshire Constabulary,Hampshire Constabulary,-1.074181,50.789891,On or near Chetwynd Road,E01017024,Portsmouth 020B,Violence and sexual offences,Investigation complete; no suspect identified,
cd2beda48fdcd54daae22f60290026f73839cf16608eb2cc27dae140ee3e12b7,2024-03,Hampshire Constabulary,Hampshire Constabulary,-1.077655,50.791420,On or near Grenville Road,E01017024,Portsmouth 020B,Violence and sexual offences,Unable to prosecute suspect,
bca8637ed504e73fc495c1fffc59b596eb58a7e1dc4895ed9bf5ddc2c1070a1e,2024-03,Hampshire Constabulary,Hampshire Constabulary,-1.074471,50.792420,On or near Ventnor Road,E01017024,Portsmouth 020B,Violence and sexual offences,Unable to prosecute suspect,
a6c7026b23f8a5e12ccf3be9a05b4ebaa4957b816ef337f1fccc9ceef644e3fe,2024-03,Hampshire Constabulary,Hampshire Constabulary,-1.075360,50.791969,On or near Shanklin Road,E01017024,Portsmouth 020B,Violence and sexual offences,Local resolution,
,2024-03,Hampshire Constabulary,Hampshire Constabulary,-1.074181,50.789891,On or near Chetwynd Road,E01017024,Portsmouth 020B,Anti-social behaviour,,
746fac7daf2d6c80f536059d562a53655ba1530c688551683d2442d469800ee5,2024-03,Hampshire Constabulary,Hampshire Constabulary,-1.074181,50.789891,On or near Chetwynd Road,E01017024,Portsmouth 020B,Burglary,Investigation complete; no suspect identified,
e581840329d15f2601a25a75077cf9303f4ca6883472bfe7f369c5ffb465c07a,2024-03,Hampshire Constabulary,Hampshire Constabulary,-1.074320,50.789307,On or near Darlington Road,E01017024,Portsmouth 020B,Public order,Unable to prosecute suspect,
d6a2edfb9d5f51ce2f43007c8bb59ac4c5e9245d3d54d00694b177216fc4f1ff,2024-03,Hampshire Constabulary,Hampshire Constabulary,-1.076053,50.791372,On or near Supermarket,E01017024,Portsmouth 020B,Shoplifting,Unable to prosecute suspect,
7aa934fc4a08441bb73a148cf991886a62d0e991cd40bb57421c3bfd2203be44,2024-03,Hampshire Constabulary,Hampshire Constabulary,-1.077645,50.792652,On or near Lawson Road,E01017024,Portsmouth 020B,Violence and sexual offences,Status update unavailable,
3042308c8a3006d37bd010aecd13bc724d087c131613467aa3f88fa65728c641,2024-03,Hampshire Constabulary,Hampshire Constabulary,-1.074181,50.789891,On or near Chetwynd Road,E01017024,Portsmouth 020B,Violence and sexual offences,Investigation complete; no suspect identified,
28b44782406e1d1d8020b899c625a7d8d5bd9f37b16c183a70a34b9f36935770,2024-03,Hampshire Constabulary,Hampshire Constabulary,-1.074173,50.787400,On or near Wyndcliffe Road,E01017027,Portsmouth 020C,Burglary,Court result unavailable,
5a7ac6afc4faa991e6d15d7a8dbf1014386b83446516234309bd68e7e37ce315,2024-03,Hampshire Constabulary,Hampshire Constabulary,-1.074173,50.787400,On or near Wyndcliffe Road,E01017027,Portsmouth 020C,Drugs,Local resolution,
acf9a9efbf0ff0c7639aa5ee72a640c8df6e976a7be460db5c16fdbad2f15c41,2024-03,Hampshire Constabulary,Hampshire Constabulary,-1.076571,50.786663,On or near Albert Road,E01017027,Portsmouth 020C,Other theft,Investigation complete; no suspect identified,
160fe6a29116a67009f6177897dc5862e9e3b94a8d2232c9cef2f46a0a5c99d2,2024-03,Hampshire Constabulary,Hampshire Constabulary,-1.072156,50.786853,On or near Theatre/Concert Hall,E01017027,Portsmouth 020C,Public order,Unable to prosecute suspect,
86c14134ee4cf2dac43c5174f0d55d4affa499a884156e2177b131b1d72d1a6d,2024-03,Hampshire Constabulary,Hampshire Constabulary,-1.070982,50.786646,On or near Supermarket,E01017027,Portsmouth 020C,Violence and sexual offences,Local resolution,
,2024-03,Hampshire Constabulary,Hampshire Constabulary,-1.070982,50.786646,On or near Supermarket,E01017027,Portsmouth 020C,Anti-social behaviour,,
,2024-03,Hampshire Constabulary,Hampshire Constabulary,-1.072156,50.786853,On or near Theatre/Concert Hall,E01017027,Portsmouth 020C,Anti-social behaviour,,
,2024-03,Hampshire Constabulary,Hampshire Constabulary,-1.072156,50.786853,On or near Theatre/Concert Hall,E01017027,Portsmouth 020C,Anti-social behaviour,,
0ec841f4d190bd1b45b65fc6fcb3e37c606f9ffc49b18964270fb0ce2c5b6c6f,2024-03,Hampshire Constabulary,Hampshire Constabulary,-1.070982,50.786646,On or near Supermarket,E01017027,Portsmouth 020C,Criminal damage and arson,Status update unavailable,
12a2d4ffe2a4f84e00f7fd19b789fdf2ec536ed311fa93d6af6cd3139a377cbf,2024-03,Hampshire Constabulary,Hampshire Constabulary,-1.072156,50.786853,On or near Theatre/Concert Hall,E01017027,Portsmouth 020C,Criminal damage and arson,Investigation complete; no suspect identified,
d81d15f59ee4a6b75b062d5621ae08a1dcbcf9eb5349b7105bfe25bd3ebd9d8e,2024-03,Hampshire Constabulary,Hampshire Constabulary,-1.070982,50.786646,On or near Supermarket,E01017027,Portsmouth 020C,Criminal damage and arson,Investigation complete; no suspect identified,
561636f044d11ee0e620bd864457be076848fb0a88a96440c989d91bd93c5029,2024-03,Hampshire Constabulary,Hampshire Constabulary,-1.070982,50.786646,On or near Supermarket,E01017027,Portsmouth 020C,Other theft,Investigation complete; no suspect identified,
67e32ed493e1530e930046796c6817b6991d8f9052b95b8c7657e737a213c270,2024-03,Hampshire Constabulary,Hampshire Constabulary,-1.072156,50.786853,On or near Theatre/Concert Hall,E01017027,Portsmouth 020C,Public order,Investigation complete; no suspect identified,
17c38c427699bc31a79ce106c6254bd9cd553853179d3c78a296845547e92a1e,2024-03,Hampshire Constabulary,Hampshire Constabulary,-1.075437,50.786645,On or near Beatrice Road,E01017027,Portsmouth 020C,Public order,Investigation complete; no suspect identified,
b16c6a07f8bd3c3123a68f533c625e67b7f5689043238eb8bc953b0a0f220362,2024-03,Hampshire Constabulary,Hampshire Constabulary,-1.072156,50.786853,On or near Theatre/Concert Hall,E01017027,Portsmouth 020C,Violence and sexual offences,Unable to prosecute suspect,
153efe805e3c4211fdeca90fb23ac411036a6b95f8df37b5d8aa681ed7cfd7be,2024-03,Hampshire Constabulary,Hampshire Constabulary,-1.076571,50.786663,On or near Albert Road,E01017027,Portsmouth 020C,Violence and sexual offences,Unable to prosecute suspect,
e7c57bcf5f147855d0c34a25318f579d35057e720e6b402f81096f8da7a22d73,2024-03,Hampshire Constabulary,Hampshire Constabulary,-1.072156,50.786853,On or near Theatre/Concert Hall,E01017027,Portsmouth 020C,Violence and sexual offences,Unable to prosecute suspect,
b500be9e79dbfdc8199d6f58fa6eca38aa4c32e976d7c21cc4f870b6e355fdde,2024-03,Hampshire Constabulary,Hampshire Constabulary,-1.074377,50.793624,On or near Manners Lane,E01017028,Portsmouth 020D,Bicycle theft,Investigation complete; no suspect identified,
6c3c66265a7c7c6882ab87c339d9147c31f7536df025a8e44003873b9e322951,2024-03,Hampshire Constabulary,Hampshire Constabulary,-1.072621,50.794887,On or near Orchard Road,E01017028,Portsmouth 020D,Burglary,Unable to prosecute suspect,
0090e8966efe2bb3e6d04f96053d1a429411079e2e6a49b05f16550af5bc6f86,2024-03,Hampshire Constabulary,Hampshire Constabulary,-1.073032,50.795567,On or near Petrol Station,E01017028,Portsmouth 020D,Other theft,Investigation complete; no suspect identified,
aae85d051a164c871727b8d8910da11657d5dc772022ca077bec0c3d59d9085a,2024-03,Hampshire Constabulary,Hampshire Constabulary,-1.073032,50.795567,On or near Petrol Station,E01017028,Portsmouth 020D,Public order,Unable to prosecute suspect,
8363b40eecea4ef8fddab952415067a85b80e13e3769198cf71ea1aa8bd0ed7f,2024-03,Hampshire Constabulary,Hampshire Constabulary,-1.077223,50.793179,On or near Cleveland Road,E01017028,Portsmouth 020D,Violence and sexual offences,Investigation complete; no suspect identified,
6d680b24e39c4243c803340c8ac8677d69056d46df20994b70d6cf8e557278a8,2024-03,Hampshire Constabulary,Hampshire Constabulary,-1.077223,50.793179,On or near Cleveland Road,E01017028,Portsmouth 020D,Violence and sexual offences,Unable to prosecute suspect,
ac02b250cb3555b77aa852dfbc6d2413f6840cd089af5dace5c8ebe879ff2e1f,2024-03,Hampshire Constabulary,Hampshire Constabulary,-1.073138,50.793839,On or near Manners Road,E01017028,Portsmouth 020D,Violence and sexual offences,Unable to prosecute suspect,
1ae25d0cc83ee91f539d8496ea71262f7f68cb23bffe7182f98c8a9d8e3c300b,2024-03,Hampshire Constabulary,Hampshire Constabulary,-1.073138,50.793839,On or near Manners Road,E01017028,Portsmouth 020D,Other crime,Investigation complete; no suspect identified,
,2024-03,Hampshire Constabulary,Hampshire Constabulary,-1.073032,50.795567,On or near Petrol Station,E01017028,Portsmouth 020D,Anti-social behaviour,,
,2024-03,Hampshire Constabulary,Hampshire Constabulary,-1.073164,50.793264,On or near Percy Road,E01017028,Portsmouth 020D,Anti-social behaviour,,
eee442c3e902b6ddf17e7efbe7570b368ab2a465e84f30e8cdd0e27ffefbe729,2024-03,Hampshire Constabulary,Hampshire Constabulary,-1.073387,50.792717,On or near Jessie Road,E01017028,Portsmouth 020D,Criminal damage and arson,Unable to prosecute suspect,
fa4ac8214cca30cc26fff225338b1dd7d38acd7cd3bb58820ae75f2af7dcbf81,2024-03,Hampshire Constabulary,Hampshire Constabulary,-1.073164,50.793264,On or near Percy Road,E01017028,Portsmouth 020D,Criminal damage and arson,Investigation complete; no suspect identified,
4c9040cb7a2116be095b94b5ff336b4c42a2897f9834f30731bc3d5cfbe7a220,2024-03,Hampshire Constabulary,Hampshire Constabulary,-1.077223,50.793179,On or near Cleveland Road,E01017028,Portsmouth 020D,Drugs,Status update unavailable,
4c87a06aee31f04721b9f9618f71d9a4ee8ec05cc927829959249b875f96e39f,2024-03,Hampshire Constabulary,Hampshire Constabulary,-1.072621,50.794887,On or near Orchard Road,E01017028,Portsmouth 020D,Other theft,Investigation complete; no suspect identified,
d2f3fcd91351e230e7456046a89cdf178a5e4537c2d3e06bb392e81c1878d7ea,2024-03,Hampshire Constabulary,Hampshire Constabulary,-1.073032,50.795567,On or near Petrol Station,E01017028,Portsmouth 020D,Robbery,Status update unavailable,
ae93c0f331e9d23632891780661a42aeb335cf098edfd8cfc278551270a8dae2,2024-03,Hampshire Constabulary,Hampshire Constabulary,-1.073164,50.793264,On or near Percy Road,E01017028,Portsmouth 020D,Other crime,Investigation complete; no suspect identified,
6a3f7eb433071395ab8dbcf16260598defc5eac1578ce023d0add052b2b5a20b,2024-03,Hampshire Constabulary,Hampshire Constabulary,-1.082648,50.789292,On or near B2151,E01017124,Portsmouth 020E,Burglary,Offender given a caution,
cef1f81a5599dba0ac087256c60183b0f7a958ef6e6f6b123869771516c33b0f,2024-03,Hampshire Constabulary,Hampshire Constabulary,-1.078871,50.788049,On or near Goodwood Road,E01017124,Portsmouth 020E,Violence and sexual offences,Unable to prosecute suspect,
838f60eb25f62086f1a15462e8212c7d1bc42bc02846db021d9163de2804ba5e,2024-03,Hampshire Constabulary,Hampshire Constabulary,-1.081008,50.789010,On or near Victoria Grove,E01017124,Portsmouth 020E,Other crime,Unable to prosecute suspect,
,2024-03,Hampshire Constabulary,Hampshire Constabulary,-1.078017,50.789607,On or near Inglis Road,E01017124,Portsmouth 020E,Anti-social behaviour,,
b69d246f96be6f3eb678c31c42d1558d1d5d1a05a34bdc2d441033c3ce60bfb2,2024-03,Hampshire Constabulary,Hampshire Constabulary,-1.082648,50.789292,On or near B2151,E01017124,Portsmouth 020E,Bicycle theft,Investigation complete; no suspect identified,
94f1fee8b3b6451da37f463a244f50f1ae378700031178f122f05abb9e9c40fa,2024-03,Hampshire Constabulary,Hampshire Constabulary,-1.079834,50.788110,On or near Chelsea Road,E01017124,Portsmouth 020E,Public order,Unable to prosecute suspect,
61436127246470c5b7a1907993940967cb63e7e676a53e683a2b9791ec636a93,2024-03,Hampshire Constabulary,Hampshire Constabulary,-1.082648,50.789292,On or near B2151,E01017124,Portsmouth 020E,Violence and sexual offences,Further investigation is not in the public interest,
2eae90303cdad66e853f976077c3134d7503e3c076bf6d6897511f557723285b,2024-03,Hampshire Constabulary,Hampshire Constabulary,-1.078871,50.788049,On or near Goodwood Road,E01017124,Portsmouth 020E,Violence and sexual offences,Investigation complete; no suspect identified,
92b24731d137a67a8afc053a4d3c000d58db6a90dad9292c0ee51d46cd4081d5,2024-03,Hampshire Constabulary,Hampshire Constabulary,-1.060757,50.792176,On or near Clovelly Road,E01017094,Portsmouth 021A,Criminal damage and arson,Unable to prosecute suspect,
33325c56736470d544307bf7d7e2760c7f3075fce3e452c6eb5f349ddead4538,2024-03,Hampshire Constabulary,Hampshire Constabulary,-1.058817,50.791962,On or near Essex Road,E01017094,Portsmouth 021A,Criminal damage and arson,Unable to prosecute suspect,
cc363667994079be5c27808fa450ed46b658f907c5018b37b9e90706568f8b7e,2024-03,Hampshire Constabulary,Hampshire Constabulary,-1.060757,50.792176,On or near Clovelly Road,E01017094,Portsmouth 021A,Public order,Unable to prosecute suspect,
fe7e5a252b9da0f83d0d2ffe0b994a4ee00d855b6a3f36dc5aefa221150c4351,2024-03,Hampshire Constabulary,Hampshire Constabulary,-1.058817,50.791962,On or near Essex Road,E01017094,Portsmouth 021A,Vehicle crime,Investigation complete; no suspect identified,
f1e45b5e2d931fd17622d513c57d767975f1e9cdcee4a6a6caa3539a28bd7378,2024-03,Hampshire Constabulary,Hampshire Constabulary,-1.058817,50.791962,On or near Essex Road,E01017094,Portsmouth 021A,Vehicle crime,Investigation complete; no suspect identified,
ba051bb2da44c5c1cee4aa28c835c93515ad3d28abe49b69891c13fb4ac3a665,2024-03,Hampshire Constabulary,Hampshire Constabulary,-1.060946,50.791943,On or near Woodmancote Road,E01017094,Portsmouth 021A,Vehicle crime,Investigation complete; no suspect identified,
97d50b856a9c5a8007dec1acfdde162014f2970a10594776a1f80e5d7f34290e,2024-03,Hampshire Constabulary,Hampshire Constabulary,-1.061722,50.792147,On or near Wimborne Road,E01017094,Portsmouth 021A,Violence and sexual offences,Investigation complete; no suspect identified,
4b323c7fd007b6b1570d01462226cc9bc76ea1e39cf67b2e372100cafba4a62a,2024-03,Hampshire Constabulary,Hampshire Constabulary,-1.058817,50.791962,On or near Essex Road,E01017094,Portsmouth 021A,Violence and sexual offences,Investigation complete; no suspect identified,
959a01757f8a19b2d660b1cc517673ef06d92973e39acb653cbb5dc36761963f,2024-03,Hampshire Constabulary,Hampshire Constabulary,-1.056494,50.791062,On or near Middlesex Road,E01017095,Portsmouth 021B,Public order,Unable to prosecute suspect,
3867941e3856da28d5dab2c1aaeaa0fe5e17136b4fa85adddf12ec97b7710861,2024-03,Hampshire Constabulary,Hampshire Constabulary,-1.055007,50.792372,On or near Perth Road,E01017095,Portsmouth 021B,Public order,Local resolution,
ce39adba2f856ac70242ffdf1509576d0e582e0faa392a7b8408ee66a599a710,2024-03,Hampshire Constabulary,Hampshire Constabulary,-1.056494,50.791062,On or near Middlesex Road,E01017095,Portsmouth 021B,Violence and sexual offences,Unable to prosecute suspect,
80f1e928c7dbde6e901d9488471dd8cb86909842d010959851fddeaa93567830,2024-03,Hampshire Constabulary,Hampshire Constabulary,-1.055007,50.792372,On or near Perth Road,E01017095,Portsmouth 021B,Violence and sexual offences,Unable to prosecute suspect,
c1e1450296a0917b562cc94c37b954359da126d2570766113b4b9c4acaecf167,2024-03,Hampshire Constabulary,Hampshire Constabulary,-1.056624,50.793060,On or near Gisors Road,E01017095,Portsmouth 021B,Violence and sexual offences,Investigation complete; no suspect identified,
60ce0d12987d744e6e5b3f3b9a3e89e4ab5815f7b53ba9d8367fcc765436f6bb,2024-03,Hampshire Constabulary,Hampshire Constabulary,-1.055007,50.792372,On or near Perth Road,E01017095,Portsmouth 021B,Violence and sexual offences,Action to be taken by another organisation,
372fbb2fec396be3931157d399b1955249bfd1bdd53cb340bd986f0453d25bee,2024-03,Hampshire Constabulary,Hampshire Constabulary,-1.056624,50.793060,On or near Gisors Road,E01017095,Portsmouth 021B,Violence and sexual offences,Unable to prosecute suspect,
862cfa71b3b9d8cfe1d01b43dc575da155ade3d0913ad62f97e91190492b4224,2024-03,Hampshire Constabulary,Hampshire Constabulary,-1.055007,50.792372,On or near Perth Road,E01017095,Portsmouth 021B,Violence and sexual offences,Unable to prosecute suspect,
,2024-03,Hampshire Constabulary,Hampshire Constabulary,-1.055007,50.792372,On or near Perth Road,E01017095,Portsmouth 021B,Anti-social behaviour,,
,2024-03,Hampshire Constabulary,Hampshire Constabulary,-1.056624,50.793060,On or near Gisors Road,E01017095,Portsmouth 021B,Anti-social behaviour,,
508e2be84233bd572545faa653ef5761251d87dcd1ba25a31da7344579337d09,2024-03,Hampshire Constabulary,Hampshire Constabulary,-1.052816,50.791266,On or near Tranmere Road,E01017095,Portsmouth 021B,Vehicle crime,Investigation complete; no suspect identified,
b1dcfa742123e282f0ee5264695ae16f14e89b4fb34f9fa59a10c21122521cce,2024-03,Hampshire Constabulary,Hampshire Constabulary,-1.056624,50.793060,On or near Gisors Road,E01017095,Portsmouth 021B,Violence and sexual offences,Unable to prosecute suspect,
7a2cd686f19729f397ff3d1345991dfce807ad743dbe51d10813d25e27c00957,2024-03,Hampshire Constabulary,Hampshire Constabulary,-1.056624,50.793060,On or near Gisors Road,E01017095,Portsmouth 021B,Violence and sexual offences,Unable to prosecute suspect,
0e1933dbcdfdc855e82643bc1625aebee78246c639eaf26fc4bd90166f30373f,2024-03,Hampshire Constabulary,Hampshire Constabulary,-1.062007,50.787815,On or near Pedham Close,E01017097,Portsmouth 021C,Violence and sexual offences,Unable to prosecute suspect,
fca5473b311aa2d36c72907427df54fc7e20a0c63d3ccc37223345c0333bc30c,2024-03,Hampshire Constabulary,Hampshire Constabulary,-1.062076,50.787924,On or near Blenheim Court,E01017097,Portsmouth 021C,Vehicle crime,Investigation complete; no suspect identified,
24cdf73d77f3ba6882a0e73eb73e532988cdb0646f7656a3b17b32c3773bebf0,2024-03,Hampshire Constabulary,Hampshire Constabulary,-1.061530,50.787560,On or near Pedam Close,E01017098,Portsmouth 021D,Drugs,Local resolution,
aa209508e13295e8486ed6e79a3cf954b7e5328487a7aba847d7f9fe47858ae0,2024-03,Hampshire Constabulary,Hampshire Constabulary,-1.059176,50.788206,On or near Reginald Road,E01017098,Portsmouth 021D,Public order,Formal action is not in the public interest,
ade1c4af0c8bed54a495417c309aec06ebe02ccc76da30c518002575b18be789,2024-03,Hampshire Constabulary,Hampshire Constabulary,-1.061530,50.787560,On or near Pedam Close,E01017098,Portsmouth 021D,Public order,Investigation complete; no suspect identified,
ee334a455258c8eedada01e35f531e93244f4de01c299a39a449209f996247d3,2024-03,Hampshire Constabulary,Hampshire Constabulary,-1.059274,50.789682,On or near Prince Albert Road,E01017098,Portsmouth 021D,Violence and sexual offences,Court result unavailable,
571df4551d7dca1d99f1de19b6d5cde2741389010e5a2e5dd71204fd8058696a,2024-03,Hampshire Constabulary,Hampshire Constabulary,-1.059534,50.788767,On or near Landguard Road,E01017098,Portsmouth 021D,Violence and sexual offences,Unable to prosecute suspect,
,2024-03,Hampshire Constabulary,Hampshire Constabulary,-1.059274,50.789682,On or near Prince Albert Road,E01017098,Portsmouth 021D,Anti-social behaviour,,
,2024-03,Hampshire Constabulary,Hampshire Constabulary,-1.057494,50.787230,On or near Billing Close,E01017098,Portsmouth 021D,Anti-social behaviour,,
6875f376e505000700078ebfe0db85921be9d139fdf516a651aa5cbd13f55402,2024-03,Hampshire Constabulary,Hampshire Constabulary,-1.059274,50.789682,On or near Prince Albert Road,E01017098,Portsmouth 021D,Burglary,Status update unavailable,
0c5c52b23c81e0b480144e50b15c2c04d91fd2409f7830318e8958326b897667,2024-03,Hampshire Constabulary,Hampshire Constabulary,-1.059425,50.789224,On or near Westfield Road,E01017098,Portsmouth 021D,Other theft,Investigation complete; no suspect identified,
1c1055aac5030223a11e163388d2a52312006345b9310c81d4e2031cfbe4bc88,2024-03,Hampshire Constabulary,Hampshire Constabulary,-1.059161,50.787541,On or near Carpenter Close,E01017098,Portsmouth 021D,Vehicle crime,Investigation complete; no suspect identified,
7c693f8d8c2aac1735f25a3c3af7d6937128556fb25ff5bb844592e5de30a6ad,2024-03,Hampshire Constabulary,Hampshire Constabulary,-1.059274,50.789682,On or near Prince Albert Road,E01017098,Portsmouth 021D,Violence and sexual offences,Unable to prosecute suspect,
39624d3073fd329da1c48813d59f93c2fea89ccbf2448102a60c230b1bd38614,2024-03,Hampshire Constabulary,Hampshire Constabulary,-1.057494,50.787230,On or near Billing Close,E01017098,Portsmouth 021D,Violence and sexual offences,Unable to prosecute suspect,
83f8ad704baf4bc68c51ebdcf58a292e5a42f4d258eb84678299a3b917048bd8,2024-03,Hampshire Constabulary,Hampshire Constabulary,-1.059161,50.787541,On or near Carpenter Close,E01017098,Portsmouth 021D,Violence and sexual offences,Investigation complete; no suspect identified,
63428a27b529e39f93c29b63dbb398d54841c370d724c060a62414fd71484c67,2024-03,Hampshire Constabulary,Hampshire Constabulary,-1.089552,50.784454,On or near Ashby Place,E01017122,Portsmouth 022A,Burglary,Unable to prosecute suspect,
fced3202cae67b616dbe4261a4d696779f44dce0bf158ae844cb7c084b37621b,2024-03,Hampshire Constabulary,Hampshire Constabulary,-1.089552,50.784454,On or near Ashby Place,E01017122,Portsmouth 022A,Drugs,Awaiting court outcome,
fbc031ffc6f3f68808c36b8b03102692841aca7c6ad9a43cd20b359471241756,2024-03,Hampshire Constabulary,Hampshire Constabulary,-1.084659,50.784407,On or near Richmond Road,E01017122,Portsmouth 022A,Public order,Unable to prosecute suspect,
ff93396c5c61ecac2bd14b3ff7c02d48beff5e867d588b2e7e69a4520aa6d4ba,2024-03,Hampshire Constabulary,Hampshire Constabulary,-1.082701,50.786586,On or near Victoria Road South,E01017122,Portsmouth 022A,Public order,Unable to prosecute suspect,
fa939f55f38be01bcd2bf6da06dbd28c45e8bfb2149872a96e6ef0e28de3068c,2024-03,Hampshire Constabulary,Hampshire Constabulary,-1.085693,50.783741,On or near The Circle,E01017122,Portsmouth 022A,Violence and sexual offences,Unable to prosecute suspect,
ccf17b79944d4402bb52510c7ba28b0fca2ed269ddb7e29baae24154804163d5,2024-03,Hampshire Constabulary,Hampshire Constabulary,-1.088853,50.783936,On or near Palmerston Road,E01017122,Portsmouth 022A,Violence and sexual offences,Unable to prosecute suspect,
10fbb337559213c8f967a187d884b1152affaf2bada31397188683718055df7d,2024-03,Hampshire Constabulary,Hampshire Constabulary,-1.089552,50.784454,On or near Ashby Place,E01017122,Portsmouth 022A,Violence and sexual offences,Investigation complete; no suspect identified,
28435c23dfcba19139797f13d7ecc0504a2d59ba6069a2d9649d13f030ca6208,2024-03,Hampshire Constabulary,Hampshire Constabulary,-1.089552,50.784454,On or near Ashby Place,E01017122,Portsmouth 022A,Violence and sexual offences,Unable to prosecute suspect,
fb88702f3f340d9326dbfd1f013fed7271a8caf9b4c65ef180178bc4dedec201,2024-03,Hampshire Constabulary,Hampshire Constabulary,-1.089552,50.784454,On or near Ashby Place,E01017122,Portsmouth 022A,Violence and sexual offences,Unable to prosecute suspect,
ec10d9c13f59cb205d2fd3b2c58d24d78fe974ac61abccfe83932183c82bbb07,2024-03,Hampshire Constabulary,Hampshire Constabulary,-1.082701,50.786586,On or near Victoria Road South,E01017122,Portsmouth 022A,Violence and sexual offences,Unable to prosecute suspect,
0c7b5ce13d7d12697426967ac34521d29ca15b1e2b34e76520f031e129488da3,2024-03,Hampshire Constabulary,Hampshire Constabulary,-1.082701,50.786586,On or near Victoria Road South,E01017122,Portsmouth 022A,Violence and sexual offences,Unable to prosecute suspect,
d7a72d9e94287ef9a4165c7c2868da8777b002cf47e80a9dee82a8988eb2b2db,2024-03,Hampshire Constabulary,Hampshire Constabulary,-1.088853,50.783936,On or near Palmerston Road,E01017122,Portsmouth 022A,Violence and sexual offences,Unable to prosecute suspect,
ceba141cd9b12c4f195ca432f985692d4488046852cf584ccc6359c4e8ebe9d2,2024-03,Hampshire Constabulary,Hampshire Constabulary,-1.082701,50.786586,On or near Victoria Road South,E01017122,Portsmouth 022A,Violence and sexual offences,Unable to prosecute suspect,
abba6839a35e836561e0366d7ca1bd1b15138e11e7c0cc1898bffeba8f9e07b1,2024-03,Hampshire Constabulary,Hampshire Constabulary,-1.089552,50.784454,On or near Ashby Place,E01017122,Portsmouth 022A,Violence and sexual offences,Unable to prosecute suspect,
089c303b29d13ba54d37109a44c23b48b7b547864e4f4a337b11aa2f006d16b8,2024-03,Hampshire Constabulary,Hampshire Constabulary,-1.089552,50.784454,On or near Ashby Place,E01017122,Portsmouth 022A,Violence and sexual offences,Unable to prosecute suspect,
d7b54408868802f7a8247751b39df1d6ad19ea434fcf6276a7d66c2cccea5a7e,2024-03,Hampshire Constabulary,Hampshire Constabulary,-1.088853,50.783936,On or near Palmerston Road,E01017122,Portsmouth 022A,Violence and sexual offences,Unable to prosecute suspect,
,2024-03,Hampshire Constabulary,Hampshire Constabulary,-1.088853,50.783936,On or near Palmerston Road,E01017122,Portsmouth 022A,Anti-social behaviour,,
,2024-03,Hampshire Constabulary,Hampshire Constabulary,-1.088853,50.783936,On or near Palmerston Road,E01017122,Portsmouth 022A,Anti-social behaviour,,
,2024-03,Hampshire Constabulary,Hampshire Constabulary,-1.088277,50.785092,On or near Shopping Area,E01017122,Portsmouth 022A,Anti-social behaviour,,
,2024-03,Hampshire Constabulary,Hampshire Constabulary,-1.088244,50.785204,On or near Shopping Area,E01017122,Portsmouth 022A,Anti-social behaviour,,
5f3f21a91e57a97f37083b421d8334f40aa52d99be0a150474210218f09a7d2b,2024-03,Hampshire Constabulary,Hampshire Constabulary,-1.088244,50.785204,On or near Shopping Area,E01017122,Portsmouth 022A,Bicycle theft,Investigation complete; no suspect identified,
947572043741643d54332e2f6e5deb614d09f07feabd4372122d8284afa64930,2024-03,Hampshire Constabulary,Hampshire Constabulary,-1.086847,50.784928,On or near Stanley Street,E01017122,Portsmouth 022A,Burglary,Status update unavailable,
e87600f682e79ad333e505420246756cc7747d193c30afbcf32931182de44d5f,2024-03,Hampshire Constabulary,Hampshire Constabulary,-1.088853,50.783936,On or near Palmerston Road,E01017122,Portsmouth 022A,Public order,Status update unavailable,
5c3ef76758a1e8288a53fc56c99aee06d41841af38ec8d1e3521778da6a3bc11,2024-03,Hampshire Constabulary,Hampshire Constabulary,-1.089552,50.784454,On or near Ashby Place,E01017122,Portsmouth 022A,Public order,Status update unavailable,
7a19d68d82f7db2efb391baeae4303ea525720c241e0ca7b0803a0cadde026d3,2024-03,Hampshire Constabulary,Hampshire Constabulary,-1.083594,50.788095,On or near Hereford Road,E01017122,Portsmouth 022A,Public order,Investigation complete; no suspect identified,
d909df23eb7ec4b3a255ce9e36d1b401186aa634c9aca7f3e27f612692712bf0,2024-03,Hampshire Constabulary,Hampshire Constabulary,-1.088853,50.783936,On or near Palmerston Road,E01017122,Portsmouth 022A,Shoplifting,Investigation complete; no suspect identified,
5fdff21f16e468c8242eb2e5fedcc14587f4349ed067f7c8775907e2c45006b6,2024-03,Hampshire Constabulary,Hampshire Constabulary,-1.088853,50.783936,On or near Palmerston Road,E01017122,Portsmouth 022A,Shoplifting,Investigation complete; no suspect identified,
61132f12e94e9de3d852d07065306ffba3e06d2b07350131b6b3ea6e90adaa3b,2024-03,Hampshire Constabulary,Hampshire Constabulary,-1.088853,50.783936,On or near Palmerston Road,E01017122,Portsmouth 022A,Shoplifting,Investigation complete; no suspect identified,
cc148782c333cb558afc348cd3d001f210ecddba39a0e82b14f9677a51717ce1,2024-03,Hampshire Constabulary,Hampshire Constabulary,-1.089552,50.784454,On or near Ashby Place,E01017122,Portsmouth 022A,Vehicle crime,Investigation complete; no suspect identified,
3f35d82931b83d0f8980dc9b4d0b9450833d65f564f62db10061b1364260e026,2024-03,Hampshire Constabulary,Hampshire Constabulary,-1.089552,50.784454,On or near Ashby Place,E01017122,Portsmouth 022A,Violence and sexual offences,Investigation complete; no suspect identified,
13b90d6bb537ce6dd6f7b5470fa6f0a25b78fc6652be5c362392a681e5f1f0f2,2024-03,Hampshire Constabulary,Hampshire Constabulary,-1.085485,50.785663,On or near Fontwell Road,E01017122,Portsmouth 022A,Violence and sexual offences,Unable to prosecute suspect,
e2f5a74ae4e5b019d5c539cc899ed4542963288b79adcabd836648a9a489b9a2,2024-03,Hampshire Constabulary,Hampshire Constabulary,-1.089552,50.784454,On or near Ashby Place,E01017122,Portsmouth 022A,Violence and sexual offences,Action to be taken by another organisation,
48ce84eff3076edc8722833dabcff6380a3b4106db6200719d3e93a6c118b2e1,2024-03,Hampshire Constabulary,Hampshire Constabulary,-1.089552,50.784454,On or near Ashby Place,E01017122,Portsmouth 022A,Violence and sexual offences,Unable to prosecute suspect,
6d5c3e379c3d7321a658055646e78c9824c0fbe40413b4903196bb04fc5c0eb2,2024-03,Hampshire Constabulary,Hampshire Constabulary,-1.086088,50.784571,On or near Lennox Road North,E01017122,Portsmouth 022A,Violence and sexual offences,Unable to prosecute suspect,
5065c0af892d4e25450f649004b0b90c6c09e2e68ff624cdb0feced975c5e1f9,2024-03,Hampshire Constabulary,Hampshire Constabulary,-1.089552,50.784454,On or near Ashby Place,E01017122,Portsmouth 022A,Violence and sexual offences,Investigation complete; no suspect identified,
d10872fd76f67386a85e39c42d4454470b629d5ffd02f97bc446598cf020e5e9,2024-03,Hampshire Constabulary,Hampshire Constabulary,-1.089552,50.784454,On or near Ashby Place,E01017122,Portsmouth 022A,Violence and sexual offences,Unable to prosecute suspect,
15e1e6a2edb383bb58f3ee278e9259682d3542e1d8160a6ad07838a742fb85c7,2024-03,Hampshire Constabulary,Hampshire Constabulary,-1.089552,50.784454,On or near Ashby Place,E01017122,Portsmouth 022A,Violence and sexual offences,Investigation complete; no suspect identified,
de800c20dbdf39744b3065b36e294fae5d8c3d5cddcca84b4b8923d6c779c626,2024-03,Hampshire Constabulary,Hampshire Constabulary,-1.087514,50.785643,On or near Richmond Place,E01017125,Portsmouth 022B,Bicycle theft,Court result unavailable,
26e1ce49e7832b1c76381d9227a1b67b8811c6274e03ef3dfbeebc3397e81e39,2024-03,Hampshire Constabulary,Hampshire Constabulary,-1.083893,50.788745,On or near Stafford Road,E01017125,Portsmouth 022B,Burglary,Investigation complete; no suspect identified,
bb5dbc517df9d74bfe0e475434cd7de5068e5672aa21ac29681a438715842403,2024-03,Hampshire Constabulary,Hampshire Constabulary,-1.087514,50.785643,On or near Richmond Place,E01017125,Portsmouth 022B,Criminal damage and arson,Court result unavailable,
06816b7f4276917dea5d44f291d7c471a84917bf81170467fa4ba0820faae6dc,2024-03,Hampshire Constabulary,Hampshire Constabulary,-1.088637,50.787028,On or near St Judes Close,E01017125,Portsmouth 022B,Criminal damage and arson,Investigation complete; no suspect identified,
ed7058eda51e479052b2cb94135d7b5245ef03da38d0e95b689ca61d82ac69ae,2024-03,Hampshire Constabulary,Hampshire Constabulary,-1.085128,50.785796,On or near Yves Mews,E01017125,Portsmouth 022B,Drugs,Unable to prosecute suspect,
07962c13eeac6acec4ce382507dcb6b6aab13fc3a110a1b0272c2b32b8d72285,2024-03,Hampshire Constabulary,Hampshire Constabulary,-1.087514,50.785643,On or near Richmond Place,E01017125,Portsmouth 022B,Public order,Unable to prosecute suspect,
cc0725484b7a4b7bf895fb2a61cad396e2e8cd2ffc754c0ec5b4ee0506aad363,2024-03,Hampshire Constabulary,Hampshire Constabulary,-1.087514,50.785643,On or near Richmond Place,E01017125,Portsmouth 022B,Shoplifting,Local resolution,
8c83dc4e910e1ef0c1cf193bf897f85a17129ce76a486c660d84ad20257b4334,2024-03,Hampshire Constabulary,Hampshire Constabulary,-1.087514,50.785643,On or near Richmond Place,E01017125,Portsmouth 022B,Shoplifting,Unable to prosecute suspect,
5b8fd51bde3fd62cf72d6443fe85134799858f961408d783f3bdc6ce9a999f94,2024-03,Hampshire Constabulary,Hampshire Constabulary,-1.087514,50.785643,On or near Richmond Place,E01017125,Portsmouth 022B,Shoplifting,Investigation complete; no suspect identified,
16dcb1bfcb30322ac88a2977da9307bb81d7193f19c4ee79f78f9d8671520672,2024-03,Hampshire Constabulary,Hampshire Constabulary,-1.088928,50.785879,On or near Tonbridge Street,E01017125,Portsmouth 022B,Shoplifting,Unable to prosecute suspect,
f6ed5d094eb9ee15746de13085bd8de91d24ddb0e96d6654681c246743a8ab36,2024-03,Hampshire Constabulary,Hampshire Constabulary,-1.087514,50.785643,On or near Richmond Place,E01017125,Portsmouth 022B,Shoplifting,Investigation complete; no suspect identified,
7f4316e8d660eb5812795b26c0ee9b090a2e9465f7ad0c77ab26b91fe4d3a613,2024-03,Hampshire Constabulary,Hampshire Constabulary,-1.087514,50.785643,On or near Richmond Place,E01017125,Portsmouth 022B,Shoplifting,Investigation complete; no suspect identified,
eb994c23920a05d67e8e971ff2f16ba264a7b1513b7f8e6ac7c77eefa1d15c87,2024-03,Hampshire Constabulary,Hampshire Constabulary,-1.085467,50.789503,On or near Supermarket,E01017125,Portsmouth 022B,Shoplifting,Court result unavailable,
620bffa3ddb8850d5aa9da9246ebf6153413f63157a5069a87f6b56617556cbb,2024-03,Hampshire Constabulary,Hampshire Constabulary,-1.087514,50.785643,On or near Richmond Place,E01017125,Portsmouth 022B,Shoplifting,Investigation complete; no suspect identified,
284b727435b137d2f3afc0c9cce536636bcde67bcb15d7b2692e193d6422c95b,2024-03,Hampshire Constabulary,Hampshire Constabulary,-1.083893,50.788745,On or near Stafford Road,E01017125,Portsmouth 022B,Violence and sexual offences,Unable to prosecute suspect,
a874e86b95187677bae9c8b6d37c267c7f5082703911a511aec9e6eb4e48daa9,2024-03,Hampshire Constabulary,Hampshire Constabulary,-1.083893,50.788745,On or near Stafford Road,E01017125,Portsmouth 022B,Violence and sexual offences,Local resolution,
290fc47996a7d5342b539257edd2796564aa5dce55e4b7f3db1fa8c3588a4c17,2024-03,Hampshire Constabulary,Hampshire Constabulary,-1.086661,50.786500,On or near Wilton Place,E01017125,Portsmouth 022B,Violence and sexual offences,Unable to prosecute suspect,
e0a95d9162ad8b1f39ad148e0750c5d5c2d98a1be34a710e48a1f58287afd186,2024-03,Hampshire Constabulary,Hampshire Constabulary,-1.087514,50.785643,On or near Richmond Place,E01017125,Portsmouth 022B,Violence and sexual offences,Investigation complete; no suspect identified,
26751146d8038a14aa68aa292f4cfcee359c32bdd01621d59c05f8fa8e1f2187,2024-03,Hampshire Constabulary,Hampshire Constabulary,-1.087514,50.785643,On or near Richmond Place,E01017125,Portsmouth 022B,Violence and sexual offences,Unable to prosecute suspect,
7bd715f4953013d87be532f1094e28276ce305095cbe47afb828c4422ff08c29,2024-03,Hampshire Constabulary,Hampshire Constabulary,-1.083893,50.788745,On or near Stafford Road,E01017125,Portsmouth 022B,Violence and sexual offences,Unable to prosecute suspect,
,2024-03,Hampshire Constabulary,Hampshire Constabulary,-1.085467,50.789503,On or near Supermarket,E01017125,Portsmouth 022B,Anti-social behaviour,,
,2024-03,Hampshire Constabulary,Hampshire Constabulary,-1.087514,50.785643,On or near Richmond Place,E01017125,Portsmouth 022B,Anti-social behaviour,,
,2024-03,Hampshire Constabulary,Hampshire Constabulary,-1.085237,50.786768,On or near Merton Road,E01017125,Portsmouth 022B,Anti-social behaviour,,
,2024-03,Hampshire Constabulary,Hampshire Constabulary,-1.085467,50.789503,On or near Supermarket,E01017125,Portsmouth 022B,Anti-social behaviour,,
295d7db855f3d886c4908bc971895df974e289cdd3d91c215472cc12ba875ccd,2024-03,Hampshire Constabulary,Hampshire Constabulary,-1.087514,50.785643,On or near Richmond Place,E01017125,Portsmouth 022B,Bicycle theft,Investigation complete; no suspect identified,
a9501e44228879d641c0669f939f20d63e96be748e21a70b063ff1ce57b0489c,2024-03,Hampshire Constabulary,Hampshire Constabulary,-1.083893,50.788745,On or near Stafford Road,E01017125,Portsmouth 022B,Criminal damage and arson,Status update unavailable,
f33206229e3637973e96d167c0ad0436fabc7a66a826dd1e1c394e55cf2ab5e3,2024-03,Hampshire Constabulary,Hampshire Constabulary,-1.086321,50.789357,On or near Hendy Close,E01017125,Portsmouth 022B,Criminal damage and arson,Local resolution,
5222bfc260fadf5747b599c78f3e5d77d9e341a7a18470c4709672cf5aca9c3c,2024-03,Hampshire Constabulary,Hampshire Constabulary,-1.087005,50.788472,On or near Grove Road South,E01017125,Portsmouth 022B,Criminal damage and arson,Investigation complete; no suspect identified,
85a2b157c60ea2fcba588d356f2d5e3e1298b8d5c4f734e46758bf051f0945a7,2024-03,Hampshire Constabulary,Hampshire Constabulary,-1.083893,50.788745,On or near Stafford Road,E01017125,Portsmouth 022B,Other theft,Investigation complete; no suspect identified,
c9a12f974cf22a654fea1c03c0a24142bec9189ee3e235e239a2b1e821004786,2024-03,Hampshire Constabulary,Hampshire Constabulary,-1.088637,50.787028,On or near St Judes Close,E01017125,Portsmouth 022B,Possession of weapons,Investigation complete; no suspect identified,
1244dc9b5180e4671e9cf8277a46ab4a3869bee7da3426d9c39280312ce56d76,2024-03,Hampshire Constabulary,Hampshire Constabulary,-1.083893,50.788745,On or near Stafford Road,E01017125,Portsmouth 022B,Public order,Status update unavailable,
764f4720e34014929ca363bf0f681c8e1aa4beaa3591f1b4e165accdf0ebd87e,2024-03,Hampshire Constabulary,Hampshire Constabulary,-1.083893,50.788745,On or near Stafford Road,E01017125,Portsmouth 022B,Public order,Unable to prosecute suspect,
17f097b050a94e27dc3df42f274c0387b5d825e03c8a54b36feb7714c2ebfe2c,2024-03,Hampshire Constabulary,Hampshire Constabulary,-1.087514,50.785643,On or near Richmond Place,E01017125,Portsmouth 022B,Robbery,Status update unavailable,
f0016c9c251056f28f7c987ba456faff8d99d26f4f2350f427bb82c0a2007367,2024-03,Hampshire Constabulary,Hampshire Constabulary,-1.087514,50.785643,On or near Richmond Place,E01017125,Portsmouth 022B,Robbery,Investigation complete; no suspect identified,
f9fd9b93588fec01097aba18715130a3fc6e27a12dd639686aca387a9cc86962,2024-03,Hampshire Constabulary,Hampshire Constabulary,-1.087514,50.785643,On or near Richmond Place,E01017125,Portsmouth 022B,Shoplifting,Unable to prosecute suspect,
83d8b316cdcaa01f056b496d6ea47ff98eb35a9ec253ebcf51b9f7a5a91b782d,2024-03,Hampshire Constabulary,Hampshire Constabulary,-1.087514,50.785643,On or near Richmond Place,E01017125,Portsmouth 022B,Shoplifting,Status update unavailable,
d9151ad76e5989e1145afc8520f6a841afee75cd10f914c9fd3d270c3eec83b0,2024-03,Hampshire Constabulary,Hampshire Constabulary,-1.087514,50.785643,On or near Richmond Place,E01017125,Portsmouth 022B,Shoplifting,Investigation complete; no suspect identified,
4240a6b12cb3867d7c3bb5bf41fe4525a6ebe5e46ac7a1671425c6ae13760ff0,2024-03,Hampshire Constabulary,Hampshire Constabulary,-1.088928,50.785879,On or near Tonbridge Street,E01017125,Portsmouth 022B,Shoplifting,Investigation complete; no suspect identified,
ac3d2a3719f770554258b19e8abb9fd700401c2ba24010927ab2895bcd4b83ac,2024-03,Hampshire Constabulary,Hampshire Constabulary,-1.087514,50.785643,On or near Richmond Place,E01017125,Portsmouth 022B,Shoplifting,Investigation complete; no suspect identified,
f82faef3973bab8f4b9a6ef64f0f1fb68c0b96d73c963a8da7188e0a5fa36d79,2024-03,Hampshire Constabulary,Hampshire Constabulary,-1.087514,50.785643,On or near Richmond Place,E01017125,Portsmouth 022B,Shoplifting,Investigation complete; no suspect identified,
576de0b0189481adc28706bfb021b4ebf1705ef1435ae79285ac7044bead3f25,2024-03,Hampshire Constabulary,Hampshire Constabulary,-1.086661,50.786500,On or near Wilton Place,E01017125,Portsmouth 022B,Shoplifting,Investigation complete; no suspect identified,
39caedfccbb4fd8e90b69d47699157b0b737259c6fd9182e24051db58a77dcf7,2024-03,Hampshire Constabulary,Hampshire Constabulary,-1.086661,50.786500,On or near Wilton Place,E01017125,Portsmouth 022B,Shoplifting,Investigation complete; no suspect identified,
18d4e05569071172dace705409d75b6f08aacce492ae0891178e090eb42cfad4,2024-03,Hampshire Constabulary,Hampshire Constabulary,-1.088928,50.785879,On or near Tonbridge Street,E01017125,Portsmouth 022B,Shoplifting,Investigation complete; no suspect identified,
4b9fad603d4798e0f4386002ceec0c5e50d1d3c31d697754aad4d7eb049c230a,2024-03,Hampshire Constabulary,Hampshire Constabulary,-1.087514,50.785643,On or near Richmond Place,E01017125,Portsmouth 022B,Vehicle crime,Investigation complete; no suspect identified,
8316d90514a079176740dd0b5432810d10f463009d407db3237e5f66672c433d,2024-03,Hampshire Constabulary,Hampshire Constabulary,-1.083893,50.788745,On or near Stafford Road,E01017125,Portsmouth 022B,Violence and sexual offences,Unable to prosecute suspect,
359c7dc7a8752243d194ed8cc422812956ed7f8018acbc15a724d48120a949b9,2024-03,Hampshire Constabulary,Hampshire Constabulary,-1.084230,50.786013,On or near Marmion Avenue,E01017125,Portsmouth 022B,Violence and sexual offences,Status update unavailable,
d5c162337378c60d716269993d337ec46af5d699b2d8e4cbc27360d2637f7fb6,2024-03,Hampshire Constabulary,Hampshire Constabulary,-1.084230,50.786013,On or near Marmion Avenue,E01017125,Portsmouth 022B,Violence and sexual offences,Unable to prosecute suspect,
4ab29979cc11ef377097d8f6b6b7bd3ebd01ee6adf29236f1ebb408597f62c30,2024-03,Hampshire Constabulary,Hampshire Constabulary,-1.087514,50.785643,On or near Richmond Place,E01017125,Portsmouth 022B,Violence and sexual offences,Investigation complete; no suspect identified,
4f61ca08751a804f94bcb8ba7b9471e4d06bb0058379daa85956108ca733d23b,2024-03,Hampshire Constabulary,Hampshire Constabulary,-1.085237,50.786768,On or near Merton Road,E01017125,Portsmouth 022B,Violence and sexual offences,Investigation complete; no suspect identified,
e37c785cbad60942365e6a305205d396052a846f36595f3091e749b6309b7224,2024-03,Hampshire Constabulary,Hampshire Constabulary,-1.089866,50.785824,On or near Portland Road,E01017127,Portsmouth 022C,Violence and sexual offences,Unable to prosecute suspect,
a06c7f87ed03905ade19182dd28e6ccf99976abff73f1a2104dafc8ae6826d04,2024-03,Hampshire Constabulary,Hampshire Constabulary,-1.092623,50.787005,On or near Shaftesbury Road,E01017127,Portsmouth 022C,Violence and sexual offences,Unable to prosecute suspect,
e9839552e68a457c72e6c2230f90396b998ea89d05ee52bf72958ae107106be8,2024-03,Hampshire Constabulary,Hampshire Constabulary,-1.092000,50.786209,On or near Ashburton Road,E01017127,Portsmouth 022C,Violence and sexual offences,Unable to prosecute suspect,
c0ed227332dae0bafd120cf7cdcee917e5ad18eba62ae26832080cda822e111f,2024-03,Hampshire Constabulary,Hampshire Constabulary,-1.093460,50.787048,On or near Nightingale Road,E01017127,Portsmouth 022C,Violence and sexual offences,Investigation complete; no suspect identified,
,2024-03,Hampshire Constabulary,Hampshire Constabulary,-1.092000,50.786209,On or near Ashburton Road,E01017127,Portsmouth 022C,Anti-social behaviour,,
,2024-03,Hampshire Constabulary,Hampshire Constabulary,-1.092623,50.787005,On or near Shaftesbury Road,E01017127,Portsmouth 022C,Anti-social behaviour,,
,2024-03,Hampshire Constabulary,Hampshire Constabulary,-1.093460,50.787048,On or near Nightingale Road,E01017127,Portsmouth 022C,Anti-social behaviour,,
99bd9677921a4ae948dd29764bd73159cfac7c5066c8836b55dbe20e6e69540e,2024-03,Hampshire Constabulary,Hampshire Constabulary,-1.092623,50.787005,On or near Shaftesbury Road,E01017127,Portsmouth 022C,Possession of weapons,Status update unavailable,
3bf212f6e2d48878aee484ebcf628ee55e10075d213cabaa62d36d93f8ba169e,2024-03,Hampshire Constabulary,Hampshire Constabulary,-1.092000,50.786209,On or near Ashburton Road,E01017127,Portsmouth 022C,Violence and sexual offences,Status update unavailable,
dca0b8d19e1b316bc7fd953d2f07c1cd69b1cea5dd8acfcef572c3760d6a8c6d,2024-03,Hampshire Constabulary,Hampshire Constabulary,-1.093471,50.789413,On or near Elm Street,E01017135,Portsmouth 022D,Shoplifting,Court result unavailable,
4033f3da4241fd689e1de40f8c9b9435c5a17dea5906afa081005c3055607ef8,2024-03,Hampshire Constabulary,Hampshire Constabulary,-1.090787,50.790246,On or near Castle Close,E01017135,Portsmouth 022D,Vehicle crime,Investigation complete; no suspect identified,
7393df7a1af31f103102d6b62fc81b44182d718612423ff661d3c94126bbcec6,2024-03,Hampshire Constabulary,Hampshire Constabulary,-1.093471,50.789413,On or near Elm Street,E01017135,Portsmouth 022D,Violence and sexual offences,Further investigation is not in the public interest,
29b1fa2b3d5892f705cfe8aa3935d00f38890c34bea67879554d410f7d7d4329,2024-03,Hampshire Constabulary,Hampshire Constabulary,-1.090592,50.787898,On or near Sussex Terrace,E01017135,Portsmouth 022D,Violence and sexual offences,Unable to prosecute suspect,
48377726e51d55c34747419f1079e8b9b3159dbab5184ba6a90f60ce006f98d3,2024-03,Hampshire Constabulary,Hampshire Constabulary,-1.092754,50.788310,On or near Sussex Place,E01017135,Portsmouth 022D,Violence and sexual offences,Court result unavailable,
230af46614d831896efd2092e7db2a12a3c2d6b566afd8bf35cf01710eea3c8f,2024-03,Hampshire Constabulary,Hampshire Constabulary,-1.093471,50.789413,On or near Elm Street,E01017135,Portsmouth 022D,Violence and sexual offences,Unable to prosecute suspect,
029d897854871bd65a6e03f1d0c4189263477f3cba032d28b6f8e55c5bacc48d,2024-03,Hampshire Constabulary,Hampshire Constabulary,-1.094549,50.788666,On or near Cecil Grove,E01017135,Portsmouth 022D,Violence and sexual offences,Unable to prosecute suspect,
,2024-03,Hampshire Constabulary,Hampshire Constabulary,-1.092946,50.789418,On or near Castle Road,E01017135,Portsmouth 022D,Anti-social behaviour,,
32ec865e6a40c417e0b9f5ad7ac31b0ae26adea51bb67aa56dabaf2728fcdb11,2024-03,Hampshire Constabulary,Hampshire Constabulary,-1.092754,50.788310,On or near Sussex Place,E01017135,Portsmouth 022D,Criminal damage and arson,Status update unavailable,
da428e036a0aed8907f39dd73eefb550102e2d09a44bd1c2e2b36f02b6f4dad7,2024-03,Hampshire Constabulary,Hampshire Constabulary,-1.093471,50.789413,On or near Elm Street,E01017135,Portsmouth 022D,Shoplifting,Investigation complete; no suspect identified,
33b526862d22edc254d281e866ad01361f56bc5a794ddcb6900eedc027b46eaa,2024-03,Hampshire Constabulary,Hampshire Constabulary,-1.089362,50.789138,On or near Worsley Road,E01017135,Portsmouth 022D,Violence and sexual offences,Investigation complete; no suspect identified,
afd0ba28936fae626e9a86ba7c44c8ed17fb16a6c47b0e1576cba673d5088b33,2024-03,Hampshire Constabulary,Hampshire Constabulary,-1.091053,50.788980,On or near St Edwards Road,E01017135,Portsmouth 022D,Violence and sexual offences,Unable to prosecute suspect,
1c8860cf9432ba8381ea648fc1a7d7be4b041d09b789d270c7b8dc9f97c901d5,2024-03,Hampshire Constabulary,Hampshire Constabulary,-1.094923,50.789154,On or near Hambrook Street,E01017135,Portsmouth 022D,Violence and sexual offences,Unable to prosecute suspect,
4d1133ff99f7d9cc41c22efd259cab30eb00015ba0989e752e3d59c6248b6d16,2024-03,Hampshire Constabulary,Hampshire Constabulary,-1.091053,50.788980,On or near St Edwards Road,E01017135,Portsmouth 022D,Violence and sexual offences,Action to be taken by another organisation,
e3b32c5cd79ceb3703af2dab4478e5b124495f292fc1b30e78695d162f394ec0,2024-03,Hampshire Constabulary,Hampshire Constabulary,-1.094923,50.789154,On or near Hambrook Street,E01017135,Portsmouth 022D,Violence and sexual offences,Unable to prosecute suspect,
f231fc024c7f4df3c1565f8ec6bc2e23f6b9fa0e7c6513b8ea2940dc4aba4aeb,2024-03,Hampshire Constabulary,Hampshire Constabulary,-1.053341,50.786342,On or near Saunders Mews,E01017067,Portsmouth 023A,Criminal damage and arson,Investigation complete; no suspect identified,
3b22a10eceac5ee9d194a7271c9d571afb3ae40e482ebd02a5a4f072c29a8bab,2024-03,Hampshire Constabulary,Hampshire Constabulary,-1.053341,50.786342,On or near Saunders Mews,E01017067,Portsmouth 023A,Criminal damage and arson,Investigation complete; no suspect identified,
9c3bfd7b3d3016b8371f74a002d152abebd55edb9ebb2612dce99d65b571a582,2024-03,Hampshire Constabulary,Hampshire Constabulary,-1.051461,50.787397,On or near Dunn Close,E01017067,Portsmouth 023A,Violence and sexual offences,Unable to prosecute suspect,
d8278466c2a18de1955f84e9b9ba95e6912546fdf5d123fdd83e34cb542ebe7f,2024-03,Hampshire Constabulary,Hampshire Constabulary,-1.051868,50.788318,On or near Cadnam Road,E01017067,Portsmouth 023A,Violence and sexual offences,Unable to prosecute suspect,
2740d9281bc4220d75ce4b72aee3a962ef118e477bd550d1dc9bc47988b86cdf,2024-03,Hampshire Constabulary,Hampshire Constabulary,-1.053910,50.787642,On or near Fordingbridge Road,E01017067,Portsmouth 023A,Violence and sexual offences,Awaiting court outcome,
59a15f7ee3bf149e92e2fcf0e11bb2054e86339570b0e3aa67fc6f20efeeb4bb,2024-03,Hampshire Constabulary,Hampshire Constabulary,-1.053341,50.786342,On or near Saunders Mews,E01017067,Portsmouth 023A,Violence and sexual offences,Unable to prosecute suspect,
ca4bdbfa1c067417e19dc06a3b738a12b1ae6d17466eed78f494ce5099e450f8,2024-03,Hampshire Constabulary,Hampshire Constabulary,-1.051461,50.787397,On or near Dunn Close,E01017067,Portsmouth 023A,Violence and sexual offences,Action to be taken by another organisation,
,2024-03,Hampshire Constabulary,Hampshire Constabulary,-1.049699,50.788930,On or near Eastney Farm Road,E01017067,Portsmouth 023A,Anti-social behaviour,,
28747341bb002b5b25ccbc94b9d1a76e52703cacfb23241cb4f5cf8cb7efbcb9,2024-03,Hampshire Constabulary,Hampshire Constabulary,-1.048295,50.785411,On or near Esplanade Gardens,E01017067,Portsmouth 023A,Other theft,Unable to prosecute suspect,
b04ada7ab30765eb4f3f8f124a261165fd1feb0fee3ac095bcaf4120eb4936da,2024-03,Hampshire Constabulary,Hampshire Constabulary,-1.048295,50.785411,On or near Esplanade Gardens,E01017067,Portsmouth 023A,Public order,Investigation complete; no suspect identified,
0d9de58823592e898d2c5069e914e1575b69ce8ecf996521a8b9bb1eb030a055,2024-03,Hampshire Constabulary,Hampshire Constabulary,-1.048295,50.785411,On or near Esplanade Gardens,E01017067,Portsmouth 023A,Violence and sexual offences,Unable to prosecute suspect,
4a1c93cde6deb4ee5fe392ef901befecc0acd6533046a0d1ae3ca99a1cc94769,2024-03,Hampshire Constabulary,Hampshire Constabulary,-1.060175,50.782261,On or near Esplanade,E01017068,Portsmouth 023B,Violence and sexual offences,Unable to prosecute suspect,
3a7c380a580e982cb43ff1eee2fdb651ed5a8f32e9c16f8dd24a448eb2dc384d,2024-03,Hampshire Constabulary,Hampshire Constabulary,-1.060175,50.782261,On or near Esplanade,E01017068,Portsmouth 023B,Violence and sexual offences,Unable to prosecute suspect,
40964558d13d65a8ca625ef74104c0559b677d0d0e68cb42d9a98eeb98f92abb,2024-03,Hampshire Constabulary,Hampshire Constabulary,-1.057298,50.784261,On or near Clocktower Drive,E01017068,Portsmouth 023B,Criminal damage and arson,Investigation complete; no suspect identified,
32af28406162c60ab5155431e6f6a2392b417eff34af1e748e23b90209d9bb88,2024-03,Hampshire Constabulary,Hampshire Constabulary,-1.060819,50.785513,On or near Morley Road,E01017068,Portsmouth 023B,Violence and sexual offences,Unable to prosecute suspect,
e95b9bac27398ada21e6bbf0f768076469bf32993acdc2f308c65c8260174ccd,2024-03,Hampshire Constabulary,Hampshire Constabulary,-1.061660,50.784593,On or near Lindley Avenue,E01017069,Portsmouth 023C,Violence and sexual offences,Local resolution,
241b0d547e6e3597f1b31bdd17c7fd51a8dc11a4226d2094cb8051fa7be9f994,2024-03,Hampshire Constabulary,Hampshire Constabulary,-1.061660,50.784593,On or near Lindley Avenue,E01017069,Portsmouth 023C,Violence and sexual offences,Unable to prosecute suspect,
709175b3a7e653e95b4ed4206d3cb201ee4e81b2b727a0c0c8ae6a73c4de5861,2024-03,Hampshire Constabulary,Hampshire Constabulary,-1.061790,50.786599,On or near Parking Area,E01017069,Portsmouth 023C,Violence and sexual offences,Unable to prosecute suspect,
,2024-03,Hampshire Constabulary,Hampshire Constabulary,-1.061660,50.784593,On or near Lindley Avenue,E01017069,Portsmouth 023C,Anti-social behaviour,,
69e20da370c167b0ead8bb0f7e55a1fdc61451b3ab5cd2ba496cceb1a4c9d005,2024-03,Hampshire Constabulary,Hampshire Constabulary,-1.063397,50.785722,On or near Kimberley Road,E01017069,Portsmouth 023C,Vehicle crime,Investigation complete; no suspect identified,
e99b5ba5196b86e51e255d072232160d69c6b6cb8720a499969707cd0795b3df,2024-03,Hampshire Constabulary,Hampshire Constabulary,-1.063397,50.785722,On or near Kimberley Road,E01017069,Portsmouth 023C,Violence and sexual offences,Unable to prosecute suspect,
4ce395b9ed921e1d5e570956f8068ffb8e0289293967f5055b2dfd915b87b847,2024-03,Hampshire Constabulary,Hampshire Constabulary,-1.062041,50.786143,On or near Ward Road,E01017069,Portsmouth 023C,Violence and sexual offences,Status update unavailable,
6a510f0f6e9464925cf4668a3ee6ebe41ed937e910550f86088e897a01fc2ee0,2024-03,Hampshire Constabulary,Hampshire Constabulary,-1.061660,50.784593,On or near Lindley Avenue,E01017069,Portsmouth 023C,Other crime,Status update unavailable,
72c520ca184ba3f14d3544eaa5ce820e256dc3c56f16cf6e9331ee187e31c644,2024-03,Hampshire Constabulary,Hampshire Constabulary,-1.070794,50.785386,On or near The Lane,E01017070,Portsmouth 023D,Drugs,Formal action is not in the public interest,
f3af0e90c9c23f4d8aa4ef4675eaa2a7a107d660cdcf124bffb4e8881dea2690,2024-03,Hampshire Constabulary,Hampshire Constabulary,-1.072443,50.780902,On or near Park/Open Space,E01017070,Portsmouth 023D,Drugs,Local resolution,
5dae03c9b6a66b663af3a1bfd6729070561626c51dc5d8b144af09a31d6ce73b,2024-03,Hampshire Constabulary,Hampshire Constabulary,-1.072443,50.780902,On or near Park/Open Space,E01017070,Portsmouth 023D,Drugs,Local resolution,
ca929078b66502fb33c42c2ae1426cbca272af6fd8ca15596398b224963fdc7a,2024-03,Hampshire Constabulary,Hampshire Constabulary,-1.069435,50.782389,On or near Helena Road,E01017070,Portsmouth 023D,Drugs,Awaiting court outcome,
01e4b56d3ee40bd635821d2515d8de0921354676ee288b9c85d768bb6919bfe6,2024-03,Hampshire Constabulary,Hampshire Constabulary,-1.069730,50.780395,On or near Parking Area,E01017070,Portsmouth 023D,Public order,Unable to prosecute suspect,
7036aa6069ef77cc4a13dcc37bad86a0b485d16185179b0ccdb8ba812b158a49,2024-03,Hampshire Constabulary,Hampshire Constabulary,-1.070794,50.785386,On or near The Lane,E01017070,Portsmouth 023D,Public order,Unable to prosecute suspect,
e185006bd90e064421d32a700b9a1ebdee195487b4572a7c7961e3aec5eb35a8,2024-03,Hampshire Constabulary,Hampshire Constabulary,-1.070794,50.785386,On or near The Lane,E01017070,Portsmouth 023D,Violence and sexual offences,Unable to prosecute suspect,
18cbe661c48c4942c7480eaf9aeccb95f91027fe02ede2df5798f22362d537db,2024-03,Hampshire Constabulary,Hampshire Constabulary,-1.068512,50.785286,On or near Andover Road,E01017070,Portsmouth 023D,Violence and sexual offences,Unable to prosecute suspect,
b1c5dfc56f93ed2535e5b7a5bdbf871e4cc1beda61f44a3ac08ecee733362057,2024-03,Hampshire Constabulary,Hampshire Constabulary,-1.070794,50.785386,On or near The Lane,E01017070,Portsmouth 023D,Violence and sexual offences,Investigation complete; no suspect identified,
3de51640e60687a480c7aba527468f1b98d6d2e0d6944b3da39b7b4486e047ba,2024-03,Hampshire Constabulary,Hampshire Constabulary,-1.072443,50.780902,On or near Park/Open Space,E01017070,Portsmouth 023D,Criminal damage and arson,Investigation complete; no suspect identified,
b03a12d0c378028b9c1051bda040127a7272932c0823866549dbb25425a13280,2024-03,Hampshire Constabulary,Hampshire Constabulary,-1.069730,50.780395,On or near Parking Area,E01017070,Portsmouth 023D,Drugs,Status update unavailable,
680f16719e7542b14131fc0a3c4f2b2c96d8cc8c2f74afa964f6977524f2527e,2024-03,Hampshire Constabulary,Hampshire Constabulary,-1.069435,50.782389,On or near Helena Road,E01017070,Portsmouth 023D,Violence and sexual offences,Investigation complete; no suspect identified,
b3e80b48decde6fa17e11927f47eac7bfcf869ece6c6fda6e4ad87ffb7e481b8,2024-03,Hampshire Constabulary,Hampshire Constabulary,-1.065145,50.784135,On or near Festing Grove,E01017070,Portsmouth 023D,Violence and sexual offences,Unable to prosecute suspect,
ac91e15cccf29df7adeba912235e41cd0c93c0988a331f5360bb8a942937b746,2024-03,Hampshire Constabulary,Hampshire Constabulary,-1.042822,50.787354,On or near Centurion Gate,E01017074,Portsmouth 023E,Burglary,Unable to prosecute suspect,
907004a4677965503c1459ef8cdd42927582658d54c9b62956df2d532910768c,2024-03,Hampshire Constabulary,Hampshire Constabulary,-1.037415,50.790250,On or near Horse Sands Close,E01017074,Portsmouth 023E,Violence and sexual offences,Unable to prosecute suspect,
b1a74601771f4adb61d0854d1edaa3ecd414c0bdfca4117f708092686b4a6abc,2024-03,Hampshire Constabulary,Hampshire Constabulary,-1.037415,50.790250,On or near Horse Sands Close,E01017074,Portsmouth 023E,Violence and sexual offences,Unable to prosecute suspect,
8108e8fd3081714d317472a8f82ce3277e4d3cbfacb73e7b0223b5aa25cd14f1,2024-03,Hampshire Constabulary,Hampshire Constabulary,-1.042822,50.787354,On or near Centurion Gate,E01017074,Portsmouth 023E,Violence and sexual offences,Unable to prosecute suspect,
153a12ceabea9649a1e233a348f949f21b7054d8c2fe3ad62ea45f09e0c650d8,2024-03,Hampshire Constabulary,Hampshire Constabulary,-1.042822,50.787354,On or near Centurion Gate,E01017074,Portsmouth 023E,Burglary,Investigation complete; no suspect identified,
4c053c3d819b61ec677e55efa7ab651fddef442db292c3f221f22d91d0d21ed0,2024-03,Hampshire Constabulary,Hampshire Constabulary,-1.039270,50.789006,On or near Lumsden Road,E01017074,Portsmouth 023E,Violence and sexual offences,Unable to prosecute suspect,
550cce497ec7219e3cfe98706d35240e2a473af2fb165b4cb388447299b15bfc,2024-03,Hampshire Constabulary,Hampshire Constabulary,-1.041316,50.788888,On or near Finch Road,E01017074,Portsmouth 023E,Violence and sexual offences,Status update unavailable,
088917ca3d188bff7922accc300a81da42b6b39cf19c0f0641ab1dc3c14436b2,2024-03,Hampshire Constabulary,Hampshire Constabulary,-1.038434,50.790348,On or near Ferry Road,E01017074,Portsmouth 023E,Other crime,Unable to prosecute suspect,
ab33caeed4ae25605046cc63c2255baf819cf08a6ae8ed30386e616a3cacdea5,2024-03,Hampshire Constabulary,Hampshire Constabulary,-1.076912,50.780173,On or near Alhambra Road,E01017073,Portsmouth 024A,Criminal damage and arson,Unable to prosecute suspect,
95e1f3fc607584c0d1be823d910ff72b507102274616111d415b97ec5c3c452d,2024-03,Hampshire Constabulary,Hampshire Constabulary,-1.073669,50.780624,On or near St Helens Parade,E01017073,Portsmouth 024A,Drugs,Local resolution,
96400f1e5510b80355c9b251cc7b094b18276fab4c263600b67f7853d4356c9c,2024-03,Hampshire Constabulary,Hampshire Constabulary,-1.077126,50.780822,On or near Granada Road,E01017073,Portsmouth 024A,Public order,Unable to prosecute suspect,
e780acbc57efa5f4704addcf1dd722330823682bd9b9f127154df129498ae966,2024-03,Hampshire Constabulary,Hampshire Constabulary,-1.079738,50.781428,On or near Nightclub,E01017073,Portsmouth 024A,Public order,Unable to prosecute suspect,
5d4194736402ecff7bb79c4c745b9b154cbe22a39bbdbe10e6e7045afd1bd7ad,2024-03,Hampshire Constabulary,Hampshire Constabulary,-1.077049,50.779466,On or near Supermarket,E01017073,Portsmouth 024A,Violence and sexual offences,Unable to prosecute suspect,
85c4921fb066d8bb09c0cbff8beb5df71510bfe73589cdc5765e0b870e6b4ec3,2024-03,Hampshire Constabulary,Hampshire Constabulary,-1.079738,50.781428,On or near Nightclub,E01017073,Portsmouth 024A,Violence and sexual offences,Unable to prosecute suspect,
e873d50d05a438974bfc7cb318f1cae4d0fc1e58c279f6e928e89bd2e5f2fed9,2024-03,Hampshire Constabulary,Hampshire Constabulary,-1.077126,50.780822,On or near Granada Road,E01017073,Portsmouth 024A,Violence and sexual offences,Unable to prosecute suspect,
5dab24c9cf974fac86e2a325afaf5a8210aeebb3891fc4407befcfc0eeb4e879,2024-03,Hampshire Constabulary,Hampshire Constabulary,-1.079156,50.781459,On or near Chewter Close,E01017073,Portsmouth 024A,Violence and sexual offences,Unable to prosecute suspect,
758313595bb6898a2c5712a42e52a9eb117a5bea4b790aa60f9bcb1547af4f71,2024-03,Hampshire Constabulary,Hampshire Constabulary,-1.076331,50.780133,On or near Mansion Road,E01017073,Portsmouth 024A,Violence and sexual offences,Unable to prosecute suspect,
defd5b26d661c053377e446fb893cc06b4a2850b4d0c5474dafff7fd61672ebd,2024-03,Hampshire Constabulary,Hampshire Constabulary,-1.076912,50.780173,On or near Alhambra Road,E01017073,Portsmouth 024A,Violence and sexual offences,Unable to prosecute suspect,
827bfaa408f26f96685f62128635509ef9ac24b9079fe00d33f4ed8f4cad69cd,2024-03,Hampshire Constabulary,Hampshire Constabulary,-1.076912,50.780173,On or near Alhambra Road,E01017073,Portsmouth 024A,Violence and sexual offences,Unable to prosecute suspect,
6d54144fae644b999d438b83ba910a52f9c6ef589ac602edc1998e710c7f046e,2024-03,Hampshire Constabulary,Hampshire Constabulary,-1.079156,50.781459,On or near Chewter Close,E01017073,Portsmouth 024A,Other crime,Unable to prosecute suspect,
,2024-03,Hampshire Constabulary,Hampshire Constabulary,-1.077126,50.780822,On or near Granada Road,E01017073,Portsmouth 024A,Anti-social behaviour,,
060748bcafc6a42f5ddf5969a2c349654a8a9a2974caf7cbe75164f2aac7486a,2024-03,Hampshire Constabulary,Hampshire Constabulary,-1.077049,50.779466,On or near Supermarket,E01017073,Portsmouth 024A,Criminal damage and arson,Investigation complete; no suspect identified,
7a786c8f05ed4be86c438ea0b2974c66c5eea8aa618d536b6068507f4ec51061,2024-03,Hampshire Constabulary,Hampshire Constabulary,-1.076912,50.780173,On or near Alhambra Road,E01017073,Portsmouth 024A,Criminal damage and arson,Investigation complete; no suspect identified,
cfda18e77326e67201933bd89cfae120b4daa488bccd17423a3d9a6a953f8dea,2024-03,Hampshire Constabulary,Hampshire Constabulary,-1.077049,50.779466,On or near Supermarket,E01017073,Portsmouth 024A,Other theft,Investigation complete; no suspect identified,
0daf75019a65ab4f3cd0fe6d0d8e8c1ead56cbed7346ea2a54e5550eff6b0b92,2024-03,Hampshire Constabulary,Hampshire Constabulary,-1.077049,50.779466,On or near Supermarket,E01017073,Portsmouth 024A,Violence and sexual offences,Investigation complete; no suspect identified,
e99dd6f80209c46cd1367eb2a81daa31307d24f39fb83c64a537e48d9cdb0adc,2024-03,Hampshire Constabulary,Hampshire Constabulary,-1.079156,50.781459,On or near Chewter Close,E01017073,Portsmouth 024A,Violence and sexual offences,Unable to prosecute suspect,
fd2606be4261385c24b6540638edcf2d2c61d76d47cb574e3cf1b0af3d55378f,2024-03,Hampshire Constabulary,Hampshire Constabulary,-1.077126,50.780822,On or near Granada Road,E01017073,Portsmouth 024A,Other crime,Further action is not in the public interest,
cfb8963d37c7372de40260680e19f8edeb139ffcad738ce788b0f5da9b0b2477,2024-03,Hampshire Constabulary,Hampshire Constabulary,-1.099951,50.785155,On or near Ferry Terminal,E01017123,Portsmouth 024B,Criminal damage and arson,Local resolution,
b23e73da4ead7bd08ff5a67a92a8993970ba94e8d01de5242c3c94753399af6f,2024-03,Hampshire Constabulary,Hampshire Constabulary,-1.096572,50.786748,On or near Duisburg Way,E01017123,Portsmouth 024B,Drugs,Local resolution,
638579a63cf527902bd8573fb4560928c67c231919671f2e8d06d616f1192976,2024-03,Hampshire Constabulary,Hampshire Constabulary,-1.086232,50.779365,On or near Parking Area,E01017123,Portsmouth 024B,Public order,Investigation complete; no suspect identified,
cca330d3955e508d6007088fed4c09aa25ea02bc0be75020ccb85c3850f11044,2024-03,Hampshire Constabulary,Hampshire Constabulary,-1.098766,50.785524,On or near Parking Area,E01017123,Portsmouth 024B,Vehicle crime,Unable to prosecute suspect,
4146c2165e47070b1c8be6afbf96abce2c2317bd480125036ff6504f31663843,2024-03,Hampshire Constabulary,Hampshire Constabulary,-1.098766,50.785524,On or near Parking Area,E01017123,Portsmouth 024B,Vehicle crime,Unable to prosecute suspect,
204dfddee1278a71761d963c1d0dedb431b06ac5dd8ca31dd30672dc4621fe97,2024-03,Hampshire Constabulary,Hampshire Constabulary,-1.098766,50.785524,On or near Parking Area,E01017123,Portsmouth 024B,Vehicle crime,Unable to prosecute suspect,
be270d8fd235e3b71d8f2a9e476a2113343f467216ebf8022fb4c9d71094c336,2024-03,Hampshire Constabulary,Hampshire Constabulary,-1.099951,50.785155,On or near Ferry Terminal,E01017123,Portsmouth 024B,Vehicle crime,Unable to prosecute suspect,
46a46cea30ac1bf4ce5d99f8858b6d25a488736cedb814381afdd5f366d7f896,2024-03,Hampshire Constabulary,Hampshire Constabulary,-1.089798,50.784222,On or near Parking Area,E01017123,Portsmouth 024B,Violence and sexual offences,Local resolution,
8a37d92a9987e0bcd6994cedb02791769bb446dbe5f79d1d75336b14daee1e5a,2024-03,Hampshire Constabulary,Hampshire Constabulary,-1.089353,50.782987,On or near Clarence Parade,E01017123,Portsmouth 024B,Violence and sexual offences,Unable to prosecute suspect,
0b2df8548c5de8ce68b82629c8c87781e75b5ec7c147cd5d684943c4d9b0673a,2024-03,Hampshire Constabulary,Hampshire Constabulary,-1.089353,50.782987,On or near Clarence Parade,E01017123,Portsmouth 024B,Violence and sexual offences,Unable to prosecute suspect,
2115d650d4cdffc13c491d6d2de4d27db659ce350de8a86aeb1cc2351eb6fefe,2024-03,Hampshire Constabulary,Hampshire Constabulary,-1.089353,50.782987,On or near Clarence Parade,E01017123,Portsmouth 024B,Violence and sexual offences,Unable to prosecute suspect,
3000fb65801c282da534817da9c7d902dd20989267408411c341fcfbdd5ab67c,2024-03,Hampshire Constabulary,Hampshire Constabulary,-1.089353,50.782987,On or near Clarence Parade,E01017123,Portsmouth 024B,Violence and sexual offences,Investigation complete; no suspect identified,
99e6ce35229683b29cb8eabc0b198cbf79b205b67c2d4ddce6581e8d5ef91fcc,2024-03,Hampshire Constabulary,Hampshire Constabulary,-1.094623,50.787057,On or near Western Parade,E01017123,Portsmouth 024B,Violence and sexual offences,Investigation complete; no suspect identified,
18070e876a9e6338ef683b018d3dac203aa515ce0bbfd18ac388cc749e3125ac,2024-03,Hampshire Constabulary,Hampshire Constabulary,-1.092024,50.784968,On or near Clifton Road,E01017123,Portsmouth 024B,Violence and sexual offences,Unable to prosecute suspect,
4f9db5fc76cc8f71bf1259a00d1a0a78cefcaa19b42b1b1c627e0a179db6bd69,2024-03,Hampshire Constabulary,Hampshire Constabulary,-1.086232,50.779365,On or near Parking Area,E01017123,Portsmouth 024B,Violence and sexual offences,Investigation complete; no suspect identified,
821df5fc2320a21b696740ce28785aa22d89b2adc7e4020248818d14c3920c82,2024-03,Hampshire Constabulary,Hampshire Constabulary,-1.088725,50.780266,On or near Avenue De Caen,E01017123,Portsmouth 024B,Violence and sexual offences,Unable to prosecute suspect,
,2024-03,Hampshire Constabulary,Hampshire Constabulary,-1.090904,50.779825,On or near Parking Area,E01017123,Portsmouth 024B,Anti-social behaviour,,
,2024-03,Hampshire Constabulary,Hampshire Constabulary,-1.090904,50.779825,On or near Parking Area,E01017123,Portsmouth 024B,Anti-social behaviour,,
,2024-03,Hampshire Constabulary,Hampshire Constabulary,-1.086454,50.782533,On or near Auckland Road East,E01017123,Portsmouth 024B,Anti-social behaviour,,
,2024-03,Hampshire Constabulary,Hampshire Constabulary,-1.090887,50.784384,On or near Netley Terrace,E01017123,Portsmouth 024B,Anti-social behaviour,,
,2024-03,Hampshire Constabulary,Hampshire Constabulary,-1.090904,50.779825,On or near Parking Area,E01017123,Portsmouth 024B,Anti-social behaviour,,
82c154798076deab838c87b2ac4b143f736b5e6a896631fe1e161d71d800f82b,2024-03,Hampshire Constabulary,Hampshire Constabulary,-1.086232,50.779365,On or near Parking Area,E01017123,Portsmouth 024B,Bicycle theft,Investigation complete; no suspect identified,
ca7cbf506e7375b6b5aa315c4bf8564c3c23fa0e47a339f942b4361a64665fa5,2024-03,Hampshire Constabulary,Hampshire Constabulary,-1.098766,50.785524,On or near Parking Area,E01017123,Portsmouth 024B,Criminal damage and arson,Investigation complete; no suspect identified,
4211a906db93c13aba757e83b2b56735485ac89a890c93fa2115a0002c6ea672,2024-03,Hampshire Constabulary,Hampshire Constabulary,-1.098766,50.785524,On or near Parking Area,E01017123,Portsmouth 024B,Criminal damage and arson,Investigation complete; no suspect identified,
68d334c755ab0a6d5d60dc00f73af1ff892567af26ef426b750bbc0bdb505ecc,2024-03,Hampshire Constabulary,Hampshire Constabulary,-1.089353,50.782987,On or near Clarence Parade,E01017123,Portsmouth 024B,Criminal damage and arson,Investigation complete; no suspect identified,
c1f435edbde4db2ce1ee650e5ce1e4fd5ead2b55371d4ae7c7a3747242b2afce,2024-03,Hampshire Constabulary,Hampshire Constabulary,-1.086232,50.779365,On or near Parking Area,E01017123,Portsmouth 024B,Criminal damage and arson,Investigation complete; no suspect identified,
e67b7da5b7e02e7ab341062604d6c3ad2a5fb243d03c03f36c6526f2114dc5a0,2024-03,Hampshire Constabulary,Hampshire Constabulary,-1.089353,50.782987,On or near Clarence Parade,E01017123,Portsmouth 024B,Criminal damage and arson,Investigation complete; no suspect identified,
2f89aec5841aa2c9f6a8d8c456627ea2ad9eb498ec1e41ac21a849e9e61b7063,2024-03,Hampshire Constabulary,Hampshire Constabulary,-1.085093,50.782486,On or near Lennox Road South,E01017123,Portsmouth 024B,Criminal damage and arson,Investigation complete; no suspect identified,
309fcdde4b1af8a99b8917fcd2ac8575172f6ce65ebfef719d861498031ecf84,2024-03,Hampshire Constabulary,Hampshire Constabulary,-1.094281,50.784905,On or near Parking Area,E01017123,Portsmouth 024B,Other theft,Investigation complete; no suspect identified,
bc7db773efdc3455a7982f32e2c488f459684a63d6e69c57a0a52ec0cee6eaed,2024-03,Hampshire Constabulary,Hampshire Constabulary,-1.089353,50.782987,On or near Clarence Parade,E01017123,Portsmouth 024B,Possession of weapons,Investigation complete; no suspect identified,
f0038cea91880b5c3f453c3f3ad5a99ab92b25a9a8bb61eb2616d3ec5920cefb,2024-03,Hampshire Constabulary,Hampshire Constabulary,-1.097286,50.784714,On or near Park/Open Space,E01017123,Portsmouth 024B,Theft from the person,Investigation complete; no suspect identified,
fdb7625923cc0f00327b3640ea34a5db55cad0049371f5f2e644eb8895e9aa0c,2024-03,Hampshire Constabulary,Hampshire Constabulary,-1.098766,50.785524,On or near Parking Area,E01017123,Portsmouth 024B,Vehicle crime,Investigation complete; no suspect identified,
f85f8cdf635f680f381ccc31a9bfe954d5381d2e585ec64f28307d0037d336e6,2024-03,Hampshire Constabulary,Hampshire Constabulary,-1.098766,50.785524,On or near Parking Area,E01017123,Portsmouth 024B,Vehicle crime,Investigation complete; no suspect identified,
07ecd6054ae344a635ccd3b46c86d2433790adabe9cf609a984bc713a6b57912,2024-03,Hampshire Constabulary,Hampshire Constabulary,-1.094623,50.787057,On or near Western Parade,E01017123,Portsmouth 024B,Violence and sexual offences,Unable to prosecute suspect,
b2b54274cb35e8fca5636d715e21b734a2f69d3587eb825de79680926ef66103,2024-03,Hampshire Constabulary,Hampshire Constabulary,-1.097286,50.784714,On or near Park/Open Space,E01017123,Portsmouth 024B,Violence and sexual offences,Unable to prosecute suspect,
44dad9c9b55575299aa2fd312f8b8a6ec2933e023017b66aaf549439c6ede477,2024-03,Hampshire Constabulary,Hampshire Constabulary,-1.091540,50.785099,On or near Osborne Road,E01017123,Portsmouth 024B,Violence and sexual offences,Unable to prosecute suspect,
86c2e1db22f260383ba79e77d709bb66a5af48b5adb711fd8cf01456b8cfd835,2024-03,Hampshire Constabulary,Hampshire Constabulary,-1.088725,50.780266,On or near Avenue De Caen,E01017123,Portsmouth 024B,Violence and sexual offences,Investigation complete; no suspect identified,
00f4bc4d307456e250d3a7f1ec295ce14a704b492e576135be047c9429befc82,2024-03,Hampshire Constabulary,Hampshire Constabulary,-1.095841,50.795214,On or near St Michael'S Road,E01017131,Portsmouth 024C,Criminal damage and arson,Unable to prosecute suspect,
ba231192a3bed5ffc31dea9c51790c75d5c1accf0b127a48df2508a90e3820f6,2024-03,Hampshire Constabulary,Hampshire Constabulary,-1.094065,50.793149,On or near Colpoy Street,E01017131,Portsmouth 024C,Criminal damage and arson,Unable to prosecute suspect,
f1b4bed26e649d2d38575139f2245beb65bc1a342dffe3622b84fbf614580726,2024-03,Hampshire Constabulary,Hampshire Constabulary,-1.094065,50.793149,On or near Colpoy Street,E01017131,Portsmouth 024C,Criminal damage and arson,Unable to prosecute suspect,
a2233985e887897aa840c2694c47e5a8719801db894a60f026abfd7b7bccdc7a,2024-03,Hampshire Constabulary,Hampshire Constabulary,-1.100651,50.785963,On or near Sports/Recreation Area,E01017131,Portsmouth 024C,Drugs,Court result unavailable,
94d971482c9da06e54d67ee945e6afd8d0dc3412cc16d1c58c1b889c767b974e,2024-03,Hampshire Constabulary,Hampshire Constabulary,-1.095746,50.789125,On or near Dartmouth Mews,E01017131,Portsmouth 024C,Other theft,Investigation complete; no suspect identified,
55d5008124c1b5040711664d856cb8cafcf6370f5e762b32ca3012be9cabea44,2024-03,Hampshire Constabulary,Hampshire Constabulary,-1.094900,50.788857,On or near Cecil Place,E01017131,Portsmouth 024C,Other theft,Investigation complete; no suspect identified,
cfe573fb42d2c88c352e344bbde2d14f11f15284e4429a68a9460be75c7f71fb,2024-03,Hampshire Constabulary,Hampshire Constabulary,-1.095841,50.795214,On or near St Michael'S Road,E01017131,Portsmouth 024C,Public order,Unable to prosecute suspect,
fbfd794ebc2eefd5d41ff7474f8650891e0f94707bd1d32f3fa2c9f3fe6f3e70,2024-03,Hampshire Constabulary,Hampshire Constabulary,-1.100693,50.790836,On or near Halfpenny Lane,E01017131,Portsmouth 024C,Violence and sexual offences,Unable to prosecute suspect,
93d8711630aad0b576891e3e4f8ecdca6eb81fdb93d0d758bd5605afafe7eac5,2024-03,Hampshire Constabulary,Hampshire Constabulary,-1.095841,50.795214,On or near St Michael'S Road,E01017131,Portsmouth 024C,Violence and sexual offences,Unable to prosecute suspect,
ec8db978cc0618e494505af171195bf9005c882b254c7254823a6fddafcd2d4a,2024-03,Hampshire Constabulary,Hampshire Constabulary,-1.100651,50.785963,On or near Sports/Recreation Area,E01017131,Portsmouth 024C,Violence and sexual offences,Unable to prosecute suspect,
b88cd7ab7d534d7410c4d5f26784faeb667d4ee781712e211acb702757697ccd,2024-03,Hampshire Constabulary,Hampshire Constabulary,-1.094065,50.793149,On or near Colpoy Street,E01017131,Portsmouth 024C,Violence and sexual offences,Unable to prosecute suspect,
8a7190b0c76f458d303cba92dcbdac56d009d99e3089427374e8c5e538bbeec2,2024-03,Hampshire Constabulary,Hampshire Constabulary,-1.106213,50.789286,On or near Battery Row,E01017131,Portsmouth 024C,Burglary,Investigation complete; no suspect identified,
b4dd156cbb28f627e4a1730add5a305ff884d35dd332a7b26849289a52b582cc,2024-03,Hampshire Constabulary,Hampshire Constabulary,-1.100651,50.785963,On or near Sports/Recreation Area,E01017131,Portsmouth 024C,Criminal damage and arson,Investigation complete; no suspect identified,
64ac3cb31867317763409f4004aa7406610e2af6262b4b71d622ea8568ce1b3e,2024-03,Hampshire Constabulary,Hampshire Constabulary,-1.095841,50.795214,On or near St Michael'S Road,E01017131,Portsmouth 024C,Other theft,Investigation complete; no suspect identified,
0e77a7d4f4d6471ecba220597df3b09b15870fa0285d2046a8229a060f8ada07,2024-03,Hampshire Constabulary,Hampshire Constabulary,-1.100651,50.785963,On or near Sports/Recreation Area,E01017131,Portsmouth 024C,Public order,Investigation complete; no suspect identified,
02702b967fc82670257edc79dac03a1958e5e285518bf33028c3bb837efddaae,2024-03,Hampshire Constabulary,Hampshire Constabulary,-1.098445,50.787491,On or near Pier Road,E01017131,Portsmouth 024C,Vehicle crime,Investigation complete; no suspect identified,
effab121cc45e0a8556248864a58a599903fe650ee95844a20b1975031cc54a8,2024-03,Hampshire Constabulary,Hampshire Constabulary,-1.097057,50.788802,On or near Bellevue Terrace,E01017131,Portsmouth 024C,Violence and sexual offences,Unable to prosecute suspect,
33eca615a2251190aa9aed471d67456544e8ba0230185c5b1d3f97019e4978ed,2024-03,Hampshire Constabulary,Hampshire Constabulary,-1.095841,50.795214,On or near St Michael'S Road,E01017131,Portsmouth 024C,Violence and sexual offences,Status update unavailable,
6e69420f3bae3e343f47eb0c7da45335f6db31c6729d58ab7854418130fce920,2024-03,Hampshire Constabulary,Hampshire Constabulary,-1.094994,50.792824,On or near St Pauls Road,E01017131,Portsmouth 024C,Violence and sexual offences,Status update unavailable,
21244074e2cbc6ce0ba40e35dc1646d70e599dfa0934e2a1d6edbf07fac1049b,2024-03,Hampshire Constabulary,Hampshire Constabulary,-1.107078,50.795264,On or near Nightclub,E01033380,Portsmouth 024E,Shoplifting,Court result unavailable,
ed2fd783633dc186bdcf60d3e44ac53f5a5ca365b9916102991bc4624c99273d,2024-03,Hampshire Constabulary,Hampshire Constabulary,-1.107078,50.795264,On or near Nightclub,E01033380,Portsmouth 024E,Shoplifting,Investigation complete; no suspect identified,
371145cea94b2c526b936ca2a42cc146e82861b4a4cb118ddb7782737c4c65e1,2024-03,Hampshire Constabulary,Hampshire Constabulary,-1.107078,50.795264,On or near Nightclub,E01033380,Portsmouth 024E,Shoplifting,Court result unavailable,
61ecd660c8550292716f6b974102a59b88b3e5fa41aaeb5efa96cc76051e8c8b,2024-03,Hampshire Constabulary,Hampshire Constabulary,-1.107078,50.795264,On or near Nightclub,E01033380,Portsmouth 024E,Shoplifting,Unable to prosecute suspect,
a274a0ceaf0aa1e6de6154d24a7d358aef19eb26bfdaea90ee874ce3faa28276,2024-03,Hampshire Constabulary,Hampshire Constabulary,-1.107078,50.795264,On or near Nightclub,E01033380,Portsmouth 024E,Shoplifting,Court result unavailable,
20de1eed679a3c916dedc64db4daee172654cc30ed467dfc277920795fac37bd,2024-03,Hampshire Constabulary,Hampshire Constabulary,-1.107078,50.795264,On or near Nightclub,E01033380,Portsmouth 024E,Shoplifting,Offender given a caution,
dfca0b9afd343e4c930147dc79b5b6502017549a0d389dc53a41ad925ebe54d2,2024-03,Hampshire Constabulary,Hampshire Constabulary,-1.107078,50.795264,On or near Nightclub,E01033380,Portsmouth 024E,Shoplifting,Unable to prosecute suspect,
a4c96a8550d6614a7c76eb6a90a8d35a98570903bf7ff9a47642e85b8809c1a3,2024-03,Hampshire Constabulary,Hampshire Constabulary,-1.107078,50.795264,On or near Nightclub,E01033380,Portsmouth 024E,Shoplifting,Local resolution,
d3b8142505e2735ab90114f4b96a887be42b9a0c381992906c16b65441b72b45,2024-03,Hampshire Constabulary,Hampshire Constabulary,-1.107078,50.795264,On or near Nightclub,E01033380,Portsmouth 024E,Shoplifting,Court result unavailable,
8ba0994a09475e757df1a168c30a5b81ecdbe5d33c03375112136124e94af8be,2024-03,Hampshire Constabulary,Hampshire Constabulary,-1.105696,50.794076,On or near Jupiter Court,E01033380,Portsmouth 024E,Shoplifting,Investigation complete; no suspect identified,
18fac736fb7e7122b19cf2284b87333351ce569ebd96b0cca256920144b97841,2024-03,Hampshire Constabulary,Hampshire Constabulary,-1.107078,50.795264,On or near Nightclub,E01033380,Portsmouth 024E,Violence and sexual offences,Investigation complete; no suspect identified,
3bff8e60e4d4f6babd91d89037807bc3b115c6c121baba264184460f4f04a0aa,2024-03,Hampshire Constabulary,Hampshire Constabulary,-1.107078,50.795264,On or near Nightclub,E01033380,Portsmouth 024E,Violence and sexual offences,Local resolution,
f155bf67f96d855b7ec28543d66b847b699803ec29503035a0efc98d99b0a6a8,2024-03,Hampshire Constabulary,Hampshire Constabulary,-1.105696,50.794076,On or near Jupiter Court,E01033380,Portsmouth 024E,Violence and sexual offences,Investigation complete; no suspect identified,
,2024-03,Hampshire Constabulary,Hampshire Constabulary,-1.109118,50.791710,On or near Bathing Lane,E01033380,Portsmouth 024E,Anti-social behaviour,,
10195210fc5a293469b9f7cd2773362f6e64ae0644b86ff32f71d11ec3cb3996,2024-03,Hampshire Constabulary,Hampshire Constabulary,-1.107078,50.795264,On or near Nightclub,E01033380,Portsmouth 024E,Bicycle theft,Investigation complete; no suspect identified,
530b7f5ba9888d447c6dfe7eec3b6653237278975f0365a734b8515eed7dcecc,2024-03,Hampshire Constabulary,Hampshire Constabulary,-1.107078,50.795264,On or near Nightclub,E01033380,Portsmouth 024E,Other theft,Investigation complete; no suspect identified,
1ada0ea54f5b67f12375f7759949ef164874d4052f840df727c01adfd043ff04,2024-03,Hampshire Constabulary,Hampshire Constabulary,-1.105696,50.794076,On or near Jupiter Court,E01033380,Portsmouth 024E,Shoplifting,Investigation complete; no suspect identified,
2754271f091656aed0f0162d3caf4b5b4d9ff51333ffe8ac67ecc99e0f702edc,2024-03,Hampshire Constabulary,Hampshire Constabulary,-1.107078,50.795264,On or near Nightclub,E01033380,Portsmouth 024E,Shoplifting,Unable to prosecute suspect,
34d93112346985776699cb03eaccb497e7e9dbcb88426686f262ce53172670db,2024-03,Hampshire Constabulary,Hampshire Constabulary,-1.107078,50.795264,On or near Nightclub,E01033380,Portsmouth 024E,Shoplifting,Unable to prosecute suspect,
155fdf50ead3e16fdbed637e447e5e36d08aefa3de789b478259b1b6ba2ee17b,2024-03,Hampshire Constabulary,Hampshire Constabulary,-1.107078,50.795264,On or near Nightclub,E01033380,Portsmouth 024E,Shoplifting,Status update unavailable,
199f61c508bda7c656a1fa57f194be77545864f1f609c873f45f60e0aec012f1,2024-03,Hampshire Constabulary,Hampshire Constabulary,-1.106069,50.793107,On or near Ferry Terminal,E01033380,Portsmouth 024E,Shoplifting,Investigation complete; no suspect identified,
a5cde96c60644edb501e55194e3a4854ff4cc807a376a57a45a0b037884219cf,2024-03,Hampshire Constabulary,Hampshire Constabulary,-1.107078,50.795264,On or near Nightclub,E01033380,Portsmouth 024E,Shoplifting,Investigation complete; no suspect identified,
0e135cbb2d7787f67a304b3b9293133ee3db043701616c4fb480bfe8ddbaee6e,2024-03,Hampshire Constabulary,Hampshire Constabulary,-1.107078,50.795264,On or near Nightclub,E01033380,Portsmouth 024E,Shoplifting,Investigation complete; no suspect identified,
256f60dedf80053389e605ab7b834e9c2784d409b4b1a21230766ba5a4ed9e2f,2024-03,Hampshire Constabulary,Hampshire Constabulary,-1.107078,50.795264,On or near Nightclub,E01033380,Portsmouth 024E,Shoplifting,Unable to prosecute suspect,
1ed8dffe872883ed28f997597bd363db22547bb4274c069b7976acce97667251,2024-03,Hampshire Constabulary,Hampshire Constabulary,-1.107078,50.795264,On or near Nightclub,E01033380,Portsmouth 024E,Theft from the person,Investigation complete; no suspect identified,
91086a54bde6e58008ad6c190188a1bc827f04bf19a51571b6c631da9767524f,2024-03,Hampshire Constabulary,Hampshire Constabulary,-1.106069,50.793107,On or near Ferry Terminal,E01033380,Portsmouth 024E,Vehicle crime,Investigation complete; no suspect identified,
cf289b97e926fdbccf50102e06cca66fb248a54e597abf31fb733b0b09868609,2024-03,Hampshire Constabulary,Hampshire Constabulary,-1.101298,50.792567,On or near Nobbs Lane,E01033384,Portsmouth 024F,Shoplifting,Investigation complete; no suspect identified,
8b01795cae1aefa8f1f541cf6b2c48c6e93565d548281c41cf2b61b91a99fbbb,2024-03,Hampshire Constabulary,Hampshire Constabulary,-1.101298,50.792567,On or near Nobbs Lane,E01033384,Portsmouth 024F,Vehicle crime,Court result unavailable,
1863c3d369f8b192fd05415af70856843f904df8fb2b0a5d4da10a87eb58bc17,2024-03,Hampshire Constabulary,Hampshire Constabulary,-1.101298,50.792567,On or near Nobbs Lane,E01033384,Portsmouth 024F,Public order,Investigation complete; no suspect identified,
05143cecf8eb322fe07f0f2e5977f2995482bdfa12a824f79eace9db188435f7,2024-03,Hampshire Constabulary,Hampshire Constabulary,-1.103190,50.793769,On or near Beehive Walk,E01033384,Portsmouth 024F,Violence and sexual offences,Unable to prosecute suspect,
7bf4c7ccd739ac9e14b44633469e86159c9ebca41a31e7d91b9a28e61342cf4b,2024-03,Hampshire Constabulary,Hampshire Constabulary,-1.077636,50.783713,On or near Waverley Road,E01017071,Portsmouth 025A,Criminal damage and arson,Unable to prosecute suspect,
82374a1b03f70baa6259938a28d76fc99f4fc025e678ee0eb1a9d4ce41d45f90,2024-03,Hampshire Constabulary,Hampshire Constabulary,-1.078171,50.783241,On or near B2155,E01017071,Portsmouth 025A,Drugs,Awaiting court outcome,
a0eea13d2ae89c9b9f0cf6fe10514fc65c1666b987bcc84df18998594aeebc2c,2024-03,Hampshire Constabulary,Hampshire Constabulary,-1.077636,50.783713,On or near Waverley Road,E01017071,Portsmouth 025A,Violence and sexual offences,Unable to prosecute suspect,
817ab0e10f0515b252d9ec3f26d064e4f33e2815eba26ceb1fccd40cc8ff4c94,2024-03,Hampshire Constabulary,Hampshire Constabulary,-1.077636,50.783713,On or near Waverley Road,E01017071,Portsmouth 025A,Violence and sexual offences,Unable to prosecute suspect,
ba21760f3379b8205de122b5fcec4843be59d05c5d5103267829a7fe48db50bb,2024-03,Hampshire Constabulary,Hampshire Constabulary,-1.077459,50.784800,On or near Allen'S Road,E01017071,Portsmouth 025A,Violence and sexual offences,Unable to prosecute suspect,
4ec657f623b14fabb40c89cb8cbdfab2c11105e3a3ce85fff6abcd096f511471,2024-03,Hampshire Constabulary,Hampshire Constabulary,-1.078171,50.783241,On or near B2155,E01017071,Portsmouth 025A,Violence and sexual offences,Unable to prosecute suspect,
38d6392b0ccbf4793bbefcb53ddab53a51b0f75879a17c67259b4097f80bfbcd,2024-03,Hampshire Constabulary,Hampshire Constabulary,-1.078171,50.783241,On or near B2155,E01017071,Portsmouth 025A,Violence and sexual offences,Investigation complete; no suspect identified,
6e0dfd81ec909d4eddd0a044305d63aa5492b717d17699ae931639f0d54a6d42,2024-03,Hampshire Constabulary,Hampshire Constabulary,-1.074677,50.786334,On or near Leopold Street,E01017071,Portsmouth 025A,Violence and sexual offences,Unable to prosecute suspect,
345427a8d7384203ed92b717701907f4cd7485c560b291af8aa049aad4960c2e,2024-03,Hampshire Constabulary,Hampshire Constabulary,-1.077459,50.784800,On or near Allen'S Road,E01017071,Portsmouth 025A,Violence and sexual offences,Unable to prosecute suspect,
727bde924a0d8fab38624414ce481708164796114a41868f61be46a12e5775d5,2024-03,Hampshire Constabulary,Hampshire Constabulary,-1.074677,50.786334,On or near Leopold Street,E01017071,Portsmouth 025A,Violence and sexual offences,Unable to prosecute suspect,
,2024-03,Hampshire Constabulary,Hampshire Constabulary,-1.077636,50.783713,On or near Waverley Road,E01017071,Portsmouth 025A,Anti-social behaviour,,
,2024-03,Hampshire Constabulary,Hampshire Constabulary,-1.077636,50.783713,On or near Waverley Road,E01017071,Portsmouth 025A,Anti-social behaviour,,
a73e4b7c68a14deebe822463e15a58f1bfb48daffbc817741aaf7ab5c25a2beb,2024-03,Hampshire Constabulary,Hampshire Constabulary,-1.078171,50.783241,On or near B2155,E01017071,Portsmouth 025A,Bicycle theft,Investigation complete; no suspect identified,
85f3e8361700bca2842f753ec00a57649e168bcf589660ed35c910a7cf24ef6b,2024-03,Hampshire Constabulary,Hampshire Constabulary,-1.077636,50.783713,On or near Waverley Road,E01017071,Portsmouth 025A,Burglary,Investigation complete; no suspect identified,
83c2f335a4cdd26ed60d82917ffa2690fbd1ef3dadd7d5f8790bd00a6f5806db,2024-03,Hampshire Constabulary,Hampshire Constabulary,-1.078171,50.783241,On or near B2155,E01017071,Portsmouth 025A,Burglary,Unable to prosecute suspect,
f37a0e4f8d9770384792487123efc39285fb0cc280085e3b62fe18981da7535e,2024-03,Hampshire Constabulary,Hampshire Constabulary,-1.077636,50.783713,On or near Waverley Road,E01017071,Portsmouth 025A,Burglary,Investigation complete; no suspect identified,
60fdbf20ed99dff9c85f8639a12a840ff57f7bfb28615c4ff737260b58939819,2024-03,Hampshire Constabulary,Hampshire Constabulary,-1.074677,50.786334,On or near Leopold Street,E01017071,Portsmouth 025A,Other theft,Investigation complete; no suspect identified,
f187b39a2b0585facce6d27421be0d2e2b035439d8bb83d07ca349d8fd40ba63,2024-03,Hampshire Constabulary,Hampshire Constabulary,-1.074677,50.786334,On or near Leopold Street,E01017071,Portsmouth 025A,Vehicle crime,Investigation complete; no suspect identified,
1834d815721740424ea537e4a48063388c15afe14e58b5d079366577ba0c4d05,2024-03,Hampshire Constabulary,Hampshire Constabulary,-1.078171,50.783241,On or near B2155,E01017071,Portsmouth 025A,Violence and sexual offences,Status update unavailable,
df6218b4b4dec7d738cb1ad9a6a4cde909148ff2945a4f22cdd62e8a615c4a06,2024-03,Hampshire Constabulary,Hampshire Constabulary,-1.074677,50.786334,On or near Leopold Street,E01017071,Portsmouth 025A,Violence and sexual offences,Investigation complete; no suspect identified,
77d4d7c81cb013cab6f260be96d3b6805618dea4ecaa3d6ce11dac3852a6d85d,2024-03,Hampshire Constabulary,Hampshire Constabulary,-1.077500,50.783442,On or near Waverley Grove,E01017071,Portsmouth 025A,Violence and sexual offences,Unable to prosecute suspect,
a5c3f58869d56784a10aa52f4486b4d7ca73624493cf11399b1b4ce670e21398,2024-03,Hampshire Constabulary,Hampshire Constabulary,-1.077636,50.783713,On or near Waverley Road,E01017071,Portsmouth 025A,Violence and sexual offences,Unable to prosecute suspect,
19642b97e553462fe8fd50c866412adaaf6d0b91a978cb5d723c5c45a31f2942,2024-03,Hampshire Constabulary,Hampshire Constabulary,-1.073908,50.783594,On or near Old Bridge Road,E01017072,Portsmouth 025B,Vehicle crime,Investigation complete; no suspect identified,
4183fc6146345635e6ef0b9d1105837eca77d6d9e8bbf03741309f585220fd60,2024-03,Hampshire Constabulary,Hampshire Constabulary,-1.072675,50.782802,On or near Craneswater Park,E01017072,Portsmouth 025B,Criminal damage and arson,Investigation complete; no suspect identified,
071804627c47ab95428b7da8c6aafdfd1ffcac215247948f9ee33aa3fda57180,2024-03,Hampshire Constabulary,Hampshire Constabulary,-1.081302,50.780505,On or near Beach Road,E01017121,Portsmouth 025C,Criminal damage and arson,Unable to prosecute suspect,
18f323ca30efdf3d9bc935ad25bbf6eb9d11c3c171642b9e803fa48b05e25dd3,2024-03,Hampshire Constabulary,Hampshire Constabulary,-1.079503,50.783998,On or near Wimbledon Park Road,E01017121,Portsmouth 025C,Violence and sexual offences,Investigation complete; no suspect identified,
089329734c35071006327e50798b4eb120e9e5a7c25040926153ad4d8572bb3d,2024-03,Hampshire Constabulary,Hampshire Constabulary,-1.082751,50.781128,On or near Florence Road,E01017121,Portsmouth 025C,Violence and sexual offences,Unable to prosecute suspect,
,2024-03,Hampshire Constabulary,Hampshire Constabulary,-1.080466,50.781928,On or near Kenilworth Road,E01017121,Portsmouth 025C,Anti-social behaviour,,
c3eccb0b346889f2d3c199041be29857b2a56446d8a55df569e7dc14cd565fd4,2024-03,Hampshire Constabulary,Hampshire Constabulary,-1.079503,50.783998,On or near Wimbledon Park Road,E01017121,Portsmouth 025C,Other theft,Investigation complete; no suspect identified,
27af9f3ba47d33812fd3725867b3ebdf2e1f528103bcb25085a507c9e3409798,2024-03,Hampshire Constabulary,Hampshire Constabulary,-1.082751,50.781128,On or near Florence Road,E01017121,Portsmouth 025C,Other theft,Unable to prosecute suspect,
ac707adeae6a0f8dd933186b2380594dd4da3361efd9e90004bf8d09de5d95da,2024-03,Hampshire Constabulary,Hampshire Constabulary,-1.082421,50.782771,On or near Clarendon Road,E01017121,Portsmouth 025C,Other theft,Unable to prosecute suspect,
c3cf519593b383a874c1f98467467f77bb8a9ea62f4ff6d558d1f80e7af28803,2024-03,Hampshire Constabulary,Hampshire Constabulary,-1.080044,50.780315,On or near Furness Road,E01017121,Portsmouth 025C,Other theft,Investigation complete; no suspect identified,
1662433587869d2ccd34b6ca2b8a4f94ea5ef956e536203eddd7b6e6b23c7b0f,2024-03,Hampshire Constabulary,Hampshire Constabulary,-1.082751,50.781128,On or near Florence Road,E01017121,Portsmouth 025C,Public order,Unable to prosecute suspect,
dd2fa6b7fbc702a315e77a0c6d2187d4199bc85168cacf59a63e4f8dfa8e8ba4,2024-03,Hampshire Constabulary,Hampshire Constabulary,-1.080466,50.781928,On or near Kenilworth Road,E01017121,Portsmouth 025C,Violence and sexual offences,Unable to prosecute suspect,
7238d7e00331b4433ae313ea797a04d6350c85a780815d267748bf7563ea46ef,2024-03,Hampshire Constabulary,Hampshire Constabulary,-1.079503,50.783998,On or near Wimbledon Park Road,E01017121,Portsmouth 025C,Violence and sexual offences,Investigation complete; no suspect identified,
d76821792433aa4a45678697645efac0c8db7c134d93684da3533e17c87690c4,2024-03,Hampshire Constabulary,Hampshire Constabulary,-1.079911,50.787103,On or near Supermarket,E01017126,Portsmouth 025D,Shoplifting,Investigation complete; no suspect identified,
ffe2213542ed59201a66023f2e1a4022cf19dc87b1073c14dedb757997ba4ec8,2024-03,Hampshire Constabulary,Hampshire Constabulary,-1.079911,50.787103,On or near Supermarket,E01017126,Portsmouth 025D,Shoplifting,Unable to prosecute suspect,
6f1077a9f8f4ff27f9483a68a38be1a3d432433b7f2960d6b250169122134fbb,2024-03,Hampshire Constabulary,Hampshire Constabulary,-1.079911,50.787103,On or near Supermarket,E01017126,Portsmouth 025D,Shoplifting,Court result unavailable,
1d1ff924dbb5a996757b196b19c2f34bc210791a2be9b03e4e680049aba359c8,2024-03,Hampshire Constabulary,Hampshire Constabulary,-1.079911,50.787103,On or near Supermarket,E01017126,Portsmouth 025D,Shoplifting,Local resolution,
9cd662fecc93421aed5014ce777af9f0efce2cc0167a7f58ebaf2e8ef5b77b34,2024-03,Hampshire Constabulary,Hampshire Constabulary,-1.079911,50.787103,On or near Supermarket,E01017126,Portsmouth 025D,Shoplifting,Unable to prosecute suspect,
e0ed80f3b6eb7a65fcdeb405bf463c5747cc46243bc4572c1bb6e773f73b8835,2024-03,Hampshire Constabulary,Hampshire Constabulary,-1.081219,50.786942,On or near Theatre/Concert Hall,E01017126,Portsmouth 025D,Violence and sexual offences,Investigation complete; no suspect identified,
3d4485ef9ce5011c1cf9561039ae2cd412a7a285d25c184a094bc2639d6abfeb,2024-03,Hampshire Constabulary,Hampshire Constabulary,-1.081219,50.786942,On or near Theatre/Concert Hall,E01017126,Portsmouth 025D,Violence and sexual offences,Unable to prosecute suspect,
af3ea628625569b587800a982136b50ce60a505ff7c9b573f1b8e22f857bd63a,2024-03,Hampshire Constabulary,Hampshire Constabulary,-1.079911,50.787103,On or near Supermarket,E01017126,Portsmouth 025D,Violence and sexual offences,Offender given a caution,
d98d4ae7b3461ce1d55c5835fec864d454243797df9e195e16c3871617dda7f5,2024-03,Hampshire Constabulary,Hampshire Constabulary,-1.079911,50.787103,On or near Supermarket,E01017126,Portsmouth 025D,Violence and sexual offences,Court result unavailable,
86260993fe78a34649b47b464199d325ec98e015ef79c8af75ed9d2b58dca6c8,2024-03,Hampshire Constabulary,Hampshire Constabulary,-1.079911,50.787103,On or near Supermarket,E01017126,Portsmouth 025D,Violence and sexual offences,Unable to prosecute suspect,
b11696eab1427b03376d86525fa4b59e763c4e307c1cd071dc3630444c38b646,2024-03,Hampshire Constabulary,Hampshire Constabulary,-1.082408,50.784893,On or near Garden Terrace,E01017126,Portsmouth 025D,Violence and sexual offences,Investigation complete; no suspect identified,
91232f71543c6d6ee01e592c82e36337bc186fda990425ed05899e9ed869eed1,2024-03,Hampshire Constabulary,Hampshire Constabulary,-1.079579,50.786651,On or near Theatre Mews,E01017126,Portsmouth 025D,Violence and sexual offences,Unable to prosecute suspect,
e925e619e04c580c400cab37c6648d1bcd25ce5ab90d5139b782a552fd183188,2024-03,Hampshire Constabulary,Hampshire Constabulary,-1.081219,50.786942,On or near Theatre/Concert Hall,E01017126,Portsmouth 025D,Violence and sexual offences,Awaiting court outcome,
,2024-03,Hampshire Constabulary,Hampshire Constabulary,-1.078326,50.784717,On or near Shirley Road,E01017126,Portsmouth 025D,Anti-social behaviour,,
,2024-03,Hampshire Constabulary,Hampshire Constabulary,-1.079579,50.786651,On or near Theatre Mews,E01017126,Portsmouth 025D,Anti-social behaviour,,
970ce95899ae723d488e3d77404cc08acf67aefdb62bf2020d6b763f654f9f23,2024-03,Hampshire Constabulary,Hampshire Constabulary,-1.079696,50.785744,On or near Napier Road,E01017126,Portsmouth 025D,Criminal damage and arson,Investigation complete; no suspect identified,
97a164015c70dd7a8d503160a1acee884d4f240c7b310936bc3f01599259f19b,2024-03,Hampshire Constabulary,Hampshire Constabulary,-1.079579,50.786651,On or near Theatre Mews,E01017126,Portsmouth 025D,Criminal damage and arson,Investigation complete; no suspect identified,
acf8d3c986a6efb9e6aaa08d00b70f7adea38a1f765b3b3a58b5bbd694e1d7bf,2024-03,Hampshire Constabulary,Hampshire Constabulary,-1.081219,50.786942,On or near Theatre/Concert Hall,E01017126,Portsmouth 025D,Other theft,Investigation complete; no suspect identified,
3c31cddba94b8c3882d34330b8a6e50179f38f377bdf09b371fb5958ec52e509,2024-03,Hampshire Constabulary,Hampshire Constabulary,-1.078111,50.787008,On or near Wish Place,E01017126,Portsmouth 025D,Public order,Unable to prosecute suspect,
b24cf8545ab310d6b7e61a24b8ade3a3eadf10818a4dcb0021441f0bb04720d1,2024-03,Hampshire Constabulary,Hampshire Constabulary,-1.079579,50.786651,On or near Theatre Mews,E01017126,Portsmouth 025D,Public order,Status update unavailable,
c832e07addb4f271340466ecdbb7bfc7c29ee7d432cb5ef61d1c6db5f6cdf4dd,2024-03,Hampshire Constabulary,Hampshire Constabulary,-1.078111,50.787008,On or near Wish Place,E01017126,Portsmouth 025D,Public order,Investigation complete; no suspect identified,
a0beafabcef45b8a7430c456e9fda508b640a8bad7b9b2013d03e6dabff001fc,2024-03,Hampshire Constabulary,Hampshire Constabulary,-1.079911,50.787103,On or near Supermarket,E01017126,Portsmouth 025D,Shoplifting,Investigation complete; no suspect identified,
e9a65371284405a7754848ed09ed30865fef56fed74872b7e8a2225cb64206be,2024-03,Hampshire Constabulary,Hampshire Constabulary,-1.079911,50.787103,On or near Supermarket,E01017126,Portsmouth 025D,Shoplifting,Investigation complete; no suspect identified,
9780bdd1c306510047aabaef926e9150c0d43db4dd784ba3de4d4cb4648bbda5,2024-03,Hampshire Constabulary,Hampshire Constabulary,-1.079911,50.787103,On or near Supermarket,E01017126,Portsmouth 025D,Shoplifting,Investigation complete; no suspect identified,
01d4ccf3f89a7f1676e50b1dc98549e965b6df5feb6c756aa7daee66b1ab15cf,2024-03,Hampshire Constabulary,Hampshire Constabulary,-1.079911,50.787103,On or near Supermarket,E01017126,Portsmouth 025D,Shoplifting,Investigation complete; no suspect identified,
0138a8e5deddc8fb8e204cdc9d4791fb0f433b7726af9714501cf54d60f436e4,2024-03,Hampshire Constabulary,Hampshire Constabulary,-1.082234,50.785071,On or near St Vincent Road,E01017126,Portsmouth 025D,Vehicle crime,Investigation complete; no suspect identified,
304d14ddaccf23a113cf8e7b85ce9d014fde1509d8ba24bdfa04117879f70f90,2024-03,Hampshire Constabulary,Hampshire Constabulary,-1.078111,50.787008,On or near Wish Place,E01017126,Portsmouth 025D,Violence and sexual offences,Status update unavailable,
6c0e25c39f36adf920ea922e571358603cd42a2f9dbf9b19b24057a254c3f20a,2024-03,Hampshire Constabulary,Hampshire Constabulary,-1.080222,50.786413,On or near Duncan Road,E01017126,Portsmouth 025D,Violence and sexual offences,Investigation complete; no suspect identified,
08c0f6a5fd84858da9e7f150132b6c4efcdca1dccd8010011d65a7507ce571f3,2024-03,Hampshire Constabulary,Hampshire Constabulary,-1.042134,50.834200,On or near Parking Area,E01017059,Portsmouth 026A,Drugs,Local resolution,
2c76fefb3f2bf3a622b82f09c7b7d5c5afd68822c5c138619efbfb061cb0a00b,2024-03,Hampshire Constabulary,Hampshire Constabulary,-1.042210,50.836343,On or near Petrol Station,E01017059,Portsmouth 026A,Other theft,Awaiting court outcome,
9e84aa5108f6bca261d2bd62965d04f8a8dec6ef426d59b273eec2fe2fd3b76b,2024-03,Hampshire Constabulary,Hampshire Constabulary,-1.039835,50.841052,On or near Shopping Area,E01017059,Portsmouth 026A,Shoplifting,Investigation complete; no suspect identified,
8e6e8a6f7e03e13ae59dbedf55e1c2ddb9913fb7dc6031612c395b82a270374a,2024-03,Hampshire Constabulary,Hampshire Constabulary,-1.045743,50.842494,On or near Homefield Road,E01017059,Portsmouth 026A,Violence and sexual offences,Local resolution,
,2024-03,Hampshire Constabulary,Hampshire Constabulary,-1.047089,50.844016,On or near Scholars' Walk,E01017059,Portsmouth 026A,Anti-social behaviour,,
df7de3895ab995cbae3e64f437d139520b7131c65f807ed229ad22e78b11872c,2024-03,Hampshire Constabulary,Hampshire Constabulary,-1.039835,50.841052,On or near Shopping Area,E01017059,Portsmouth 026A,Other theft,Investigation complete; no suspect identified,
b8e11002b0c3660b4bb6e7a23bb0ed91f435107ee647419f43e9e9cd68580a71,2024-03,Hampshire Constabulary,Hampshire Constabulary,-1.042210,50.836343,On or near Petrol Station,E01017059,Portsmouth 026A,Other theft,Investigation complete; no suspect identified,
ee3d6931556a60bb3ea186f9c7deae439c802c20f5ff4d503c6d088c1a13484d,2024-03,Hampshire Constabulary,Hampshire Constabulary,-1.042210,50.836343,On or near Petrol Station,E01017059,Portsmouth 026A,Other theft,Investigation complete; no suspect identified,
fb28863721c0369c10bfc8bda51300c5e35d0945d54c6e55be755757dafcfa2f,2024-03,Hampshire Constabulary,Hampshire Constabulary,-1.042210,50.836343,On or near Petrol Station,E01017059,Portsmouth 026A,Possession of weapons,Court result unavailable,
9e3a56f6d1a917215d10eb011082721f29e90aad221e5884fcce3af2aee3beb5,2024-03,Hampshire Constabulary,Hampshire Constabulary,-1.045674,50.838915,On or near Chalk Way,E01017059,Portsmouth 026A,Public order,Investigation complete; no suspect identified,
f28321694ef6af0e002d8db0aeecc2f1e3fbb63a1822fa0a4f1ce33a483e9505,2024-03,Hampshire Constabulary,Hampshire Constabulary,-1.039835,50.841052,On or near Shopping Area,E01017059,Portsmouth 026A,Theft from the person,Investigation complete; no suspect identified,
ee47a27bf70f213c16bd74c185b55aa183e22e4764cc022db989bcdbcb34ce46,2024-03,Hampshire Constabulary,Hampshire Constabulary,-1.042210,50.836343,On or near Petrol Station,E01017059,Portsmouth 026A,Vehicle crime,Investigation complete; no suspect identified,
ec62fac93a348aedaa9ae461fd14883e69202ec03b255013af354c578bfc73e9,2024-03,Hampshire Constabulary,Hampshire Constabulary,-1.042210,50.836343,On or near Petrol Station,E01017059,Portsmouth 026A,Vehicle crime,Investigation complete; no suspect identified,
f6f7a5569c4b49cd7c14b328a63c0119f564b7d9240327aca57eb04b7dddff46,2024-03,Hampshire Constabulary,Hampshire Constabulary,-1.035617,50.841764,On or near Marshlands Road,E01017059,Portsmouth 026A,Vehicle crime,Investigation complete; no suspect identified,
b673711d5927cebd6b403518e457452f90646c50c1e795e53e8eb8c0df4907ad,2024-03,Hampshire Constabulary,Hampshire Constabulary,-1.040630,50.841805,On or near Petrol Station,E01017059,Portsmouth 026A,Violence and sexual offences,Unable to prosecute suspect,
5beee47d5a761258598afecc5b5718e10899c7e08fa89052b05497d9410e670f,2024-03,Hampshire Constabulary,Hampshire Constabulary,-1.042210,50.836343,On or near Petrol Station,E01017059,Portsmouth 026A,Violence and sexual offences,Status update unavailable,
8809bdc0e53527275dc026b06c0651370a1207d885f3a33f57f077fe9ef7f0de,2024-03,Hampshire Constabulary,Hampshire Constabulary,-1.038696,50.851591,On or near Burnham Road,E01017062,Portsmouth 026B,Public order,Investigation complete; no suspect identified,
6b7b1807f27a8a203c15b1684c54b00ebf56eb7d2231b711fabc9a36e13ddbd8,2024-03,Hampshire Constabulary,Hampshire Constabulary,-1.023489,50.851231,On or near Beverley Grove,E01017062,Portsmouth 026B,Violence and sexual offences,Unable to prosecute suspect,
44d13d7297f77dee33b6a0b5c0b0f512de610b01dea0235c4086dfbd3a9457bb,2024-03,Hampshire Constabulary,Hampshire Constabulary,-1.034389,50.844128,On or near Fitzherbert Spur,E01017066,Portsmouth 026C,Public order,Investigation complete; no suspect identified,
e4a7185ca0bf9154e1e63925583cb62baa1a468d54068ea254a22e6b4d7f744f,2024-03,Hampshire Constabulary,Hampshire Constabulary,-1.036634,50.844767,On or near Waterworks Road,E01017066,Portsmouth 026C,Violence and sexual offences,Local resolution,
dd9386e4c5e83deeda4d1ba084e0415e67364be9018a5352b9fe15dcf4cc80cb,2024-03,Hampshire Constabulary,Hampshire Constabulary,-1.031919,50.844764,On or near Hardy Road,E01017066,Portsmouth 026C,Vehicle crime,Status update unavailable,
da7e23976b54b714e1b6b6c1ac0d7fa49e37bcebc775034aa475db8e123eaa99,2024-03,Hampshire Constabulary,Hampshire Constabulary,-1.028472,50.844546,On or near Old Farm Way,E01017066,Portsmouth 026C,Vehicle crime,Investigation complete; no suspect identified,
a335341ed767ce9971094c4ceffc20b8c96a441b00a9e19c1f53c32a35570231,2024-03,Hampshire Constabulary,Hampshire Constabulary,-1.036634,50.844767,On or near Waterworks Road,E01017066,Portsmouth 026C,Violence and sexual offences,Status update unavailable,
94242e28523bd4864a575ca708f2cf7570b6fd5aaf551cdd1b1c124f97de0cc8,2024-03,Hampshire Constabulary,Hampshire Constabulary,-1.025032,50.849445,On or near Rectory Avenue,E01032604,Portsmouth 026D,Burglary,Investigation complete; no suspect identified,
05b4ea7918237891b2e2ca101687c77b1c1b4caae29d7730cd67eb11821e099d,2024-03,Hampshire Constabulary,Hampshire Constabulary,-1.025032,50.849445,On or near Rectory Avenue,E01032604,Portsmouth 026D,Violence and sexual offences,Status update unavailable,
b10407641766bb4a9c343968ab991faa566a62040e39e8e4914a7481a83632a1,2024-03,Hampshire Constabulary,Hampshire Constabulary,-1.092181,50.798881,On or near Parking Area,E01017034,Portsmouth 027A,Burglary,Investigation complete; no suspect identified,
4168a9a4bd5a50f0fbaee52df3c4d0f24c8b475091a092d0d37115c41c452c10,2024-03,Hampshire Constabulary,Hampshire Constabulary,-1.101571,50.799781,On or near Queen Street,E01017034,Portsmouth 027A,Drugs,Local resolution,
74782522fd0ea98a32da830222fa3ad79e72d3323e3c79455df6c93ded9f8074,2024-03,Hampshire Constabulary,Hampshire Constabulary,-1.106334,50.798586,On or near Wickham Street,E01017034,Portsmouth 027A,Other theft,Unable to prosecute suspect,
38a48f93a99f1639d8db7f3e21a76f63244fcdef06c01254f769d46ef3c18e76,2024-03,Hampshire Constabulary,Hampshire Constabulary,-1.105968,50.799159,On or near Old Star Place,E01017034,Portsmouth 027A,Public order,Court result unavailable,
4c89871805dc5e2588fd4fc2cbf4b093453168289afecba8bf4aab10e053c856,2024-03,Hampshire Constabulary,Hampshire Constabulary,-1.100621,50.800502,On or near North Street,E01017034,Portsmouth 027A,Robbery,Investigation complete; no suspect identified,
a1015aac809b8054f13e969f505fc1c5b246889e86f0be6903174dd29a26db01,2024-03,Hampshire Constabulary,Hampshire Constabulary,-1.104648,50.796927,On or near Victory Road,E01017034,Portsmouth 027A,Shoplifting,Unable to prosecute suspect,
a242ee1e6a3819e2538b36ee955456eeac382fd1cc9f3bbff0ea2b73b89cb9de,2024-03,Hampshire Constabulary,Hampshire Constabulary,-1.104648,50.796927,On or near Victory Road,E01017034,Portsmouth 027A,Shoplifting,Formal action is not in the public interest,
6294060471a0275da29bbf389de4f5d71aba53da87e5ce10bcf7ef98b29f50a9,2024-03,Hampshire Constabulary,Hampshire Constabulary,-1.091660,50.799372,On or near Willis Road,E01017034,Portsmouth 027A,Shoplifting,Unable to prosecute suspect,
2bec8e00b02e3eacee89930b6ee239fedac6c913202bdd96c47ebe8c3f6efbc9,2024-03,Hampshire Constabulary,Hampshire Constabulary,-1.104648,50.796927,On or near Victory Road,E01017034,Portsmouth 027A,Shoplifting,Court result unavailable,
463fdeb8049e8cabee96da5e70e1434bdbf612b2722a2277284e0e73b7e94cf2,2024-03,Hampshire Constabulary,Hampshire Constabulary,-1.104648,50.796927,On or near Victory Road,E01017034,Portsmouth 027A,Shoplifting,Court result unavailable,
b3736ff81a01b465ec647ae999c247afd5f7e3d80f981f2417a35086d1e56f94,2024-03,Hampshire Constabulary,Hampshire Constabulary,-1.104648,50.796927,On or near Victory Road,E01017034,Portsmouth 027A,Shoplifting,Unable to prosecute suspect,
fa92635300ada6de020526ee902b380908c1241c64ab117274979c0e4269e9fa,2024-03,Hampshire Constabulary,Hampshire Constabulary,-1.091660,50.799372,On or near Willis Road,E01017034,Portsmouth 027A,Shoplifting,Unable to prosecute suspect,
f37448f95dda677742ebd604799a1a89d64a274ac3073b9efaed6d2e8ed04dd0,2024-03,Hampshire Constabulary,Hampshire Constabulary,-1.091660,50.799372,On or near Willis Road,E01017034,Portsmouth 027A,Shoplifting,Unable to prosecute suspect,
6194c067a35bf2037cf2100937889db060d650c2f74cf20c656ca4ea678fe449,2024-03,Hampshire Constabulary,Hampshire Constabulary,-1.091660,50.799372,On or near Willis Road,E01017034,Portsmouth 027A,Shoplifting,Unable to prosecute suspect,
faa1665be1c2379a560d38c5c6edfcb2be927ab25a173f2d718fc1dfc31adda2,2024-03,Hampshire Constabulary,Hampshire Constabulary,-1.104648,50.796927,On or near Victory Road,E01017034,Portsmouth 027A,Theft from the person,Investigation complete; no suspect identified,
e7b7c145f84b86ed2e77dcd6fc8820c637ffd05deb7564976e6c0fc1f9ad7d43,2024-03,Hampshire Constabulary,Hampshire Constabulary,-1.104949,50.797505,On or near Parking Area,E01017034,Portsmouth 027A,Violence and sexual offences,Awaiting court outcome,
5ebbcbfd7729e8252041f9c252c95c2c0cd96de5629aad640e12e8a09d6eacab,2024-03,Hampshire Constabulary,Hampshire Constabulary,-1.092181,50.798881,On or near Parking Area,E01017034,Portsmouth 027A,Violence and sexual offences,Court result unavailable,
522f4cfb8e902c5781be8dff739b2923c439fb3d6313ad05e30110caac817221,2024-03,Hampshire Constabulary,Hampshire Constabulary,-1.103858,50.796687,On or near Ordnance Row,E01017034,Portsmouth 027A,Violence and sexual offences,Unable to prosecute suspect,
f5be903e3d7bda3293fa9cd3868b3276f146f4b833481e781c5ebb570a22d239,2024-03,Hampshire Constabulary,Hampshire Constabulary,-1.103858,50.796687,On or near Ordnance Row,E01017034,Portsmouth 027A,Violence and sexual offences,Unable to prosecute suspect,
15d79c6bf76353d07fb79bfe3033d967e916346a127f08686b92c782634fc9a7,2024-03,Hampshire Constabulary,Hampshire Constabulary,-1.104648,50.796927,On or near Victory Road,E01017034,Portsmouth 027A,Violence and sexual offences,Court result unavailable,
95a5515ce9648dc012100c031f76c0a548aedac0680ee5e84e4f947534923733,2024-03,Hampshire Constabulary,Hampshire Constabulary,-1.100621,50.800502,On or near North Street,E01017034,Portsmouth 027A,Violence and sexual offences,Unable to prosecute suspect,
2f8cf5f439c4347dc294bcd492fc1364506423dd0f4645acec0df83a923a7fcb,2024-03,Hampshire Constabulary,Hampshire Constabulary,-1.100621,50.800502,On or near North Street,E01017034,Portsmouth 027A,Violence and sexual offences,Unable to prosecute suspect,
75861c559825c9b45492a0bfb60e552395ad0bf435b6dd2402d1b166af2b355e,2024-03,Hampshire Constabulary,Hampshire Constabulary,-1.105906,50.797944,On or near Supermarket,E01017034,Portsmouth 027A,Violence and sexual offences,Unable to prosecute suspect,
db476ebf7779697b23490ac0ab715b82b1bbdfc8a8a1fb1adb9dcffdd7c5d536,2024-03,Hampshire Constabulary,Hampshire Constabulary,-1.101493,50.801624,On or near Cumberland Street,E01017034,Portsmouth 027A,Violence and sexual offences,Unable to prosecute suspect,
6407c8babbb586bb5e2a8960fd9d1b39816d2854e417d4ab4d6940901dcd4db0,2024-03,Hampshire Constabulary,Hampshire Constabulary,-1.104648,50.796927,On or near Victory Road,E01017034,Portsmouth 027A,Violence and sexual offences,Court result unavailable,
767b8d728a5cf02aec6c540bf111c2911026b163ef9f138916a6a0f9d93756fa,2024-03,Hampshire Constabulary,Hampshire Constabulary,-1.103858,50.796687,On or near Ordnance Row,E01017034,Portsmouth 027A,Violence and sexual offences,Unable to prosecute suspect,
f15ee45dc393f2ae9707930fb50d5bd3e617decc8541e68ae57ba6f1035a6e1b,2024-03,Hampshire Constabulary,Hampshire Constabulary,-1.092181,50.798881,On or near Parking Area,E01017034,Portsmouth 027A,Violence and sexual offences,Unable to prosecute suspect,
b673538f49c6eebd49dd9d25bba5365cec6ed0512abc207448587344c6cff683,2024-03,Hampshire Constabulary,Hampshire Constabulary,-1.106334,50.798586,On or near Wickham Street,E01017034,Portsmouth 027A,Violence and sexual offences,Investigation complete; no suspect identified,
,2024-03,Hampshire Constabulary,Hampshire Constabulary,-1.105906,50.797944,On or near Supermarket,E01017034,Portsmouth 027A,Anti-social behaviour,,
,2024-03,Hampshire Constabulary,Hampshire Constabulary,-1.091998,50.799536,On or near Nightclub,E01017034,Portsmouth 027A,Anti-social behaviour,,
,2024-03,Hampshire Constabulary,Hampshire Constabulary,-1.105968,50.799159,On or near Old Star Place,E01017034,Portsmouth 027A,Anti-social behaviour,,
,2024-03,Hampshire Constabulary,Hampshire Constabulary,-1.091660,50.799372,On or near Willis Road,E01017034,Portsmouth 027A,Anti-social behaviour,,
,2024-03,Hampshire Constabulary,Hampshire Constabulary,-1.105968,50.799159,On or near Old Star Place,E01017034,Portsmouth 027A,Anti-social behaviour,,
,2024-03,Hampshire Constabulary,Hampshire Constabulary,-1.105968,50.799159,On or near Old Star Place,E01017034,Portsmouth 027A,Anti-social behaviour,,
bb2c6a668cd948136a00256d2ddce6fd04756727d54100f64e9676447d412947,2024-03,Hampshire Constabulary,Hampshire Constabulary,-1.105906,50.797944,On or near Supermarket,E01017034,Portsmouth 027A,Burglary,Status update unavailable,
f78f5528cec08367b8e9428bff0feffe1670bb35e759876a42a6a6a3d5f791a1,2024-03,Hampshire Constabulary,Hampshire Constabulary,-1.100621,50.800502,On or near North Street,E01017034,Portsmouth 027A,Criminal damage and arson,Investigation complete; no suspect identified,
8212bd58f019761bacec254b074de99e88d5053f4821e32b9a85f63ee283c3b3,2024-03,Hampshire Constabulary,Hampshire Constabulary,-1.103858,50.796687,On or near Ordnance Row,E01017034,Portsmouth 027A,Other theft,Investigation complete; no suspect identified,
88f4d1467b7bed2e929fb1679225c78428ff20b2d84113cb8c2ffb22c7d48957,2024-03,Hampshire Constabulary,Hampshire Constabulary,-1.103858,50.796687,On or near Ordnance Row,E01017034,Portsmouth 027A,Other theft,Unable to prosecute suspect,
b18ac35592713bc2378528a3dcfbecd8a6d5c4fb55f3b803859a8aba1d0d589f,2024-03,Hampshire Constabulary,Hampshire Constabulary,-1.103858,50.796687,On or near Ordnance Row,E01017034,Portsmouth 027A,Public order,Investigation complete; no suspect identified,
650376129236aa78646c36f022c25053e1ab9976e69ad45cf5827d845b7509cb,2024-03,Hampshire Constabulary,Hampshire Constabulary,-1.104296,50.797518,On or near College Lane,E01017034,Portsmouth 027A,Public order,Investigation complete; no suspect identified,
9618cc56ec0c3358f40b594ba48540371c07ac037ee51ae0e1cf2f2bd51a274a,2024-03,Hampshire Constabulary,Hampshire Constabulary,-1.104648,50.796927,On or near Victory Road,E01017034,Portsmouth 027A,Public order,Investigation complete; no suspect identified,
56f131d05db662d1401e60ccead9a619b2341a966bc79a8849aee5f6db7be4df,2024-03,Hampshire Constabulary,Hampshire Constabulary,-1.104648,50.796927,On or near Victory Road,E01017034,Portsmouth 027A,Shoplifting,Investigation complete; no suspect identified,
d5fda7ae8472ecd588e187f5f31724aadade5753b43730bdb6ceb528186fa23b,2024-03,Hampshire Constabulary,Hampshire Constabulary,-1.104648,50.796927,On or near Victory Road,E01017034,Portsmouth 027A,Shoplifting,Investigation complete; no suspect identified,
31b33558c292e898c294a7ff9061acc1ff8143d93f703e5708d7e5f8e434b473,2024-03,Hampshire Constabulary,Hampshire Constabulary,-1.105906,50.797944,On or near Supermarket,E01017034,Portsmouth 027A,Shoplifting,Unable to prosecute suspect,
f8cd2d01b3e156d48612e3fa133ab5ba418344da743415f8e9be8409a510a89b,2024-03,Hampshire Constabulary,Hampshire Constabulary,-1.103858,50.796687,On or near Ordnance Row,E01017034,Portsmouth 027A,Violence and sexual offences,Investigation complete; no suspect identified,
d861b7002960c1135ae0ce1625a7ee307cb68317b19d8887e5a5c99cd996f1f7,2024-03,Hampshire Constabulary,Hampshire Constabulary,-1.100621,50.800502,On or near North Street,E01017034,Portsmouth 027A,Violence and sexual offences,Unable to prosecute suspect,
715a3e6d26edecc897cf8d382968b1867a52526c7f17c53b4c85d07bf2e69c2a,2024-03,Hampshire Constabulary,Hampshire Constabulary,-1.092181,50.798881,On or near Parking Area,E01017034,Portsmouth 027A,Violence and sexual offences,Unable to prosecute suspect,
aed80d98da3ca2988cf999f91da8c12923448381d78423ae5766178e709e3737,2024-03,Hampshire Constabulary,Hampshire Constabulary,-1.106334,50.798586,On or near Wickham Street,E01017034,Portsmouth 027A,Violence and sexual offences,Unable to prosecute suspect,
7862bf6579f3f190b1d873abf5e231e04ccf9cfb0e4b5d2179c2c41d3572e828,2024-03,Hampshire Constabulary,Hampshire Constabulary,-1.099541,50.800584,On or near York Place,E01017034,Portsmouth 027A,Violence and sexual offences,Unable to prosecute suspect,
687e57dde7782d61e2f5d382f768b5f175bfa5fa24dd313fda06e06b3fdc3f9b,2024-03,Hampshire Constabulary,Hampshire Constabulary,-1.101493,50.801624,On or near Cumberland Street,E01017034,Portsmouth 027A,Violence and sexual offences,Status update unavailable,
45bddc302cd59ac5855d5bbab7cfce31783af2878daefa9c84a944c8dda96eed,2024-03,Hampshire Constabulary,Hampshire Constabulary,-1.100621,50.800502,On or near North Street,E01017034,Portsmouth 027A,Other crime,Court result unavailable,
3ce7222a6c4632144fd3cc38faf16dc24ab31555c0bbcbab0947a009e1d87523,2024-03,Hampshire Constabulary,Hampshire Constabulary,-1.101842,50.796753,On or near Britain Street,E01033383,Portsmouth 027B,Public order,Unable to prosecute suspect,
3be7cc04bc3b8793d8991bd40ea1a4df68442633eb46d1a19d7012f0296734d9,2024-03,Hampshire Constabulary,Hampshire Constabulary,-1.100744,50.797769,On or near St George'S Way,E01033383,Portsmouth 027B,Violence and sexual offences,Unable to prosecute suspect,
011d258692a97ff6a4cc28e725158cb7eee1aef90eb5fd40d840fd540ee50581,2024-03,Hampshire Constabulary,Hampshire Constabulary,-1.102665,50.796777,On or near St Georges Square,E01033383,Portsmouth 027B,Violence and sexual offences,Court result unavailable,
103b4578cf8ce218af47668dda6aebdfaf14dc542a61039b52e70ca5ca14280c,2024-03,Hampshire Constabulary,Hampshire Constabulary,-1.099051,50.799492,On or near Beck Street,E01033383,Portsmouth 027B,Violence and sexual offences,Unable to prosecute suspect,
28df3a25e98bac019e36daa8ec2df1a17736cbde68ca83a195c867a0ea348fbd,2024-03,Hampshire Constabulary,Hampshire Constabulary,-1.100750,50.798966,On or near Aylward Street,E01033383,Portsmouth 027B,Violence and sexual offences,Unable to prosecute suspect,
9d7f35ebc7cb108d5821e523d55cb7da014854fd8158b1d1bb040a99abc875ed,2024-03,Hampshire Constabulary,Hampshire Constabulary,-1.101111,50.796378,On or near Sun Street,E01033383,Portsmouth 027B,Other crime,Investigation complete; no suspect identified,
,2024-03,Hampshire Constabulary,Hampshire Constabulary,-1.103444,50.797574,On or near Margery'S Court,E01033383,Portsmouth 027B,Anti-social behaviour,,
,2024-03,Hampshire Constabulary,Hampshire Constabulary,-1.099051,50.799492,On or near Beck Street,E01033383,Portsmouth 027B,Anti-social behaviour,,
,2024-03,Hampshire Constabulary,Hampshire Constabulary,-1.099051,50.799492,On or near Beck Street,E01033383,Portsmouth 027B,Anti-social behaviour,,
,2024-03,Hampshire Constabulary,Hampshire Constabulary,-1.100750,50.798966,On or near Aylward Street,E01033383,Portsmouth 027B,Anti-social behaviour,,
25fc964afef38e4e84b47142200bae32142a6347971c551c72c1c8b15d8ec6cd,2024-03,Hampshire Constabulary,Hampshire Constabulary,-1.100750,50.798966,On or near Aylward Street,E01033383,Portsmouth 027B,Drugs,Local resolution,
d1ee3745aa9af6278ce386412a8b7de84f451ffcae133e74df2801bc7ba210a7,2024-03,Hampshire Constabulary,Hampshire Constabulary,-1.101476,50.798072,On or near Kent Street,E01033383,Portsmouth 027B,Other theft,Investigation complete; no suspect identified,
2cfb4367b0ef645cfd7161199638d617a9cd1e37c47cf808f1b1bf2ae31f6a8d,2024-03,Hampshire Constabulary,Hampshire Constabulary,-1.100750,50.798966,On or near Aylward Street,E01033383,Portsmouth 027B,Public order,Investigation complete; no suspect identified,
ca7522eef8ff3203e32d4c9791bc77aa7b8092fcd9ff012cca509eafac5be8b4,2024-03,Hampshire Constabulary,Hampshire Constabulary,-1.099051,50.799492,On or near Beck Street,E01033383,Portsmouth 027B,Vehicle crime,Unable to prosecute suspect,
38fc1bf5fbfea421c66190d1d5bb518ec9b98dbe77212d438dd756d126b32763,2024-03,Hampshire Constabulary,Hampshire Constabulary,-1.101457,50.796840,On or near Dean Street,E01033383,Portsmouth 027B,Violence and sexual offences,Status update unavailable,
682543e12959fe4c90436759dc1fabc0bbe9d65ef7814e3aa6f1346855b8f19c,2024-03,Hampshire Constabulary,Hampshire Constabulary,-1.103444,50.797574,On or near Margery'S Court,E01033383,Portsmouth 027B,Violence and sexual offences,Unable to prosecute suspect,
53f4daee74e2c49706c65e7193f8bfd96d6b2813e44a69f0ddbd96814594b558,2024-03,Hampshire Constabulary,Hampshire Constabulary,-1.099051,50.799492,On or near Beck Street,E01033383,Portsmouth 027B,Violence and sexual offences,Investigation complete; no suspect identified,
35815bfce60d18328853e862ced556360a008e8d22e158d36fb8bca5385f17f1,2024-03,Hampshire Constabulary,Hampshire Constabulary,-1.100750,50.798966,On or near Aylward Street,E01033383,Portsmouth 027B,Violence and sexual offences,Status update unavailable,
1b8eb1b6b882a723904677b9ef9492d5ba20554a4dcb0fea82d17561d1d072b0,2024-03,Hampshire Constabulary,Hampshire Constabulary,-1.101877,50.797158,On or near Sports/Recreation Area,E01033383,Portsmouth 027B,Violence and sexual offences,Unable to prosecute suspect,
9c6a092c96543c154a20de69505d2c079d057b21bc82e24b831c65a6b447af8c,2024-03,Hampshire Constabulary,Hampshire Constabulary,-1.103444,50.797574,On or near Margery'S Court,E01033383,Portsmouth 027B,Violence and sexual offences,Unable to prosecute suspect,
3459541bb0898ae57b5d16c4c03006e849906088112595b40820868ce89c3f85,2024-03,Hampshire Constabulary,Hampshire Constabulary,-1.099051,50.799492,On or near Beck Street,E01033383,Portsmouth 027B,Violence and sexual offences,Investigation complete; no suspect identified,
70f56e388a85b6504ed0ac81584d4f885cbe48e49d88f36d33e6cf28663051d1,2024-03,Hampshire Constabulary,Hampshire Constabulary,-1.099051,50.799492,On or near Beck Street,E01033383,Portsmouth 027B,Violence and sexual offences,Investigation complete; no suspect identified,
c3dc3b553d16d77cd3beddacacd9bb26c51fd0cf1a5116a3406b970d5e84b612,2024-03,Hampshire Constabulary,Hampshire Constabulary,-1.089388,50.796530,On or near Parking Area,E01017032,Portsmouth 027C,Bicycle theft,Investigation complete; no suspect identified,
07d402013a2169270c11d5fd6eaf2ce1d929f8b9fffd3b4cb4c1171a3256390a,2024-03,Hampshire Constabulary,Hampshire Constabulary,-1.088392,50.800326,On or near Shopping Area,E01017032,Portsmouth 027C,Bicycle theft,Investigation complete; no suspect identified,
bf9376cabb8bfb3e254aaa7f94712123c5d2ef20f34a35b8317f6d1edaa284dc,2024-03,Hampshire Constabulary,Hampshire Constabulary,-1.093081,50.796334,On or near Guildhall Walk,E01017032,Portsmouth 027C,Burglary,Investigation complete; no suspect identified,
322c7938c805f1f1b717d218387659dd07f2ad0efe3cda92940a34340fd1441d,2024-03,Hampshire Constabulary,Hampshire Constabulary,-1.087447,50.795643,On or near Plymouth Street,E01017032,Portsmouth 027C,Criminal damage and arson,Unable to prosecute suspect,
c2b59b3220d4b67d0206c2196624487d55dcf22c80ed910db2119c8cabca1a86,2024-03,Hampshire Constabulary,Hampshire Constabulary,-1.090400,50.796322,On or near The Mary Rose Street,E01017032,Portsmouth 027C,Criminal damage and arson,Unable to prosecute suspect,
8b2aea0bfe5e6d722ecbebe63bd48cf4faed9e14b3f3e899035e73e2ce3619ac,2024-03,Hampshire Constabulary,Hampshire Constabulary,-1.091314,50.796716,On or near Alec Rose Lane,E01017032,Portsmouth 027C,Drugs,Local resolution,
0ae9e384bc33ccbaee720a88f0c61b578062982692e9e06a547167f175521765,2024-03,Hampshire Constabulary,Hampshire Constabulary,-1.090727,50.797017,On or near Parking Area,E01017032,Portsmouth 027C,Drugs,Local resolution,
f462deb678982efb4abfc57bbf74c132ffc76fb6acdb64ac0deee37b620dac9b,2024-03,Hampshire Constabulary,Hampshire Constabulary,-1.093081,50.796334,On or near Guildhall Walk,E01017032,Portsmouth 027C,Drugs,Local resolution,
caf610b111b18d22332e55b3f700a1d234040f22e1b2e977b308af459f1861ab,2024-03,Hampshire Constabulary,Hampshire Constabulary,-1.090585,50.799193,On or near Surrey Street,E01017032,Portsmouth 027C,Drugs,Unable to prosecute suspect,
fe030d261070ed444644d7e600f99812bb8ee69889c0357bbeeffa48259a3aa5,2024-03,Hampshire Constabulary,Hampshire Constabulary,-1.089388,50.796530,On or near Parking Area,E01017032,Portsmouth 027C,Drugs,Unable to prosecute suspect,
1d7735391ed96ed8480e1b58295f3ac15c239226c75b9dbcf4e519f51012fed6,2024-03,Hampshire Constabulary,Hampshire Constabulary,-1.091314,50.796716,On or near Alec Rose Lane,E01017032,Portsmouth 027C,Drugs,Local resolution,
4b8f5236023b8f488d3fcb492cbcc52a79225ebf77be4eae6f7882b7dfe691b9,2024-03,Hampshire Constabulary,Hampshire Constabulary,-1.087273,50.795138,On or near Winston Churchill Avenue,E01017032,Portsmouth 027C,Other theft,Local resolution,
184834939e6708ee872868f250b8e0d23ac6a382723f6da558dc678ae4593854,2024-03,Hampshire Constabulary,Hampshire Constabulary,-1.091811,50.800380,On or near Spring Street,E01017032,Portsmouth 027C,Possession of weapons,Court result unavailable,
b07aff4aa8f21454fb2d0e4e086f45b1168d64fb4eaee354356e6999232f406e,2024-03,Hampshire Constabulary,Hampshire Constabulary,-1.089457,50.798824,On or near Station Street,E01017032,Portsmouth 027C,Possession of weapons,Court result unavailable,
ad67522d5c1e9eeb4a8a01dfa87069d6a04c205b06d4b45a6453ef34be3380ed,2024-03,Hampshire Constabulary,Hampshire Constabulary,-1.093081,50.796334,On or near Guildhall Walk,E01017032,Portsmouth 027C,Possession of weapons,Local resolution,
da63b229d525ac3c04c429d08c3187b669638c9251ecd963549679dd92aaf783,2024-03,Hampshire Constabulary,Hampshire Constabulary,-1.089388,50.796530,On or near Parking Area,E01017032,Portsmouth 027C,Possession of weapons,Unable to prosecute suspect,
e58e78a2c1265e86a4532d08bda4fd290a63b1bd209eeb16bf169231acf90160,2024-03,Hampshire Constabulary,Hampshire Constabulary,-1.093754,50.796016,On or near Further/Higher Educational Building,E01017032,Portsmouth 027C,Possession of weapons,Further investigation is not in the public interest,
beac05638504374cfea74440a8e562a6c66e3219e82449547a2c55836e0a8c02,2024-03,Hampshire Constabulary,Hampshire Constabulary,-1.091286,50.800385,On or near Kingswell Street,E01017032,Portsmouth 027C,Possession of weapons,Further action is not in the public interest,
cd664b3968abb410c7f2219d57ba72bd1ab750aed9b128b28e38ae00de99ecfc,2024-03,Hampshire Constabulary,Hampshire Constabulary,-1.091811,50.800380,On or near Spring Street,E01017032,Portsmouth 027C,Possession of weapons,Court result unavailable,
f9b11f768d910b4584ae6c6519ff0f6b8f5fa9a7c308ccec80542f1172f26bc7,2024-03,Hampshire Constabulary,Hampshire Constabulary,-1.093081,50.796334,On or near Guildhall Walk,E01017032,Portsmouth 027C,Public order,Local resolution,
6d1e7f73e93ac1c373227972f635a104cc6a100a354354b5ad850a1b8949799f,2024-03,Hampshire Constabulary,Hampshire Constabulary,-1.093081,50.796334,On or near Guildhall Walk,E01017032,Portsmouth 027C,Public order,Court result unavailable,
773242f50bc74ba8af4ea8e13ed55fce26cc1b46412da9c463679cdbfc4357ab,2024-03,Hampshire Constabulary,Hampshire Constabulary,-1.090400,50.796322,On or near The Mary Rose Street,E01017032,Portsmouth 027C,Public order,Unable to prosecute suspect,
f47b6a63c491262f1aefe8fb1facceb3d7f4593484f865703653a755aa0a9549,2024-03,Hampshire Constabulary,Hampshire Constabulary,-1.090400,50.796322,On or near The Mary Rose Street,E01017032,Portsmouth 027C,Public order,Unable to prosecute suspect,
15b29331a6906a0bbd6e4ecb085333a4925b8178ea0d4e492c7f653573be1b07,2024-03,Hampshire Constabulary,Hampshire Constabulary,-1.090400,50.796322,On or near The Mary Rose Street,E01017032,Portsmouth 027C,Public order,Unable to prosecute suspect,
9e42529790afd4aec3c242196c3dd4ccf0d28d5e9ab2647cd386648fbcf6b08b,2024-03,Hampshire Constabulary,Hampshire Constabulary,-1.090585,50.799193,On or near Surrey Street,E01017032,Portsmouth 027C,Public order,Unable to prosecute suspect,
4fd94029475e2739f410d9ad168fd9f843615f61469f6000e5e0ce456584bbd5,2024-03,Hampshire Constabulary,Hampshire Constabulary,-1.089183,50.796852,On or near Isambard Brunel Road,E01017032,Portsmouth 027C,Public order,Local resolution,
4be0620441e1bf93d915438d7f51b1ae88508c9493ffe0a025a7451479548435,2024-03,Hampshire Constabulary,Hampshire Constabulary,-1.093081,50.796334,On or near Guildhall Walk,E01017032,Portsmouth 027C,Shoplifting,Unable to prosecute suspect,
1f8b366b9c08f419d0ed77f87e6960c4c1b8814c8cb557d29ef1f12879a38130,2024-03,Hampshire Constabulary,Hampshire Constabulary,-1.093081,50.796334,On or near Guildhall Walk,E01017032,Portsmouth 027C,Shoplifting,Further investigation is not in the public interest,
5876c267eb314c3ff5c515c2dab5630e42aead67d2c733ad39b732d50e7e9191,2024-03,Hampshire Constabulary,Hampshire Constabulary,-1.093081,50.796334,On or near Guildhall Walk,E01017032,Portsmouth 027C,Shoplifting,Unable to prosecute suspect,
0bf3f7d6a3ca31fbd292505d176be63b0e4d18dead1a5d75f1aeafd762835b66,2024-03,Hampshire Constabulary,Hampshire Constabulary,-1.093081,50.796334,On or near Guildhall Walk,E01017032,Portsmouth 027C,Shoplifting,Unable to prosecute suspect,
16c9f7bf5fa491332d05df134cd3799ee67870debcb0c550db0f132e8afc5dde,2024-03,Hampshire Constabulary,Hampshire Constabulary,-1.093081,50.796334,On or near Guildhall Walk,E01017032,Portsmouth 027C,Shoplifting,Investigation complete; no suspect identified,
3bb2198143c44b788a197f4d7410731b4b48bafeda49729d6b49cbec525dba3c,2024-03,Hampshire Constabulary,Hampshire Constabulary,-1.093081,50.796334,On or near Guildhall Walk,E01017032,Portsmouth 027C,Shoplifting,Unable to prosecute suspect,
fc50d3a74cf62dd471502277a21792649c01563af170556cc5a5093bc07786e9,2024-03,Hampshire Constabulary,Hampshire Constabulary,-1.090693,50.798024,On or near Parking Area,E01017032,Portsmouth 027C,Shoplifting,Unable to prosecute suspect,
efa60ce299d0c98374bf8e6a642831ba00b7f5cf8c4b3bcffe28a1b403bf92db,2024-03,Hampshire Constabulary,Hampshire Constabulary,-1.090693,50.798024,On or near Parking Area,E01017032,Portsmouth 027C,Shoplifting,Court result unavailable,
2545108e0a2bdd177bdc1879dd7e2bb55ce72a2521001c0debd9b7a2d8cdb018,2024-03,Hampshire Constabulary,Hampshire Constabulary,-1.090693,50.798024,On or near Parking Area,E01017032,Portsmouth 027C,Shoplifting,Court result unavailable,
a5fc8b7a1c295af35d963030d04ed9aacd8fbf03b80a760bf6da9de78df12927,2024-03,Hampshire Constabulary,Hampshire Constabulary,-1.090693,50.798024,On or near Parking Area,E01017032,Portsmouth 027C,Shoplifting,Unable to prosecute suspect,
c49678b95341617f2c445d302b59ae3e4c1a4c495b98b06ffa510b1ad81dde42,2024-03,Hampshire Constabulary,Hampshire Constabulary,-1.088392,50.800326,On or near Shopping Area,E01017032,Portsmouth 027C,Shoplifting,Unable to prosecute suspect,
6b4b7821ee0ba1e9a311bacd557cf0edc660e35e8a96b0c012dce05c1226b8f5,2024-03,Hampshire Constabulary,Hampshire Constabulary,-1.089457,50.798824,On or near Station Street,E01017032,Portsmouth 027C,Shoplifting,Local resolution,
bc7ffcce60ed1c08b6cb8408754938839bb70696fe87fd6bf1e169331d52e8a7,2024-03,Hampshire Constabulary,Hampshire Constabulary,-1.093081,50.796334,On or near Guildhall Walk,E01017032,Portsmouth 027C,Shoplifting,Investigation complete; no suspect identified,
98e918d254b6142a8cae0786b38fd105f04eccdcb7049207200813001291937d,2024-03,Hampshire Constabulary,Hampshire Constabulary,-1.092333,50.800980,On or near Parking Area,E01017032,Portsmouth 027C,Shoplifting,Court result unavailable,
2648cb2777d212924a9c1533b2af36334f7db04febcc4de405db3b17a4bca429,2024-03,Hampshire Constabulary,Hampshire Constabulary,-1.090693,50.798024,On or near Parking Area,E01017032,Portsmouth 027C,Shoplifting,Further investigation is not in the public interest,
34bf139b57ad7e5a00fb5649cda4ee140436dec4774ab9241eafc7ee7d05380a,2024-03,Hampshire Constabulary,Hampshire Constabulary,-1.090693,50.798024,On or near Parking Area,E01017032,Portsmouth 027C,Shoplifting,Court result unavailable,
03278ae7075bbc29b761f3413fca89c5732d3ed5491be8a667fa8869e4c6acec,2024-03,Hampshire Constabulary,Hampshire Constabulary,-1.093081,50.796334,On or near Guildhall Walk,E01017032,Portsmouth 027C,Shoplifting,Investigation complete; no suspect identified,
a94fc942fc02ff43613432731978fa93210f11af3a9bd5b96e56b29814fd03bb,2024-03,Hampshire Constabulary,Hampshire Constabulary,-1.092333,50.800980,On or near Parking Area,E01017032,Portsmouth 027C,Shoplifting,Court result unavailable,
e4cc7066a7511790663d27c55c800a83fc0bec747374832db6a3a1f4b9532f6e,2024-03,Hampshire Constabulary,Hampshire Constabulary,-1.088392,50.800326,On or near Shopping Area,E01017032,Portsmouth 027C,Shoplifting,Unable to prosecute suspect,
6125b390ec49e10ac682c25bd551899dc58b833b183af95c27f9b9015d7d2a8f,2024-03,Hampshire Constabulary,Hampshire Constabulary,-1.087447,50.795643,On or near Plymouth Street,E01017032,Portsmouth 027C,Violence and sexual offences,Unable to prosecute suspect,
fccd3a9d0cd7103c228955f6ee82a48bb5de11dc8617811053e735d959edc990,2024-03,Hampshire Constabulary,Hampshire Constabulary,-1.093081,50.796334,On or near Guildhall Walk,E01017032,Portsmouth 027C,Violence and sexual offences,Unable to prosecute suspect,
a1dfadb4ef1c6c03957978de77f0b345de61d5c2e081f9164ec384c76fed3f1b,2024-03,Hampshire Constabulary,Hampshire Constabulary,-1.093081,50.796334,On or near Guildhall Walk,E01017032,Portsmouth 027C,Violence and sexual offences,Unable to prosecute suspect,
a67b8381479e0d258109544fe03c1a08d450970b2f8819fc0fe6dc1164c86606,2024-03,Hampshire Constabulary,Hampshire Constabulary,-1.093081,50.796334,On or near Guildhall Walk,E01017032,Portsmouth 027C,Violence and sexual offences,Unable to prosecute suspect,
b05230b7a4f2a0ecba23793b7863aa2d6ca1bf157e7bee24f5677557618a5870,2024-03,Hampshire Constabulary,Hampshire Constabulary,-1.091314,50.796716,On or near Alec Rose Lane,E01017032,Portsmouth 027C,Violence and sexual offences,Unable to prosecute suspect,
ee82a5c793cf582af945b5172ea92c6fe19ebdaeb061556a4dbe07b5dff8f144,2024-03,Hampshire Constabulary,Hampshire Constabulary,-1.093081,50.796334,On or near Guildhall Walk,E01017032,Portsmouth 027C,Violence and sexual offences,Local resolution,
c328b69d6f7eaa625389b7b69cd99ef42badf8d2ff3b1a643d38c951325bbec6,2024-03,Hampshire Constabulary,Hampshire Constabulary,-1.089183,50.796852,On or near Isambard Brunel Road,E01017032,Portsmouth 027C,Violence and sexual offences,Local resolution,
61c785dc5505d6c6a1dc0fa2eb881530ae2c2e38066dd9a10ce67a7c822fbba3,2024-03,Hampshire Constabulary,Hampshire Constabulary,-1.090693,50.798024,On or near Parking Area,E01017032,Portsmouth 027C,Violence and sexual offences,Court result unavailable,
7c0e94eccc58943f2e6a062216dab88087361ddf107d04c411d82ab4a5751b9a,2024-03,Hampshire Constabulary,Hampshire Constabulary,-1.093081,50.796334,On or near Guildhall Walk,E01017032,Portsmouth 027C,Violence and sexual offences,Unable to prosecute suspect,
526f3986c8c327fdc62d2475d0cbed648e609a2255900b243f10aff73ca2e7f1,2024-03,Hampshire Constabulary,Hampshire Constabulary,-1.092333,50.800980,On or near Parking Area,E01017032,Portsmouth 027C,Violence and sexual offences,Investigation complete; no suspect identified,
717c2636abe9f12cc2447ce5531508e6605bfaf21022e65011a6c2669b29139e,2024-03,Hampshire Constabulary,Hampshire Constabulary,-1.090693,50.798024,On or near Parking Area,E01017032,Portsmouth 027C,Violence and sexual offences,Court result unavailable,
b926d0174b81d0912d87f5e97f211ef3b2b7dbb58fa6d1fe8c0f744e5f4a9976,2024-03,Hampshire Constabulary,Hampshire Constabulary,-1.090585,50.799193,On or near Surrey Street,E01017032,Portsmouth 027C,Violence and sexual offences,Investigation complete; no suspect identified,
956b306cd6ce52dba1e0df9830e07340e19e497626e36a89900d5fd953d8052a,2024-03,Hampshire Constabulary,Hampshire Constabulary,-1.090693,50.798024,On or near Parking Area,E01017032,Portsmouth 027C,Violence and sexual offences,Unable to prosecute suspect,
7c1f58f0ff77fd325c508b7ac629a2f650235d01114814be802d0fd6bb857e7e,2024-03,Hampshire Constabulary,Hampshire Constabulary,-1.089183,50.796852,On or near Isambard Brunel Road,E01017032,Portsmouth 027C,Violence and sexual offences,Unable to prosecute suspect,
7793823b540f79947b0618263e4f964032ccd56c06f3241d6d59137d7467c51c,2024-03,Hampshire Constabulary,Hampshire Constabulary,-1.093081,50.796334,On or near Guildhall Walk,E01017032,Portsmouth 027C,Violence and sexual offences,Investigation complete; no suspect identified,
d21f81faa0c21fc440bee615c11a996efe0e27706015151a9d470c1d00c4daf5,2024-03,Hampshire Constabulary,Hampshire Constabulary,-1.093081,50.796334,On or near Guildhall Walk,E01017032,Portsmouth 027C,Violence and sexual offences,Unable to prosecute suspect,
9a73712d3d2b22d247daba17b07bc70298ff68328449b83e693d34c176866d2c,2024-03,Hampshire Constabulary,Hampshire Constabulary,-1.087447,50.795643,On or near Plymouth Street,E01017032,Portsmouth 027C,Violence and sexual offences,Offender given a caution,
2d63ad7c9b78c76657ddb6b5f0879eb57114fd121e63194d6649382b02615a7e,2024-03,Hampshire Constabulary,Hampshire Constabulary,-1.087447,50.795643,On or near Plymouth Street,E01017032,Portsmouth 027C,Violence and sexual offences,Unable to prosecute suspect,
1f993f4f341130db95b3ce16c727882b2420d8813d8117e738affd4d2656114d,2024-03,Hampshire Constabulary,Hampshire Constabulary,-1.087447,50.795643,On or near Plymouth Street,E01017032,Portsmouth 027C,Violence and sexual offences,Investigation complete; no suspect identified,
10505f141fe58bab891843bb3ed93cd09a315131a82df690d1a0ee9d0c39a544,2024-03,Hampshire Constabulary,Hampshire Constabulary,-1.094733,50.796050,On or near King Richard 1 Road,E01017032,Portsmouth 027C,Violence and sexual offences,Local resolution,
5d6b13b8d620214895ca0af0844f82021abafd3953b0e81c47d26d1900d52595,2024-03,Hampshire Constabulary,Hampshire Constabulary,-1.093754,50.796016,On or near Further/Higher Educational Building,E01017032,Portsmouth 027C,Violence and sexual offences,Unable to prosecute suspect,
15ddeeaca13f45504361a1be1df1f2601bb9fb53b25a69ab4aa15ae71de0c0aa,2024-03,Hampshire Constabulary,Hampshire Constabulary,-1.090400,50.796322,On or near The Mary Rose Street,E01017032,Portsmouth 027C,Violence and sexual offences,Court result unavailable,
5386c6744a6efc12c35d6b099f6d0fb1d44c4ab7115d88c088990dd9ea819a23,2024-03,Hampshire Constabulary,Hampshire Constabulary,-1.090400,50.796322,On or near The Mary Rose Street,E01017032,Portsmouth 027C,Violence and sexual offences,Unable to prosecute suspect,
8feb9b1fa07d9e3093d956f102f96b284c24862a294f5844d20bfc3ac6bdb684,2024-03,Hampshire Constabulary,Hampshire Constabulary,-1.093754,50.796016,On or near Further/Higher Educational Building,E01017032,Portsmouth 027C,Violence and sexual offences,Unable to prosecute suspect,
1e30948325befc2e6a879e7b8a266cb6a5b27f4322957ecb7e04ce220ccb3d5f,2024-03,Hampshire Constabulary,Hampshire Constabulary,-1.093754,50.796016,On or near Further/Higher Educational Building,E01017032,Portsmouth 027C,Violence and sexual offences,Unable to prosecute suspect,
892a97d1322cfb350630b469eed08dce0ab333595da77220be88ebe994a7d566,2024-03,Hampshire Constabulary,Hampshire Constabulary,-1.093754,50.796016,On or near Further/Higher Educational Building,E01017032,Portsmouth 027C,Violence and sexual offences,Investigation complete; no suspect identified,
c5b5259cd0a2d40e1ba3abf09a1c8a6e36dbf9719a8e86b893c4cbcdddbac4ed,2024-03,Hampshire Constabulary,Hampshire Constabulary,-1.091811,50.800380,On or near Spring Street,E01017032,Portsmouth 027C,Violence and sexual offences,Court result unavailable,
ddfd921de9f94a16c2b5e25c797514404651f781321cf7b6e632b614845bcd58,2024-03,Hampshire Constabulary,Hampshire Constabulary,-1.088392,50.800326,On or near Shopping Area,E01017032,Portsmouth 027C,Violence and sexual offences,Court result unavailable,
cc6267c5c6700a90dfb5e66e658709e2cf58ef231db9f28e8dbb6726162f8eb1,2024-03,Hampshire Constabulary,Hampshire Constabulary,-1.090585,50.799193,On or near Surrey Street,E01017032,Portsmouth 027C,Violence and sexual offences,Investigation complete; no suspect identified,
7bf8581e2a59bfb90614e8c6f2dacadc6e3ab68c045e097a92f48dea0afeeb3f,2024-03,Hampshire Constabulary,Hampshire Constabulary,-1.090693,50.798024,On or near Parking Area,E01017032,Portsmouth 027C,Violence and sexual offences,Unable to prosecute suspect,
74317a1b1f9be4a3c11741a63abcd0c6f74cb9eb407cda3f4f1af175b4d20cd1,2024-03,Hampshire Constabulary,Hampshire Constabulary,-1.088392,50.800326,On or near Shopping Area,E01017032,Portsmouth 027C,Violence and sexual offences,Court result unavailable,
23423c847caf54e031c4d6bcde7228110b55fec903c0d48a218e0900aebd5e7c,2024-03,Hampshire Constabulary,Hampshire Constabulary,-1.094214,50.796451,On or near White Swan Road,E01017032,Portsmouth 027C,Violence and sexual offences,Unable to prosecute suspect,
e2fd64e9fa39e68ce894e3eaf48967593104675025611ff9fdf330d4bba825cc,2024-03,Hampshire Constabulary,Hampshire Constabulary,-1.089183,50.796852,On or near Isambard Brunel Road,E01017032,Portsmouth 027C,Violence and sexual offences,Unable to prosecute suspect,
8066f00507c798c356ab6dac1b57383b7ee350e6aeae131421e1de64c228dc3b,2024-03,Hampshire Constabulary,Hampshire Constabulary,-1.093081,50.796334,On or near Guildhall Walk,E01017032,Portsmouth 027C,Violence and sexual offences,Unable to prosecute suspect,
2b01c550fbd12d2f11c4e1121ea8581a7ba3cfab603a6650b099b25b0206d5dd,2024-03,Hampshire Constabulary,Hampshire Constabulary,-1.089457,50.798824,On or near Station Street,E01017032,Portsmouth 027C,Violence and sexual offences,Further investigation is not in the public interest,
9938b8ecb493d2039a68df9ea5770fb55a90b669114b3bcd18c0c77d7ef4befe,2024-03,Hampshire Constabulary,Hampshire Constabulary,-1.087167,50.799094,On or near East Surrey Street,E01017032,Portsmouth 027C,Other crime,Local resolution,
,2024-03,Hampshire Constabulary,Hampshire Constabulary,-1.091314,50.796716,On or near Alec Rose Lane,E01017032,Portsmouth 027C,Anti-social behaviour,,
,2024-03,Hampshire Constabulary,Hampshire Constabulary,-1.088392,50.800326,On or near Shopping Area,E01017032,Portsmouth 027C,Anti-social behaviour,,
,2024-03,Hampshire Constabulary,Hampshire Constabulary,-1.093081,50.796334,On or near Guildhall Walk,E01017032,Portsmouth 027C,Anti-social behaviour,,
,2024-03,Hampshire Constabulary,Hampshire Constabulary,-1.091314,50.796716,On or near Alec Rose Lane,E01017032,Portsmouth 027C,Anti-social behaviour,,
,2024-03,Hampshire Constabulary,Hampshire Constabulary,-1.091286,50.800385,On or near Kingswell Street,E01017032,Portsmouth 027C,Anti-social behaviour,,
,2024-03,Hampshire Constabulary,Hampshire Constabulary,-1.091286,50.800385,On or near Kingswell Street,E01017032,Portsmouth 027C,Anti-social behaviour,,
,2024-03,Hampshire Constabulary,Hampshire Constabulary,-1.089899,50.798018,On or near Dugald Drummond Street,E01017032,Portsmouth 027C,Anti-social behaviour,,
,2024-03,Hampshire Constabulary,Hampshire Constabulary,-1.093081,50.796334,On or near Guildhall Walk,E01017032,Portsmouth 027C,Anti-social behaviour,,
,2024-03,Hampshire Constabulary,Hampshire Constabulary,-1.087447,50.795643,On or near Plymouth Street,E01017032,Portsmouth 027C,Anti-social behaviour,,
,2024-03,Hampshire Constabulary,Hampshire Constabulary,-1.087273,50.795138,On or near Winston Churchill Avenue,E01017032,Portsmouth 027C,Anti-social behaviour,,
,2024-03,Hampshire Constabulary,Hampshire Constabulary,-1.088436,50.799526,On or near Lower Church Path,E01017032,Portsmouth 027C,Anti-social behaviour,,
,2024-03,Hampshire Constabulary,Hampshire Constabulary,-1.087447,50.795643,On or near Plymouth Street,E01017032,Portsmouth 027C,Anti-social behaviour,,
,2024-03,Hampshire Constabulary,Hampshire Constabulary,-1.089388,50.796530,On or near Parking Area,E01017032,Portsmouth 027C,Anti-social behaviour,,
,2024-03,Hampshire Constabulary,Hampshire Constabulary,-1.088436,50.799526,On or near Lower Church Path,E01017032,Portsmouth 027C,Anti-social behaviour,,
,2024-03,Hampshire Constabulary,Hampshire Constabulary,-1.088436,50.799526,On or near Lower Church Path,E01017032,Portsmouth 027C,Anti-social behaviour,,
,2024-03,Hampshire Constabulary,Hampshire Constabulary,-1.091286,50.800385,On or near Kingswell Street,E01017032,Portsmouth 027C,Anti-social behaviour,,
,2024-03,Hampshire Constabulary,Hampshire Constabulary,-1.088392,50.800326,On or near Shopping Area,E01017032,Portsmouth 027C,Anti-social behaviour,,
,2024-03,Hampshire Constabulary,Hampshire Constabulary,-1.091811,50.800380,On or near Spring Street,E01017032,Portsmouth 027C,Anti-social behaviour,,
,2024-03,Hampshire Constabulary,Hampshire Constabulary,-1.090585,50.799193,On or near Surrey Street,E01017032,Portsmouth 027C,Anti-social behaviour,,
,2024-03,Hampshire Constabulary,Hampshire Constabulary,-1.090585,50.799193,On or near Surrey Street,E01017032,Portsmouth 027C,Anti-social behaviour,,
4545c66d42adaabec7b70c1b45542ceca7bdb648beb65c30bd534e42b89f9983,2024-03,Hampshire Constabulary,Hampshire Constabulary,-1.091286,50.800385,On or near Kingswell Street,E01017032,Portsmouth 027C,Bicycle theft,Investigation complete; no suspect identified,
0cfcefa72896e2ec4bc52895453c6509897c9c84197b97ace34e3ef2cc79c467,2024-03,Hampshire Constabulary,Hampshire Constabulary,-1.091286,50.800385,On or near Kingswell Street,E01017032,Portsmouth 027C,Bicycle theft,Investigation complete; no suspect identified,
db33f933bb838e91674fedd1930b4011838bf119ac8722e931df74abcaf0557c,2024-03,Hampshire Constabulary,Hampshire Constabulary,-1.088392,50.800326,On or near Shopping Area,E01017032,Portsmouth 027C,Bicycle theft,Investigation complete; no suspect identified,
4dbfba4dce075119e6f952750539c6436093efad174b9d2cb1686afd748e50dc,2024-03,Hampshire Constabulary,Hampshire Constabulary,-1.090585,50.799193,On or near Surrey Street,E01017032,Portsmouth 027C,Bicycle theft,Investigation complete; no suspect identified,
6d04ec5a012f53fbf47f389ce68f39f522623c275aa9efe7c028480a80cb74b2,2024-03,Hampshire Constabulary,Hampshire Constabulary,-1.089388,50.796530,On or near Parking Area,E01017032,Portsmouth 027C,Bicycle theft,Investigation complete; no suspect identified,
714fd270daecfa30f83fa6c006ea905bc231c6d8c33e226cc07406c9f5121385,2024-03,Hampshire Constabulary,Hampshire Constabulary,-1.091314,50.796716,On or near Alec Rose Lane,E01017032,Portsmouth 027C,Bicycle theft,Investigation complete; no suspect identified,
db483cb522dd3affe947261a8b4aedfd537d2fa98dcefecc236d36164a740454,2024-03,Hampshire Constabulary,Hampshire Constabulary,-1.089183,50.796852,On or near Isambard Brunel Road,E01017032,Portsmouth 027C,Burglary,Investigation complete; no suspect identified,
460f1450d53f218c0384a9e5889452b12964bdb92953ddc6537534c3967bb46c,2024-03,Hampshire Constabulary,Hampshire Constabulary,-1.090727,50.797017,On or near Parking Area,E01017032,Portsmouth 027C,Criminal damage and arson,Unable to prosecute suspect,
5268376e46cdce4c9a1f8f9b140ac6166ee5635a0f54f4f5e0e06e610c2a890b,2024-03,Hampshire Constabulary,Hampshire Constabulary,-1.091286,50.800385,On or near Kingswell Street,E01017032,Portsmouth 027C,Criminal damage and arson,Investigation complete; no suspect identified,
68e4e624dbf5761bb978e8f5ee474fa21e0162fcd01f6aab9e6491c7c1773fa1,2024-03,Hampshire Constabulary,Hampshire Constabulary,-1.091286,50.800385,On or near Kingswell Street,E01017032,Portsmouth 027C,Criminal damage and arson,Investigation complete; no suspect identified,
1df37d37eacc3ba6a93f73d4a8af164077b96f8914baa686e8ddeef59b876543,2024-03,Hampshire Constabulary,Hampshire Constabulary,-1.091314,50.796716,On or near Alec Rose Lane,E01017032,Portsmouth 027C,Drugs,Status update unavailable,
07db6e2fdb5e3ae78d6489a7e54121473f621d439c8732db3d69f3e957a6a97c,2024-03,Hampshire Constabulary,Hampshire Constabulary,-1.088392,50.800326,On or near Shopping Area,E01017032,Portsmouth 027C,Other theft,Investigation complete; no suspect identified,
928223618b33e50b2482d76cd7a2aa496791ca36fd459233e512527905d0b24c,2024-03,Hampshire Constabulary,Hampshire Constabulary,-1.088392,50.800326,On or near Shopping Area,E01017032,Portsmouth 027C,Other theft,Investigation complete; no suspect identified,
79b833227260b4bc95caa6be57684f9132c4bd56f7ab9956e90fd16fd7feefd4,2024-03,Hampshire Constabulary,Hampshire Constabulary,-1.087447,50.795643,On or near Plymouth Street,E01017032,Portsmouth 027C,Other theft,Investigation complete; no suspect identified,
dc29b8d00190b4a67ea63d767ddec8067b7c522ff5e30e914b0cef21580a7e6a,2024-03,Hampshire Constabulary,Hampshire Constabulary,-1.090585,50.799193,On or near Surrey Street,E01017032,Portsmouth 027C,Other theft,Investigation complete; no suspect identified,
dd5a790678e41bf160a1040136604797653db31c873bb22c5a50dac229cbf88b,2024-03,Hampshire Constabulary,Hampshire Constabulary,-1.092333,50.800980,On or near Parking Area,E01017032,Portsmouth 027C,Other theft,Investigation complete; no suspect identified,
5a3c1cb4a98c0a7abbeb35b2c4e3c739ad14e1287438e720c744b46c09861039,2024-03,Hampshire Constabulary,Hampshire Constabulary,-1.093754,50.796016,On or near Further/Higher Educational Building,E01017032,Portsmouth 027C,Possession of weapons,Status update unavailable,
3b566f7c449a5cc774a26fa2eda6982c3a53b7d830e9255a41dae17db219f4f6,2024-03,Hampshire Constabulary,Hampshire Constabulary,-1.090400,50.796322,On or near The Mary Rose Street,E01017032,Portsmouth 027C,Possession of weapons,Investigation complete; no suspect identified,
9a0e7aed2f6c702a65ed6a41a4b4ad13706b7c50e56d9a14d3516c0264a2fe49,2024-03,Hampshire Constabulary,Hampshire Constabulary,-1.094733,50.796050,On or near King Richard 1 Road,E01017032,Portsmouth 027C,Possession of weapons,Status update unavailable,
aeb258f132af1d1ddd8fa48d938c30de58cadafded29238a5b9c330e273b49c2,2024-03,Hampshire Constabulary,Hampshire Constabulary,-1.090400,50.796322,On or near The Mary Rose Street,E01017032,Portsmouth 027C,Public order,Investigation complete; no suspect identified,
ff4f7632935fc79572bbd45e19aaf4dfff0f3313202b5d4e3b4d55cc04f2d511,2024-03,Hampshire Constabulary,Hampshire Constabulary,-1.091286,50.800385,On or near Kingswell Street,E01017032,Portsmouth 027C,Public order,Investigation complete; no suspect identified,
541e5431dcac28474acb9971ed6f245d16e54495ce7c35e172ef035823aacd00,2024-03,Hampshire Constabulary,Hampshire Constabulary,-1.088392,50.800326,On or near Shopping Area,E01017032,Portsmouth 027C,Public order,Investigation complete; no suspect identified,
7c04e8fff6fb06cb3497d3ed827f5ac26f8e59a4b511393f61b314e856488d30,2024-03,Hampshire Constabulary,Hampshire Constabulary,-1.091286,50.800385,On or near Kingswell Street,E01017032,Portsmouth 027C,Public order,Investigation complete; no suspect identified,
93af0c1da87e09aa66557f06bbfdf3cdf916b9f1a1987835b91872f530eeebe1,2024-03,Hampshire Constabulary,Hampshire Constabulary,-1.090693,50.798024,On or near Parking Area,E01017032,Portsmouth 027C,Public order,Unable to prosecute suspect,
5a66795fe38ab2f07b1187c0bc3f99240584d92ea0562455d306183413e2c642,2024-03,Hampshire Constabulary,Hampshire Constabulary,-1.092333,50.800980,On or near Parking Area,E01017032,Portsmouth 027C,Public order,Investigation complete; no suspect identified,
a755734e4306a621e3bc81f1fe24635cefbf686495c70c23b2f316252e8965cf,2024-03,Hampshire Constabulary,Hampshire Constabulary,-1.087447,50.795643,On or near Plymouth Street,E01017032,Portsmouth 027C,Robbery,Unable to prosecute suspect,
2c07392753373041183f8b6a5143f95a0c34b39d448304748f94f0343b7e95d4,2024-03,Hampshire Constabulary,Hampshire Constabulary,-1.093081,50.796334,On or near Guildhall Walk,E01017032,Portsmouth 027C,Shoplifting,Investigation complete; no suspect identified,
5439af9031b4bff38bd554c3b88fe4400621d411c8a26d2dbfd887eac1998cd7,2024-03,Hampshire Constabulary,Hampshire Constabulary,-1.090693,50.798024,On or near Parking Area,E01017032,Portsmouth 027C,Shoplifting,Status update unavailable,
0a8dfb4696c2fd9e5bf300043547942e07df9d1e7a598e9adbd2d33cb520cb99,2024-03,Hampshire Constabulary,Hampshire Constabulary,-1.093081,50.796334,On or near Guildhall Walk,E01017032,Portsmouth 027C,Shoplifting,Unable to prosecute suspect,
15b2012716b34fe606d9cc7f71f62a7d28118262562057280ef5b0e11708db60,2024-03,Hampshire Constabulary,Hampshire Constabulary,-1.093081,50.796334,On or near Guildhall Walk,E01017032,Portsmouth 027C,Shoplifting,Investigation complete; no suspect identified,
235b39cf5a84f5bf827540d4fcfcd2c8a77daecb1f646dd67b5e014852e35eb7,2024-03,Hampshire Constabulary,Hampshire Constabulary,-1.090693,50.798024,On or near Parking Area,E01017032,Portsmouth 027C,Shoplifting,Investigation complete; no suspect identified,
29b9e9f215b614cb7a32ce4199a509e6ab374a3bbbd133ccf3db6e5a8190d369,2024-03,Hampshire Constabulary,Hampshire Constabulary,-1.090693,50.798024,On or near Parking Area,E01017032,Portsmouth 027C,Shoplifting,Status update unavailable,
7e6c9e12ede56a3247f5a9efde57aae9079f276b5ce6ecea8d89189dbe6ec3cd,2024-03,Hampshire Constabulary,Hampshire Constabulary,-1.093081,50.796334,On or near Guildhall Walk,E01017032,Portsmouth 027C,Shoplifting,Investigation complete; no suspect identified,
8f2f960d6a510439815b036ee70baf331a7d29ac5fae19b35cca82e2a28804d0,2024-03,Hampshire Constabulary,Hampshire Constabulary,-1.093081,50.796334,On or near Guildhall Walk,E01017032,Portsmouth 027C,Shoplifting,Investigation complete; no suspect identified,
a35459b68c41c3bceb6bf360c99c3ab1a0ef08a7c0b865d78dfd856ab7932c92,2024-03,Hampshire Constabulary,Hampshire Constabulary,-1.093081,50.796334,On or near Guildhall Walk,E01017032,Portsmouth 027C,Shoplifting,Investigation complete; no suspect identified,
1ae4f1c7d64a94f372614c2ea3abab4e99c7c375c522b844e11dcea7c1042c35,2024-03,Hampshire Constabulary,Hampshire Constabulary,-1.093081,50.796334,On or near Guildhall Walk,E01017032,Portsmouth 027C,Shoplifting,Unable to prosecute suspect,
500ac7126e28b3b52ec03508d786990e3f81ae1c57b49d5cb2eb572152bf2b00,2024-03,Hampshire Constabulary,Hampshire Constabulary,-1.092333,50.800980,On or near Parking Area,E01017032,Portsmouth 027C,Shoplifting,Investigation complete; no suspect identified,
078a925cdcb020819ad3ccbbe4ce9fbd23f83a51c47791f0f499ea8cf33d542e,2024-03,Hampshire Constabulary,Hampshire Constabulary,-1.091286,50.800385,On or near Kingswell Street,E01017032,Portsmouth 027C,Theft from the person,Investigation complete; no suspect identified,
5f0ce77f26caf41467196037c10bd7f128912119a8d1ba2569e8f5e7b29783ad,2024-03,Hampshire Constabulary,Hampshire Constabulary,-1.084253,50.800105,On or near Boarhunt Close,E01017032,Portsmouth 027C,Theft from the person,Unable to prosecute suspect,
5a2025ef3e13406cc638b869ab64ae6508b6135a437b676ab2bd37c9f76b2822,2024-03,Hampshire Constabulary,Hampshire Constabulary,-1.091286,50.800385,On or near Kingswell Street,E01017032,Portsmouth 027C,Theft from the person,Investigation complete; no suspect identified,
b2d92c71021ec3d69a1c1ea35cd22c8b65b99d60360060f25d5e8b6b7cfc838c,2024-03,Hampshire Constabulary,Hampshire Constabulary,-1.089183,50.796852,On or near Isambard Brunel Road,E01017032,Portsmouth 027C,Theft from the person,Unable to prosecute suspect,
94455be2b0384f617bac3d8817f0d5ac7d3144a87f5ce0cfae5f371bde0117de,2024-03,Hampshire Constabulary,Hampshire Constabulary,-1.088392,50.800326,On or near Shopping Area,E01017032,Portsmouth 027C,Vehicle crime,Investigation complete; no suspect identified,
b43d285e8145f9ee929def5b330f8b3090de5f0d05137c919a8ef57d210693b0,2024-03,Hampshire Constabulary,Hampshire Constabulary,-1.089183,50.796852,On or near Isambard Brunel Road,E01017032,Portsmouth 027C,Violence and sexual offences,Unable to prosecute suspect,
50ca12b3dd9757f93e51542ddc67b227d84d631dcac380185227a9ff9327b771,2024-03,Hampshire Constabulary,Hampshire Constabulary,-1.091811,50.800380,On or near Spring Street,E01017032,Portsmouth 027C,Violence and sexual offences,Unable to prosecute suspect,
013acb672986a3e6744b2a05c40d8e19cd1fc52537493c5e8344d4ec84b4f584,2024-03,Hampshire Constabulary,Hampshire Constabulary,-1.093081,50.796334,On or near Guildhall Walk,E01017032,Portsmouth 027C,Violence and sexual offences,Investigation complete; no suspect identified,
67622d35be1d3b79b7f6ba7f89e4e482247117717e8d24ba79fc58cbb55cc7b5,2024-03,Hampshire Constabulary,Hampshire Constabulary,-1.092333,50.800980,On or near Parking Area,E01017032,Portsmouth 027C,Violence and sexual offences,Unable to prosecute suspect,
f8453bc00fda3b75262ee5b7586d61f4afc4477ea2925f1aaac240e9c921da84,2024-03,Hampshire Constabulary,Hampshire Constabulary,-1.093754,50.796016,On or near Further/Higher Educational Building,E01017032,Portsmouth 027C,Violence and sexual offences,Investigation complete; no suspect identified,
800fd08f2965869ee991c056f8a1fa00067d57639df20d3fb33ef59457b464b4,2024-03,Hampshire Constabulary,Hampshire Constabulary,-1.093081,50.796334,On or near Guildhall Walk,E01017032,Portsmouth 027C,Violence and sexual offences,Unable to prosecute suspect,
4ed70b003387a64fee96cf591c9ec77866a14209d4bff3c2a571895b251a6b5c,2024-03,Hampshire Constabulary,Hampshire Constabulary,-1.088392,50.800326,On or near Shopping Area,E01017032,Portsmouth 027C,Violence and sexual offences,Unable to prosecute suspect,
58eaa356c8dcbcc5b6dfe275349c3381a98bad0e94015c369aab916460efb406,2024-03,Hampshire Constabulary,Hampshire Constabulary,-1.090693,50.798024,On or near Parking Area,E01017032,Portsmouth 027C,Violence and sexual offences,Status update unavailable,
4bcb3e33ccabc031b96814b2d77fe071481071ef1fb6d7aac20d352c15c1e683,2024-03,Hampshire Constabulary,Hampshire Constabulary,-1.090585,50.799193,On or near Surrey Street,E01017032,Portsmouth 027C,Violence and sexual offences,Status update unavailable,
ddc95bac0c7a40a065ab7d4d246d260de7fc689588e5109760831a1df3afa683,2024-03,Hampshire Constabulary,Hampshire Constabulary,-1.088392,50.800326,On or near Shopping Area,E01017032,Portsmouth 027C,Violence and sexual offences,Status update unavailable,
1fa145f97afd179537ed2283c122175656e27ea682219bcedc664061297d1cad,2024-03,Hampshire Constabulary,Hampshire Constabulary,-1.090727,50.797017,On or near Parking Area,E01017032,Portsmouth 027C,Violence and sexual offences,Unable to prosecute suspect,
f6412f1d31a25a105a87e3f2df0cbd574ed0bb39fb1853cf2114cdc748b5203a,2024-03,Hampshire Constabulary,Hampshire Constabulary,-1.090585,50.799193,On or near Surrey Street,E01017032,Portsmouth 027C,Violence and sexual offences,Investigation complete; no suspect identified,
f5ac6a0e2f5d9d19afaf462a908710266a6d009b54c13c081a79d49dd3fec4db,2024-03,Hampshire Constabulary,Hampshire Constabulary,-1.084253,50.800105,On or near Boarhunt Close,E01017032,Portsmouth 027C,Violence and sexual offences,Investigation complete; no suspect identified,
76b23ca7dddc896eae0802003efed8b30376c508452cf4926436e67a4ea29d99,2024-03,Hampshire Constabulary,Hampshire Constabulary,-1.089457,50.798824,On or near Station Street,E01017032,Portsmouth 027C,Violence and sexual offences,Action to be taken by another organisation,
efce32af9e1cd57eb300836573d5ac16f3a54ac9d7c492c55f67516cbaa9cbf0,2024-03,Hampshire Constabulary,Hampshire Constabulary,-1.103102,50.800611,On or near Cross Street,E01033381,Portsmouth 027D,Public order,Investigation complete; no suspect identified,
658bfa3d765cd4fa6ca3b2871707ed277de3022945f07ca75270c28e34e63407,2024-03,Hampshire Constabulary,Hampshire Constabulary,-1.103366,50.799920,On or near Supermarket,E01033381,Portsmouth 027D,Shoplifting,Unable to prosecute suspect,
13109d1f1e6de1c33286702e672edd98a98bd7a89ea867ee208b3fa40a6a56c5,2024-03,Hampshire Constabulary,Hampshire Constabulary,-1.103366,50.799920,On or near Supermarket,E01033381,Portsmouth 027D,Shoplifting,Formal action is not in the public interest,
671fb7e8992c157fd35789c0fbe798fbc64282e1d8a336ea4e7be3dca3344744,2024-03,Hampshire Constabulary,Hampshire Constabulary,-1.103366,50.799920,On or near Supermarket,E01033381,Portsmouth 027D,Shoplifting,Court result unavailable,
29753273b8c799983d75784cf5e8d8e809d57aabaeb79636185925c345fe989b,2024-03,Hampshire Constabulary,Hampshire Constabulary,-1.103366,50.799920,On or near Supermarket,E01033381,Portsmouth 027D,Shoplifting,Court result unavailable,
61118f2d0642ad028ce523902d0a6bfd9e6aaa7b67e370aafa7a0b1d9476f273,2024-03,Hampshire Constabulary,Hampshire Constabulary,-1.103366,50.799920,On or near Supermarket,E01033381,Portsmouth 027D,Shoplifting,Court result unavailable,
02aae65c4bcab02be9b9e4ad18e87827eef23f8c4f3199fbb5da76bc432501ba,2024-03,Hampshire Constabulary,Hampshire Constabulary,-1.103366,50.799920,On or near Supermarket,E01033381,Portsmouth 027D,Shoplifting,Formal action is not in the public interest,
ed76b960862c990286bffc477170f348e5ff1173638796b742210bd61d0fbf2d,2024-03,Hampshire Constabulary,Hampshire Constabulary,-1.103366,50.799920,On or near Supermarket,E01033381,Portsmouth 027D,Shoplifting,Investigation complete; no suspect identified,
e9235c0c7b163b2eb49fbf2dac6605f22cce3c93956ceb9890ecbe3cc4d50318,2024-03,Hampshire Constabulary,Hampshire Constabulary,-1.103366,50.799920,On or near Supermarket,E01033381,Portsmouth 027D,Shoplifting,Investigation complete; no suspect identified,
d92f6560bbb14abf8eed442d7fc5a3503b84ddb34e2b8dcf0fe5f2717102921b,2024-03,Hampshire Constabulary,Hampshire Constabulary,-1.103366,50.799920,On or near Supermarket,E01033381,Portsmouth 027D,Violence and sexual offences,Unable to prosecute suspect,
69935e3a8a5ab3c3eb1135678a9b8ec9a790d5c7deddf130077c46aa09267ba1,2024-03,Hampshire Constabulary,Hampshire Constabulary,-1.103366,50.799920,On or near Supermarket,E01033381,Portsmouth 027D,Violence and sexual offences,Unable to prosecute suspect,
6d1a317ae93ed3564c7ca567e8463532210011aa5b6877aea3020c4878fab8f2,2024-03,Hampshire Constabulary,Hampshire Constabulary,-1.104858,50.798592,On or near Ship Leopard Street,E01033381,Portsmouth 027D,Violence and sexual offences,Unable to prosecute suspect,
e6660edbcecd767a48e863c12b80c399b0e5b8845da714821c1b3bc610f78906,2024-03,Hampshire Constabulary,Hampshire Constabulary,-1.103823,50.801489,On or near Bonfire Corner,E01033381,Portsmouth 027D,Violence and sexual offences,Formal action is not in the public interest,
d7f9aabcf26c779a3964dc8fe3eacceff96f10cf7d549efb292cc2e7397ea6bf,2024-03,Hampshire Constabulary,Hampshire Constabulary,-1.103366,50.799920,On or near Supermarket,E01033381,Portsmouth 027D,Criminal damage and arson,Investigation complete; no suspect identified,
e0e945951ed6fa16195791d618715e20cd64ba9f0ec84d4e02ec0032a467bb85,2024-03,Hampshire Constabulary,Hampshire Constabulary,-1.102324,50.800470,On or near Prince George Street,E01033381,Portsmouth 027D,Criminal damage and arson,Investigation complete; no suspect identified,
ab9ae704daec61d6e4265caae584d92fea7425debf9e53e13272d38d76fe80f8,2024-03,Hampshire Constabulary,Hampshire Constabulary,-1.079057,50.798059,On or near Somers Road North,E01017031,Portsmouth 028A,Bicycle theft,Investigation complete; no suspect identified,
34533629d15a9f4d62807150182f623cbb77e19354a5402349962e574187d478,2024-03,Hampshire Constabulary,Hampshire Constabulary,-1.080811,50.801958,On or near Lords Street,E01017031,Portsmouth 028A,Criminal damage and arson,Local resolution,
a39720392c58f56503031eb4ef2d06d831808cb1fb285f14011c567902ea3230,2024-03,Hampshire Constabulary,Hampshire Constabulary,-1.078623,50.796302,On or near Cumberland Road,E01017031,Portsmouth 028A,Criminal damage and arson,Unable to prosecute suspect,
b6c59d0354063b1675e5759211b741afdbf3f506f49a12f01c0f8bd693f4a3c6,2024-03,Hampshire Constabulary,Hampshire Constabulary,-1.078623,50.796302,On or near Cumberland Road,E01017031,Portsmouth 028A,Criminal damage and arson,Investigation complete; no suspect identified,
effe01cff3ab68525b9fc2f17e9bf67c7beb5c393957cc514f7e91e8c58a0931,2024-03,Hampshire Constabulary,Hampshire Constabulary,-1.079057,50.798059,On or near Somers Road North,E01017031,Portsmouth 028A,Other theft,Court result unavailable,
6210c26edc45f3d9668bb23076a1badb9e418bc3ce140d2a8e05a98d0e0ee105,2024-03,Hampshire Constabulary,Hampshire Constabulary,-1.081354,50.798131,On or near Bridgeside Close,E01017031,Portsmouth 028A,Public order,Unable to prosecute suspect,
e66ac0da9cd28788865ae06defeed30a2ee0a50106f225d51d5c94f4f97daa7e,2024-03,Hampshire Constabulary,Hampshire Constabulary,-1.082357,50.798355,On or near Highfield Road,E01017031,Portsmouth 028A,Public order,Unable to prosecute suspect,
63eb92f0214fbce74f0199eb4b704bd53738cd84d61d6ee96fe860a8b7f88f8f,2024-03,Hampshire Constabulary,Hampshire Constabulary,-1.077911,50.798739,On or near Shopping Area,E01017031,Portsmouth 028A,Robbery,Unable to prosecute suspect,
8c16e4c485a56f0457028cb16a954ea40165eb15a6b373615ec9da649471484b,2024-03,Hampshire Constabulary,Hampshire Constabulary,-1.078227,50.800552,On or near Clifton Street,E01017031,Portsmouth 028A,Shoplifting,Investigation complete; no suspect identified,
cfbabea48e9c3ca111b444c62726be0a2fd107898a2f501608a4351cac164b0e,2024-03,Hampshire Constabulary,Hampshire Constabulary,-1.078227,50.800552,On or near Clifton Street,E01017031,Portsmouth 028A,Shoplifting,Local resolution,
692a622b8f5abbf4260bf82bf53ca6d156e5565b866c9b2cd60a8bdf427bddcc,2024-03,Hampshire Constabulary,Hampshire Constabulary,-1.078623,50.796302,On or near Cumberland Road,E01017031,Portsmouth 028A,Violence and sexual offences,Awaiting court outcome,
a23263b4778d3d6f9ff9b4027d42086598a31fa9d5573b9cafd5df0d521402f8,2024-03,Hampshire Constabulary,Hampshire Constabulary,-1.077345,50.797092,On or near Lucknow Street,E01017031,Portsmouth 028A,Violence and sexual offences,Unable to prosecute suspect,
6aa1442cfd36cd9f8e5821478f844fa0aa7c003856aa63e990f93853aa8cd6c2,2024-03,Hampshire Constabulary,Hampshire Constabulary,-1.077345,50.797092,On or near Lucknow Street,E01017031,Portsmouth 028A,Violence and sexual offences,Unable to prosecute suspect,
7a0c9dda73506a6578aa612f5a38426d95c1d1f54da937f351b818a375939d3b,2024-03,Hampshire Constabulary,Hampshire Constabulary,-1.077345,50.797092,On or near Lucknow Street,E01017031,Portsmouth 028A,Violence and sexual offences,Court result unavailable,
48ccbfb6d9cedf402590aade7edb417f94d6f7317d185965bbdc545e97147212,2024-03,Hampshire Constabulary,Hampshire Constabulary,-1.078623,50.796302,On or near Cumberland Road,E01017031,Portsmouth 028A,Violence and sexual offences,Unable to prosecute suspect,
05095babf8a3f7e0df390a5813f15240635d3ddab1546fce047aee5af7d6282e,2024-03,Hampshire Constabulary,Hampshire Constabulary,-1.078468,50.800572,On or near Parking Area,E01017031,Portsmouth 028A,Violence and sexual offences,Unable to prosecute suspect,
de734e4bad09f95ba00cd7c984653257f537e7c85965b910fe9be7fe38e013af,2024-03,Hampshire Constabulary,Hampshire Constabulary,-1.078468,50.800572,On or near Parking Area,E01017031,Portsmouth 028A,Violence and sexual offences,Further investigation is not in the public interest,
1f0a167bb25bca7a865c8db3c658b36e583d7e0c8ccbf7b0b107a493c5dde73d,2024-03,Hampshire Constabulary,Hampshire Constabulary,-1.077911,50.798739,On or near Shopping Area,E01017031,Portsmouth 028A,Violence and sexual offences,Unable to prosecute suspect,
36579a23c55c94ee2018a6eaeee6bf579b1093667e36c1cdaf871e653838740c,2024-03,Hampshire Constabulary,Hampshire Constabulary,-1.080811,50.801958,On or near Lords Street,E01017031,Portsmouth 028A,Violence and sexual offences,Unable to prosecute suspect,
1c1ee1a3389f2e653062cf5c73c08fc83a13df76c2e027fbd51935d17a8442f5,2024-03,Hampshire Constabulary,Hampshire Constabulary,-1.083275,50.799306,On or near Cottage View,E01017031,Portsmouth 028A,Violence and sexual offences,Unable to prosecute suspect,
b99111006c2ae277533023052c03016316a984c2d7ff17c67a7476d308d5bba6,2024-03,Hampshire Constabulary,Hampshire Constabulary,-1.080811,50.801958,On or near Lords Street,E01017031,Portsmouth 028A,Other crime,Investigation complete; no suspect identified,
,2024-03,Hampshire Constabulary,Hampshire Constabulary,-1.077911,50.798739,On or near Shopping Area,E01017031,Portsmouth 028A,Anti-social behaviour,,
,2024-03,Hampshire Constabulary,Hampshire Constabulary,-1.079057,50.798059,On or near Somers Road North,E01017031,Portsmouth 028A,Anti-social behaviour,,
,2024-03,Hampshire Constabulary,Hampshire Constabulary,-1.078623,50.796302,On or near Cumberland Road,E01017031,Portsmouth 028A,Anti-social behaviour,,
f48b5851cd890f515877eba710ad78b99fa042f95f3a73f4676d119f504cd1bf,2024-03,Hampshire Constabulary,Hampshire Constabulary,-1.077911,50.798739,On or near Shopping Area,E01017031,Portsmouth 028A,Bicycle theft,Investigation complete; no suspect identified,
a35ee2dea80ae9881233fa4120281bb039704d0f575ba48acb49304e6c14554a,2024-03,Hampshire Constabulary,Hampshire Constabulary,-1.078623,50.796302,On or near Cumberland Road,E01017031,Portsmouth 028A,Criminal damage and arson,Investigation complete; no suspect identified,
66b461c8d03a82a63c5d247620310f38d145c9884f79450c46c9a785a16067ea,2024-03,Hampshire Constabulary,Hampshire Constabulary,-1.079057,50.798059,On or near Somers Road North,E01017031,Portsmouth 028A,Other theft,Investigation complete; no suspect identified,
39c725c59b485a88cd7ef6bdb469475d6d4eed9481f4f9539048d293978422b9,2024-03,Hampshire Constabulary,Hampshire Constabulary,-1.079057,50.798059,On or near Somers Road North,E01017031,Portsmouth 028A,Other theft,Status update unavailable,
928a1f0b32307f01a020b5b616f1c35794853b47dd92bea727f731fc98956fa8,2024-03,Hampshire Constabulary,Hampshire Constabulary,-1.083275,50.799306,On or near Cottage View,E01017031,Portsmouth 028A,Public order,Status update unavailable,
446f833572a1da2e8865b820afe760226d9d5cde90b2e01e7b17f2ec07f57898,2024-03,Hampshire Constabulary,Hampshire Constabulary,-1.077911,50.798739,On or near Shopping Area,E01017031,Portsmouth 028A,Public order,Unable to prosecute suspect,
1aba8e57614dc0927a762ed1ff988804e70e1d1b69a5d39498d3128f28e26efe,2024-03,Hampshire Constabulary,Hampshire Constabulary,-1.079057,50.798059,On or near Somers Road North,E01017031,Portsmouth 028A,Shoplifting,Investigation complete; no suspect identified,
9cbc4e6478c4b5503866ceab7c0966b0eab37b72850ab3f9a707c5a0c1d2aabc,2024-03,Hampshire Constabulary,Hampshire Constabulary,-1.081354,50.798131,On or near Bridgeside Close,E01017031,Portsmouth 028A,Shoplifting,Investigation complete; no suspect identified,
9dd621dd035ed9c238150d2a3ae99c0330fed5ea6244cfebe9b8088641316587,2024-03,Hampshire Constabulary,Hampshire Constabulary,-1.078623,50.796302,On or near Cumberland Road,E01017031,Portsmouth 028A,Violence and sexual offences,Status update unavailable,
1f6c80052bfc306a6d28ae36e4fb5f534c4e4289190125a543391c25fcf9b251,2024-03,Hampshire Constabulary,Hampshire Constabulary,-1.078468,50.800572,On or near Parking Area,E01017031,Portsmouth 028A,Violence and sexual offences,Action to be taken by another organisation,
67efa2121cb130530f4efd8f15ef37f8285818db4ef9a1162a762d8cc2afb8f5,2024-03,Hampshire Constabulary,Hampshire Constabulary,-1.077987,50.797646,On or near Vivash Road,E01017031,Portsmouth 028A,Violence and sexual offences,Investigation complete; no suspect identified,
b475d295f6cef2057da101bc42e937c2c556f3f15ca71ea0dabb822a96d12800,2024-03,Hampshire Constabulary,Hampshire Constabulary,-1.078468,50.800572,On or near Parking Area,E01017031,Portsmouth 028A,Violence and sexual offences,Investigation complete; no suspect identified,
bf7f64abaf7c5fdf0745302b292f910685cfe78bc7a2e138081a6160f52b3e86,2024-03,Hampshire Constabulary,Hampshire Constabulary,-1.080811,50.801958,On or near Lords Street,E01017031,Portsmouth 028A,Violence and sexual offences,Unable to prosecute suspect,
7cac4388f1f2b4c6dd9169e1316bb37a8536197935891ca57a8c15af6e0f248a,2024-03,Hampshire Constabulary,Hampshire Constabulary,-1.080811,50.801958,On or near Lords Street,E01017031,Portsmouth 028A,Violence and sexual offences,Investigation complete; no suspect identified,
d877b5f15b12675d8a4a860cac3e2a0b4da5c3ba00603c516009c2d5380f4711,2024-03,Hampshire Constabulary,Hampshire Constabulary,-1.082567,50.801432,On or near Fyning Street,E01017040,Portsmouth 028B,Criminal damage and arson,Unable to prosecute suspect,
31fe15b1b6ee90fa98f8a33be98161e562029f0ac76c04c48fca9c8ebfeb20d7,2024-03,Hampshire Constabulary,Hampshire Constabulary,-1.085104,50.801569,On or near Sports/Recreation Area,E01017040,Portsmouth 028B,Criminal damage and arson,Offender given a caution,
153d273dd7d5460341b63993beb87b761b664dc09feaa8b056334c6adb87d536,2024-03,Hampshire Constabulary,Hampshire Constabulary,-1.079364,50.799743,On or near Murefield Road,E01017040,Portsmouth 028B,Other theft,Unable to prosecute suspect,
7d76c49300a79d4d458dbdb0327fb3187be933417529bb21c93f758a0960dc5e,2024-03,Hampshire Constabulary,Hampshire Constabulary,-1.082336,50.800189,On or near Northam Street,E01017040,Portsmouth 028B,Public order,Investigation complete; no suspect identified,
8c2c96779abfa19e758f51061ab571f249d3ebc72b274be2fc921463ce6ba96e,2024-03,Hampshire Constabulary,Hampshire Constabulary,-1.085549,50.800610,On or near Settlers Close,E01017040,Portsmouth 028B,Robbery,Investigation complete; no suspect identified,
309893258eb664af77844c9ce62f31c2ede3736579d07c1b33e5ea2c3e86356e,2024-03,Hampshire Constabulary,Hampshire Constabulary,-1.079929,50.800629,On or near Wimpole Street,E01017040,Portsmouth 028B,Shoplifting,Court result unavailable,
5b8689bba3d204a93c4d72582112e54becc4016be1f74edb59684fd4151870e1,2024-03,Hampshire Constabulary,Hampshire Constabulary,-1.085104,50.801569,On or near Sports/Recreation Area,E01017040,Portsmouth 028B,Violence and sexual offences,Unable to prosecute suspect,
83049b434b237107ef104a1d1f90d60fc7a674462f0957e2be10e474b5ff63c7,2024-03,Hampshire Constabulary,Hampshire Constabulary,-1.079364,50.799743,On or near Murefield Road,E01017040,Portsmouth 028B,Violence and sexual offences,Unable to prosecute suspect,
39e20bcaa83327473c2a4752dcdd60f9b38fb767fb90f91b0701d244abc933d9,2024-03,Hampshire Constabulary,Hampshire Constabulary,-1.082567,50.801432,On or near Fyning Street,E01017040,Portsmouth 028B,Violence and sexual offences,Unable to prosecute suspect,
91fdce718fca6bcef087ae7a66afdf257c609430d95f96c3aa72fcacbbb25786,2024-03,Hampshire Constabulary,Hampshire Constabulary,-1.085104,50.801569,On or near Sports/Recreation Area,E01017040,Portsmouth 028B,Violence and sexual offences,Unable to prosecute suspect,
d01231cc29022d3d6fd48196109dda467435d93d2c4d77d4e30f7ff33b38e5d5,2024-03,Hampshire Constabulary,Hampshire Constabulary,-1.085549,50.800610,On or near Settlers Close,E01017040,Portsmouth 028B,Violence and sexual offences,Unable to prosecute suspect,
b864b760e352d87efa8e824bc9ace4c79e887a51fe482a3707ee47522e6a0636,2024-03,Hampshire Constabulary,Hampshire Constabulary,-1.079364,50.799743,On or near Murefield Road,E01017040,Portsmouth 028B,Violence and sexual offences,Unable to prosecute suspect,
bcaec603b6ed629dc0c092cc442ceec84374e93c8e8533d1482af477b6b6c103,2024-03,Hampshire Constabulary,Hampshire Constabulary,-1.085104,50.801569,On or near Sports/Recreation Area,E01017040,Portsmouth 028B,Violence and sexual offences,Unable to prosecute suspect,
74b99f251354d41b14f03edb40c3be78841e786b5b138a01836ffd1a9257fcc8,2024-03,Hampshire Constabulary,Hampshire Constabulary,-1.085104,50.801569,On or near Sports/Recreation Area,E01017040,Portsmouth 028B,Violence and sexual offences,Unable to prosecute suspect,
3ad9e7cc4b645c8271556adf1765c4339578e4ee362a52b96bfb90f1b7ec1b12,2024-03,Hampshire Constabulary,Hampshire Constabulary,-1.085104,50.801569,On or near Sports/Recreation Area,E01017040,Portsmouth 028B,Violence and sexual offences,Unable to prosecute suspect,
,2024-03,Hampshire Constabulary,Hampshire Constabulary,-1.079413,50.800175,On or near Little Coburg Street,E01017040,Portsmouth 028B,Anti-social behaviour,,
,2024-03,Hampshire Constabulary,Hampshire Constabulary,-1.087209,50.800578,On or near Parking Area,E01017040,Portsmouth 028B,Anti-social behaviour,,
,2024-03,Hampshire Constabulary,Hampshire Constabulary,-1.087209,50.800578,On or near Parking Area,E01017040,Portsmouth 028B,Anti-social behaviour,,
,2024-03,Hampshire Constabulary,Hampshire Constabulary,-1.079929,50.800629,On or near Wimpole Street,E01017040,Portsmouth 028B,Anti-social behaviour,,
,2024-03,Hampshire Constabulary,Hampshire Constabulary,-1.087209,50.800578,On or near Parking Area,E01017040,Portsmouth 028B,Anti-social behaviour,,
,2024-03,Hampshire Constabulary,Hampshire Constabulary,-1.087209,50.800578,On or near Parking Area,E01017040,Portsmouth 028B,Anti-social behaviour,,
,2024-03,Hampshire Constabulary,Hampshire Constabulary,-1.082567,50.801432,On or near Fyning Street,E01017040,Portsmouth 028B,Anti-social behaviour,,
,2024-03,Hampshire Constabulary,Hampshire Constabulary,-1.082567,50.801432,On or near Fyning Street,E01017040,Portsmouth 028B,Anti-social behaviour,,
,2024-03,Hampshire Constabulary,Hampshire Constabulary,-1.085104,50.801569,On or near Sports/Recreation Area,E01017040,Portsmouth 028B,Anti-social behaviour,,
,2024-03,Hampshire Constabulary,Hampshire Constabulary,-1.087209,50.800578,On or near Parking Area,E01017040,Portsmouth 028B,Anti-social behaviour,,
867d3e729ebde622c73a110a9aa88138991d037233cc2f3831db00a13e18b45a,2024-03,Hampshire Constabulary,Hampshire Constabulary,-1.079413,50.800175,On or near Little Coburg Street,E01017040,Portsmouth 028B,Criminal damage and arson,Investigation complete; no suspect identified,
fa8bac158658fc30fe343f3d80d3f71b17b21b9c73d896d77a323749a7e5ee53,2024-03,Hampshire Constabulary,Hampshire Constabulary,-1.087209,50.800578,On or near Parking Area,E01017040,Portsmouth 028B,Theft from the person,Investigation complete; no suspect identified,
99735d8c0d0d79a3b4e1bc19f7540ebc414f79130f7490480d8bc898d59c3c24,2024-03,Hampshire Constabulary,Hampshire Constabulary,-1.086073,50.802116,On or near Church Path North,E01017040,Portsmouth 028B,Vehicle crime,Investigation complete; no suspect identified,
f74c623319951ac4b4f92eedc3646fa7a47e96a8d3bb6668aa2f981857407a85,2024-03,Hampshire Constabulary,Hampshire Constabulary,-1.079929,50.800629,On or near Wimpole Street,E01017040,Portsmouth 028B,Violence and sexual offences,Unable to prosecute suspect,
b3fa432a440d688ee48c35e72446ac883a2b9b84e40740456b35e11135b0f5c1,2024-03,Hampshire Constabulary,Hampshire Constabulary,-1.085104,50.801569,On or near Sports/Recreation Area,E01017040,Portsmouth 028B,Violence and sexual offences,Unable to prosecute suspect,
aa42a14803b615950b955aad78669f9728534a5e2a863ba833b7ef6c6296e822,2024-03,Hampshire Constabulary,Hampshire Constabulary,-1.085498,50.801041,On or near Crasswell Street,E01017040,Portsmouth 028B,Violence and sexual offences,Unable to prosecute suspect,
5bdcd77b78a766d5c6a8927b1f6d69582f99139bec378474e5445bf236d605ec,2024-03,Hampshire Constabulary,Hampshire Constabulary,-1.079364,50.799743,On or near Murefield Road,E01017040,Portsmouth 028B,Violence and sexual offences,Unable to prosecute suspect,
ad0e709c79ff2c27ad01b3837ce47f3968a6226c5b264fe5b916574cf11f4954,2024-03,Hampshire Constabulary,Hampshire Constabulary,-1.079929,50.800629,On or near Wimpole Street,E01017040,Portsmouth 028B,Violence and sexual offences,Local resolution,
a7234d865e3885c634085f42b4eb1dddccd76abc54573f39d5a26e6bda41dd34,2024-03,Hampshire Constabulary,Hampshire Constabulary,-1.087874,50.800709,On or near Buckingham Street,E01017040,Portsmouth 028B,Violence and sexual offences,Unable to prosecute suspect,
a6afd302b67d4d38e54baef5aac395a6a2c5a1998bb2ec3d4401637b29d1b90b,2024-03,Hampshire Constabulary,Hampshire Constabulary,-1.078930,50.804515,On or near Nutfield Place,E01017039,Portsmouth 028C,Criminal damage and arson,Investigation complete; no suspect identified,
4ab4aa5ff1d8fcb84fa93f59645aa9daa079d8507dee9aa38f72e3567cd0c496,2024-03,Hampshire Constabulary,Hampshire Constabulary,-1.079663,50.802605,On or near Crown Street,E01017039,Portsmouth 028C,Other theft,Investigation complete; no suspect identified,
feeb5e15284b1d9b0f080c3f9349eacee5a0f1221d8c018c31a37725251d8f90,2024-03,Hampshire Constabulary,Hampshire Constabulary,-1.078233,50.803889,On or near Bill Sargent Crescent,E01017039,Portsmouth 028C,Public order,Action to be taken by another organisation,
8591c245479b423ea55b59515e7955f8b59ce5bab186e79a9a1e7ad2f7880982,2024-03,Hampshire Constabulary,Hampshire Constabulary,-1.081565,50.803295,On or near Hale Street South,E01017039,Portsmouth 028C,Robbery,Unable to prosecute suspect,
95d39f8bfbf6507631846832c9daa142bdb5e69caf32b2b5012ea82bb3d0ec14,2024-03,Hampshire Constabulary,Hampshire Constabulary,-1.079663,50.802605,On or near Crown Street,E01017039,Portsmouth 028C,Violence and sexual offences,Unable to prosecute suspect,
98715349ae992406051ac1448ab144d4cafd9913e021a09752d71e77b71570ac,2024-03,Hampshire Constabulary,Hampshire Constabulary,-1.078233,50.803889,On or near Bill Sargent Crescent,E01017039,Portsmouth 028C,Violence and sexual offences,Action to be taken by another organisation,
975f96c6ea703be764f9f10f0c63f41cc420c5e638f9ae57604c9945086b0fba,2024-03,Hampshire Constabulary,Hampshire Constabulary,-1.078233,50.803889,On or near Bill Sargent Crescent,E01017039,Portsmouth 028C,Violence and sexual offences,Unable to prosecute suspect,
3f704a20c713dd566510d6dde36a9f207d44a8e275ae655c93f15b87c65436cd,2024-03,Hampshire Constabulary,Hampshire Constabulary,-1.082094,50.803838,On or near Hale Street North,E01017039,Portsmouth 028C,Violence and sexual offences,Unable to prosecute suspect,
e8ae50b80f542877c77a1e970bfd6485911547a1db50c3e91382bda1e37bd9f3,2024-03,Hampshire Constabulary,Hampshire Constabulary,-1.079663,50.802605,On or near Crown Street,E01017039,Portsmouth 028C,Violence and sexual offences,Court result unavailable,
42d3a441a0165431d6ed3e67bb0c65e7b4bcf6c2b924b933414126302e02207f,2024-03,Hampshire Constabulary,Hampshire Constabulary,-1.078603,50.803820,On or near Timpson Road,E01017039,Portsmouth 028C,Violence and sexual offences,Unable to prosecute suspect,
002c1f1fed28ddda5b662d75c954637f6948ea104af3bf0b646c2c860e8c0215,2024-03,Hampshire Constabulary,Hampshire Constabulary,-1.078118,50.801802,On or near Parking Area,E01017039,Portsmouth 028C,Violence and sexual offences,Unable to prosecute suspect,
,2024-03,Hampshire Constabulary,Hampshire Constabulary,-1.080650,50.802946,On or near Church Road,E01017039,Portsmouth 028C,Anti-social behaviour,,
,2024-03,Hampshire Constabulary,Hampshire Constabulary,-1.078233,50.803889,On or near Bill Sargent Crescent,E01017039,Portsmouth 028C,Anti-social behaviour,,
6d76da18a203e2e58470adc72bfcd89f296fdb3e33f97b4f7fa9f2175e9a15df,2024-03,Hampshire Constabulary,Hampshire Constabulary,-1.081834,50.802595,On or near Union Place,E01017039,Portsmouth 028C,Criminal damage and arson,Unable to prosecute suspect,
dd46437d90420dc8d204e3da5978479b2f1df5f27913268e8cd5e1ed86f1120c,2024-03,Hampshire Constabulary,Hampshire Constabulary,-1.081565,50.803295,On or near Hale Street South,E01017039,Portsmouth 028C,Violence and sexual offences,Unable to prosecute suspect,
a7f07b2bd02efbe0169f37e431c6071d671a41b9a3977233cac9e1a4e8809053,2024-03,Hampshire Constabulary,Hampshire Constabulary,-1.082094,50.803838,On or near Hale Street North,E01017039,Portsmouth 028C,Violence and sexual offences,Unable to prosecute suspect,
3bbf56c585e15fd0006146fa758cbaaf909ee4502b0cf78d66808836999d109e,2024-03,Hampshire Constabulary,Hampshire Constabulary,-1.078233,50.803889,On or near Bill Sargent Crescent,E01017039,Portsmouth 028C,Violence and sexual offences,Status update unavailable,
bfa91861c45019c06ad1d31e38db40c458ec1dca625da38d7f8f3f21a8dc6b71,2024-03,Hampshire Constabulary,Hampshire Constabulary,-1.080650,50.802946,On or near Church Road,E01017039,Portsmouth 028C,Violence and sexual offences,Status update unavailable,
3634ecac9dacdb16b76d980c0523ab3952a12d61bc924a508587a3fbdeef8665,2024-03,Hampshire Constabulary,Hampshire Constabulary,-1.078603,50.803820,On or near Timpson Road,E01017039,Portsmouth 028C,Violence and sexual offences,Status update unavailable,
1a5f14a34cba9f5f18d009c927cee304f6dc14aaf3ad0eeef92e64f628514b5b,2024-03,Hampshire Constabulary,Hampshire Constabulary,-0.775872,51.316221,On or near Randell Close,E01023099,Rushmoor 001A,Public order,Unable to prosecute suspect,
9c6a2cdd0bdfe23f2cb15607857bd03491f35749e6c3d73a876cbb8442e0773f,2024-03,Hampshire Constabulary,Hampshire Constabulary,-0.776047,51.312347,On or near Fernhill Road,E01023099,Rushmoor 001A,Violence and sexual offences,Local resolution,
5a8287787af33f8dc96b41f9ad29792567e66165f82b306804236947e8f00df2,2024-03,Hampshire Constabulary,Hampshire Constabulary,-0.768911,51.317353,On or near Orchard Close,E01023099,Rushmoor 001A,Violence and sexual offences,Unable to prosecute suspect,
88abca59851123403732a253caf61790dc4858b93a06487262f755bc1fda1acc,2024-03,Hampshire Constabulary,Hampshire Constabulary,-0.769898,51.316392,On or near Cypress Hill Court,E01023099,Rushmoor 001A,Other crime,Further action is not in the public interest,
f31065dfcab936ae24a708c33e029dea63e9e23adc996fe384d04ebdcb335a56,2024-03,Hampshire Constabulary,Hampshire Constabulary,-0.769898,51.316392,On or near Cypress Hill Court,E01023099,Rushmoor 001A,Other crime,Further action is not in the public interest,
52ac6aa22bcf1a4280f73edb3b1f67684ca6e4282fe2b926a8110a5b25ad915e,2024-03,Hampshire Constabulary,Hampshire Constabulary,-0.769898,51.316392,On or near Cypress Hill Court,E01023099,Rushmoor 001A,Other crime,Further action is not in the public interest,
194c6bf3d5702f8e5deec15b78b46cbd04799f0f84a20833efcd9cdc8a43f723,2024-03,Hampshire Constabulary,Hampshire Constabulary,-0.768911,51.317353,On or near Orchard Close,E01023099,Rushmoor 001A,Other crime,Unable to prosecute suspect,
cb7b9de776a6c969bad7f548116a0f57e267f63107da35196fea48660e9e8a58,2024-03,Hampshire Constabulary,Hampshire Constabulary,-0.771368,51.317244,On or near Fernhill Walk,E01023099,Rushmoor 001A,Criminal damage and arson,Investigation complete; no suspect identified,
c2aa9f44441673fdf0c004a90cdf4fb4c1a5fbee213867fbe694e6f18d36c550,2024-03,Hampshire Constabulary,Hampshire Constabulary,-0.769898,51.316392,On or near Cypress Hill Court,E01023099,Rushmoor 001A,Possession of weapons,Court result unavailable,
418df9170074551735d462eb246a43043937951862ee27df02429797cf18cd93,2024-03,Hampshire Constabulary,Hampshire Constabulary,-0.769898,51.316392,On or near Cypress Hill Court,E01023099,Rushmoor 001A,Violence and sexual offences,Court result unavailable,
ae93b7b06ed2a2b9b427d0bae75e2cc303c109102b3ead0b831fa37cfec7f591,2024-03,Hampshire Constabulary,Hampshire Constabulary,-0.767069,51.318098,On or near Claydon Gardens,E01023104,Rushmoor 001B,Drugs,Offender given a caution,
5345a63a9c132b8d4c1dd2e8b4b4bad1b3dd8d49437986af9eb8e4407db7aef2,2024-03,Hampshire Constabulary,Hampshire Constabulary,-0.767069,51.318098,On or near Claydon Gardens,E01023104,Rushmoor 001B,Drugs,Court result unavailable,
4d2400e8827f4a08cb936e04ee5f1722c440e6db3a80a508f16d69e32ae1aa19,2024-03,Hampshire Constabulary,Hampshire Constabulary,-0.753276,51.307629,On or near Fairfax Road,E01023104,Rushmoor 001B,Other theft,Unable to prosecute suspect,
50a22d9d70701cc1b440c1cfc08afc19819aac6177df244c1b1e3289a192181c,2024-03,Hampshire Constabulary,Hampshire Constabulary,-0.753295,51.306901,On or near Cromwell Way,E01023104,Rushmoor 001B,Violence and sexual offences,Unable to prosecute suspect,
409b18a9fc2f3b3a4ca82ac942cf25c7b4b631c10cf7ac0af57ed93a0b028fb7,2024-03,Hampshire Constabulary,Hampshire Constabulary,-0.758484,51.310778,On or near Churchill Crescent,E01023104,Rushmoor 001B,Violence and sexual offences,Investigation complete; no suspect identified,
7f0ba6de0224d0c4056b0229b7a80a2e7548bd1d4e2ffca500cc2782c486e378,2024-03,Hampshire Constabulary,Hampshire Constabulary,-0.758484,51.310778,On or near Churchill Crescent,E01023104,Rushmoor 001B,Other theft,Investigation complete; no suspect identified,
c2672dad252cddc5e408d3c065cfdea06e3bbed7754c489549b1d0db34fb7c31,2024-03,Hampshire Constabulary,Hampshire Constabulary,-0.753295,51.306901,On or near Cromwell Way,E01023104,Rushmoor 001B,Public order,Investigation complete; no suspect identified,
9685d267aba14793f2d2761054d2f41c47c0c905d929b32da655f7b0c497e9cf,2024-03,Hampshire Constabulary,Hampshire Constabulary,-0.753195,51.310587,On or near Prince Charles Crescent,E01023104,Rushmoor 001B,Vehicle crime,Investigation complete; no suspect identified,
e7085fc807b3e827eafc3a65bc3e45218025db1d84e5204a2a7a475b0d7af93c,2024-03,Hampshire Constabulary,Hampshire Constabulary,-0.753276,51.307629,On or near Fairfax Road,E01023104,Rushmoor 001B,Violence and sexual offences,Status update unavailable,
6bba86d98e70b470f16fcb03e20f5e60d204f422b1e3d44b57b67583b702364a,2024-03,Hampshire Constabulary,Hampshire Constabulary,-0.767977,51.313117,On or near Ratcliffe Road,E01023106,Rushmoor 001C,Bicycle theft,Unable to prosecute suspect,
f1fd16db431791401fba0fd1448d8a2ff2f5fa2e571b60f88571f4f5367ea62d,2024-03,Hampshire Constabulary,Hampshire Constabulary,-0.761002,51.313205,On or near Ley Road,E01023106,Rushmoor 001C,Criminal damage and arson,Court result unavailable,
3c903f771a1c92bbb999e6980249aa4cf70ec49c652481150233237dad85401f,2024-03,Hampshire Constabulary,Hampshire Constabulary,-0.767977,51.313117,On or near Ratcliffe Road,E01023106,Rushmoor 001C,Criminal damage and arson,Unable to prosecute suspect,
b835812142d9e9cfc482bea13aa802faf5273cbe7426f659f7a9281014f71216,2024-03,Hampshire Constabulary,Hampshire Constabulary,-0.767977,51.313117,On or near Ratcliffe Road,E01023106,Rushmoor 001C,Violence and sexual offences,Unable to prosecute suspect,
f053076a9b4f8ef8ee3eb9461eaf216b99bfe66b7f229d2fe96a26629faa9b58,2024-03,Hampshire Constabulary,Hampshire Constabulary,-0.767977,51.313117,On or near Ratcliffe Road,E01023106,Rushmoor 001C,Violence and sexual offences,Unable to prosecute suspect,
,2024-03,Hampshire Constabulary,Hampshire Constabulary,-0.767977,51.313117,On or near Ratcliffe Road,E01023106,Rushmoor 001C,Anti-social behaviour,,
5da05cd5349b6fd45f2c44fbd0e2914e5cb922809af01c433bb5a7baecdc4143,2024-03,Hampshire Constabulary,Hampshire Constabulary,-0.757961,51.311554,On or near Churchill Close,E01023106,Rushmoor 001C,Criminal damage and arson,Investigation complete; no suspect identified,
22dabcc8b198eb3a846829dbb1b3ba8e3c68afca10af7c26ca1e40cd9e08d10c,2024-03,Hampshire Constabulary,Hampshire Constabulary,-0.761435,51.311510,On or near Hindell Close,E01023106,Rushmoor 001C,Other theft,Investigation complete; no suspect identified,
a77719b3d5f5110fed5e41a2af21363bc844e9b30e1b0645e63929452a06872d,2024-03,Hampshire Constabulary,Hampshire Constabulary,-0.757961,51.311554,On or near Churchill Close,E01023106,Rushmoor 001C,Public order,Investigation complete; no suspect identified,
5383bf4bcc472589539bacecd2968686668da1ac445bd8bb6fd719f576ec4175,2024-03,Hampshire Constabulary,Hampshire Constabulary,-0.765448,51.311356,On or near Sports/Recreation Area,E01023106,Rushmoor 001C,Public order,Status update unavailable,
54150e620bdf7047d2c7659f8e83e3f50dc13a6ecb5ad42e62ae4b8d3425ac07,2024-03,Hampshire Constabulary,Hampshire Constabulary,-0.765448,51.311356,On or near Sports/Recreation Area,E01023106,Rushmoor 001C,Robbery,Status update unavailable,
d41e0371c5b5a8d935733b6347ece0b0431b3876ad3f00c4cc030a52bb71064b,2024-03,Hampshire Constabulary,Hampshire Constabulary,-0.761002,51.313205,On or near Ley Road,E01023106,Rushmoor 001C,Violence and sexual offences,Status update unavailable,
dc3b5c883fe30aca4cca0ac07d4763ec4c82f879fae5b2caea69d6018e40987e,2024-03,Hampshire Constabulary,Hampshire Constabulary,-0.767977,51.313117,On or near Ratcliffe Road,E01023106,Rushmoor 001C,Violence and sexual offences,Investigation complete; no suspect identified,
1b01cc80be7e0eec4170b5c666b4e14c64590ce4123498e175f9804d2c4becd7,2024-03,Hampshire Constabulary,Hampshire Constabulary,-0.760251,51.312829,On or near Priors Close,E01023106,Rushmoor 001C,Violence and sexual offences,Local resolution,
70163187a4dddc1d3672da74cbfb35462f6384bd0ade4766ffd44fbf3c802e9f,2024-03,Hampshire Constabulary,Hampshire Constabulary,-0.767977,51.313117,On or near Ratcliffe Road,E01023106,Rushmoor 001C,Violence and sexual offences,Status update unavailable,
e9edbee41dc15e0dfad2d7cadfb494a12045fad02b2d17feb2a93cec07bed6ae,2024-03,Hampshire Constabulary,Hampshire Constabulary,-0.765524,51.314728,On or near Mallard Place,E01023106,Rushmoor 001C,Violence and sexual offences,Status update unavailable,
b400f35c5a37660662775a4dd0b7ecc50831c4d2288f4c51accd07b343c9b42d,2024-03,Hampshire Constabulary,Hampshire Constabulary,-0.769077,51.312247,On or near Curly Bridge Close,E01023121,Rushmoor 001D,Drugs,Local resolution,
468d2562cd93e15733dde3b6345bdc4d2a1ed6395f4dcb4d1274f0ee943f270f,2024-03,Hampshire Constabulary,Hampshire Constabulary,-0.772123,51.307765,On or near Lynn Way,E01023121,Rushmoor 001D,Public order,Investigation complete; no suspect identified,
2ac6e4e6df7482a1adf2d21410a43fde762e988bf051891d4a87f6951cf2c288,2024-03,Hampshire Constabulary,Hampshire Constabulary,-0.774587,51.310075,On or near Ashridge,E01023121,Rushmoor 001D,Violence and sexual offences,Unable to prosecute suspect,
789865d7607ed2cd4f64757aae96dc8647164f70c68d1c0c239de6ae96b9ce6b,2024-03,Hampshire Constabulary,Hampshire Constabulary,-0.774587,51.310075,On or near Ashridge,E01023121,Rushmoor 001D,Violence and sexual offences,Unable to prosecute suspect,
6f6b9771993095bc448e7819017015a8ce1821a41505a637e24aaaa0f2bce20c,2024-03,Hampshire Constabulary,Hampshire Constabulary,-0.768040,51.308100,On or near Wren Way,E01023121,Rushmoor 001D,Violence and sexual offences,Status update unavailable,
968c39d251be772d53c6d96d2ca1ba4432c7fac49efc5af5674c11542d802929,2024-03,Hampshire Constabulary,Hampshire Constabulary,-0.769077,51.312247,On or near Curly Bridge Close,E01023121,Rushmoor 001D,Violence and sexual offences,Unable to prosecute suspect,
d7d508f8796ffd86a5520688581ab772b226e75bc7b024c3b4be411689c37c8b,2024-03,Hampshire Constabulary,Hampshire Constabulary,-0.762284,51.310405,On or near Sports/Recreation Area,E01023105,Rushmoor 002A,Public order,Local resolution,
87196f0346052c5b6486905f9f3617b0fb3c2a171161aaabbfde9e7206326dac,2024-03,Hampshire Constabulary,Hampshire Constabulary,-0.761301,51.309567,On or near Peach Tree Close,E01023105,Rushmoor 002A,Robbery,Investigation complete; no suspect identified,
744e9db731f268fa844ea8613363ff7af15869f6eca93c0925dcb8214ff20e8b,2024-03,Hampshire Constabulary,Hampshire Constabulary,-0.755772,51.307080,On or near Sedgemoor,E01023105,Rushmoor 002A,Violence and sexual offences,Investigation complete; no suspect identified,
,2024-03,Hampshire Constabulary,Hampshire Constabulary,-0.758574,51.309043,On or near Scott'S Court,E01023105,Rushmoor 002A,Anti-social behaviour,,
,2024-03,Hampshire Constabulary,Hampshire Constabulary,-0.762284,51.310405,On or near Sports/Recreation Area,E01023105,Rushmoor 002A,Anti-social behaviour,,
3cf9737891008a21fc76e722a4c7863d7d8c9c49195451318e10078d93e8ea35,2024-03,Hampshire Constabulary,Hampshire Constabulary,-0.758574,51.309043,On or near Scott'S Court,E01023105,Rushmoor 002A,Burglary,Status update unavailable,
00943ee65c2d54c87b49abf8a1c8586b3512036de1331c270edfe1a7cb94f51c,2024-03,Hampshire Constabulary,Hampshire Constabulary,-0.759455,51.308846,On or near Willow Crescent,E01023105,Rushmoor 002A,Violence and sexual offences,Status update unavailable,
f22ab69ce9ad47b64d9941fd27a112d129a7f95f500ff640a341f9ae215817ec,2024-03,Hampshire Constabulary,Hampshire Constabulary,-0.760885,51.307935,On or near Almond Close,E01023105,Rushmoor 002A,Violence and sexual offences,Investigation complete; no suspect identified,
6a9e3e9ecfdfb1e1636b26ba466de51f88abfd8ea8eb9b448662b590d175832d,2024-03,Hampshire Constabulary,Hampshire Constabulary,-0.762284,51.310405,On or near Sports/Recreation Area,E01023105,Rushmoor 002A,Violence and sexual offences,Investigation complete; no suspect identified,
be238940e83a445e2b4675734ac12201fc71e34fd8d22075c885b792cb8d6462,2024-03,Hampshire Constabulary,Hampshire Constabulary,-0.763978,51.307086,On or near Stratton Walk,E01023119,Rushmoor 002B,Violence and sexual offences,Local resolution,
30e5aa69d1a955e4363f01e849f93546cb3697e489f88cc39f818258508eb0fd,2024-03,Hampshire Constabulary,Hampshire Constabulary,-0.763993,51.308669,On or near Robin Hood Close,E01023119,Rushmoor 002B,Violence and sexual offences,Unable to prosecute suspect,
29c5aab0eef277af44d6882266cbd34742156c1a1cf64de3844bef24ed518e92,2024-03,Hampshire Constabulary,Hampshire Constabulary,-0.763993,51.308669,On or near Robin Hood Close,E01023119,Rushmoor 002B,Violence and sexual offences,Unable to prosecute suspect,
,2024-03,Hampshire Constabulary,Hampshire Constabulary,-0.764347,51.306703,On or near Spring Gardens,E01023119,Rushmoor 002B,Anti-social behaviour,,
,2024-03,Hampshire Constabulary,Hampshire Constabulary,-0.763978,51.307086,On or near Stratton Walk,E01023119,Rushmoor 002B,Anti-social behaviour,,
,2024-03,Hampshire Constabulary,Hampshire Constabulary,-0.763978,51.307086,On or near Stratton Walk,E01023119,Rushmoor 002B,Anti-social behaviour,,
,2024-03,Hampshire Constabulary,Hampshire Constabulary,-0.763978,51.307086,On or near Stratton Walk,E01023119,Rushmoor 002B,Anti-social behaviour,,
1184c2fa1293bed7f68f85a570d0461f6b89f66c7c24f036741423db2cb0f12f,2024-03,Hampshire Constabulary,Hampshire Constabulary,-0.764841,51.304883,On or near Totland Close,E01023119,Rushmoor 002B,Violence and sexual offences,Investigation complete; no suspect identified,
e51b31383a9f28a074d05da736c116953fb49919545fbfd49f235527b36add4d,2024-03,Hampshire Constabulary,Hampshire Constabulary,-0.764841,51.304883,On or near Totland Close,E01023119,Rushmoor 002B,Violence and sexual offences,Unable to prosecute suspect,
86d6c5628d0f4abc7c4212ff8c9d045cd27ceb971d22aa8903d518ae3e27b63c,2024-03,Hampshire Constabulary,Hampshire Constabulary,-0.765917,51.303806,On or near Ballantyne Road,E01023120,Rushmoor 002C,Burglary,Investigation complete; no suspect identified,
a189a626f65bd9c0bf864cda2ff2afa745d054a6a486e57b15394f8d46acf4eb,2024-03,Hampshire Constabulary,Hampshire Constabulary,-0.763305,51.308113,On or near Lulworth Close,E01023120,Rushmoor 002C,Drugs,Court result unavailable,
d9c28f82854ac5b9406df54da856e7297f3a7c67f7725f9450cb2d4c8e26adec,2024-03,Hampshire Constabulary,Hampshire Constabulary,-0.761152,51.306040,On or near Bracklesham Close,E01023120,Rushmoor 002C,Vehicle crime,Investigation complete; no suspect identified,
dd9e855a1845ef8b39977840b2309d7898fc60cf6be5b56501b75ccce1df95be,2024-03,Hampshire Constabulary,Hampshire Constabulary,-0.763340,51.306270,On or near Belstone Mews,E01023120,Rushmoor 002C,Vehicle crime,Investigation complete; no suspect identified,
2b1008fe1f11305e199a96001172f05a22faf4a97a1eb645b2daa24ef8f2d15c,2024-03,Hampshire Constabulary,Hampshire Constabulary,-0.763340,51.306270,On or near Belstone Mews,E01023120,Rushmoor 002C,Violence and sexual offences,Investigation complete; no suspect identified,
803f38e84525ac9bf2bd291d0d2bf43dfb7c6cdd6fcd05e6a2bb11b955b614b1,2024-03,Hampshire Constabulary,Hampshire Constabulary,-0.763340,51.306270,On or near Belstone Mews,E01023120,Rushmoor 002C,Violence and sexual offences,Investigation complete; no suspect identified,
0a8e70887ae87e13c9c91610d71bb6502f642608f6d2c2db71cc0e4fa695451d,2024-03,Hampshire Constabulary,Hampshire Constabulary,-0.763340,51.306270,On or near Belstone Mews,E01023120,Rushmoor 002C,Violence and sexual offences,Unable to prosecute suspect,
e22c2822f417af61fd7078310517fdab7f3148321c23298feb01ed8d88f2f5c6,2024-03,Hampshire Constabulary,Hampshire Constabulary,-0.763340,51.306270,On or near Belstone Mews,E01023120,Rushmoor 002C,Violence and sexual offences,Local resolution,
,2024-03,Hampshire Constabulary,Hampshire Constabulary,-0.763340,51.306270,On or near Belstone Mews,E01023120,Rushmoor 002C,Anti-social behaviour,,
,2024-03,Hampshire Constabulary,Hampshire Constabulary,-0.761620,51.307304,On or near Runnymede Court,E01023120,Rushmoor 002C,Anti-social behaviour,,
4ca03f84bec7db0e529bacf38683b706af02f65d1281fed9d8ad9552233556fb,2024-03,Hampshire Constabulary,Hampshire Constabulary,-0.762113,51.307102,On or near Holywell Close,E01023120,Rushmoor 002C,Criminal damage and arson,Investigation complete; no suspect identified,
deb5b3ef74782df57c76496ecd1518e8c7519f1eef0eccaf714225076b646763,2024-03,Hampshire Constabulary,Hampshire Constabulary,-0.762661,51.303259,On or near Austen Road,E01023120,Rushmoor 002C,Possession of weapons,Investigation complete; no suspect identified,
735cf776e670cc4b10c571f45d2c28a3ba29b3a1eeb52c192019e84cfc6c8511,2024-03,Hampshire Constabulary,Hampshire Constabulary,-0.762661,51.303259,On or near Austen Road,E01023120,Rushmoor 002C,Robbery,Investigation complete; no suspect identified,
0c65a563913d55c4c493062594bed294786f06b958a45380d7090c2d57c68092,2024-03,Hampshire Constabulary,Hampshire Constabulary,-0.762661,51.303259,On or near Austen Road,E01023120,Rushmoor 002C,Robbery,Investigation complete; no suspect identified,
c465ef318df3a0d671ecdaf536e040afa3f1456815959f5602e0de09a174a215,2024-03,Hampshire Constabulary,Hampshire Constabulary,-0.762113,51.307102,On or near Holywell Close,E01023120,Rushmoor 002C,Vehicle crime,Investigation complete; no suspect identified,
64d64c69271207bed6a7765eca1bfb98b0ac24daf1551bae68de7753f77effbd,2024-03,Hampshire Constabulary,Hampshire Constabulary,-0.760515,51.305161,On or near Aldwick Close,E01023120,Rushmoor 002C,Violence and sexual offences,Unable to prosecute suspect,
008d658edd76e4d78e786b85ec2c97dc7d0921ed80c71542a57e514384ad9052,2024-03,Hampshire Constabulary,Hampshire Constabulary,-0.763340,51.306270,On or near Belstone Mews,E01023120,Rushmoor 002C,Violence and sexual offences,Unable to prosecute suspect,
65d1472578a62e038ecfee0fe7fa9b51d99481427f342354fc137675af4ed4d4,2024-03,Hampshire Constabulary,Hampshire Constabulary,-0.763305,51.308113,On or near Lulworth Close,E01023120,Rushmoor 002C,Other crime,Status update unavailable,
7544b1317e46dd09665c0fcd83878eb6dd27a1ecfc9af8d4923a68d1bc1f26d7,2024-03,Hampshire Constabulary,Hampshire Constabulary,-0.767232,51.304531,On or near Mayfield Road,E01023122,Rushmoor 002D,Burglary,Investigation complete; no suspect identified,
c96ddd1eeeb0aabe51386ebcf4fe2d0483b2410e43f96217a77a119b27dd8760,2024-03,Hampshire Constabulary,Hampshire Constabulary,-0.768724,51.303971,On or near Chaucer Road,E01023122,Rushmoor 002D,Public order,Court result unavailable,
476ad97f553d77bd1ce0e14946e64f4969840c5b58df34f0f744b5091884ed11,2024-03,Hampshire Constabulary,Hampshire Constabulary,-0.767232,51.304531,On or near Mayfield Road,E01023122,Rushmoor 002D,Public order,Investigation complete; no suspect identified,
977ad2a6f3fe0b31c096a307e646550f604033cbb025fbfee30a38c1c35b0d7a,2024-03,Hampshire Constabulary,Hampshire Constabulary,-0.766803,51.303383,On or near Race Track,E01023122,Rushmoor 002D,Violence and sexual offences,Action to be taken by another organisation,
d28bc1c8ba16332370095d70ae968c76b36e8a1f52729b6910c404e795beded3,2024-03,Hampshire Constabulary,Hampshire Constabulary,-0.768550,51.305642,On or near Caswell Close,E01023122,Rushmoor 002D,Criminal damage and arson,Investigation complete; no suspect identified,
f83aa6faf83a6e93ba79926fe6431c1f977dc877fa35c802d0e85269a057fe3d,2024-03,Hampshire Constabulary,Hampshire Constabulary,-0.766670,51.307816,On or near Bideford Close,E01023122,Rushmoor 002D,Violence and sexual offences,Unable to prosecute suspect,
d079f916b3ac35abc8b5bf62ff0694b0b11392184c65f9aa2b12a06bfffecb08,2024-03,Hampshire Constabulary,Hampshire Constabulary,-0.766670,51.307816,On or near Bideford Close,E01023122,Rushmoor 002D,Violence and sexual offences,Status update unavailable,
58132260ade74b9e42665f15b499f3f0f6cfe2b8623c2ca0f3a83ba30de00fc3,2024-03,Hampshire Constabulary,Hampshire Constabulary,-0.772030,51.304806,On or near Kingsley Road,E01023146,Rushmoor 002E,Criminal damage and arson,Court result unavailable,
394a936201f095019fe5f59f855b9c9a11c55cafa2025cc9c401612ff9d15608,2024-03,Hampshire Constabulary,Hampshire Constabulary,-0.769557,51.302882,On or near Burns Close,E01023146,Rushmoor 002E,Violence and sexual offences,Court result unavailable,
59c2175c952d66b2f4a2e1867bf9b06ac784a5702ee03ef98c5eab3aa0b61b65,2024-03,Hampshire Constabulary,Hampshire Constabulary,-0.772030,51.304806,On or near Kingsley Road,E01023146,Rushmoor 002E,Violence and sexual offences,Court result unavailable,
b7b78c99d0417c1cb78ab22f32ce63237de855f8f7f5e28ae490bc749353ad98,2024-03,Hampshire Constabulary,Hampshire Constabulary,-0.772030,51.304806,On or near Kingsley Road,E01023146,Rushmoor 002E,Violence and sexual offences,Court result unavailable,
d6c284df87ec807f4f86fac4a1486376ab8c02c1f3a6496a9f8c24e32b24bf10,2024-03,Hampshire Constabulary,Hampshire Constabulary,-0.773708,51.305911,On or near Whittle Crescent,E01023146,Rushmoor 002E,Violence and sexual offences,Investigation complete; no suspect identified,
40b651c1df44d84d13dcf37ccd4d0a0f014b2b566d01a53521cb44a1aa70b585,2024-03,Hampshire Constabulary,Hampshire Constabulary,-0.770610,51.302651,On or near Dryden Road,E01023146,Rushmoor 002E,Violence and sexual offences,Unable to prosecute suspect,
208549b0e9ef5505a85e0d189a4374cf4e52701abafb170440c2d2e69b8ee2a5,2024-03,Hampshire Constabulary,Hampshire Constabulary,-0.769557,51.302882,On or near Burns Close,E01023146,Rushmoor 002E,Public order,Unable to prosecute suspect,
58aa380e106fc7c315896b13f0b41e75a32de80de5d6023a272571464e091340,2024-03,Hampshire Constabulary,Hampshire Constabulary,-0.770610,51.302651,On or near Dryden Road,E01023146,Rushmoor 002E,Public order,Investigation complete; no suspect identified,
6dadeb01083db98b43312e222ed193e075de44a7b1acd843963be01566ac0ec6,2024-03,Hampshire Constabulary,Hampshire Constabulary,-0.772030,51.304806,On or near Kingsley Road,E01023146,Rushmoor 002E,Public order,Investigation complete; no suspect identified,
5fb6df349c817df235c9ec93f267232be3d8674c28b8a5f38998a5862b110f1e,2024-03,Hampshire Constabulary,Hampshire Constabulary,-0.768531,51.301550,On or near Shelley Rise,E01023146,Rushmoor 002E,Violence and sexual offences,Unable to prosecute suspect,
98fdd548534c3f9520bd3528d2eeb50bf9fe46f05916065ca9ba61c739721fb7,2024-03,Hampshire Constabulary,Hampshire Constabulary,-0.788719,51.307902,On or near Bartons Way,E01023100,Rushmoor 003A,Violence and sexual offences,Unable to prosecute suspect,
622dd74e6ed4883cbef0abf322ba8d1603e126e17b6072007ec0f8ad43470884,2024-03,Hampshire Constabulary,Hampshire Constabulary,-0.788719,51.307902,On or near Bartons Way,E01023100,Rushmoor 003A,Violence and sexual offences,Unable to prosecute suspect,
e109413daa03d991153fb9ba5bed6d0b119635d3bbcea7df9143447aab84fc0d,2024-03,Hampshire Constabulary,Hampshire Constabulary,-0.788719,51.307902,On or near Bartons Way,E01023100,Rushmoor 003A,Violence and sexual offences,Unable to prosecute suspect,
,2024-03,Hampshire Constabulary,Hampshire Constabulary,-0.788719,51.307902,On or near Bartons Way,E01023100,Rushmoor 003A,Anti-social behaviour,,
e2ec121eacc94b85450c3818e6c0caadc885b7f1e3a2934f6925574bd90ed41a,2024-03,Hampshire Constabulary,Hampshire Constabulary,-0.776186,51.311432,On or near Supermarket,E01023101,Rushmoor 003B,Shoplifting,Court result unavailable,
b8a0fe997c91c6e712c55810b29de66975ee13ee782ca778fd8e30072e7735ea,2024-03,Hampshire Constabulary,Hampshire Constabulary,-0.783589,51.308218,On or near Lakeside Gardens,E01023101,Rushmoor 003B,Vehicle crime,Investigation complete; no suspect identified,
24fa6d86cad4c1b098c4799618b308c68a95d55789967942b3428458f3a48ca0,2024-03,Hampshire Constabulary,Hampshire Constabulary,-0.777949,51.308276,On or near Cheviot Close,E01023102,Rushmoor 003C,Violence and sexual offences,Unable to prosecute suspect,
0a5249b6d7eef14bb9367a91b0e8a065b5d3520538827cc85e761b595ef9066a,2024-03,Hampshire Constabulary,Hampshire Constabulary,-0.790860,51.303923,On or near Nightjar Close,E01023102,Rushmoor 003C,Violence and sexual offences,Unable to prosecute suspect,
19a04c5011089b035564365255dd969c6bc937cc327c254afef38866805a05b8,2024-03,Hampshire Constabulary,Hampshire Constabulary,-0.784463,51.307705,On or near Sandy Lane,E01023102,Rushmoor 003C,Violence and sexual offences,Court result unavailable,
,2024-03,Hampshire Constabulary,Hampshire Constabulary,-0.779302,51.307561,On or near Cairngorm Place,E01023102,Rushmoor 003C,Anti-social behaviour,,
5421dc8d1f0229c5c58b24bed572b5eb6296b8f2417e4c192c28052ad39dd385,2024-03,Hampshire Constabulary,Hampshire Constabulary,-0.790860,51.303923,On or near Nightjar Close,E01023102,Rushmoor 003C,Criminal damage and arson,Unable to prosecute suspect,
05b8e19b998b0c7e8ef3d83f400759f51fcd0f3470c825e7ac9bcdda45100637,2024-03,Hampshire Constabulary,Hampshire Constabulary,-0.783622,51.303164,On or near Forth Close,E01023134,Rushmoor 003D,Violence and sexual offences,Local resolution,
b2ded513eb2e79029a2b494acff31edd21d29e493cf4ceb82efa336786d43eef,2024-03,Hampshire Constabulary,Hampshire Constabulary,-0.784397,51.303685,On or near Mole Close,E01023134,Rushmoor 003D,Burglary,Investigation complete; no suspect identified,
007d567ade3142b326c784e2f652da2828267efa04f16df3e1671bb8ebf5b908,2024-03,Hampshire Constabulary,Hampshire Constabulary,-0.792200,51.300978,On or near Ruth Close,E01023134,Rushmoor 003D,Drugs,Local resolution,
3b6cf8c4d804a22325deb858234b195e915d94ad9e138912187ece7bad6fedcd,2024-03,Hampshire Constabulary,Hampshire Constabulary,-0.785530,51.303166,On or near Meon Close,E01023134,Rushmoor 003D,Vehicle crime,Investigation complete; no suspect identified,
f27f20ad6cbb3b0c795f91c6831d392b8a7a329ae3e4845047cb6ebd14a922ed,2024-03,Hampshire Constabulary,Hampshire Constabulary,-0.784397,51.303685,On or near Mole Close,E01023134,Rushmoor 003D,Vehicle crime,Investigation complete; no suspect identified,
fcc485bbdff8e80ed0916a1e99125cdbe53c5229c082ea38bc8e9fe81cb0135e,2024-03,Hampshire Constabulary,Hampshire Constabulary,-0.778603,51.306322,On or near Medway Drive,E01023147,Rushmoor 003E,Other theft,Unable to prosecute suspect,
73aa9e6df7004917e7221f6321efdc35cfbc32fa8712f779ead980acbb34b51c,2024-03,Hampshire Constabulary,Hampshire Constabulary,-0.775769,51.302318,On or near Hanover Gardens,E01023147,Rushmoor 003E,Violence and sexual offences,Unable to prosecute suspect,
070c249a9ea0a8f5f65fea6437c40b8fde69ff716d1019cfcd8887982d3f2c60,2024-03,Hampshire Constabulary,Hampshire Constabulary,-0.775712,51.301220,On or near Birchett Road,E01023147,Rushmoor 003E,Violence and sexual offences,Unable to prosecute suspect,
def2451f6fc0ee7709cc88bea7493427617e172a9fb75d76e7b1b03fcad6ff77,2024-03,Hampshire Constabulary,Hampshire Constabulary,-0.775769,51.302318,On or near Hanover Gardens,E01023147,Rushmoor 003E,Violence and sexual offences,Local resolution,
,2024-03,Hampshire Constabulary,Hampshire Constabulary,-0.777123,51.305866,On or near Rother Road,E01023147,Rushmoor 003E,Anti-social behaviour,,
6b9cd174a690980a051df15c9c910bfa45ae52d3c95ae86b336c0f558383432f,2024-03,Hampshire Constabulary,Hampshire Constabulary,-0.778603,51.306322,On or near Medway Drive,E01023147,Rushmoor 003E,Violence and sexual offences,Status update unavailable,
89405d9907b47eb443cc80f5fa3d977689e15e55c83cf9979d87b4869ad8479c,2024-03,Hampshire Constabulary,Hampshire Constabulary,-0.743357,51.294161,On or near Barnes Close,E01023096,Rushmoor 004A,Vehicle crime,Investigation complete; no suspect identified,
986bd5b0a06530f95f5516bf1a388f3e696778a30a91f95603baf1364c527616,2024-03,Hampshire Constabulary,Hampshire Constabulary,-0.742208,51.292638,On or near Ashley Road,E01023096,Rushmoor 004A,Violence and sexual offences,Unable to prosecute suspect,
83852cfd79c0b98e153a7597f6e2f9f7746c417d98bd65a6b58757564d975da1,2024-03,Hampshire Constabulary,Hampshire Constabulary,-0.752064,51.294640,On or near Coombe Way,E01023096,Rushmoor 004A,Violence and sexual offences,Unable to prosecute suspect,
,2024-03,Hampshire Constabulary,Hampshire Constabulary,-0.754340,51.292165,On or near Shopping Area,E01023096,Rushmoor 004A,Anti-social behaviour,,
,2024-03,Hampshire Constabulary,Hampshire Constabulary,-0.754267,51.293810,On or near Parking Area,E01023096,Rushmoor 004A,Anti-social behaviour,,
97265cc604336832111af1eef88af46f6fa8477d57c5beb6af5b749f873724bd,2024-03,Hampshire Constabulary,Hampshire Constabulary,-0.743357,51.294161,On or near Barnes Close,E01023096,Rushmoor 004A,Criminal damage and arson,Investigation complete; no suspect identified,
0fde110ba0e4758b1a701869416646537945ffe5691c1c3d75a17ff09f5b398f,2024-03,Hampshire Constabulary,Hampshire Constabulary,-0.752701,51.293910,On or near Parking Area,E01023096,Rushmoor 004A,Criminal damage and arson,Investigation complete; no suspect identified,
ccd3de3148c8dd18f6d7cd0e777a773a7f17685df1f14d4fd38291c7ff3e0758,2024-03,Hampshire Constabulary,Hampshire Constabulary,-0.753823,51.292186,On or near Petrol Station,E01023096,Rushmoor 004A,Other theft,Investigation complete; no suspect identified,
5441496528c19cbd667ae524db89f49f1b60e785e27bf1d9fca9f861677c832b,2024-03,Hampshire Constabulary,Hampshire Constabulary,-0.752703,51.296473,On or near Jubilee Hall Road,E01023096,Rushmoor 004A,Other theft,Investigation complete; no suspect identified,
942c9e620c5d78e0a251976ad89825d6f29a2a20df9272b1f04e9146dd629325,2024-03,Hampshire Constabulary,Hampshire Constabulary,-0.748998,51.294536,On or near Abbey Way,E01023096,Rushmoor 004A,Vehicle crime,Investigation complete; no suspect identified,
1db4a4ed59707d41a5ea075767012ea37b1d48954d239ba52c91f65cffb6d833,2024-03,Hampshire Constabulary,Hampshire Constabulary,-0.744700,51.290668,On or near Wymering Court,E01023096,Rushmoor 004A,Vehicle crime,Investigation complete; no suspect identified,
778b04fc1ffa5097af5d1f3f146b6e548bdd0c3002c6831c02939acbd6b19d0d,2024-03,Hampshire Constabulary,Hampshire Constabulary,-0.743357,51.294161,On or near Barnes Close,E01023096,Rushmoor 004A,Vehicle crime,Investigation complete; no suspect identified,
1906e4f4349e3af85552dd4edd3f1ad86673f991b8725e6d07d563acbe7cf1a6,2024-03,Hampshire Constabulary,Hampshire Constabulary,-0.743357,51.294161,On or near Barnes Close,E01023096,Rushmoor 004A,Vehicle crime,Investigation complete; no suspect identified,
8d94a481632e5c47001a72bc622cbc8500a63499e1ff7cdaab67f5d618f613c6,2024-03,Hampshire Constabulary,Hampshire Constabulary,-0.748998,51.294536,On or near Abbey Way,E01023096,Rushmoor 004A,Vehicle crime,Investigation complete; no suspect identified,
55923bf4bb25330b6da8be6ad459e47976a5c687d09ec0b0fa75bbe87a634b0e,2024-03,Hampshire Constabulary,Hampshire Constabulary,-0.752064,51.294640,On or near Coombe Way,E01023096,Rushmoor 004A,Violence and sexual offences,Unable to prosecute suspect,
9afcadd53a7cf647e26578cd8ad00d579abfec5964903ba2e39b2df158c466d3,2024-03,Hampshire Constabulary,Hampshire Constabulary,-0.752703,51.296473,On or near Jubilee Hall Road,E01023096,Rushmoor 004A,Violence and sexual offences,Unable to prosecute suspect,
3a676bd0649d456adbff36f6d9912e4f417cbab9278455f38995570a42d6e8ff,2024-03,Hampshire Constabulary,Hampshire Constabulary,-0.748998,51.294536,On or near Abbey Way,E01023096,Rushmoor 004A,Violence and sexual offences,Unable to prosecute suspect,
a664031815ace0924fe3554dcabc7a363560e4ed2e884f78a8f1e222c8b1f5a6,2024-03,Hampshire Constabulary,Hampshire Constabulary,-0.760873,51.295588,On or near Sullivan Close,E01023097,Rushmoor 004B,Criminal damage and arson,Court result unavailable,
d6e347c85f36c07f091d98f09ba82ad05c24b725dafe2445ab0727c131f56258,2024-03,Hampshire Constabulary,Hampshire Constabulary,-0.755577,51.296278,On or near Parking Area,E01023097,Rushmoor 004B,Violence and sexual offences,Unable to prosecute suspect,
52bf0a6d1d79ccf3fb01bdf9ae54f7581c3d36d5eaf46a65fd7da5543324bfb8,2024-03,Hampshire Constabulary,Hampshire Constabulary,-0.760873,51.295588,On or near Sullivan Close,E01023097,Rushmoor 004B,Vehicle crime,Investigation complete; no suspect identified,
63be6b661e1e0b8032d47d599a1b732e2b3f589682312906a9b7991e9f1b1dde,2024-03,Hampshire Constabulary,Hampshire Constabulary,-0.755577,51.296278,On or near Parking Area,E01023097,Rushmoor 004B,Violence and sexual offences,Investigation complete; no suspect identified,
6cecad5e2dc80dc143f11772e9995419aee5baa4baed3bb3fd54a88a0df2d296,2024-03,Hampshire Constabulary,Hampshire Constabulary,-0.755577,51.296278,On or near Parking Area,E01023097,Rushmoor 004B,Violence and sexual offences,Status update unavailable,
2b3b8333e874a49081671f92c47ceeb6d7b48c2337cd1d4d64fcb60230eff6e9,2024-03,Hampshire Constabulary,Hampshire Constabulary,-0.755577,51.296278,On or near Parking Area,E01023097,Rushmoor 004B,Violence and sexual offences,Status update unavailable,
18d06b21bfa31764c70740b0b1e3ea9053b2ba2cf24c0f424611380aea644a97,2024-03,Hampshire Constabulary,Hampshire Constabulary,-0.760873,51.295588,On or near Sullivan Close,E01023097,Rushmoor 004B,Violence and sexual offences,Action to be taken by another organisation,
c293a7465152b77bde53b4d0184f810e5f5c95aab951e2f47478a9efaeec7de8,2024-03,Hampshire Constabulary,Hampshire Constabulary,-0.751089,51.307831,On or near Lancaster Way,E01023103,Rushmoor 004C,Burglary,Unable to prosecute suspect,
517017f76901040f4e90c6257821ae1e2e5ac60fc4d0b969cceeb9f733f1fc0b,2024-03,Hampshire Constabulary,Hampshire Constabulary,-0.745121,51.303639,On or near Newton Road,E01023103,Rushmoor 004C,Other theft,Unable to prosecute suspect,
1ceabbea94f6a0adc8f1b7ea47a045c39f67538a7a6c54052bfef1f399c6f825,2024-03,Hampshire Constabulary,Hampshire Constabulary,-0.748632,51.308497,On or near Farnborough Gate,E01023103,Rushmoor 004C,Public order,Unable to prosecute suspect,
a0b58d85e3e8e0bcfe7facc91ae7bb930d4c3801039f8cab6730028fb6785903,2024-03,Hampshire Constabulary,Hampshire Constabulary,-0.748062,51.307794,On or near Shopping Area,E01023103,Rushmoor 004C,Public order,Investigation complete; no suspect identified,
5fb28a9179e51a38980c8a0bec8c0f6552b0d35386d3148f42e47c7a8abced48,2024-03,Hampshire Constabulary,Hampshire Constabulary,-0.747661,51.307299,On or near Shopping Area,E01023103,Rushmoor 004C,Shoplifting,Unable to prosecute suspect,
8ca8a2e4d4e6f40bb9791c3b72fbe98c15e41a394ce5fd497ab20e0acf7fbf90,2024-03,Hampshire Constabulary,Hampshire Constabulary,-0.748062,51.307794,On or near Shopping Area,E01023103,Rushmoor 004C,Shoplifting,Unable to prosecute suspect,
56a6e47413556bd021dd06b0fb5470ec4cc376afcb5e69f3206fc029ee6f2ccc,2024-03,Hampshire Constabulary,Hampshire Constabulary,-0.748632,51.308497,On or near Farnborough Gate,E01023103,Rushmoor 004C,Vehicle crime,Investigation complete; no suspect identified,
6eb01697c33475993389a4d2cb20ee4b4780064b7724c3a971848ff515b1e132,2024-03,Hampshire Constabulary,Hampshire Constabulary,-0.748062,51.307794,On or near Shopping Area,E01023103,Rushmoor 004C,Vehicle crime,Investigation complete; no suspect identified,
14ecdd00f02d5456c361e04dc24407f043ae1bcf07bcfd24b7d03f92e994f5ae,2024-03,Hampshire Constabulary,Hampshire Constabulary,-0.747661,51.307299,On or near Shopping Area,E01023103,Rushmoor 004C,Violence and sexual offences,Unable to prosecute suspect,
1b7f246749c70195a615feec5b6da9ea9259b3d40dcee2265cf2f1c977ac268e,2024-03,Hampshire Constabulary,Hampshire Constabulary,-0.750258,51.306761,On or near Petrol Station,E01023103,Rushmoor 004C,Other theft,Investigation complete; no suspect identified,
a17439d9d5d1cac057f1372c3d07618c83a9514e21b23d8577ffd845e9d107e7,2024-03,Hampshire Constabulary,Hampshire Constabulary,-0.750258,51.306761,On or near Petrol Station,E01023103,Rushmoor 004C,Other theft,Investigation complete; no suspect identified,
02d3e956fcffd8ed8442d338f046f4e1dec7fb6e059d0c367f8cae46537d8bc9,2024-03,Hampshire Constabulary,Hampshire Constabulary,-0.750258,51.306761,On or near Petrol Station,E01023103,Rushmoor 004C,Other theft,Investigation complete; no suspect identified,
f7b594e50a510b985c3aa1541d3fd44c4561ace8dbbd2b766736f3a32e95f7a6,2024-03,Hampshire Constabulary,Hampshire Constabulary,-0.750258,51.306761,On or near Petrol Station,E01023103,Rushmoor 004C,Other theft,Investigation complete; no suspect identified,
d75bdebe95732b05f5edd92ddac269f73f7ffa4814c6ffa3725d1f73f8b39a0a,2024-03,Hampshire Constabulary,Hampshire Constabulary,-0.750258,51.306761,On or near Petrol Station,E01023103,Rushmoor 004C,Other theft,Investigation complete; no suspect identified,
0e4b84430a602f4f353835ff99a18130814ced15b6af4858c50ea9f795e00243,2024-03,Hampshire Constabulary,Hampshire Constabulary,-0.750258,51.306761,On or near Petrol Station,E01023103,Rushmoor 004C,Other theft,Investigation complete; no suspect identified,
192578865e4cf83a31d7592d8376a952f0434cef4c04300bbc3319ccf634ecac,2024-03,Hampshire Constabulary,Hampshire Constabulary,-0.750258,51.306761,On or near Petrol Station,E01023103,Rushmoor 004C,Other theft,Investigation complete; no suspect identified,
a2cfe6be6ad24c3d252445b7cce26d4d89ad34ecca3122d6d7f7e037e2e72369,2024-03,Hampshire Constabulary,Hampshire Constabulary,-0.750258,51.306761,On or near Petrol Station,E01023103,Rushmoor 004C,Other theft,Investigation complete; no suspect identified,
209b6476d7ac68031ed1e49238e57e01deb475e9bf6359392b35a5f01f5bccce,2024-03,Hampshire Constabulary,Hampshire Constabulary,-0.750258,51.306761,On or near Petrol Station,E01023103,Rushmoor 004C,Other theft,Investigation complete; no suspect identified,
68f7a54e2e2631d7cb5636f6d5d124dbe3fbc441c8cc0e08e98c8ee7973cc0c2,2024-03,Hampshire Constabulary,Hampshire Constabulary,-0.750258,51.306761,On or near Petrol Station,E01023103,Rushmoor 004C,Other theft,Investigation complete; no suspect identified,
98445d3d40d4978bdda113d1d54a4eb513689dbe43f4565f6c95b811e972b3f7,2024-03,Hampshire Constabulary,Hampshire Constabulary,-0.748062,51.307794,On or near Shopping Area,E01023103,Rushmoor 004C,Other theft,Investigation complete; no suspect identified,
e9af887fe1751f8c0de03992c288c925b7077710a1d0ea750215b88b40312bd6,2024-03,Hampshire Constabulary,Hampshire Constabulary,-0.747661,51.307299,On or near Shopping Area,E01023103,Rushmoor 004C,Shoplifting,Investigation complete; no suspect identified,
af65d93d7bc53ab5de88a8b3413ca509bcde1a46126a775ce170c182787057a3,2024-03,Hampshire Constabulary,Hampshire Constabulary,-0.747661,51.307299,On or near Shopping Area,E01023103,Rushmoor 004C,Shoplifting,Investigation complete; no suspect identified,
076ea0e680413506eb89b2168befa23ac32f082ea619ec2ffeef77f1070eb216,2024-03,Hampshire Constabulary,Hampshire Constabulary,-0.747661,51.307299,On or near Shopping Area,E01023103,Rushmoor 004C,Shoplifting,Investigation complete; no suspect identified,
09b28bfb8f684a7bd6a5b19a78612d0a902cd38c394cbe00c146b468718c12fa,2024-03,Hampshire Constabulary,Hampshire Constabulary,-0.748062,51.307794,On or near Shopping Area,E01023103,Rushmoor 004C,Shoplifting,Investigation complete; no suspect identified,
7e80d8defa7c02f7da645068e9b8e51813ca8e54d846d63fc3262420e6c5762a,2024-03,Hampshire Constabulary,Hampshire Constabulary,-0.747661,51.307299,On or near Shopping Area,E01023103,Rushmoor 004C,Shoplifting,Investigation complete; no suspect identified,
2d65e2ef1d08a67cc368a6b957f7c226a1bcafa3ac1c53cc11ff545d67511ffa,2024-03,Hampshire Constabulary,Hampshire Constabulary,-0.747317,51.304625,On or near Baird Road,E01023103,Rushmoor 004C,Vehicle crime,Investigation complete; no suspect identified,
a0ef2429436703288616314d34f447f56088de5569f4e0814d55f4c829d73351,2024-03,Hampshire Constabulary,Hampshire Constabulary,-0.751089,51.307831,On or near Lancaster Way,E01023103,Rushmoor 004C,Violence and sexual offences,Unable to prosecute suspect,
3bf80e3e93fb233fd7343be43a5d287f9d63dc9de7beb1da0cc3445de738d39a,2024-03,Hampshire Constabulary,Hampshire Constabulary,-0.745121,51.303639,On or near Newton Road,E01023103,Rushmoor 004C,Violence and sexual offences,Unable to prosecute suspect,
a6f4cfb3df37c3949866199f9109458171f4c4c3ea1c884e871a443e393b437a,2024-03,Hampshire Constabulary,Hampshire Constabulary,-0.738601,51.286079,On or near Ashdown Avenue,E01023112,Rushmoor 004E,Other theft,Unable to prosecute suspect,
23fe1f242dfb110841ff37ef76c31c12904c37d94a79cc4608e09d093a6522da,2024-03,Hampshire Constabulary,Hampshire Constabulary,-0.741133,51.292608,On or near Brookwood Road,E01023112,Rushmoor 004E,Public order,Unable to prosecute suspect,
e022c3f88103c65ca0febae8113fae2e3d3fd394962bff8c81d305850ea30daa,2024-03,Hampshire Constabulary,Hampshire Constabulary,-0.741133,51.292608,On or near Brookwood Road,E01023112,Rushmoor 004E,Violence and sexual offences,Unable to prosecute suspect,
e5f6342853d49dca67832a975d4703950e2c205ad585084a9c986cfc4877471c,2024-03,Hampshire Constabulary,Hampshire Constabulary,-0.783404,51.290222,On or near Richmond Close,E01023092,Rushmoor 005A,Vehicle crime,Investigation complete; no suspect identified,
3e5c70c8dabae55e8cb5b8fcd727cfc92bac0e9b5c2dbf9c168c6d676018c657,2024-03,Hampshire Constabulary,Hampshire Constabulary,-0.782201,51.288025,On or near Garden Close,E01023092,Rushmoor 005A,Violence and sexual offences,Investigation complete; no suspect identified,
a16aa432a4c4c4e5d8228e127e578d017269016ce9b2ce487e8bed5148616b11,2024-03,Hampshire Constabulary,Hampshire Constabulary,-0.782202,51.292296,On or near Rydal Close,E01023092,Rushmoor 005A,Violence and sexual offences,Investigation complete; no suspect identified,
,2024-03,Hampshire Constabulary,Hampshire Constabulary,-0.782202,51.292296,On or near Rydal Close,E01023092,Rushmoor 005A,Anti-social behaviour,,
,2024-03,Hampshire Constabulary,Hampshire Constabulary,-0.782202,51.292296,On or near Rydal Close,E01023092,Rushmoor 005A,Anti-social behaviour,,
6890a49f514ebb47da1d3fd55355b90c4523fb7500737c38e9ce2e608a7af519,2024-03,Hampshire Constabulary,Hampshire Constabulary,-0.789634,51.292184,On or near Regiment Close,E01023093,Rushmoor 005B,Other theft,Unable to prosecute suspect,
a6166c044c1003c1fd3792a25a52dfe41a378b1b0fc681805b29de0f39f032b2,2024-03,Hampshire Constabulary,Hampshire Constabulary,-0.789634,51.292184,On or near Regiment Close,E01023093,Rushmoor 005B,Other theft,Investigation complete; no suspect identified,
0937551760c6f005eb13cb6cf4c5376982468691a5f7ce07678f181c55bb0e66,2024-03,Hampshire Constabulary,Hampshire Constabulary,-0.793719,51.291741,On or near Yew Tree Close,E01023093,Rushmoor 005B,Violence and sexual offences,Unable to prosecute suspect,
410b6ce4fa120d226dbc5d55a14b86854925269a8b86deb51c83b71be6899915,2024-03,Hampshire Constabulary,Hampshire Constabulary,-0.789634,51.292184,On or near Regiment Close,E01023093,Rushmoor 005B,Other theft,Investigation complete; no suspect identified,
6875dd1e243659141c3d3761564853bf28c1e964131ba232d5b4283066fa2735,2024-03,Hampshire Constabulary,Hampshire Constabulary,-0.789634,51.292184,On or near Regiment Close,E01023093,Rushmoor 005B,Other theft,Investigation complete; no suspect identified,
52a29c1c417e43d4fcc9c0bed83dc1861aa106f8978de35b4823b9523cde0bd8,2024-03,Hampshire Constabulary,Hampshire Constabulary,-0.789634,51.292184,On or near Regiment Close,E01023093,Rushmoor 005B,Shoplifting,Investigation complete; no suspect identified,
9201da6cdf23cf65b4048a77cb2119039db72b785df69312224890b2fe2206bd,2024-03,Hampshire Constabulary,Hampshire Constabulary,-0.789634,51.292184,On or near Regiment Close,E01023093,Rushmoor 005B,Theft from the person,Investigation complete; no suspect identified,
7b108ddab29c330678d0ea296366eb2d498365579b51b656a7e9f06e3b6bfb0f,2024-03,Hampshire Constabulary,Hampshire Constabulary,-0.789634,51.292184,On or near Regiment Close,E01023093,Rushmoor 005B,Vehicle crime,Investigation complete; no suspect identified,
c56c45caea331e592ad8c6b640e8ad4b1dad44984767dffa1501d5e4b2116b6a,2024-03,Hampshire Constabulary,Hampshire Constabulary,-0.786031,51.292875,On or near Aldrin Place,E01023093,Rushmoor 005B,Vehicle crime,Investigation complete; no suspect identified,
c3037de31e2134cfb5bb16cf2aede4b089fb244c3d81db4cc73bb27a7f5f4ac5,2024-03,Hampshire Constabulary,Hampshire Constabulary,-0.792529,51.291710,On or near Ash Tree Close,E01023093,Rushmoor 005B,Violence and sexual offences,Unable to prosecute suspect,
60e8459063746450bbc1691a79dffacc059dac5f517cf7e658b53dc1ab886c50,2024-03,Hampshire Constabulary,Hampshire Constabulary,-0.789634,51.292184,On or near Regiment Close,E01023093,Rushmoor 005B,Violence and sexual offences,Status update unavailable,
b81faf3353b487a0358f35f86cb63622deee659df765e51f619ce90181de9971,2024-03,Hampshire Constabulary,Hampshire Constabulary,-0.793719,51.291741,On or near Yew Tree Close,E01023093,Rushmoor 005B,Violence and sexual offences,Status update unavailable,
86c7d44fdde1da7d7f603b311f3eddd830db5009597ac4b5f418c10fba7d6990,2024-03,Hampshire Constabulary,Hampshire Constabulary,-0.792529,51.291710,On or near Ash Tree Close,E01023093,Rushmoor 005B,Violence and sexual offences,Unable to prosecute suspect,
dd9bc7911a253075b2d868ee83db875695ed840377976a1d9508d642d33324c2,2024-03,Hampshire Constabulary,Hampshire Constabulary,-0.779276,51.298812,On or near Sylvan Glade,E01023132,Rushmoor 005C,Violence and sexual offences,Unable to prosecute suspect,
0144a6fdc50a58c4d4fbba659586b4c8f0ff52af6eabb89dd1d39b724021a69f,2024-03,Hampshire Constabulary,Hampshire Constabulary,-0.782818,51.296124,On or near Rosemary Close,E01023132,Rushmoor 005C,Violence and sexual offences,Investigation complete; no suspect identified,
8cd02b237c24b42017a44d1c4320f0225ac28b1b3c291eb3d2f15b85c08ccf8c,2024-03,Hampshire Constabulary,Hampshire Constabulary,-0.782818,51.296124,On or near Rosemary Close,E01023132,Rushmoor 005C,Violence and sexual offences,Unable to prosecute suspect,
ce7fecda12a655ee03fcf85c1a74920832b45f3125b7ef8b71882c745fb1f22b,2024-03,Hampshire Constabulary,Hampshire Constabulary,-0.782818,51.296124,On or near Rosemary Close,E01023132,Rushmoor 005C,Violence and sexual offences,Unable to prosecute suspect,
aa898aaef1db52fa9a0b9d3dec451167976dad4463140a046329098a577ccdc4,2024-03,Hampshire Constabulary,Hampshire Constabulary,-0.779276,51.298812,On or near Sylvan Glade,E01023132,Rushmoor 005C,Violence and sexual offences,Unable to prosecute suspect,
000fea5072e063a222aeed468d82897a59390983f4a496ce0695f1060b7159cb,2024-03,Hampshire Constabulary,Hampshire Constabulary,-0.779276,51.298812,On or near Sylvan Glade,E01023132,Rushmoor 005C,Violence and sexual offences,Investigation complete; no suspect identified,
78972ce0eab6fd60951c468894acc1ba5ad6eb387f6fa28e0cebe261d85ac6e1,2024-03,Hampshire Constabulary,Hampshire Constabulary,-0.778435,51.297535,On or near Andrews Road,E01023132,Rushmoor 005C,Criminal damage and arson,Investigation complete; no suspect identified,
2ea5e704fe1ac9b564e11d566816b0a01ee35bf5390b186a6bf9605fa3cd13b6,2024-03,Hampshire Constabulary,Hampshire Constabulary,-0.780928,51.296536,On or near Church Lane,E01023132,Rushmoor 005C,Possession of weapons,Investigation complete; no suspect identified,
cc4617ba2a958d96a6a626c769ebdb0ee34983d458fbb7ae73fe12f622ee42c7,2024-03,Hampshire Constabulary,Hampshire Constabulary,-0.781563,51.298584,On or near Twelve Acre Crescent,E01023132,Rushmoor 005C,Public order,Status update unavailable,
0789491b9bfa546e3cc9b177fedc4138462a060eaf08c0b090d11e48d1413bd5,2024-03,Hampshire Constabulary,Hampshire Constabulary,-0.782818,51.296124,On or near Rosemary Close,E01023132,Rushmoor 005C,Public order,Unable to prosecute suspect,
2c6d9a3e5e6c231948b84094600ca63d03ebde1c0c12e47083dfdad6ca0e3484,2024-03,Hampshire Constabulary,Hampshire Constabulary,-0.778435,51.297535,On or near Andrews Road,E01023132,Rushmoor 005C,Violence and sexual offences,Unable to prosecute suspect,
a3b556151daf4c800d4320496c86baea4054330fe52772b7d0791d80162a9260,2024-03,Hampshire Constabulary,Hampshire Constabulary,-0.779276,51.298812,On or near Sylvan Glade,E01023132,Rushmoor 005C,Violence and sexual offences,Action to be taken by another organisation,
c6688c79c00cfe6f5a685012052d5341f61a03f85f16e43b09e7b4f0639a68f2,2024-03,Hampshire Constabulary,Hampshire Constabulary,-0.800417,51.293932,On or near Lyndsey Close,E01023133,Rushmoor 005D,Burglary,Investigation complete; no suspect identified,
7e86df256e6de4de9a3b76de11aefcb0b4e7e9723d43de0abeab6ca02069a864,2024-03,Hampshire Constabulary,Hampshire Constabulary,-0.794079,51.300440,On or near Comfrey Close,E01023133,Rushmoor 005D,Public order,Investigation complete; no suspect identified,
28cb3cbe24eb328bfb9add8c0b41bcfb386ebf0c5b60f3c24d3f8f6052813258,2024-03,Hampshire Constabulary,Hampshire Constabulary,-0.788259,51.298132,On or near Grantham Drive,E01023135,Rushmoor 005E,Other theft,Investigation complete; no suspect identified,
577b1e90a5dc67fe1ce9b26148fa4459678231fb10c096dbb1223d8567d1ead9,2024-03,Hampshire Constabulary,Hampshire Constabulary,-0.792107,51.296859,On or near Melrose Avenue,E01023135,Rushmoor 005E,Public order,Court result unavailable,
549a1b209fd529e5629deaf09923cc16665fac2eb595bb4d8c46c4d96f327493,2024-03,Hampshire Constabulary,Hampshire Constabulary,-0.793715,51.295724,On or near Burge Close,E01023135,Rushmoor 005E,Violence and sexual offences,Unable to prosecute suspect,
b24f2eee182924d04465b63c3d5757964677ef03d557837214d2841e7c3c25ae,2024-03,Hampshire Constabulary,Hampshire Constabulary,-0.791088,51.296363,On or near Whetstone Road,E01023135,Rushmoor 005E,Violence and sexual offences,Investigation complete; no suspect identified,
1eb1839e4c2ce3d1677f4f709f53e7df9c83ed10ef657d236730cb4cec2aa885,2024-03,Hampshire Constabulary,Hampshire Constabulary,-0.790953,51.295498,On or near Oakfield Place,E01023135,Rushmoor 005E,Criminal damage and arson,Unable to prosecute suspect,
0cb04e483825d9746f86f5e1f8ac85682e59cbd7d66369436a85f905b88545a2,2024-03,Hampshire Constabulary,Hampshire Constabulary,-0.789382,51.300131,On or near Chestnut Tree Grove,E01023135,Rushmoor 005E,Vehicle crime,Investigation complete; no suspect identified,
2ab69511d41d1aeeb8690ba2c1fd2c2edb5dee29340e4d7fec6e831ca99240f6,2024-03,Hampshire Constabulary,Hampshire Constabulary,-0.788208,51.299525,On or near Maple Avenue,E01023135,Rushmoor 005E,Vehicle crime,Investigation complete; no suspect identified,
dc28d2a59c05fa09e23cc6a4e8ad22dfaf28957f200ef7b40b737ddb07ee5b5c,2024-03,Hampshire Constabulary,Hampshire Constabulary,-0.788294,51.297350,On or near Northcott Gardens,E01023135,Rushmoor 005E,Vehicle crime,Investigation complete; no suspect identified,
2f564efb5ebd5049bb6b05471f26d306eba551785a576ff5cfbf1f6956319edd,2024-03,Hampshire Constabulary,Hampshire Constabulary,-0.784083,51.294941,On or near Chiltern Avenue,E01023135,Rushmoor 005E,Violence and sexual offences,Unable to prosecute suspect,
e7ba9272cc29043d39ffb000f79136552db1a0b73ebab0d5f65acfc8cf69c555,2024-03,Hampshire Constabulary,Hampshire Constabulary,-0.793734,51.294978,On or near Rindle Close,E01023135,Rushmoor 005E,Violence and sexual offences,Unable to prosecute suspect,
b647d272a50d6605501ef9de9b1bf41681b7e2b688da50009e46f7b7a8d6feab,2024-03,Hampshire Constabulary,Hampshire Constabulary,-0.793715,51.295724,On or near Burge Close,E01023135,Rushmoor 005E,Violence and sexual offences,Unable to prosecute suspect,
7fac455ef00ad8766c785a60438e4de1c88814580179299c677d03a05b122a2d,2024-03,Hampshire Constabulary,Hampshire Constabulary,-0.772329,51.290916,On or near Dene Road,E01023091,Rushmoor 006A,Burglary,Investigation complete; no suspect identified,
231384d75043369efac067f9ffc59cab0dc373d4ec610cfec60259d83a2ec159,2024-03,Hampshire Constabulary,Hampshire Constabulary,-0.769270,51.290524,On or near Hunter Road,E01023091,Rushmoor 006A,Burglary,Investigation complete; no suspect identified,
643920d99ffa2bfa9ff6967339ea65dd621e86fbe80fa6f2607a280be3cacd47,2024-03,Hampshire Constabulary,Hampshire Constabulary,-0.770563,51.290978,On or near Montgomery Road,E01023091,Rushmoor 006A,Other theft,Unable to prosecute suspect,
f77135cdb29ab65510c9915a7b5eb1e8be252106d584adc4af472a161e321c5e,2024-03,Hampshire Constabulary,Hampshire Constabulary,-0.767970,51.291419,On or near St Christophers Place,E01023091,Rushmoor 006A,Shoplifting,Investigation complete; no suspect identified,
8edb29e5aea9b023081ae01bb449661d043f5a6f9c62c95bf659b41cd784b6fc,2024-03,Hampshire Constabulary,Hampshire Constabulary,-0.767970,51.291419,On or near St Christophers Place,E01023091,Rushmoor 006A,Shoplifting,Court result unavailable,
ebb271766e96957c7df055949fcba244b741ddc4409e9f22e8db2da77d55920b,2024-03,Hampshire Constabulary,Hampshire Constabulary,-0.767970,51.291419,On or near St Christophers Place,E01023091,Rushmoor 006A,Shoplifting,Court result unavailable,
9bd610a2ab284c9a5cc89bacb969b4c91e2e2c22f9c6323b882c80b1a433339b,2024-03,Hampshire Constabulary,Hampshire Constabulary,-0.773482,51.289085,On or near Brookhouse Road,E01023091,Rushmoor 006A,Violence and sexual offences,Local resolution,
fa02cd87dddc112ae0e21b5b3e639c785291abb550a9fdb899d6c718150abb1b,2024-03,Hampshire Constabulary,Hampshire Constabulary,-0.767970,51.291419,On or near St Christophers Place,E01023091,Rushmoor 006A,Violence and sexual offences,Court result unavailable,
,2024-03,Hampshire Constabulary,Hampshire Constabulary,-0.773482,51.289085,On or near Brookhouse Road,E01023091,Rushmoor 006A,Anti-social behaviour,,
,2024-03,Hampshire Constabulary,Hampshire Constabulary,-0.770563,51.290978,On or near Montgomery Road,E01023091,Rushmoor 006A,Anti-social behaviour,,
934cc1d87e6438fec86e8e60cf8754e3aaf2f9000db033ea0c83b21f4829e6cb,2024-03,Hampshire Constabulary,Hampshire Constabulary,-0.770563,51.290978,On or near Montgomery Road,E01023091,Rushmoor 006A,Criminal damage and arson,Investigation complete; no suspect identified,
0901d7b2f70bbe1d536dce5c061177fa0cb4b65c82234302b18f70211cd0a982,2024-03,Hampshire Constabulary,Hampshire Constabulary,-0.770563,51.290978,On or near Montgomery Road,E01023091,Rushmoor 006A,Criminal damage and arson,Unable to prosecute suspect,
7969f9c1cc0fda9cf9996b6002c595c8dc01cdb842fe585e41758eb39f20f6d5,2024-03,Hampshire Constabulary,Hampshire Constabulary,-0.770563,51.290978,On or near Montgomery Road,E01023091,Rushmoor 006A,Other theft,Investigation complete; no suspect identified,
8e009920d5cf85755a80acd57dc8ee0c1b6942ec7826898bdfa88a6b830a4be1,2024-03,Hampshire Constabulary,Hampshire Constabulary,-0.767970,51.291419,On or near St Christophers Place,E01023091,Rushmoor 006A,Public order,Status update unavailable,
8772526edf87917fd84e17bfa754d6675600a8732c2ef5af96420d79cf7ace4c,2024-03,Hampshire Constabulary,Hampshire Constabulary,-0.767970,51.291419,On or near St Christophers Place,E01023091,Rushmoor 006A,Shoplifting,Investigation complete; no suspect identified,
55569c73549d60a6be7d021d85cb599cf5b986bdee1e4097a7d92c659f5fbb6b,2024-03,Hampshire Constabulary,Hampshire Constabulary,-0.767970,51.291419,On or near St Christophers Place,E01023091,Rushmoor 006A,Shoplifting,Investigation complete; no suspect identified,
7b77398eba71ffb1689aad0663cbf19fb3aed9d897895d3fa4e4e2d0c925750b,2024-03,Hampshire Constabulary,Hampshire Constabulary,-0.767970,51.291419,On or near St Christophers Place,E01023091,Rushmoor 006A,Shoplifting,Investigation complete; no suspect identified,
77fe5b51751b7bf94bf9678b60a1ec58eec890ddc0f24f77d3af91135a8eb395,2024-03,Hampshire Constabulary,Hampshire Constabulary,-0.769270,51.290524,On or near Hunter Road,E01023091,Rushmoor 006A,Violence and sexual offences,Unable to prosecute suspect,
3c197b9d237e88a04636dc5e2a03c8a59e27a95356a30c30615d01f6fb5bb9e9,2024-03,Hampshire Constabulary,Hampshire Constabulary,-0.767970,51.291419,On or near St Christophers Place,E01023091,Rushmoor 006A,Violence and sexual offences,Investigation complete; no suspect identified,
b7eab7012acdc01b923c039686ed04f32eb189bb6034288df99a3443c0bc4702,2024-03,Hampshire Constabulary,Hampshire Constabulary,-0.770563,51.290978,On or near Montgomery Road,E01023091,Rushmoor 006A,Violence and sexual offences,Status update unavailable,
0256549a250c24c671bbe43ed011c8faeba0a1435e260c3aee3b261c3acd3019,2024-03,Hampshire Constabulary,Hampshire Constabulary,-0.776211,51.294877,On or near B3014,E01023094,Rushmoor 006B,Public order,Investigation complete; no suspect identified,
bea082a13862843cb758bac4fdea3efe08fb5a8bf00bda7957a8bba7a3d8f1bd,2024-03,Hampshire Constabulary,Hampshire Constabulary,-0.778990,51.292298,On or near Grasmere Road,E01023094,Rushmoor 006B,Vehicle crime,Investigation complete; no suspect identified,
58e9b56b7ba04990fb3a4d09623ecf11e2d405e51c94940b20f222410276a83f,2024-03,Hampshire Constabulary,Hampshire Constabulary,-0.756198,51.292913,On or near Supermarket,E01023095,Rushmoor 006C,Burglary,Unable to prosecute suspect,
6cb38da1592700cc268d7b5dc733e2351fa36ee774cb8bddbcfd11dabdc88d39,2024-03,Hampshire Constabulary,Hampshire Constabulary,-0.753849,51.288572,On or near Parking Area,E01023095,Rushmoor 006C,Drugs,Formal action is not in the public interest,
d6c573d579ae6363e31de8549ff4fafe9a8c94aba53036087f4bf9405468e575,2024-03,Hampshire Constabulary,Hampshire Constabulary,-0.753849,51.288572,On or near Parking Area,E01023095,Rushmoor 006C,Drugs,Local resolution,
26f496fd2fcb2fea5dc2458acb80fbd2ccd3f79ac120dc7892750e31946f772f,2024-03,Hampshire Constabulary,Hampshire Constabulary,-0.758090,51.292960,On or near Northmead,E01023095,Rushmoor 006C,Drugs,Local resolution,
a321c8885ba5770d83134af0a784cc1cd514a84b801f603fed215597f08a8311,2024-03,Hampshire Constabulary,Hampshire Constabulary,-0.760745,51.289167,On or near Shopping Area,E01023095,Rushmoor 006C,Public order,Investigation complete; no suspect identified,
03da6a73c510b71ef64733083ddb4936b9324ec507b0eced18f10b56e8e6f452,2024-03,Hampshire Constabulary,Hampshire Constabulary,-0.757540,51.291012,On or near Supermarket,E01023095,Rushmoor 006C,Public order,Unable to prosecute suspect,
cb58a4a603b05ce22a260f8edb1f32ff8d9a95511dcf31583786575ea496694a,2024-03,Hampshire Constabulary,Hampshire Constabulary,-0.756198,51.292913,On or near Supermarket,E01023095,Rushmoor 006C,Public order,Investigation complete; no suspect identified,
98ace51ce41613f558d6a77c3339264cf46f2d526aa590bb64b79aa8957e6303,2024-03,Hampshire Constabulary,Hampshire Constabulary,-0.756198,51.292913,On or near Supermarket,E01023095,Rushmoor 006C,Public order,Unable to prosecute suspect,
cc7ed3c096332bb57f99ad093d7c4b0760b91732ace95e2d877beca73f71bd35,2024-03,Hampshire Constabulary,Hampshire Constabulary,-0.756198,51.292913,On or near Supermarket,E01023095,Rushmoor 006C,Public order,Unable to prosecute suspect,
d6b454dcd262a2c0052b981756688db70a42d2002d766937274b2c11d5f1821e,2024-03,Hampshire Constabulary,Hampshire Constabulary,-0.756198,51.292913,On or near Supermarket,E01023095,Rushmoor 006C,Public order,Local resolution,
78632ac153c637d33f08acb4316970633bac32d8bb82cedd45a38af9fdd07429,2024-03,Hampshire Constabulary,Hampshire Constabulary,-0.760745,51.289167,On or near Shopping Area,E01023095,Rushmoor 006C,Shoplifting,Formal action is not in the public interest,
f8bfa89340f00062792344da3a63d164d9a40e86160e43edcae79e0aa2bb0a9a,2024-03,Hampshire Constabulary,Hampshire Constabulary,-0.757540,51.291012,On or near Supermarket,E01023095,Rushmoor 006C,Shoplifting,Investigation complete; no suspect identified,
442060d4c41d3198971d8cded56f5f1e65cab141263d4275dc7ce8f32bdf704f,2024-03,Hampshire Constabulary,Hampshire Constabulary,-0.757988,51.291952,On or near Shopping Area,E01023095,Rushmoor 006C,Shoplifting,Investigation complete; no suspect identified,
691d17a80a8d020a3bf8a658a9cc9a38cf19e97cacca41dcc84af82918845d46,2024-03,Hampshire Constabulary,Hampshire Constabulary,-0.759492,51.290952,On or near Parking Area,E01023095,Rushmoor 006C,Shoplifting,Unable to prosecute suspect,
bc0313666e9485752348676a9985a2b291bdcea1d9f77730eb7ba043798ecbfa,2024-03,Hampshire Constabulary,Hampshire Constabulary,-0.756198,51.292913,On or near Supermarket,E01023095,Rushmoor 006C,Shoplifting,Court result unavailable,
475d629ac888342ad920383eebdee6ac5cdeb81cce1ca959c9374d3476611da4,2024-03,Hampshire Constabulary,Hampshire Constabulary,-0.756198,51.292913,On or near Supermarket,E01023095,Rushmoor 006C,Shoplifting,Local resolution,
3b86464eed075916381a03e85d37a8ca74a38ab4a6604d0bc37199ed330ca0e6,2024-03,Hampshire Constabulary,Hampshire Constabulary,-0.769153,51.287421,On or near Keith Lucas Road,E01023095,Rushmoor 006C,Violence and sexual offences,Unable to prosecute suspect,
3a5566ef4a013395dbe2b66f05a9ee9af4298f25e0293e27070ce08cccf0058d,2024-03,Hampshire Constabulary,Hampshire Constabulary,-0.769393,51.288098,On or near Goodden Crescent,E01023095,Rushmoor 006C,Violence and sexual offences,Unable to prosecute suspect,
e10687ecd23798d7a5d83640091e0c51ae2f335adf04cea24a9ccb22b68f9a23,2024-03,Hampshire Constabulary,Hampshire Constabulary,-0.759101,51.288978,On or near Parking Area,E01023095,Rushmoor 006C,Violence and sexual offences,Unable to prosecute suspect,
c957bf52bb62617dd092dfd9b91cbb8adf688aff312c1e150ba3408caf40aafb,2024-03,Hampshire Constabulary,Hampshire Constabulary,-0.755222,51.291356,On or near Eastmead,E01023095,Rushmoor 006C,Violence and sexual offences,Unable to prosecute suspect,
07dc69d1fad9616f5a9347e4a1d3290bee8994e47b0d8c07a383e3af151555bc,2024-03,Hampshire Constabulary,Hampshire Constabulary,-0.756739,51.291489,On or near Westmead,E01023095,Rushmoor 006C,Violence and sexual offences,Court result unavailable,
467c717d86b946649e7cb78295dc56dd01240618c7303423e3e8ee47f612d67b,2024-03,Hampshire Constabulary,Hampshire Constabulary,-0.757988,51.291952,On or near Shopping Area,E01023095,Rushmoor 006C,Violence and sexual offences,Local resolution,
4e2166d6f6327d4b57782d0049a236d6af431088c5f2bdf24cbf481c303e0bb4,2024-03,Hampshire Constabulary,Hampshire Constabulary,-0.756198,51.292913,On or near Supermarket,E01023095,Rushmoor 006C,Violence and sexual offences,Investigation complete; no suspect identified,
fba470d744cb148e12e3e9ddd6c466c2c26aa74976621e5cd173113da10e24f3,2024-03,Hampshire Constabulary,Hampshire Constabulary,-0.756198,51.292913,On or near Supermarket,E01023095,Rushmoor 006C,Violence and sexual offences,Local resolution,
46e6d2111fae55b92f30351e157756e46a30d79e2f6ec30ed5b1fb1a839be0a4,2024-03,Hampshire Constabulary,Hampshire Constabulary,-0.757157,51.293004,On or near Parking Area,E01023095,Rushmoor 006C,Violence and sexual offences,Unable to prosecute suspect,
8be84b5c9e99e4a987957be334f6f5269dbfaed46425efc84ddb63613a4460c6,2024-03,Hampshire Constabulary,Hampshire Constabulary,-0.756198,51.292913,On or near Supermarket,E01023095,Rushmoor 006C,Violence and sexual offences,Court result unavailable,
d37800dd900ef7a77ff4c95167a0e9986a805b7b397028503ed9d443e158cf99,2024-03,Hampshire Constabulary,Hampshire Constabulary,-0.756198,51.292913,On or near Supermarket,E01023095,Rushmoor 006C,Violence and sexual offences,Unable to prosecute suspect,
,2024-03,Hampshire Constabulary,Hampshire Constabulary,-0.755654,51.289715,On or near Parking Area,E01023095,Rushmoor 006C,Anti-social behaviour,,
,2024-03,Hampshire Constabulary,Hampshire Constabulary,-0.756198,51.292913,On or near Supermarket,E01023095,Rushmoor 006C,Anti-social behaviour,,
,2024-03,Hampshire Constabulary,Hampshire Constabulary,-0.756198,51.292913,On or near Supermarket,E01023095,Rushmoor 006C,Anti-social behaviour,,
09e8ad64b5b8098f050e7a509644b966e44cf56381de0da7bde5f26f538adf45,2024-03,Hampshire Constabulary,Hampshire Constabulary,-0.756198,51.292913,On or near Supermarket,E01023095,Rushmoor 006C,Criminal damage and arson,Status update unavailable,
e3a96314485ad16017ea7f0247fd9e576f3009290754c5b8b68207e74561c6ee,2024-03,Hampshire Constabulary,Hampshire Constabulary,-0.758090,51.292960,On or near Northmead,E01023095,Rushmoor 006C,Drugs,Local resolution,
af1181f1c535754796a2f8f7c9ec4d1b717f5df502e08746c0fc8591aa012c10,2024-03,Hampshire Constabulary,Hampshire Constabulary,-0.756198,51.292913,On or near Supermarket,E01023095,Rushmoor 006C,Other theft,Investigation complete; no suspect identified,
96c367b817f29a8f47c35b0fa891d1875dd98d2ee9f86ff7eb2ca378fbd874bc,2024-03,Hampshire Constabulary,Hampshire Constabulary,-0.769407,51.289150,On or near Halifax Close,E01023095,Rushmoor 006C,Other theft,Status update unavailable,
c580101b17050d51eafe8781f7b48053e534f1c9d8063a9ba9422ee891c1dc74,2024-03,Hampshire Constabulary,Hampshire Constabulary,-0.757540,51.291012,On or near Supermarket,E01023095,Rushmoor 006C,Public order,Investigation complete; no suspect identified,
4051ab262610692ab99190d0fff0b69cd16a94160c4cbfbb0da4b58e68dcb6bd,2024-03,Hampshire Constabulary,Hampshire Constabulary,-0.763160,51.292690,On or near Glenwood Court,E01023095,Rushmoor 006C,Public order,Status update unavailable,
6602f764ac18149ab323a8f515ef066417adf8e05fbb4ede6950aea74996f493,2024-03,Hampshire Constabulary,Hampshire Constabulary,-0.760745,51.289167,On or near Shopping Area,E01023095,Rushmoor 006C,Public order,Investigation complete; no suspect identified,
3302c1df838c8956ca9996d86dce7f259635d6a40b8fd6637f05b6384744cd36,2024-03,Hampshire Constabulary,Hampshire Constabulary,-0.763160,51.292690,On or near Glenwood Court,E01023095,Rushmoor 006C,Shoplifting,Investigation complete; no suspect identified,
7a6620f25f275b733cbf93d859441487afe87a989c04bbc23c931a2183a212f7,2024-03,Hampshire Constabulary,Hampshire Constabulary,-0.757540,51.291012,On or near Supermarket,E01023095,Rushmoor 006C,Shoplifting,Investigation complete; no suspect identified,
ace721b666ca9646ead59b08a81c4490644bdb8a2193a6d42e34cac8498b6b83,2024-03,Hampshire Constabulary,Hampshire Constabulary,-0.756739,51.291489,On or near Westmead,E01023095,Rushmoor 006C,Shoplifting,Investigation complete; no suspect identified,
121c1344f7d24d605559572737934203dd468096cd5b826a622f57eaf7a76b01,2024-03,Hampshire Constabulary,Hampshire Constabulary,-0.756198,51.292913,On or near Supermarket,E01023095,Rushmoor 006C,Violence and sexual offences,Unable to prosecute suspect,
38b9732f0858679c5b0e3747ff2bc471a74507f092aee4bcdcc6e381bd86b044,2024-03,Hampshire Constabulary,Hampshire Constabulary,-0.756198,51.292913,On or near Supermarket,E01023095,Rushmoor 006C,Violence and sexual offences,Unable to prosecute suspect,
611c2cb0d9d0f116dbd39a111165576abddee3b19fe90573916c9e2439ce317b,2024-03,Hampshire Constabulary,Hampshire Constabulary,-0.753849,51.288572,On or near Parking Area,E01023095,Rushmoor 006C,Violence and sexual offences,Status update unavailable,
540cde5b3bf1247606ca34a860d654b4e2002386f780887a8c813545572108f6,2024-03,Hampshire Constabulary,Hampshire Constabulary,-0.754600,51.293157,On or near Parking Area,E01023098,Rushmoor 006D,Criminal damage and arson,Investigation complete; no suspect identified,
456eec3fe74cfd23cb733201f9a0adea748bdfae1d50fb7d757683cf7e2a7a88,2024-03,Hampshire Constabulary,Hampshire Constabulary,-0.754602,51.293615,On or near Firgrove Road,E01023098,Rushmoor 006D,Other theft,Awaiting court outcome,
6eb47a89f02ffa68c0016bbf94d0f8739921a2182d0b82709c21fadcee2e6d54,2024-03,Hampshire Constabulary,Hampshire Constabulary,-0.756271,51.294478,On or near Pipers Patch,E01023098,Rushmoor 006D,Possession of weapons,Unable to prosecute suspect,
a0ae5068c4423b7b6cb0eb38ec90b71f5c3f6bdd2d74a7ae21b68f2387072051,2024-03,Hampshire Constabulary,Hampshire Constabulary,-0.765879,51.292916,On or near Parking Area,E01023098,Rushmoor 006D,Public order,Unable to prosecute suspect,
274f8bc1798f1ec2ff58e281fa857f027dd7f0cfe7f87b3f0f21f1f90991b63d,2024-03,Hampshire Constabulary,Hampshire Constabulary,-0.758450,51.295023,On or near Helen Court,E01023098,Rushmoor 006D,Public order,Investigation complete; no suspect identified,
e6f24cf67ce8bf28488050f687cb73058ae5dd865ba797125e5ae9da722900f9,2024-03,Hampshire Constabulary,Hampshire Constabulary,-0.760951,51.296965,On or near Parking Area,E01023098,Rushmoor 006D,Violence and sexual offences,Unable to prosecute suspect,
f1a8c38646e16d27f2be50b086c13ddf4a25bc6d9ff2bda2fb55e9272a4e7631,2024-03,Hampshire Constabulary,Hampshire Constabulary,-0.758910,51.293391,On or near Victoria Road,E01023098,Rushmoor 006D,Criminal damage and arson,Investigation complete; no suspect identified,
ce65443cd9579e8d401a8f11c67d0755d3c1dda81dd57a67c46c02c9d4087408,2024-03,Hampshire Constabulary,Hampshire Constabulary,-0.766772,51.293312,On or near Gables Close,E01023098,Rushmoor 006D,Other theft,Investigation complete; no suspect identified,
94cee5596abb42d9eb43c217652ffd751bb09576fb6703ecea57f858f6b4a7a2,2024-03,Hampshire Constabulary,Hampshire Constabulary,-0.764663,51.292265,On or near Marrowbrook Close,E01023098,Rushmoor 006D,Other theft,Investigation complete; no suspect identified,
37d5da88b12755d5e26e1923635dbe5536663a2cd8aecc05f370a51d7d12acd9,2024-03,Hampshire Constabulary,Hampshire Constabulary,-0.757490,51.293925,On or near Sarah Way,E01023098,Rushmoor 006D,Vehicle crime,Investigation complete; no suspect identified,
e6968157f5d733a1affe23eb9a7c1e8b8b6218ef33d18db173a5dfbb67283989,2024-03,Hampshire Constabulary,Hampshire Constabulary,-0.767286,51.294469,On or near Holly Road,E01023098,Rushmoor 006D,Vehicle crime,Investigation complete; no suspect identified,
b7d13ca31495b2e879dcdb61d69554e8f27df1414eca35ab495b285cf94d82f9,2024-03,Hampshire Constabulary,Hampshire Constabulary,-0.756271,51.294478,On or near Pipers Patch,E01023098,Rushmoor 006D,Violence and sexual offences,Unable to prosecute suspect,
2420fa6bd6af51b77fdb04f99c312140d1d88d1dfd012e6cd5a80e42745c5402,2024-03,Hampshire Constabulary,Hampshire Constabulary,-0.760211,51.303184,On or near Petrol Station,E01023148,Rushmoor 006E,Drugs,Local resolution,
4e372671dfc150b6da907f63f3e443fe5812435b3fbaca903ff6c3c2dafc1603,2024-03,Hampshire Constabulary,Hampshire Constabulary,-0.760211,51.303184,On or near Petrol Station,E01023148,Rushmoor 006E,Shoplifting,Court result unavailable,
0b1e57dd5ba688a569f56b2c0b89d5b0423405d2190df59b3b79648d387b8782,2024-03,Hampshire Constabulary,Hampshire Constabulary,-0.760211,51.303184,On or near Petrol Station,E01023148,Rushmoor 006E,Shoplifting,Court result unavailable,
7e4ac0986a07e55fb26e9d8f5730a98b35160f0f0cfd9413b2db063800ea70f6,2024-03,Hampshire Constabulary,Hampshire Constabulary,-0.760211,51.303184,On or near Petrol Station,E01023148,Rushmoor 006E,Violence and sexual offences,Local resolution,
d3d8ea6fe41b62cbe648a043f36da8883d9065960f78fd08415904cdf0cdc2b2,2024-03,Hampshire Constabulary,Hampshire Constabulary,-0.759923,51.302655,On or near Sherington Close,E01023148,Rushmoor 006E,Violence and sexual offences,Awaiting court outcome,
f74c4f0abd023b6925556162f022b03f186c807b827c56a0b140087eeeaceab1,2024-03,Hampshire Constabulary,Hampshire Constabulary,-0.765243,51.296300,On or near Stake Lane,E01023148,Rushmoor 006E,Violence and sexual offences,Investigation complete; no suspect identified,
a0e6918d35e35f909854fa67fa3abd488c5f1192f05b1a390bc62e97ceb0fcb5,2024-03,Hampshire Constabulary,Hampshire Constabulary,-0.763469,51.301470,On or near Sports/Recreation Area,E01023148,Rushmoor 006E,Violence and sexual offences,Investigation complete; no suspect identified,
03f9648fe47fb5af6dd52e2ad12c4f58cc2b84928a87f42398938ab12c21391d,2024-03,Hampshire Constabulary,Hampshire Constabulary,-0.770054,51.299300,On or near Coleville Road,E01023148,Rushmoor 006E,Violence and sexual offences,Investigation complete; no suspect identified,
f2388cc5c4c1944421ef7c88923bca76423cbdd60726e6590d23351fda7e96b4,2024-03,Hampshire Constabulary,Hampshire Constabulary,-0.763469,51.301470,On or near Sports/Recreation Area,E01023148,Rushmoor 006E,Violence and sexual offences,Investigation complete; no suspect identified,
ea68c50382efecc0962f976cade704b4b542905ef91e6cdd8ece31324179dc13,2024-03,Hampshire Constabulary,Hampshire Constabulary,-0.772660,51.297313,On or near Riverside Close,E01023149,Rushmoor 006F,Criminal damage and arson,Local resolution,
db2ce073f867373a4decc03042fc93af85b8d643be13efe8808cb04768a5542e,2024-03,Hampshire Constabulary,Hampshire Constabulary,-0.773990,51.299638,On or near Stubbs Moor Road,E01023149,Rushmoor 006F,Violence and sexual offences,Action to be taken by another organisation,
7f141390520be2ac89367b6ee6cb520fb7f848cccfe9431622499175ceba4c26,2024-03,Hampshire Constabulary,Hampshire Constabulary,-0.773990,51.299638,On or near Stubbs Moor Road,E01023149,Rushmoor 006F,Violence and sexual offences,Further investigation is not in the public interest,
8074f334e10f1eed941d105b2f8654d405f38efa652f0036686775d4e18c194b,2024-03,Hampshire Constabulary,Hampshire Constabulary,-0.774096,51.298326,On or near Credon Close,E01023149,Rushmoor 006F,Violence and sexual offences,Unable to prosecute suspect,
,2024-03,Hampshire Constabulary,Hampshire Constabulary,-0.773990,51.299638,On or near Stubbs Moor Road,E01023149,Rushmoor 006F,Anti-social behaviour,,
7dcaf12af8a0ad7f72bace7e4e4f74bdbe60104f1d1144993edc197e135d9490,2024-03,Hampshire Constabulary,Hampshire Constabulary,-0.759966,51.286137,On or near Parking Area,E01023113,Rushmoor 007A,Criminal damage and arson,Unable to prosecute suspect,
bbeeec0c47299e77c83e8ed8c87c88a568594e06f36f685b286045555d252379,2024-03,Hampshire Constabulary,Hampshire Constabulary,-0.766093,51.283324,On or near Templer Avenue,E01023113,Rushmoor 007A,Criminal damage and arson,Investigation complete; no suspect identified,
f45c54906c803dd0ff5dbc51e67dc7d62cfc51420ea69fd7424cc33d2ab082d8,2024-03,Hampshire Constabulary,Hampshire Constabulary,-0.745103,51.281662,On or near Cambridge Road East,E01023113,Rushmoor 007A,Other theft,Investigation complete; no suspect identified,
49a2b5e0e84533751f7428b4ef9aca976661d7a27df6c77e988cee58906a86f7,2024-03,Hampshire Constabulary,Hampshire Constabulary,-0.759966,51.286137,On or near Parking Area,E01023113,Rushmoor 007A,Public order,Court result unavailable,
93626e987e4eefc7fb12aabeb0a86d3eaf44461ce212e44e0202e8265304a782,2024-03,Hampshire Constabulary,Hampshire Constabulary,-0.759966,51.286137,On or near Parking Area,E01023113,Rushmoor 007A,Public order,Court result unavailable,
b8704cbc75dbf8060b78c6b95d776f34de93bdd8a8426d24097dfc17210609d9,2024-03,Hampshire Constabulary,Hampshire Constabulary,-0.755059,51.285707,On or near Merlin Road,E01023113,Rushmoor 007A,Vehicle crime,Investigation complete; no suspect identified,
780dcc40ab0df8bea47a9aff4b03d82bd3ab3526219ae6f5b286f28b8771af3d,2024-03,Hampshire Constabulary,Hampshire Constabulary,-0.750367,51.282654,On or near Church Road West,E01023113,Rushmoor 007A,Violence and sexual offences,Unable to prosecute suspect,
3dec22fa468d6c42a36dc892754d922c7a9eed5ca0b57f5a899256aee182dcea,2024-03,Hampshire Constabulary,Hampshire Constabulary,-0.766093,51.283324,On or near Templer Avenue,E01023113,Rushmoor 007A,Violence and sexual offences,Local resolution,
67e7e37754a521d4998af69d99717e977cb6a563fd00b0a0e87bdf8d86c1abad,2024-03,Hampshire Constabulary,Hampshire Constabulary,-0.746456,51.284095,On or near Gainsborough Close,E01023113,Rushmoor 007A,Violence and sexual offences,Unable to prosecute suspect,
12a87aaca6383fc67a169ed2b21adb4b0497d42667dd7e1dfdf1ed4872f14b57,2024-03,Hampshire Constabulary,Hampshire Constabulary,-0.750892,51.285751,On or near Further/Higher Educational Building,E01023113,Rushmoor 007A,Violence and sexual offences,Unable to prosecute suspect,
665591c36ed2542ef37f3d0368a7836a49ebcf9b1021f72c0d8343ab1c7c61d7,2024-03,Hampshire Constabulary,Hampshire Constabulary,-0.750892,51.285751,On or near Further/Higher Educational Building,E01023113,Rushmoor 007A,Violence and sexual offences,Investigation complete; no suspect identified,
a078f7d020517c9defc907a47e407d129bc6ac5a5a3c429619a3bb653d351fc3,2024-03,Hampshire Constabulary,Hampshire Constabulary,-0.754385,51.285727,On or near Kestrel Road,E01023113,Rushmoor 007A,Violence and sexual offences,Investigation complete; no suspect identified,
96463f122d762dd3d2a956b39d500b4fb981155070ea13a0144ed38ac0bc4ecb,2024-03,Hampshire Constabulary,Hampshire Constabulary,-0.759966,51.286137,On or near Parking Area,E01023113,Rushmoor 007A,Violence and sexual offences,Unable to prosecute suspect,
84b94e35dc372189d4dd3ef87c2456ce4fb40327033aa28d387aabcec1918c3e,2024-03,Hampshire Constabulary,Hampshire Constabulary,-0.749628,51.283464,On or near Chatfield Close,E01023113,Rushmoor 007A,Violence and sexual offences,Unable to prosecute suspect,
,2024-03,Hampshire Constabulary,Hampshire Constabulary,-0.754385,51.285727,On or near Kestrel Road,E01023113,Rushmoor 007A,Anti-social behaviour,,
,2024-03,Hampshire Constabulary,Hampshire Constabulary,-0.746028,51.280359,On or near Reading Road,E01023113,Rushmoor 007A,Anti-social behaviour,,
,2024-03,Hampshire Constabulary,Hampshire Constabulary,-0.744141,51.281193,On or near Windsor Road,E01023113,Rushmoor 007A,Anti-social behaviour,,
,2024-03,Hampshire Constabulary,Hampshire Constabulary,-0.745922,51.283164,On or near Fairfax Mews,E01023113,Rushmoor 007A,Anti-social behaviour,,
b879645db4fc38662a206a5be0d7ef46f94a296e15d4bfd0f91ad79f8833aecf,2024-03,Hampshire Constabulary,Hampshire Constabulary,-0.766093,51.283324,On or near Templer Avenue,E01023113,Rushmoor 007A,Criminal damage and arson,Investigation complete; no suspect identified,
0beae8bd3f2d852874d15d94423e466791ac90fe0891724f984fe0bf4bb6a8d9,2024-03,Hampshire Constabulary,Hampshire Constabulary,-0.761129,51.287165,On or near Pinehurst Road,E01023113,Rushmoor 007A,Theft from the person,Investigation complete; no suspect identified,
0233af4a640631aba6bb67958eae74ad697635d6974bbfa5aae534377a93111f,2024-03,Hampshire Constabulary,Hampshire Constabulary,-0.745922,51.283164,On or near Fairfax Mews,E01023113,Rushmoor 007A,Vehicle crime,Investigation complete; no suspect identified,
4762abca3068e22d1ab0b601473d7d15ce0ad84c2485a4e55293cdece3df72a6,2024-03,Hampshire Constabulary,Hampshire Constabulary,-0.750367,51.282654,On or near Church Road West,E01023113,Rushmoor 007A,Violence and sexual offences,Unable to prosecute suspect,
77788d3a154283da0ffed867be7baa5161c220b16b15896d974106302e6d4d49,2024-03,Hampshire Constabulary,Hampshire Constabulary,-0.736765,51.281914,On or near Corfe Way,E01023114,Rushmoor 007B,Violence and sexual offences,Unable to prosecute suspect,
980b0e3fcb8e75d74f6768e22925b6b4f74180c16a011aa9fe9546cce9488f82,2024-03,Hampshire Constabulary,Hampshire Constabulary,-0.736677,51.283577,On or near Collingwood,E01023114,Rushmoor 007B,Violence and sexual offences,Further investigation is not in the public interest,
9d8f68de576309687b83e9bc6abf8ba8669c3c07aed0087cfbfe1b162453f553,2024-03,Hampshire Constabulary,Hampshire Constabulary,-0.736765,51.281914,On or near Corfe Way,E01023114,Rushmoor 007B,Violence and sexual offences,Unable to prosecute suspect,
9d32c7ef73bfc5338ddcb96eb8960099f3c0577e011957ad07fe74f99b4be21b,2024-03,Hampshire Constabulary,Hampshire Constabulary,-0.736765,51.281914,On or near Corfe Way,E01023114,Rushmoor 007B,Violence and sexual offences,Local resolution,
,2024-03,Hampshire Constabulary,Hampshire Constabulary,-0.735276,51.281844,On or near Cumbria Court,E01023114,Rushmoor 007B,Anti-social behaviour,,
681696d09b0f3d8cd2a4859c4885b2e0d8a1d08a7eaf6419443cc722a7adba35,2024-03,Hampshire Constabulary,Hampshire Constabulary,-0.741708,51.282066,On or near The Grove,E01023114,Rushmoor 007B,Vehicle crime,Investigation complete; no suspect identified,
e13c2a7cf714c13beddfb576e1849fb9fbcec1c5a7a4608230762cb4fa1249db,2024-03,Hampshire Constabulary,Hampshire Constabulary,-0.763709,51.266924,On or near Vine Close,E01023136,Rushmoor 007C,Burglary,Investigation complete; no suspect identified,
50c2e8e1d515d2f07b727723b977c99b93817572a2a0d6330914d191a00bf393,2024-03,Hampshire Constabulary,Hampshire Constabulary,-0.756251,51.276619,On or near Maitland Road,E01023136,Rushmoor 007C,Drugs,Local resolution,
8fe415734831327fe63ee2b40f03ff89f1809a8ac81024ed33e141786959ef48,2024-03,Hampshire Constabulary,Hampshire Constabulary,-0.755734,51.275058,On or near Petrol Station,E01023136,Rushmoor 007C,Other theft,Investigation complete; no suspect identified,
f8eaef36e3a343eecea99eb8f7ce7fc81fd444dd6090544c820055a2b74fbe4c,2024-03,Hampshire Constabulary,Hampshire Constabulary,-0.750748,51.276525,On or near Penny Court,E01023136,Rushmoor 007C,Other theft,Investigation complete; no suspect identified,
3af817ecfc5f2a96b6c84e5e694eb4d6877b8477aeef013a79bf4501db98f0e9,2024-03,Hampshire Constabulary,Hampshire Constabulary,-0.751232,51.271360,On or near Blenheim Park,E01023136,Rushmoor 007C,Violence and sexual offences,Unable to prosecute suspect,
03e7888ff18ed2e17b5748d54a9298927745245d3b87bcd845a0be931aef5ad6,2024-03,Hampshire Constabulary,Hampshire Constabulary,-0.751232,51.271360,On or near Blenheim Park,E01023136,Rushmoor 007C,Violence and sexual offences,Unable to prosecute suspect,
6930e0dabaf95352b57e5f3f06aded57ba803515abd6876aeddfa696efc2631a,2024-03,Hampshire Constabulary,Hampshire Constabulary,-0.751232,51.271360,On or near Blenheim Park,E01023136,Rushmoor 007C,Violence and sexual offences,Unable to prosecute suspect,
9d9705a888f5dea42f211f78345666f6ace3392281d41b8d3102b22aa4153005,2024-03,Hampshire Constabulary,Hampshire Constabulary,-0.753851,51.273114,On or near Blenheim Road,E01023136,Rushmoor 007C,Violence and sexual offences,Unable to prosecute suspect,
98048292ef16660ab0a2108d0bbec491d8463faea4fb075abbcd6c79b4be4861,2024-03,Hampshire Constabulary,Hampshire Constabulary,-0.755734,51.275058,On or near Petrol Station,E01023136,Rushmoor 007C,Violence and sexual offences,Investigation complete; no suspect identified,
733e3c3269f84063712a11f21eaa309dcc05cf401fad0b9f2646008f3482919c,2024-03,Hampshire Constabulary,Hampshire Constabulary,-0.761766,51.275212,On or near Henlow Place,E01023136,Rushmoor 007C,Violence and sexual offences,Unable to prosecute suspect,
8889aa993a46e18324ac8845bff477b395cd203cea2048c2430f55b1a671d535,2024-03,Hampshire Constabulary,Hampshire Constabulary,-0.750735,51.275419,On or near Tredenham Close,E01023136,Rushmoor 007C,Violence and sexual offences,Unable to prosecute suspect,
20b952c5019fc4449a141955e00971d4c0e14c6c56f10aa5680658289a33fce1,2024-03,Hampshire Constabulary,Hampshire Constabulary,-0.750748,51.276525,On or near Penny Court,E01023136,Rushmoor 007C,Violence and sexual offences,Unable to prosecute suspect,
,2024-03,Hampshire Constabulary,Hampshire Constabulary,-0.760182,51.274395,On or near Centrifuge Way,E01023136,Rushmoor 007C,Anti-social behaviour,,
136956bb22f26660b3e5932c3336876ca767557d0b2d23ff7d0fc786da3bcbb3,2024-03,Hampshire Constabulary,Hampshire Constabulary,-0.768475,51.275202,On or near Dingley Way,E01023136,Rushmoor 007C,Criminal damage and arson,Investigation complete; no suspect identified,
aa23eeffb72b9c699c4469d3536565f157196d59e217656ebfb41748281dc3c4,2024-03,Hampshire Constabulary,Hampshire Constabulary,-0.756997,51.274487,On or near Kenley Place,E01023136,Rushmoor 007C,Criminal damage and arson,Investigation complete; no suspect identified,
069ab7a07b8c39a7c71518d9b2a96c417f34c798fd7693cab0be54a03bcd7234,2024-03,Hampshire Constabulary,Hampshire Constabulary,-0.756997,51.274487,On or near Kenley Place,E01023136,Rushmoor 007C,Criminal damage and arson,Investigation complete; no suspect identified,
5c28ca28ee746b480e1b579a41865e3945bf1834524e402db67d434511787177,2024-03,Hampshire Constabulary,Hampshire Constabulary,-0.749155,51.273424,On or near Parking Area,E01023136,Rushmoor 007C,Criminal damage and arson,Investigation complete; no suspect identified,
82800b99638f6b08425e07f3d9c797ec8e8abb8f57698dd6ac7a14bf1ba4e99a,2024-03,Hampshire Constabulary,Hampshire Constabulary,-0.751232,51.271360,On or near Blenheim Park,E01023136,Rushmoor 007C,Other theft,Investigation complete; no suspect identified,
86500e8dddd393e0bcfeeb6b1adccbe5a25a48c9142894ee67ae87552e6cc30c,2024-03,Hampshire Constabulary,Hampshire Constabulary,-0.765120,51.274690,On or near Gladiator Way,E01023136,Rushmoor 007C,Other theft,Investigation complete; no suspect identified,
30610255a2ac2cda60bf3b0fb71e6e98056f1ed83297b8e5cdabc0f05286198e,2024-03,Hampshire Constabulary,Hampshire Constabulary,-0.755734,51.275058,On or near Petrol Station,E01023136,Rushmoor 007C,Public order,Investigation complete; no suspect identified,
3a6591cae70c3da62f5af521a0b8e7759d6c1716fc3a7373fe81f778ed3ea9f8,2024-03,Hampshire Constabulary,Hampshire Constabulary,-0.753851,51.273114,On or near Blenheim Road,E01023136,Rushmoor 007C,Violence and sexual offences,Unable to prosecute suspect,
6bd37da68aea00d509151e324458462bb48fac584b5d405f8c20fcd3b3491269,2024-03,Hampshire Constabulary,Hampshire Constabulary,-0.753851,51.273114,On or near Blenheim Road,E01023136,Rushmoor 007C,Violence and sexual offences,Status update unavailable,
e6012c1cae2d1eac93f56bf8ea7e32589519c967b6de35c7c23a0bcbe5a4b4dc,2024-03,Hampshire Constabulary,Hampshire Constabulary,-0.761502,51.275425,On or near Coxwell Avenue,E01023136,Rushmoor 007C,Violence and sexual offences,Status update unavailable,
27e5f880a74544710d8c6f1bdd32d892d4b6ae2534dab36559ca85903637007c,2024-03,Hampshire Constabulary,Hampshire Constabulary,-0.755487,51.278374,On or near Dairy Gate Road,E01023136,Rushmoor 007C,Violence and sexual offences,Status update unavailable,
dc5f258c89ae1f41fb9d93bebe8d5411fc889f8e2ad4c9aa4ec3a0e26b341dcf,2024-03,Hampshire Constabulary,Hampshire Constabulary,-0.748432,51.264145,On or near Prince'S Avenue,E01023136,Rushmoor 007C,Violence and sexual offences,Status update unavailable,
1e873513f4e07cfd6266bdd151620ca3ea26e58fc77ae0162b67e62ec2919fbb,2024-03,Hampshire Constabulary,Hampshire Constabulary,-0.742298,51.268350,On or near Alanbrooke Road,E01023136,Rushmoor 007C,Violence and sexual offences,Unable to prosecute suspect,
db3a92c5e85558933c0dd85a34770adc53418caad860dc7afec86c4615cc36f7,2024-03,Hampshire Constabulary,Hampshire Constabulary,-0.743887,51.278403,On or near Sherborne Road,E01023137,Rushmoor 007D,Criminal damage and arson,Unable to prosecute suspect,
1df3a7053d9b75d56bcbb0d4bfad64e4b510e5a59937beef994e042464c8fa31,2024-03,Hampshire Constabulary,Hampshire Constabulary,-0.744484,51.280190,On or near Hermitage Close,E01023137,Rushmoor 007D,Possession of weapons,Investigation complete; no suspect identified,
60f97fc6317d4b983fd38e2c87a37de2d4caa4780395aee30be21fb4f1d5c6b8,2024-03,Hampshire Constabulary,Hampshire Constabulary,-0.742065,51.275820,On or near Gordon Road,E01023137,Rushmoor 007D,Violence and sexual offences,Unable to prosecute suspect,
de99e71fea3ff050d255aa85d9d7b53c393b7b97ebdd9d97faf825e3fe76b0ee,2024-03,Hampshire Constabulary,Hampshire Constabulary,-0.743576,51.277195,On or near Queens Road,E01023137,Rushmoor 007D,Violence and sexual offences,Unable to prosecute suspect,
ba8e2dc2278d2a0664c755097b2258d59902b7dc5483365fc02e29adc016e023,2024-03,Hampshire Constabulary,Hampshire Constabulary,-0.743576,51.277195,On or near Queens Road,E01023137,Rushmoor 007D,Violence and sexual offences,Unable to prosecute suspect,
c08e4fc34dff4a952482d82c7c28c31530159ece9ff8dd56bf7a1c55b4a9a9db,2024-03,Hampshire Constabulary,Hampshire Constabulary,-0.745313,51.277645,On or near Peabody Road,E01023137,Rushmoor 007D,Criminal damage and arson,Status update unavailable,
91f85540c3d2ec07ce380fe986f76b4cb58e226d1b8928fd5513905f752a1042,2024-03,Hampshire Constabulary,Hampshire Constabulary,-0.742065,51.275820,On or near Gordon Road,E01023137,Rushmoor 007D,Other theft,Status update unavailable,
1988acc2ed754e87fe39e9516653d7ac6cd26af9045439cc89150da873d586ee,2024-03,Hampshire Constabulary,Hampshire Constabulary,-0.743576,51.277195,On or near Queens Road,E01023137,Rushmoor 007D,Violence and sexual offences,Investigation complete; no suspect identified,
b66e4ffcf135ed7525a4f3022e8e7ed2fcd6ee8474ceb2beece712a23689c0d9,2024-03,Hampshire Constabulary,Hampshire Constabulary,-0.743887,51.278403,On or near Sherborne Road,E01023137,Rushmoor 007D,Violence and sexual offences,Investigation complete; no suspect identified,
6f1b16410c0f7815fbdc39cf3ed2fc5b6f01daa9dff4a8f94645751c50ded922,2024-03,Hampshire Constabulary,Hampshire Constabulary,-0.749663,51.279004,On or near Alexandra Court,E01023138,Rushmoor 007E,Possession of weapons,Investigation complete; no suspect identified,
1b2a951b86d25e9540f8a8b41a789430ab0066779d93f7d948dea6ba21f74028,2024-03,Hampshire Constabulary,Hampshire Constabulary,-0.748500,51.281177,On or near Prince Regent Place,E01023138,Rushmoor 007E,Vehicle crime,Investigation complete; no suspect identified,
71c08d7243cee3b8619576d049d14e9628d11b0a753de502322753a083a83a2e,2024-03,Hampshire Constabulary,Hampshire Constabulary,-0.750763,51.279169,On or near Buller Court,E01023138,Rushmoor 007E,Violence and sexual offences,Further investigation is not in the public interest,
9adf23b500c71c7e60eb7a489d3adf423d9e2d2ebfce777fa12f9f806a56f088,2024-03,Hampshire Constabulary,Hampshire Constabulary,-0.749050,51.279924,On or near St Marks Close,E01023138,Rushmoor 007E,Violence and sexual offences,Further investigation is not in the public interest,
a6cbaca82e4e0d1f9db1a02642f6584e5fca54cf5d47b47fb6a93364778fb516,2024-03,Hampshire Constabulary,Hampshire Constabulary,-0.749050,51.279924,On or near St Marks Close,E01023138,Rushmoor 007E,Public order,Investigation complete; no suspect identified,
3ca5d5b30117d78fe623836d9f011fde7cc5983311c2c7949b06c694ed8ecf3e,2024-03,Hampshire Constabulary,Hampshire Constabulary,-0.750559,51.281379,On or near Cambridge Road West,E01023138,Rushmoor 007E,Public order,Unable to prosecute suspect,
797eb51f198da4be38e20268bb7bb70762e2717918754920a9e37070d94a23c3,2024-03,Hampshire Constabulary,Hampshire Constabulary,-0.736390,51.279914,On or near South Street,E01023139,Rushmoor 007F,Robbery,Further investigation is not in the public interest,
f0c3fdb6698b9ffd9516b0b47490c7135b136f5aefe33bbe61ae7a31e2f47d9a,2024-03,Hampshire Constabulary,Hampshire Constabulary,-0.736390,51.279914,On or near South Street,E01023139,Rushmoor 007F,Robbery,Further investigation is not in the public interest,
f37f4968e4fd73fcf13c9278161e8b8136fdff309134f3ae0fd9d2646b88815f,2024-03,Hampshire Constabulary,Hampshire Constabulary,-0.736390,51.279914,On or near South Street,E01023139,Rushmoor 007F,Violence and sexual offences,Unable to prosecute suspect,
f10a20198d3f7e4c94a570040f50a3c49c0fdfdfa447a8a1ad5acdfbba2d188e,2024-03,Hampshire Constabulary,Hampshire Constabulary,-0.740446,51.279993,On or near Bruntile Close,E01023139,Rushmoor 007F,Violence and sexual offences,Unable to prosecute suspect,
3eba9e1df42f14dc26c2c23371459cd41c37914e8475263ced9d52ff2b2a8fce,2024-03,Hampshire Constabulary,Hampshire Constabulary,-0.739903,51.279394,On or near Yeovil Close,E01023139,Rushmoor 007F,Violence and sexual offences,Unable to prosecute suspect,
4b12e32759f6272464973b4c9f891af99864caf4f990cae44ba49d12421e95b6,2024-03,Hampshire Constabulary,Hampshire Constabulary,-0.739903,51.279394,On or near Yeovil Close,E01023139,Rushmoor 007F,Violence and sexual offences,Unable to prosecute suspect,
aebb0ba09167e4cc5bc5341cbaa675d145c9bb701a43ead969f2aa95a11beccd,2024-03,Hampshire Constabulary,Hampshire Constabulary,-0.739903,51.279394,On or near Yeovil Close,E01023139,Rushmoor 007F,Violence and sexual offences,Court result unavailable,
e36270b77d407f3e20fd947fb7878b2c3b6c10df928ea0e83ffa2a482223be5d,2024-03,Hampshire Constabulary,Hampshire Constabulary,-0.736390,51.279914,On or near South Street,E01023139,Rushmoor 007F,Violence and sexual offences,Court result unavailable,
8cfcdb5125649b48b11c2aacdbab9d41f01923c4cd27f678ceb9a311825cc7d8,2024-03,Hampshire Constabulary,Hampshire Constabulary,-0.739903,51.279394,On or near Yeovil Close,E01023139,Rushmoor 007F,Violence and sexual offences,Unable to prosecute suspect,
3b6fbac4116f7d6a853c76503174963e577f98ac15d11ecc76bec13dec13781c,2024-03,Hampshire Constabulary,Hampshire Constabulary,-0.736390,51.279914,On or near South Street,E01023139,Rushmoor 007F,Violence and sexual offences,Court result unavailable,
4c55c89a911db447b17f654d687849a6bea364220a8917fb95a0b1ffa5355fcf,2024-03,Hampshire Constabulary,Hampshire Constabulary,-0.736084,51.280630,On or near Whites Road,E01023139,Rushmoor 007F,Violence and sexual offences,Formal action is not in the public interest,
de55ceab545a1a4316ae5f29228cf5f1a3050348f5b09533d543740e8f9d31c1,2024-03,Hampshire Constabulary,Hampshire Constabulary,-0.739611,51.280110,On or near Rivers Close,E01023139,Rushmoor 007F,Burglary,Unable to prosecute suspect,
c4bae04bb68fb17a1bf9eee0106328b4daf1e996ec9249d670027ca16e9905a9,2024-03,Hampshire Constabulary,Hampshire Constabulary,-0.738785,51.276253,On or near Closeworth Road,E01023139,Rushmoor 007F,Drugs,Status update unavailable,
725a2820c89b01472e4d7684d58bedb6ebad043005b1c5f37528de53ba0bcc5a,2024-03,Hampshire Constabulary,Hampshire Constabulary,-0.739903,51.279394,On or near Yeovil Close,E01023139,Rushmoor 007F,Public order,Unable to prosecute suspect,
b306b52ed2e3d3131fbd69d6b142fa2ba5b085db5ca479bf180ddadde0585723,2024-03,Hampshire Constabulary,Hampshire Constabulary,-0.740446,51.279993,On or near Bruntile Close,E01023139,Rushmoor 007F,Public order,Unable to prosecute suspect,
af1c67aff52d6f5a26658c0aa4a9befcf4a4293e7492fc6da3fd2c4131e5273a,2024-03,Hampshire Constabulary,Hampshire Constabulary,-0.739611,51.280110,On or near Rivers Close,E01023139,Rushmoor 007F,Violence and sexual offences,Unable to prosecute suspect,
a4f7f82d87c234c6ffc7d338879db71f691c43772bc62fc8ff56cbab885eeef7,2024-03,Hampshire Constabulary,Hampshire Constabulary,-0.740446,51.279993,On or near Bruntile Close,E01023139,Rushmoor 007F,Violence and sexual offences,Investigation complete; no suspect identified,
20ea4891beb6ce00aa9b4162a4a1eb9b2c1093cd632ee628092760702b31be16,2024-03,Hampshire Constabulary,Hampshire Constabulary,-0.748505,51.276231,On or near Supermarket,E01023140,Rushmoor 007G,Drugs,Formal action is not in the public interest,
76f438a3b9058217c145a53028404e92949bf9cdf841d809548e7b0d9b1a1210,2024-03,Hampshire Constabulary,Hampshire Constabulary,-0.748505,51.276231,On or near Supermarket,E01023140,Rushmoor 007G,Shoplifting,Investigation complete; no suspect identified,
ae00017c1a453b9a6b83cb15d4b3387ea9eefb2582a725e80a7b252f35124abc,2024-03,Hampshire Constabulary,Hampshire Constabulary,-0.745877,51.274836,On or near Lynchford Road,E01023140,Rushmoor 007G,Violence and sexual offences,Unable to prosecute suspect,
8a2676ea9adc3cbda4c613f73be1e1310fcaae9151fede3ba3a8ba3136cd9b67,2024-03,Hampshire Constabulary,Hampshire Constabulary,-0.736399,51.269672,On or near Slim Close,E01023140,Rushmoor 007G,Violence and sexual offences,Unable to prosecute suspect,
4eb32496cae261acd85f4ecd2c7a4a6ab310c9d9a3957f36586ebaccd83f40d8,2024-03,Hampshire Constabulary,Hampshire Constabulary,-0.739950,51.270348,On or near Rimbault Close,E01023140,Rushmoor 007G,Violence and sexual offences,Unable to prosecute suspect,
0b97ab19a8098dfcca22e770a1ce4de233716b39e4c0fccb4004139b044ae898,2024-03,Hampshire Constabulary,Hampshire Constabulary,-0.739076,51.270843,On or near O'Connor Road,E01023140,Rushmoor 007G,Violence and sexual offences,Unable to prosecute suspect,
,2024-03,Hampshire Constabulary,Hampshire Constabulary,-0.738490,51.269739,On or near Mons Close,E01023140,Rushmoor 007G,Anti-social behaviour,,
6642e71f589f80236c4364470d380793f6e22c0b3702c6ccdd4bcd60b334be59,2024-03,Hampshire Constabulary,Hampshire Constabulary,-0.747462,51.275591,On or near Camp Road,E01023140,Rushmoor 007G,Other theft,Investigation complete; no suspect identified,
d76675750d96ce542d344193d3185edc2fff78f74c002d13dc9291734cbb1535,2024-03,Hampshire Constabulary,Hampshire Constabulary,-0.739950,51.270348,On or near Rimbault Close,E01023140,Rushmoor 007G,Vehicle crime,Investigation complete; no suspect identified,
01f7144b3153d3ec7ddb240478074c20f4b99f1e257a27de0905d012c1a5399d,2024-03,Hampshire Constabulary,Hampshire Constabulary,-0.736399,51.269672,On or near Slim Close,E01023140,Rushmoor 007G,Violence and sexual offences,Unable to prosecute suspect,
bb4702f60b05a6fe14aa969e8a2aabe1bfc32100676a26d62c2eb6252ad40bcc,2024-03,Hampshire Constabulary,Hampshire Constabulary,-0.743649,51.253492,On or near Sheeling Close,E01023141,Rushmoor 008A,Violence and sexual offences,Unable to prosecute suspect,
1b0fa35f26648f7c226e33db69959a702d6fd21ef2c14deb618d6326ebcc3ebe,2024-03,Hampshire Constabulary,Hampshire Constabulary,-0.740260,51.263697,On or near Lock Road,E01023141,Rushmoor 008A,Violence and sexual offences,Unable to prosecute suspect,
,2024-03,Hampshire Constabulary,Hampshire Constabulary,-0.743649,51.253492,On or near Sheeling Close,E01023141,Rushmoor 008A,Anti-social behaviour,,
730eed034eb5107e48aee4f11cff54ccff42d8dcc293d0d2b2fb7f607101e649,2024-03,Hampshire Constabulary,Hampshire Constabulary,-0.743649,51.253492,On or near Sheeling Close,E01023141,Rushmoor 008A,Burglary,Investigation complete; no suspect identified,
20894c2d5e39b43b97920f94a7ce1c2e393a504407d327a65cd4e808b375689d,2024-03,Hampshire Constabulary,Hampshire Constabulary,-0.754767,51.252477,On or near Louise Margaret Road,E01023141,Rushmoor 008A,Burglary,Investigation complete; no suspect identified,
e63c153be1bd80830b6317439b346dc3652a03df0912368ff276907122fa2669,2024-03,Hampshire Constabulary,Hampshire Constabulary,-0.749998,51.256113,On or near Hurst Road,E01023141,Rushmoor 008A,Criminal damage and arson,Investigation complete; no suspect identified,
09df19e68c100aff3b7e27ed59f38cf4809f7ae5729eec71de3b7b03eae06d4c,2024-03,Hampshire Constabulary,Hampshire Constabulary,-0.743998,51.259080,On or near Thornhill Road,E01023141,Rushmoor 008A,Public order,Investigation complete; no suspect identified,
38d1fdeac175fc83e4b0128f3f596fe24f65db9c3b5754d54c03ccec130b9c71,2024-03,Hampshire Constabulary,Hampshire Constabulary,-0.749998,51.256113,On or near Hurst Road,E01023141,Rushmoor 008A,Public order,Unable to prosecute suspect,
2a4b8d37311c57b2b5c9f26abdf7ecaf7f7bcd194c98a377cf49f9aa2f32afa6,2024-03,Hampshire Constabulary,Hampshire Constabulary,-0.753217,51.252569,On or near Field Stores Approach,E01023141,Rushmoor 008A,Violence and sexual offences,Unable to prosecute suspect,
cab0809850b85c2215ad2d3860ec3d290241a7d0420760a9ae21f74ff12971be,2024-03,Hampshire Constabulary,Hampshire Constabulary,-0.743998,51.259080,On or near Thornhill Road,E01023141,Rushmoor 008A,Violence and sexual offences,Investigation complete; no suspect identified,
8d5c0975afe88483c4cdca6cb18119135e43683a80a02f698291e006360e5eea,2024-03,Hampshire Constabulary,Hampshire Constabulary,-0.763952,51.245081,On or near Bus/Coach Station,E01023144,Rushmoor 008D,Drugs,Further investigation is not in the public interest,
39fe7f9beb88acdad495202f15470b2404985cd0490f125b75e7bd9701b09698,2024-03,Hampshire Constabulary,Hampshire Constabulary,-0.766100,51.246680,On or near Grosvenor Road,E01023144,Rushmoor 008D,Drugs,Awaiting court outcome,
cc4c806e06f4bd1233441ff20a78db374124f1465761f10e18153bad059764ee,2024-03,Hampshire Constabulary,Hampshire Constabulary,-0.762250,51.246523,On or near The Grove,E01023144,Rushmoor 008D,Violence and sexual offences,Unable to prosecute suspect,
91a10f7fe452aa7012a21e3af952a49b08e07bc8559ea7881f7768e90ff00e16,2024-03,Hampshire Constabulary,Hampshire Constabulary,-0.762250,51.246523,On or near The Grove,E01023144,Rushmoor 008D,Violence and sexual offences,Unable to prosecute suspect,
32b098b5b68918ce1336dd05ae8f93e2f821bc6c332c1fbf8ba2acf96735c1fd,2024-03,Hampshire Constabulary,Hampshire Constabulary,-0.760782,51.246631,On or near Bus/Coach Station,E01023144,Rushmoor 008D,Violence and sexual offences,Investigation complete; no suspect identified,
,2024-03,Hampshire Constabulary,Hampshire Constabulary,-0.766100,51.246680,On or near Grosvenor Road,E01023144,Rushmoor 008D,Anti-social behaviour,,
b24b59178d1a4b7b557c7b1d5532515c3eb5c23379b1894f63e9bf6bff04febf,2024-03,Hampshire Constabulary,Hampshire Constabulary,-0.760782,51.246631,On or near Bus/Coach Station,E01023144,Rushmoor 008D,Other theft,Investigation complete; no suspect identified,
e79cd1e2b4ce5a7f3e5675233a693a7cdd121e3a0f41e6a88ab65727a07ed6e9,2024-03,Hampshire Constabulary,Hampshire Constabulary,-0.760505,51.247467,On or near Arthur Street,E01023144,Rushmoor 008D,Other theft,Investigation complete; no suspect identified,
089b2b15efc58d88c3c803a78dd614bd6362f89cbfd026cdc8a1ffe5b39d51d9,2024-03,Hampshire Constabulary,Hampshire Constabulary,-0.765297,51.244532,On or near B3007,E01023144,Rushmoor 008D,Theft from the person,Investigation complete; no suspect identified,
040e74fde82f291f0c286dd253829f2e17f840a3fa02e4f9b79a0db7ebacd98b,2024-03,Hampshire Constabulary,Hampshire Constabulary,-0.765297,51.244532,On or near B3007,E01023144,Rushmoor 008D,Violence and sexual offences,Status update unavailable,
951259461358153c0be17c46335060c1d08df03c8cd2d503f9d291417b0037e3,2024-03,Hampshire Constabulary,Hampshire Constabulary,-0.765317,51.245926,On or near Lysons Road,E01023144,Rushmoor 008D,Violence and sexual offences,Status update unavailable,
cfe0f13fdfff917fde096e575e8d12463968536275a7a16216d46753d7d27b32,2024-03,Hampshire Constabulary,Hampshire Constabulary,-0.759695,51.246694,On or near Aldershot,E01023144,Rushmoor 008D,Violence and sexual offences,Status update unavailable,
808534c5b3e1d55002021b61a9379d19c1a4db7785f449328ff72417a5a2d81a,2024-03,Hampshire Constabulary,Hampshire Constabulary,-0.765297,51.244532,On or near B3007,E01023144,Rushmoor 008D,Violence and sexual offences,Unable to prosecute suspect,
70e9ab270b698343334dfb96efd1443b75f01c44b919b0108b7445d0e36676a2,2024-03,Hampshire Constabulary,Hampshire Constabulary,-0.765297,51.244532,On or near B3007,E01023144,Rushmoor 008D,Violence and sexual offences,Unable to prosecute suspect,
4f8810112058514092da6fce076f24cf8d84f04865367cf0759dd8d3788e3289,2024-03,Hampshire Constabulary,Hampshire Constabulary,-0.762632,51.247741,On or near Parking Area,E01023144,Rushmoor 008D,Other crime,Formal action is not in the public interest,
d714cbf516989f3ee8259f0f2bb15e3a82a5247aed1d904cc4cfaaa5d0d4cd8c,2024-03,Hampshire Constabulary,Hampshire Constabulary,-0.764345,51.250133,On or near Court Road,E01034727,Rushmoor 008E,Burglary,Court result unavailable,
e8185324ffcbb23df9fdfc7bfe2806fcc8e0171fa30891d3279ed6a8a0e526f0,2024-03,Hampshire Constabulary,Hampshire Constabulary,-0.763579,51.255197,On or near Scarletts Road,E01034727,Rushmoor 008E,Public order,Unable to prosecute suspect,
0ffaf7fe0abb5ad992b658019a7801c66213541324cf4af5bf5bc23f3d1ee1b4,2024-03,Hampshire Constabulary,Hampshire Constabulary,-0.760568,51.250250,On or near Sports/Recreation Area,E01034727,Rushmoor 008E,Robbery,Unable to prosecute suspect,
418d072ea1e5ba0389f7d3abbe6c04ab3d10047caec57953c92f995659e4216d,2024-03,Hampshire Constabulary,Hampshire Constabulary,-0.766320,51.249704,On or near Lower Nelson Street,E01034727,Rushmoor 008E,Vehicle crime,Investigation complete; no suspect identified,
785d2b24c3a757d27ede32fe5125dcf9ad480faa5e286458c44c6eef1f11811a,2024-03,Hampshire Constabulary,Hampshire Constabulary,-0.765817,51.256686,On or near Moore Drive,E01034727,Rushmoor 008E,Violence and sexual offences,Court result unavailable,
346698f2d114cd0428c4190522f9ae5c4144ef3bdd488b3e0b44c9466f981643,2024-03,Hampshire Constabulary,Hampshire Constabulary,-0.760665,51.253772,On or near Hospital Road,E01034727,Rushmoor 008E,Violence and sexual offences,Investigation complete; no suspect identified,
30600da82e8fc573db05c7b99d812d88a4c83c34ec4de7bfc7024d6445a49bbe,2024-03,Hampshire Constabulary,Hampshire Constabulary,-0.766320,51.249704,On or near Lower Nelson Street,E01034727,Rushmoor 008E,Violence and sexual offences,Unable to prosecute suspect,
6832bc7d1baa22cfd065e72ab2238e4bbb2d77dbed08ba8bc3f8eb91351fd406,2024-03,Hampshire Constabulary,Hampshire Constabulary,-0.766320,51.249704,On or near Lower Nelson Street,E01034727,Rushmoor 008E,Violence and sexual offences,Investigation complete; no suspect identified,
1abe07ffb5993013cb052e6319ecc6912250a33da7c76df0ec3c3bc287586097,2024-03,Hampshire Constabulary,Hampshire Constabulary,-0.766778,51.249691,On or near Nelson Street,E01034727,Rushmoor 008E,Violence and sexual offences,Investigation complete; no suspect identified,
83eb3211eefa6a9984729d16c3aa9e180f90f71c2d9270e089fe531404ea0389,2024-03,Hampshire Constabulary,Hampshire Constabulary,-0.765817,51.256686,On or near Moore Drive,E01034727,Rushmoor 008E,Violence and sexual offences,Unable to prosecute suspect,
7a2027d3849a6a56edf2048bc95f8b2a701206dd0589e2e2130da8d0d7717402,2024-03,Hampshire Constabulary,Hampshire Constabulary,-0.762905,51.254128,On or near Darbyshire Road,E01034727,Rushmoor 008E,Violence and sexual offences,Unable to prosecute suspect,
,2024-03,Hampshire Constabulary,Hampshire Constabulary,-0.766778,51.249691,On or near Nelson Street,E01034727,Rushmoor 008E,Anti-social behaviour,,
,2024-03,Hampshire Constabulary,Hampshire Constabulary,-0.766778,51.249691,On or near Nelson Street,E01034727,Rushmoor 008E,Anti-social behaviour,,
fbad8f23710ee02ecc572ebf78d0bdc8af094bcad1b673d6de045de5afde1cd3,2024-03,Hampshire Constabulary,Hampshire Constabulary,-0.766778,51.249691,On or near Nelson Street,E01034727,Rushmoor 008E,Drugs,Status update unavailable,
9a51a359e082aa2657a8602127aeb0baf1a5df60f80ab72e3c18ef071947d225,2024-03,Hampshire Constabulary,Hampshire Constabulary,-0.759698,51.254571,On or near Guthrie Way,E01034727,Rushmoor 008E,Drugs,Status update unavailable,
079c8484ea0375c7166450c9922fb295bb63c5a5e2520f45440efea44fd07276,2024-03,Hampshire Constabulary,Hampshire Constabulary,-0.761999,51.254775,On or near Kempt Lane,E01034727,Rushmoor 008E,Other theft,Investigation complete; no suspect identified,
e0d3a1d8a7ea2f651f36c8487cedda7d5f2d7f01c153deaa29f99b11a55292a4,2024-03,Hampshire Constabulary,Hampshire Constabulary,-0.766576,51.249743,On or near Short Street,E01034727,Rushmoor 008E,Other theft,Investigation complete; no suspect identified,
6e08f60c38b135f13e56c33b5e4f6a1772c6c5ca293f6b3b6905a4f7ef34324c,2024-03,Hampshire Constabulary,Hampshire Constabulary,-0.766778,51.249691,On or near Nelson Street,E01034727,Rushmoor 008E,Other theft,Investigation complete; no suspect identified,
8cd4cbbfe79415ae54ca61f69d1c7faad1aff54eb8d3dc8ce89f4a7be967e371,2024-03,Hampshire Constabulary,Hampshire Constabulary,-0.765817,51.256686,On or near Moore Drive,E01034727,Rushmoor 008E,Possession of weapons,Status update unavailable,
6a8c32018c85e07e0ae6ba67ed13b9bb79ec83d070f90bfb7614408d4972aec1,2024-03,Hampshire Constabulary,Hampshire Constabulary,-0.766320,51.249704,On or near Lower Nelson Street,E01034727,Rushmoor 008E,Possession of weapons,Investigation complete; no suspect identified,
1105bcb6cc66a600e618b9296beac5113e3159f9aec275eea6c2cde0d2c1f8d1,2024-03,Hampshire Constabulary,Hampshire Constabulary,-0.760568,51.250250,On or near Sports/Recreation Area,E01034727,Rushmoor 008E,Public order,Investigation complete; no suspect identified,
ac0b732e35240f30aa894fff35dfb95e8df85bd164911a4207d2a6d28fe9bccd,2024-03,Hampshire Constabulary,Hampshire Constabulary,-0.764345,51.250133,On or near Court Road,E01034727,Rushmoor 008E,Public order,Investigation complete; no suspect identified,
fd3e21268cd736378ed59280aa0ebe602100317ef519a113016fbb3d5a1f1c61,2024-03,Hampshire Constabulary,Hampshire Constabulary,-0.766778,51.249691,On or near Nelson Street,E01034727,Rushmoor 008E,Robbery,Unable to prosecute suspect,
244f024bd295975a587ef446855b8e60061e396111be83b6b3f3475c77635f25,2024-03,Hampshire Constabulary,Hampshire Constabulary,-0.766778,51.249691,On or near Nelson Street,E01034727,Rushmoor 008E,Shoplifting,Investigation complete; no suspect identified,
485f4c3fa07ad68aaddef39c8d9769e5cbc42c332f590efdd3e9a7fc8a4bbbd9,2024-03,Hampshire Constabulary,Hampshire Constabulary,-0.759698,51.254571,On or near Guthrie Way,E01034727,Rushmoor 008E,Vehicle crime,Investigation complete; no suspect identified,
c79fbe1601dacb4f6cca7910741074368f41fae089724a82ca83d9edaf4e2c6c,2024-03,Hampshire Constabulary,Hampshire Constabulary,-0.766778,51.249691,On or near Nelson Street,E01034727,Rushmoor 008E,Violence and sexual offences,Unable to prosecute suspect,
f4da51a005bd99742d6217f657b461c324552853c0d76839c724323b68992686,2024-03,Hampshire Constabulary,Hampshire Constabulary,-0.766778,51.249691,On or near Nelson Street,E01034727,Rushmoor 008E,Violence and sexual offences,Investigation complete; no suspect identified,
e417286109a36cc42304de7fa2c811972151fb46e8e6f824bfcb4612712971e7,2024-03,Hampshire Constabulary,Hampshire Constabulary,-0.766778,51.249691,On or near Nelson Street,E01034727,Rushmoor 008E,Violence and sexual offences,Investigation complete; no suspect identified,
6eb723ae407c3784b693886e5b6600ee6d157bd852b639e641ff095ccf9e9397,2024-03,Hampshire Constabulary,Hampshire Constabulary,-0.767417,51.255264,On or near Tanner Street,E01034728,Rushmoor 008F,Violence and sexual offences,Unable to prosecute suspect,
14e4127906acb462a2eafd484f79ce9611b339f98fc8c38771f6f14b770d61cb,2024-03,Hampshire Constabulary,Hampshire Constabulary,-0.769926,51.256306,On or near Bruneval Drive,E01034728,Rushmoor 008F,Violence and sexual offences,Unable to prosecute suspect,
929255904c1c7fd3b871c5d99c427ca942ba876211203982c48b3df730d74bbb,2024-03,Hampshire Constabulary,Hampshire Constabulary,-0.765586,51.255155,On or near French Drive,E01034728,Rushmoor 008F,Violence and sexual offences,Investigation complete; no suspect identified,
6358f6d9b02b62dd61a920444e3900967eed8bd381981e013742701fd6a52632,2024-03,Hampshire Constabulary,Hampshire Constabulary,-0.770887,51.256811,On or near Charteris Close,E01034728,Rushmoor 008F,Possession of weapons,Status update unavailable,
8e4eac754ccebc65e2aee335070a8c4fc62a825412ee00807a66f741f1c060a0,2024-03,Hampshire Constabulary,Hampshire Constabulary,-0.765586,51.255155,On or near French Drive,E01034728,Rushmoor 008F,Public order,Investigation complete; no suspect identified,
2efb13bd56d66f81ee9f337608092e40a27bab06f5e15ded13d6bcea2d790bc3,2024-03,Hampshire Constabulary,Hampshire Constabulary,-0.765586,51.255155,On or near French Drive,E01034728,Rushmoor 008F,Public order,Investigation complete; no suspect identified,
69c364d237fda00d25748c7ef4f788a317eb5b7eeab9cfd3e96cf7a3d55eaeb9,2024-03,Hampshire Constabulary,Hampshire Constabulary,-0.770887,51.256811,On or near Charteris Close,E01034728,Rushmoor 008F,Violence and sexual offences,Investigation complete; no suspect identified,
11e1266ad545134f65692ba3c42187aee97c4804b838ea33b3bb402cf154f357,2024-03,Hampshire Constabulary,Hampshire Constabulary,-0.774938,51.252142,On or near Wallace Way,E01034729,Rushmoor 008G,Criminal damage and arson,Investigation complete; no suspect identified,
62bd11e304f91efef14ce60b668eb3e69f0d216107693a12d33a32233b29e928,2024-03,Hampshire Constabulary,Hampshire Constabulary,-0.771600,51.247808,On or near Queens Road,E01034729,Rushmoor 008G,Drugs,Unable to prosecute suspect,
c733490d573902723c1920d25184e566cf0a2dba7e6d4796fc11e20247ceae33,2024-03,Hampshire Constabulary,Hampshire Constabulary,-0.774115,51.253446,On or near Lowe Close,E01034729,Rushmoor 008G,Drugs,Local resolution,
c50ee47693bd77b425f29fcf6a4d86d8ea637c3bda57e53652e33979c8fb03a2,2024-03,Hampshire Constabulary,Hampshire Constabulary,-0.774938,51.252142,On or near Wallace Way,E01034729,Rushmoor 008G,Other theft,Investigation complete; no suspect identified,
f859fdc9b87a18ca889470c99288ae786f6a6c5ef78871835a7f667a98294594,2024-03,Hampshire Constabulary,Hampshire Constabulary,-0.774938,51.252142,On or near Wallace Way,E01034729,Rushmoor 008G,Public order,Unable to prosecute suspect,
a38788be589fe7a1e1d782b45f9ab35de3f1c958df6daf8a7e9bd98dff37d843,2024-03,Hampshire Constabulary,Hampshire Constabulary,-0.774938,51.252142,On or near Wallace Way,E01034729,Rushmoor 008G,Public order,Unable to prosecute suspect,
2a4fa75b931f14277560700df720c8f553e6003413accfa4a51ab8133ad00e6e,2024-03,Hampshire Constabulary,Hampshire Constabulary,-0.770550,51.250117,On or near Supermarket,E01034729,Rushmoor 008G,Shoplifting,Investigation complete; no suspect identified,
0ee669891544c621fe36377ac62f88370a7f9933b54728d18fb06fc0d4ac192e,2024-03,Hampshire Constabulary,Hampshire Constabulary,-0.769713,51.258921,On or near A323,E01034729,Rushmoor 008G,Violence and sexual offences,Unable to prosecute suspect,
a860fc71426e84dd51d577d388aa5cc55b5481b1aaed25471a18de78d7280e71,2024-03,Hampshire Constabulary,Hampshire Constabulary,-0.774938,51.252142,On or near Wallace Way,E01034729,Rushmoor 008G,Violence and sexual offences,Investigation complete; no suspect identified,
44788e25b52ee5f022148cac4a20226483476152770918d47e90cf5f5263abad,2024-03,Hampshire Constabulary,Hampshire Constabulary,-0.774667,51.253164,On or near Anson Close,E01034729,Rushmoor 008G,Violence and sexual offences,Unable to prosecute suspect,
afa991ba8ecb780109c7fbfc4a3e01482ab2beddb19fcca2b5c8c8dd5be9eeb1,2024-03,Hampshire Constabulary,Hampshire Constabulary,-0.769713,51.258921,On or near A323,E01034729,Rushmoor 008G,Violence and sexual offences,Investigation complete; no suspect identified,
c532b3e48106adb09e4fd23f14060a1453f307fc96c31ee911f2c3ebf1f8bd12,2024-03,Hampshire Constabulary,Hampshire Constabulary,-0.769713,51.258921,On or near A323,E01034729,Rushmoor 008G,Violence and sexual offences,Unable to prosecute suspect,
721acb033eadc3379186e26f46fd8d595daa072c8cbb4df22d2dc49dec06c156,2024-03,Hampshire Constabulary,Hampshire Constabulary,-0.771600,51.247808,On or near Queens Road,E01034729,Rushmoor 008G,Violence and sexual offences,Unable to prosecute suspect,
d6ede2d21ee4948eb948392301724afcb772eb10e6c49fbb314f837923a90673,2024-03,Hampshire Constabulary,Hampshire Constabulary,-0.771600,51.247808,On or near Queens Road,E01034729,Rushmoor 008G,Violence and sexual offences,Court result unavailable,
dcab9e83796ab0f11f139490d84daf5a48872935eaca866de8de14bb2f8990d4,2024-03,Hampshire Constabulary,Hampshire Constabulary,-0.770621,51.249075,On or near Lime Street,E01034729,Rushmoor 008G,Violence and sexual offences,Unable to prosecute suspect,
,2024-03,Hampshire Constabulary,Hampshire Constabulary,-0.771624,51.249050,On or near Queen Elizabeth Drive,E01034729,Rushmoor 008G,Anti-social behaviour,,
,2024-03,Hampshire Constabulary,Hampshire Constabulary,-0.770550,51.250117,On or near Supermarket,E01034729,Rushmoor 008G,Anti-social behaviour,,
,2024-03,Hampshire Constabulary,Hampshire Constabulary,-0.768362,51.250490,On or near Theatre/Concert Hall,E01034729,Rushmoor 008G,Anti-social behaviour,,
,2024-03,Hampshire Constabulary,Hampshire Constabulary,-0.770191,51.250671,On or near Petrol Station,E01034729,Rushmoor 008G,Anti-social behaviour,,
,2024-03,Hampshire Constabulary,Hampshire Constabulary,-0.774938,51.252142,On or near Wallace Way,E01034729,Rushmoor 008G,Anti-social behaviour,,
,2024-03,Hampshire Constabulary,Hampshire Constabulary,-0.774938,51.252142,On or near Wallace Way,E01034729,Rushmoor 008G,Anti-social behaviour,,
,2024-03,Hampshire Constabulary,Hampshire Constabulary,-0.774938,51.252142,On or near Wallace Way,E01034729,Rushmoor 008G,Anti-social behaviour,,
,2024-03,Hampshire Constabulary,Hampshire Constabulary,-0.769713,51.258921,On or near A323,E01034729,Rushmoor 008G,Anti-social behaviour,,
,2024-03,Hampshire Constabulary,Hampshire Constabulary,-0.769713,51.258921,On or near A323,E01034729,Rushmoor 008G,Anti-social behaviour,,
,2024-03,Hampshire Constabulary,Hampshire Constabulary,-0.770621,51.249075,On or near Lime Street,E01034729,Rushmoor 008G,Anti-social behaviour,,
,2024-03,Hampshire Constabulary,Hampshire Constabulary,-0.769202,51.248548,On or near Edward Street,E01034729,Rushmoor 008G,Anti-social behaviour,,
fc4584df76a39af74dc76c900acd3b8a64a8bae0b02c86aa6a99ba97852d8595,2024-03,Hampshire Constabulary,Hampshire Constabulary,-0.769713,51.258921,On or near A323,E01034729,Rushmoor 008G,Drugs,Status update unavailable,
ebf8db5b3d8d85ac5209572f4e5731dd738ce411e5546c1ad5e1f5fee17b1120,2024-03,Hampshire Constabulary,Hampshire Constabulary,-0.770550,51.250117,On or near Supermarket,E01034729,Rushmoor 008G,Other theft,Investigation complete; no suspect identified,
b9e4cca2322cd1e836584ffba90cd24758d7d4ba13442b1e778cba29b8d9ce59,2024-03,Hampshire Constabulary,Hampshire Constabulary,-0.770550,51.250117,On or near Supermarket,E01034729,Rushmoor 008G,Other theft,Investigation complete; no suspect identified,
e0fdfbc8036d866959b6ab0e6be60a93b3aced907fedb1182b1e1f5f820630e4,2024-03,Hampshire Constabulary,Hampshire Constabulary,-0.770550,51.250117,On or near Supermarket,E01034729,Rushmoor 008G,Other theft,Investigation complete; no suspect identified,
1eb491c65ce13b0cc84fc386f99c443e120f3e149629cd5132ae84390d2f334d,2024-03,Hampshire Constabulary,Hampshire Constabulary,-0.773046,51.251079,On or near Petrol Station,E01034729,Rushmoor 008G,Other theft,Investigation complete; no suspect identified,
7db8e728f48ddad24c49e84bf8118a30ad14c3b82e45bdd23b04f13b896da370,2024-03,Hampshire Constabulary,Hampshire Constabulary,-0.768155,51.249103,On or near Barrack Road,E01034729,Rushmoor 008G,Other theft,Investigation complete; no suspect identified,
6827daa91d5d2d7c339b00d6a45934c9bb07cbb3d8b40a10c7ac57ae4a00e30b,2024-03,Hampshire Constabulary,Hampshire Constabulary,-0.768155,51.249103,On or near Barrack Road,E01034729,Rushmoor 008G,Public order,Investigation complete; no suspect identified,
9166b53b1373a06793566bd287fc021182663197d0dd372e83de3be9ac04194d,2024-03,Hampshire Constabulary,Hampshire Constabulary,-0.769713,51.258921,On or near A323,E01034729,Rushmoor 008G,Public order,Investigation complete; no suspect identified,
589160bfb4c0c040786b89f4088dda9bcc1a868cfd2a0119e45f4c07558ff2da,2024-03,Hampshire Constabulary,Hampshire Constabulary,-0.774938,51.252142,On or near Wallace Way,E01034729,Rushmoor 008G,Shoplifting,Investigation complete; no suspect identified,
6858dc49440706be702b665fe652da06af2885b47a7d33de8d0e5c115d46060c,2024-03,Hampshire Constabulary,Hampshire Constabulary,-0.770550,51.250117,On or near Supermarket,E01034729,Rushmoor 008G,Shoplifting,Unable to prosecute suspect,
6225c26c72b0def563249e8bed5f5e9877ec7644847654672223cf9f7b71ffee,2024-03,Hampshire Constabulary,Hampshire Constabulary,-0.774938,51.252142,On or near Wallace Way,E01034729,Rushmoor 008G,Shoplifting,Investigation complete; no suspect identified,
b8b071fc62aae55fb2a4f09400e82870acc66b259a59f734405fae4615abaac6,2024-03,Hampshire Constabulary,Hampshire Constabulary,-0.774938,51.252142,On or near Wallace Way,E01034729,Rushmoor 008G,Violence and sexual offences,Unable to prosecute suspect,
a4d91d82aae395683b87b63ceabd7af4b339ee73b5cf140e375855ad0c823292,2024-03,Hampshire Constabulary,Hampshire Constabulary,-0.769713,51.258921,On or near A323,E01034729,Rushmoor 008G,Violence and sexual offences,Investigation complete; no suspect identified,
ed7c3967e4191c2ebc89ca8795b72ec46cc574e13af43cd48525495be5e251b5,2024-03,Hampshire Constabulary,Hampshire Constabulary,-0.769713,51.258921,On or near A323,E01034729,Rushmoor 008G,Violence and sexual offences,Investigation complete; no suspect identified,
ce518b6401ca985a22f812acfe3500d3185735dc92b777b906f2a8a0ace003b4,2024-03,Hampshire Constabulary,Hampshire Constabulary,-0.769713,51.258921,On or near A323,E01034729,Rushmoor 008G,Violence and sexual offences,Investigation complete; no suspect identified,
aae03707bc800fca21ba8f09d3ce9650734d1cc13196f206589042cb01a2f8b2,2024-03,Hampshire Constabulary,Hampshire Constabulary,-0.768362,51.250490,On or near Theatre/Concert Hall,E01034729,Rushmoor 008G,Violence and sexual offences,Unable to prosecute suspect,
5b9aea905da594e7286c1460561e5997964c28571c109c8373e27f01635968db,2024-03,Hampshire Constabulary,Hampshire Constabulary,-0.763199,51.248511,On or near Nightclub,E01034730,Rushmoor 008H,Other theft,Unable to prosecute suspect,
b25ee3dcfc29de0bcaadb4a78145e44406ab29547712fc4d82881a0029804706,2024-03,Hampshire Constabulary,Hampshire Constabulary,-0.759629,51.249157,On or near Sebastopol Road,E01034730,Rushmoor 008H,Public order,Court result unavailable,
1865b2b9ba7431e77a701a830de06123e433e0f711d98793d31cb54359dbe589,2024-03,Hampshire Constabulary,Hampshire Constabulary,-0.763779,51.249318,On or near Shopping Area,E01034730,Rushmoor 008H,Shoplifting,Investigation complete; no suspect identified,
80d0ce42eea1da16b6699c6b5408f13d0da661c19586b5526c711b23d5bb4925,2024-03,Hampshire Constabulary,Hampshire Constabulary,-0.763779,51.249318,On or near Shopping Area,E01034730,Rushmoor 008H,Shoplifting,Court result unavailable,
90002c8b450cd2e7f3e8c8bb532ae80bdbdc0ed9d703e5b33fae0bf41b570ac5,2024-03,Hampshire Constabulary,Hampshire Constabulary,-0.760351,51.249461,On or near Artillery Road,E01034730,Rushmoor 008H,Theft from the person,Unable to prosecute suspect,
ce7b880dc32148c45b783c0b4ecab7d411bba49eac44f6eb300f729f0a3443f1,2024-03,Hampshire Constabulary,Hampshire Constabulary,-0.762352,51.249105,On or near Little Wellington Street,E01034730,Rushmoor 008H,Violence and sexual offences,Unable to prosecute suspect,
674900cfad54910f4b349bbb555d82df7259b44dea7edca41be40ffc55574e1b,2024-03,Hampshire Constabulary,Hampshire Constabulary,-0.763779,51.249318,On or near Shopping Area,E01034730,Rushmoor 008H,Violence and sexual offences,Unable to prosecute suspect,
00875839ce7e86d49ad78c1758805e89d6dfd79dd0dd147bb5bd2ef94411b9a5,2024-03,Hampshire Constabulary,Hampshire Constabulary,-0.763779,51.249318,On or near Shopping Area,E01034730,Rushmoor 008H,Violence and sexual offences,Unable to prosecute suspect,
1419b0ffdfe7784c3a98f82b9ec1ac5410d32a5f987dd457ee90a0eacb48cd83,2024-03,Hampshire Constabulary,Hampshire Constabulary,-0.760351,51.249461,On or near Artillery Road,E01034730,Rushmoor 008H,Violence and sexual offences,Local resolution,
0ba49a5cc862b02ad1c37288aa8cecd184ebed0a9f5e9d569940c762525c532f,2024-03,Hampshire Constabulary,Hampshire Constabulary,-0.763199,51.248511,On or near Nightclub,E01034730,Rushmoor 008H,Violence and sexual offences,Unable to prosecute suspect,
26457893e17f07cc17620287186a81ee20291d275cc87c3fe23f871fa38b3952,2024-03,Hampshire Constabulary,Hampshire Constabulary,-0.763199,51.248511,On or near Nightclub,E01034730,Rushmoor 008H,Violence and sexual offences,Unable to prosecute suspect,
04aee811e88c829b6273f590f750ccf53d293cf30c7136c05706899135248358,2024-03,Hampshire Constabulary,Hampshire Constabulary,-0.763779,51.249318,On or near Shopping Area,E01034730,Rushmoor 008H,Violence and sexual offences,Unable to prosecute suspect,
,2024-03,Hampshire Constabulary,Hampshire Constabulary,-0.759629,51.249157,On or near Sebastopol Road,E01034730,Rushmoor 008H,Anti-social behaviour,,
,2024-03,Hampshire Constabulary,Hampshire Constabulary,-0.760631,51.249167,On or near Pickford Street,E01034730,Rushmoor 008H,Anti-social behaviour,,
676f0287a31f72e558939be3716a3b49c4a6faa1e341b1be7bf3d2014bff398e,2024-03,Hampshire Constabulary,Hampshire Constabulary,-0.760351,51.249461,On or near Artillery Road,E01034730,Rushmoor 008H,Other theft,Status update unavailable,
d726dbbcbaa9465985b14d502e4b06f1cd496f51ee08d46ac95728a34bacc8aa,2024-03,Hampshire Constabulary,Hampshire Constabulary,-0.763199,51.248511,On or near Nightclub,E01034730,Rushmoor 008H,Public order,Investigation complete; no suspect identified,
776605bad46369328c8984cd7d292e404d33833d27133305bbf3620980010d91,2024-03,Hampshire Constabulary,Hampshire Constabulary,-0.763779,51.249318,On or near Shopping Area,E01034730,Rushmoor 008H,Shoplifting,Unable to prosecute suspect,
f82c50a258c1c903fa72d2aa80a05d6f7f793e1763465a23b8028f56641934ed,2024-03,Hampshire Constabulary,Hampshire Constabulary,-0.763779,51.249318,On or near Shopping Area,E01034730,Rushmoor 008H,Shoplifting,Investigation complete; no suspect identified,
a0cca8783b42d493892bba097fa76589b021742c2ae2b30b4ef2d2130ef937a6,2024-03,Hampshire Constabulary,Hampshire Constabulary,-0.760631,51.249167,On or near Pickford Street,E01034730,Rushmoor 008H,Violence and sexual offences,Unable to prosecute suspect,
91d45ca84f6b5f466ff8f36344552e326df92eed51031221e58a198a1a971988,2024-03,Hampshire Constabulary,Hampshire Constabulary,-0.763199,51.248511,On or near Nightclub,E01034730,Rushmoor 008H,Violence and sexual offences,Investigation complete; no suspect identified,
2950dbc26780a4885a09159a9da0c3ef67c4928db5461881a053e5e25e7ccf92,2024-03,Hampshire Constabulary,Hampshire Constabulary,-0.759629,51.249157,On or near Sebastopol Road,E01034730,Rushmoor 008H,Violence and sexual offences,Investigation complete; no suspect identified,
9e5f10de40dcd64229ecc74a93dcf09a7b0f7f526521019b2e51dc7558221c31,2024-03,Hampshire Constabulary,Hampshire Constabulary,-0.759629,51.249157,On or near Sebastopol Road,E01034730,Rushmoor 008H,Violence and sexual offences,Status update unavailable,
d3738c2354cbab509f7f96a4859260f7cb117d494921a80f31abb32cad24ca88,2024-03,Hampshire Constabulary,Hampshire Constabulary,-0.761515,51.248287,On or near Station Road,E01034730,Rushmoor 008H,Violence and sexual offences,Unable to prosecute suspect,
2eac245feff4ae68fd2f986e396342f51b12d61b0752623403c65cc36dd51da6,2024-03,Hampshire Constabulary,Hampshire Constabulary,-0.762352,51.249105,On or near Little Wellington Street,E01034730,Rushmoor 008H,Violence and sexual offences,Investigation complete; no suspect identified,
992e531639afe67b6ac1595d1940afd093c4c71c7d7c5899760e59991d7fbd39,2024-03,Hampshire Constabulary,Hampshire Constabulary,-0.763199,51.248511,On or near Nightclub,E01034730,Rushmoor 008H,Violence and sexual offences,Investigation complete; no suspect identified,
e8ab13af4900f8939c45a00356e9327bc9e3b9aaaeec22544d87040b2913223c,2024-03,Hampshire Constabulary,Hampshire Constabulary,-0.758217,51.243036,On or near Campbell Fields,E01023118,Rushmoor 009A,Burglary,Investigation complete; no suspect identified,
2023341f7602af61d0cbb3f3113cb9a9fc994b4cb15352bf6ddf33b89d0d06c0,2024-03,Hampshire Constabulary,Hampshire Constabulary,-0.752333,51.246067,On or near Reeves Road,E01023118,Rushmoor 009A,Burglary,Investigation complete; no suspect identified,
b13187371a8061b46aea83bcbda9c21a29b57faa8d33179d7fb3109547fe6986,2024-03,Hampshire Constabulary,Hampshire Constabulary,-0.754769,51.246569,On or near Pound Road,E01023118,Rushmoor 009A,Public order,Investigation complete; no suspect identified,
1c2a905fbea9705daaa5ffbeb0827cf9c509df669e7a919e993b9e5d027d1dfb,2024-03,Hampshire Constabulary,Hampshire Constabulary,-0.750710,51.244620,On or near Shanklin Court,E01023118,Rushmoor 009A,Violence and sexual offences,Awaiting court outcome,
fab3d1c48780c45061dc2fe1e4782e88eef8eb290e077d88ba61f7dc746e5265,2024-03,Hampshire Constabulary,Hampshire Constabulary,-0.750710,51.244620,On or near Shanklin Court,E01023118,Rushmoor 009A,Violence and sexual offences,Awaiting court outcome,
0db8014a1aac91adadc9a712d8595bc4f4186e589defcf1ce96ef6b8e499297f,2024-03,Hampshire Constabulary,Hampshire Constabulary,-0.753126,51.247487,On or near Rosedale,E01023118,Rushmoor 009A,Violence and sexual offences,Unable to prosecute suspect,
e6f26363db8b761e0ba2b1b260bf6880e284151ea8012e060baa776ed21bc0f1,2024-03,Hampshire Constabulary,Hampshire Constabulary,-0.753126,51.247487,On or near Rosedale,E01023118,Rushmoor 009A,Violence and sexual offences,Investigation complete; no suspect identified,
f28f815fe4139628f682d128a6f919028c31ee5d7e750a96adde91ece69085df,2024-03,Hampshire Constabulary,Hampshire Constabulary,-0.755809,51.245744,On or near St George'S Road East,E01023118,Rushmoor 009A,Violence and sexual offences,Unable to prosecute suspect,
d8d706843d1dc0685c1f05bb206baf7b5677bbff52bc6e04ec218f6d92a790e5,2024-03,Hampshire Constabulary,Hampshire Constabulary,-0.753313,51.244809,On or near Petrol Station,E01023118,Rushmoor 009A,Other crime,Unable to prosecute suspect,
5f3e17154a3c921fd7b3861d1ff368258910a8a1fdb3423f3afd87ae20f98b95,2024-03,Hampshire Constabulary,Hampshire Constabulary,-0.750710,51.244620,On or near Shanklin Court,E01023118,Rushmoor 009A,Other crime,Unable to prosecute suspect,
,2024-03,Hampshire Constabulary,Hampshire Constabulary,-0.753313,51.244809,On or near Petrol Station,E01023118,Rushmoor 009A,Anti-social behaviour,,
,2024-03,Hampshire Constabulary,Hampshire Constabulary,-0.753313,51.244809,On or near Petrol Station,E01023118,Rushmoor 009A,Anti-social behaviour,,
2c8b037048559353f489a6fcc7bff512978d4f383b837d5a4cdcd8c0812773e9,2024-03,Hampshire Constabulary,Hampshire Constabulary,-0.753126,51.247487,On or near Rosedale,E01023118,Rushmoor 009A,Bicycle theft,Investigation complete; no suspect identified,
d78d4243b8a4752918b78b6dc0d265f8777dd72b36e26b75222f5ce298f289f1,2024-03,Hampshire Constabulary,Hampshire Constabulary,-0.754769,51.246569,On or near Pound Road,E01023118,Rushmoor 009A,Criminal damage and arson,Investigation complete; no suspect identified,
2e12c46d321c269cc2331528bfa04bf61a1a202e1824f50bb9bcd1a90785113a,2024-03,Hampshire Constabulary,Hampshire Constabulary,-0.752996,51.246973,On or near Windmill Road,E01023118,Rushmoor 009A,Criminal damage and arson,Investigation complete; no suspect identified,
aa8a625c14cdbe12a13954a8d53c4d0317d00c46ab3bfe6911f4d737967974a9,2024-03,Hampshire Constabulary,Hampshire Constabulary,-0.753313,51.244809,On or near Petrol Station,E01023118,Rushmoor 009A,Criminal damage and arson,Investigation complete; no suspect identified,
9a29309542b04ce33826549af1b801703e7a88cbda0d26829df810e1ecbae76a,2024-03,Hampshire Constabulary,Hampshire Constabulary,-0.750963,51.243768,On or near Crossways,E01023118,Rushmoor 009A,Criminal damage and arson,Investigation complete; no suspect identified,
54c8c41306f5726aac44d5657c39eed6808403106ea1cff1e3de99b0cd067360,2024-03,Hampshire Constabulary,Hampshire Constabulary,-0.754769,51.246569,On or near Pound Road,E01023118,Rushmoor 009A,Robbery,Investigation complete; no suspect identified,
8c8197c213ca8c9113e789ac39698a44934056853eba9a48e68dcade9f3f1e14,2024-03,Hampshire Constabulary,Hampshire Constabulary,-0.749402,51.247438,On or near Holly Close,E01023124,Rushmoor 009B,Drugs,Local resolution,
3fbc847fdbff1af31ffc0d7aab4082b1edc600443a17cf29f64871f3c6a7980e,2024-03,Hampshire Constabulary,Hampshire Constabulary,-0.750885,51.242940,On or near Petrol Station,E01023124,Rushmoor 009B,Violence and sexual offences,Unable to prosecute suspect,
c3114f3ad3d226375dbe75bac7e385c2a1d8755e904572b39077c42db4f81bf6,2024-03,Hampshire Constabulary,Hampshire Constabulary,-0.746868,51.247879,On or near Connaught Road,E01023124,Rushmoor 009B,Violence and sexual offences,Local resolution,
b5a779e579adbefc9ef87162f8051648f9ac0fd00b81a3d3be4a6a66d5d1749e,2024-03,Hampshire Constabulary,Hampshire Constabulary,-0.749402,51.247438,On or near Holly Close,E01023124,Rushmoor 009B,Bicycle theft,Unable to prosecute suspect,
3b0402b6773bdad81b18a4a7750a294cb9d03a75380077cf273bbec1489e4863,2024-03,Hampshire Constabulary,Hampshire Constabulary,-0.749402,51.247438,On or near Holly Close,E01023124,Rushmoor 009B,Bicycle theft,Investigation complete; no suspect identified,
685cc120f88e281bdf5c80119926d68cef1d3776a630cc3af0996897b6d60ed2,2024-03,Hampshire Constabulary,Hampshire Constabulary,-0.749402,51.247438,On or near Holly Close,E01023124,Rushmoor 009B,Other theft,Investigation complete; no suspect identified,
1093b652513b1ed48a7b8b6878b2c04b7f226e50cc31af7418088100f04902a1,2024-03,Hampshire Constabulary,Hampshire Constabulary,-0.749402,51.247438,On or near Holly Close,E01023124,Rushmoor 009B,Other theft,Investigation complete; no suspect identified,
b8f159934e712216a410c3e21c18bf4cc31030432d00bc4f5df80e1882e583c2,2024-03,Hampshire Constabulary,Hampshire Constabulary,-0.750885,51.242940,On or near Petrol Station,E01023124,Rushmoor 009B,Shoplifting,Investigation complete; no suspect identified,
6a676c2a9005e1817b45cc2ecbd56dbadb53f02691e4c7c408fddfccba79872e,2024-03,Hampshire Constabulary,Hampshire Constabulary,-0.748324,51.243317,On or near Chrismas Avenue,E01023124,Rushmoor 009B,Vehicle crime,Investigation complete; no suspect identified,
720f0256bf672441f5f34d46971e6ac58ca7f2a8d9ace21099f8f761212b113b,2024-03,Hampshire Constabulary,Hampshire Constabulary,-0.741409,51.253638,On or near Leverette Close,E01023125,Rushmoor 009C,Burglary,Investigation complete; no suspect identified,
d14085f36dbeaded478ffcabc6492b0fe5f2702b91bccf86665f108b0af43cbe,2024-03,Hampshire Constabulary,Hampshire Constabulary,-0.741702,51.252904,On or near Otter Close,E01023125,Rushmoor 009C,Violence and sexual offences,Unable to prosecute suspect,
,2024-03,Hampshire Constabulary,Hampshire Constabulary,-0.744082,51.250223,On or near Fontwell Close,E01023125,Rushmoor 009C,Anti-social behaviour,,
cf15a2955897090f582a7bd0e0aab5e3fbd775fe2525a4b07a25c40b29dc9f57,2024-03,Hampshire Constabulary,Hampshire Constabulary,-0.737730,51.252466,On or near Squirrel Court,E01023125,Rushmoor 009C,Burglary,Investigation complete; no suspect identified,
c2cd1e4d9532f5019544a8660a6587f4d0d18349395e13fb8f27c36c0c81c0c9,2024-03,Hampshire Constabulary,Hampshire Constabulary,-0.738238,51.253299,On or near Fawn Drive,E01023125,Rushmoor 009C,Violence and sexual offences,Unable to prosecute suspect,
aba408d8668e8c9cec9974fcc56516912b9f6671ee477611755beee9b8afce9b,2024-03,Hampshire Constabulary,Hampshire Constabulary,-0.734864,51.252462,On or near Farm Road,E01023125,Rushmoor 009C,Violence and sexual offences,Status update unavailable,
e83c0f7b5b0c122e24e1221261481579bfc5475d9c7471dab2da6021cc88e5d7,2024-03,Hampshire Constabulary,Hampshire Constabulary,-0.743027,51.247406,On or near Belle Vue Close,E01032858,Rushmoor 009F,Criminal damage and arson,Unable to prosecute suspect,
4537861d003b7194174c8eba02624a13ba5e03da1ad271f843ae9c486235d20e,2024-03,Hampshire Constabulary,Hampshire Constabulary,-0.743027,51.247406,On or near Belle Vue Close,E01032858,Rushmoor 009F,Other theft,Unable to prosecute suspect,
77d0786925b808ec09ec2e567f63095516a1a549fa73532d299506f5a84601e5,2024-03,Hampshire Constabulary,Hampshire Constabulary,-0.742127,51.250436,On or near Denmark Street,E01032858,Rushmoor 009F,Public order,Unable to prosecute suspect,
4fdb8566fd4d7321c3c95e5364ffc57ded04f237b981933477ae5afda5827208,2024-03,Hampshire Constabulary,Hampshire Constabulary,-0.737641,51.250496,On or near Pegasus Avenue,E01032858,Rushmoor 009F,Vehicle crime,Unable to prosecute suspect,
a51b70902fbe626fe26811b0ca61e209b4c6c1727b3cb21b44b90681d1306147,2024-03,Hampshire Constabulary,Hampshire Constabulary,-0.746516,51.246607,On or near Holly Road,E01032858,Rushmoor 009F,Violence and sexual offences,Unable to prosecute suspect,
1e0c41b9f9143531b9d89c19744a8ebffac04298a4da9c32a5e3baf4a7ee0f76,2024-03,Hampshire Constabulary,Hampshire Constabulary,-0.738952,51.249188,On or near Eastern Road,E01032858,Rushmoor 009F,Violence and sexual offences,Unable to prosecute suspect,
0bdcff2a8c97bcde7b1ce675d94c331d5aacfd6dcad800f7be142fa7861cc75b,2024-03,Hampshire Constabulary,Hampshire Constabulary,-0.739213,51.251160,On or near Barn Avenue,E01032858,Rushmoor 009F,Violence and sexual offences,Unable to prosecute suspect,
1541078be6e78b27cffe860d202739ecdc9b11682910e48a3c48235877a90ad6,2024-03,Hampshire Constabulary,Hampshire Constabulary,-0.744436,51.251432,On or near Ainger Close,E01032858,Rushmoor 009F,Violence and sexual offences,Unable to prosecute suspect,
c20642771daac14a799cb5483b6381470065f3cdf61b76670e2a436c9472da12,2024-03,Hampshire Constabulary,Hampshire Constabulary,-0.739213,51.251160,On or near Barn Avenue,E01032858,Rushmoor 009F,Violence and sexual offences,Unable to prosecute suspect,
73f5ec5a37081e3e1bc7d2d8436ea9948c3141e5e6d6315c8f40c82bdc5e8b91,2024-03,Hampshire Constabulary,Hampshire Constabulary,-0.740350,51.251496,On or near Nursery Close,E01032858,Rushmoor 009F,Violence and sexual offences,Unable to prosecute suspect,
ba7be648857c86fb1a86a156828737ab84237119d764a549c90ae79af66e7091,2024-03,Hampshire Constabulary,Hampshire Constabulary,-0.744436,51.251432,On or near Ainger Close,E01032858,Rushmoor 009F,Violence and sexual offences,Unable to prosecute suspect,
270df92b61e6d9288e5e4f7cba336f6c55b81de5331dd937ec02c501b4c3c214,2024-03,Hampshire Constabulary,Hampshire Constabulary,-0.746516,51.246607,On or near Holly Road,E01032858,Rushmoor 009F,Other theft,Unable to prosecute suspect,
19a4cf272777485beb040186b7382d42e7920414361db32d0a85514ce543cddb,2024-03,Hampshire Constabulary,Hampshire Constabulary,-0.745047,51.247931,On or near Belle Vue Road,E01032858,Rushmoor 009F,Possession of weapons,Unable to prosecute suspect,
726c7a915a6fed6534787995a0f9016fb6a7b7f884393a9eaa66d3b81213e80f,2024-03,Hampshire Constabulary,Hampshire Constabulary,-0.740350,51.251496,On or near Nursery Close,E01032858,Rushmoor 009F,Public order,Unable to prosecute suspect,
7427898b588ee99a93a527473a62a4fdb24ba5ae78fd8ff91e259c8b5c078546,2024-03,Hampshire Constabulary,Hampshire Constabulary,-0.742530,51.251205,On or near Supermarket,E01032858,Rushmoor 009F,Shoplifting,Investigation complete; no suspect identified,
e1414259a37cb1522c8013f0f9c1712644a0955594b242002ace1309974c07e0,2024-03,Hampshire Constabulary,Hampshire Constabulary,-0.746516,51.246607,On or near Holly Road,E01032858,Rushmoor 009F,Theft from the person,Investigation complete; no suspect identified,
376523cdc35bd3da47769e14ffb97e5c475f85e1fd284c0ec1a81e258f6d137a,2024-03,Hampshire Constabulary,Hampshire Constabulary,-0.742530,51.251205,On or near Supermarket,E01032858,Rushmoor 009F,Vehicle crime,Status update unavailable,
6e52252f4e8809bf475e17e03a5c28c35b02725d58b98e08a4ea31bc7d22b5db,2024-03,Hampshire Constabulary,Hampshire Constabulary,-0.740242,51.249678,On or near Coppice Square,E01032858,Rushmoor 009F,Violence and sexual offences,Unable to prosecute suspect,
3bb335010495f9cb1efcf17a3f5950b8e020fdae213e97ccb4ee053c7ae13695,2024-03,Hampshire Constabulary,Hampshire Constabulary,-0.746506,51.246427,On or near Needhams Place,E01032858,Rushmoor 009F,Violence and sexual offences,Unable to prosecute suspect,
3be6a3c8b1ca4f67721097b25e90b6378cd806441307323cd33ea507ae9c5c9b,2024-03,Hampshire Constabulary,Hampshire Constabulary,-0.746506,51.246427,On or near Needhams Place,E01032858,Rushmoor 009F,Violence and sexual offences,Status update unavailable,
99ec45ed1525d39fe871ed10f69e9530a496dc276c23fadb00191b140600513e,2024-03,Hampshire Constabulary,Hampshire Constabulary,-0.738952,51.249188,On or near Eastern Road,E01032858,Rushmoor 009F,Violence and sexual offences,Status update unavailable,
79d6bbfcf149b3a53fea455a75d2f464b6dc690d71a0f34cb9a6f79fe6fdcac1,2024-03,Hampshire Constabulary,Hampshire Constabulary,-0.738952,51.249188,On or near Eastern Road,E01032858,Rushmoor 009F,Violence and sexual offences,Unable to prosecute suspect,
2e2f3e4e1a31ef024a6cf1d4a4d1fa8f044d18781bacfcd3aabdef0c3207c43c,2024-03,Hampshire Constabulary,Hampshire Constabulary,-0.746516,51.246607,On or near Holly Road,E01032858,Rushmoor 009F,Other crime,Status update unavailable,
6e3d5530f91fce081c61b8b5ddb2ca6c03cfad7270fe6ff314e6f0a208bb720f,2024-03,Hampshire Constabulary,Hampshire Constabulary,-0.778572,51.248025,On or near Caesar Court,E01023128,Rushmoor 010A,Drugs,Offender given a caution,
3434f071b480b7ebc058c130e1daaf67fa754ebcfc305d17c2ea4dc08063a8c9,2024-03,Hampshire Constabulary,Hampshire Constabulary,-0.773117,51.248939,On or near Hunters Mews,E01023128,Rushmoor 010A,Drugs,Local resolution,
077cea9683b89c0e9ea7fae4b8d9c610d19550ad68cc6cea83492d8f8931f2f5,2024-03,Hampshire Constabulary,Hampshire Constabulary,-0.779590,51.249618,On or near A325,E01023128,Rushmoor 010A,Violence and sexual offences,Court result unavailable,
6c9a9b71cbca8c4c631d076b11a6c99aff8e4f42b3d4f9a124f5e94e97f455b1,2024-03,Hampshire Constabulary,Hampshire Constabulary,-0.777759,51.247882,On or near Dragoon Court,E01023128,Rushmoor 010A,Violence and sexual offences,Unable to prosecute suspect,
d142d3085a5de9aad51ba3286f8aa8ecfdc38f71f5a7e7c8a4ea9ad645df1bdf,2024-03,Hampshire Constabulary,Hampshire Constabulary,-0.777405,51.248256,On or near Auchinleck Way,E01023128,Rushmoor 010A,Violence and sexual offences,Unable to prosecute suspect,
,2024-03,Hampshire Constabulary,Hampshire Constabulary,-0.776139,51.247928,On or near Tangier Court,E01023128,Rushmoor 010A,Anti-social behaviour,,
,2024-03,Hampshire Constabulary,Hampshire Constabulary,-0.775405,51.248577,On or near Alexandra Road,E01023128,Rushmoor 010A,Anti-social behaviour,,
1ae0e1567de3ec36449a4ce538c42aecde807f69bc67d42fa614f47c52db413a,2024-03,Hampshire Constabulary,Hampshire Constabulary,-0.779590,51.249618,On or near A325,E01023128,Rushmoor 010A,Public order,Investigation complete; no suspect identified,
40c26981f11059fe2b13161a8ef86762d798b0a72d551e971897bf51cda49ca1,2024-03,Hampshire Constabulary,Hampshire Constabulary,-0.777405,51.248256,On or near Auchinleck Way,E01023128,Rushmoor 010A,Violence and sexual offences,Status update unavailable,
276455d5817f37741d23e11e2c08f98c7edfb8f05d33382bf51c6c81cd749303,2024-03,Hampshire Constabulary,Hampshire Constabulary,-0.776159,51.247721,On or near Kohat Court,E01023129,Rushmoor 010B,Burglary,Unable to prosecute suspect,
47d090ba121c8aeb1a0debaaf11a9cf5d7d5ca0733d5bbd8d813a9e73fa60d3f,2024-03,Hampshire Constabulary,Hampshire Constabulary,-0.772446,51.247233,On or near Church Street,E01023129,Rushmoor 010B,Drugs,Court result unavailable,
2c17be231c4251a17d8ef44606eb019e5981cdd5b3314292fa42e6e3d1746a22,2024-03,Hampshire Constabulary,Hampshire Constabulary,-0.772446,51.247233,On or near Church Street,E01023129,Rushmoor 010B,Possession of weapons,Unable to prosecute suspect,
e9038d32fc5bf0aa4193899c2fc86b410f06e36c7fc0bd0a32618df43da98593,2024-03,Hampshire Constabulary,Hampshire Constabulary,-0.776078,51.246425,On or near Sandford Court,E01023129,Rushmoor 010B,Public order,Unable to prosecute suspect,
d2ee4d1977e58ba8674529ede31cbaba23e2e1fd0753b3a8737ab4f95206836e,2024-03,Hampshire Constabulary,Hampshire Constabulary,-0.776078,51.246425,On or near Sandford Court,E01023129,Rushmoor 010B,Shoplifting,Unable to prosecute suspect,
883b1d8d28940b3e4c64d4e567defafb86f06dccd07dda821d1b38f7ab706c2c,2024-03,Hampshire Constabulary,Hampshire Constabulary,-0.776078,51.246425,On or near Sandford Court,E01023129,Rushmoor 010B,Shoplifting,Investigation complete; no suspect identified,
070d325a57e118abf6cf695409301a2dd101955996174e120eeeb8310b57bf1a,2024-03,Hampshire Constabulary,Hampshire Constabulary,-0.776078,51.246425,On or near Sandford Court,E01023129,Rushmoor 010B,Shoplifting,Court result unavailable,
2a1bddee50c7604082d033b953db03980346bb90d2678477ea52636349bfc575,2024-03,Hampshire Constabulary,Hampshire Constabulary,-0.772446,51.247233,On or near Church Street,E01023129,Rushmoor 010B,Violence and sexual offences,Unable to prosecute suspect,
,2024-03,Hampshire Constabulary,Hampshire Constabulary,-0.773162,51.247780,On or near Cambridge Road,E01023129,Rushmoor 010B,Anti-social behaviour,,
9120db273d6ebb88c194d49b99a90660d7d2db902f68dc34f5ea10d8740c646c,2024-03,Hampshire Constabulary,Hampshire Constabulary,-0.776078,51.246425,On or near Sandford Court,E01023129,Rushmoor 010B,Shoplifting,Investigation complete; no suspect identified,
d8503a08f527a01c6b1d1d8b6abca81b29cb6f89c2c48f91f9b017784f371e1e,2024-03,Hampshire Constabulary,Hampshire Constabulary,-0.776078,51.246425,On or near Sandford Court,E01023129,Rushmoor 010B,Shoplifting,Investigation complete; no suspect identified,
ff69d18b7a3584c4460ca2b5213786efc2065afd81b8e526803bc7bec43f4059,2024-03,Hampshire Constabulary,Hampshire Constabulary,-0.776078,51.246425,On or near Sandford Court,E01023129,Rushmoor 010B,Shoplifting,Investigation complete; no suspect identified,
671be314098356ea8166ef6dcecc5eb29369ab2b96c0f69b2e3d4147ed595f62,2024-03,Hampshire Constabulary,Hampshire Constabulary,-0.776078,51.246425,On or near Sandford Court,E01023129,Rushmoor 010B,Shoplifting,Investigation complete; no suspect identified,
436839df5c46a028a27035fec744f92480409fec278c116e85c11fcd9e732588,2024-03,Hampshire Constabulary,Hampshire Constabulary,-0.776078,51.246425,On or near Sandford Court,E01023129,Rushmoor 010B,Shoplifting,Investigation complete; no suspect identified,
87fd173b05646462e15d4c894eae96ae70b6ed17ad1a12d91658448b09fc3405,2024-03,Hampshire Constabulary,Hampshire Constabulary,-0.776078,51.246425,On or near Sandford Court,E01023129,Rushmoor 010B,Shoplifting,Investigation complete; no suspect identified,
e66dbae083fa03f7665f11f1a92ba7424e3da4f36f5dc20ea2b8f4d2dd3dff9f,2024-03,Hampshire Constabulary,Hampshire Constabulary,-0.776078,51.246425,On or near Sandford Court,E01023129,Rushmoor 010B,Vehicle crime,Unable to prosecute suspect,
e80369389f34c697c06c1ade492ec0f5d03f79b8aa8c4ddf75e67b9f5bdb6ff6,2024-03,Hampshire Constabulary,Hampshire Constabulary,-0.774853,51.245612,On or near Sandford Road,E01023129,Rushmoor 010B,Vehicle crime,Investigation complete; no suspect identified,
960afb5588707bd7184a7effdc927e6d9e329878c314cb0821b86a35e627aeb2,2024-03,Hampshire Constabulary,Hampshire Constabulary,-0.772446,51.247233,On or near Church Street,E01023129,Rushmoor 010B,Violence and sexual offences,Status update unavailable,
dd068fc12c10285d5c7131010e43ac96d4cf8ff400dd5cdbe821a5f9c868c1f9,2024-03,Hampshire Constabulary,Hampshire Constabulary,-0.773192,51.243437,On or near Ayling Hill,E01023130,Rushmoor 010C,Violence and sexual offences,Court result unavailable,
11fca7f0664edd0294fc4ff89bc18941a002c52ecbb53040ad43b96b950fdf14,2024-03,Hampshire Constabulary,Hampshire Constabulary,-0.774645,51.243218,On or near Rhyll Gardens,E01023130,Rushmoor 010C,Violence and sexual offences,Unable to prosecute suspect,
868fbd0fb698f32150fec47fa58e3cd0f295218ce6cb888c59d148885849c17e,2024-03,Hampshire Constabulary,Hampshire Constabulary,-0.766189,51.240648,On or near Eggar'S Hill,E01023131,Rushmoor 010D,Drugs,Local resolution,
d382afe0bc081a9e7455101c2f8f50e481cd3b174b16720c6fcc8ace43d57d3a,2024-03,Hampshire Constabulary,Hampshire Constabulary,-0.768548,51.243523,On or near Church Lane West,E01023131,Rushmoor 010D,Drugs,Court result unavailable,
89f2b23004e51a6769131a63b2dc5f320a8f1a009e1bebadd8b5fd08bee3be24,2024-03,Hampshire Constabulary,Hampshire Constabulary,-0.772011,51.244755,On or near York Crescent,E01023131,Rushmoor 010D,Other theft,Unable to prosecute suspect,
76cff2894854cef40114ca63a2a2aeed90d89c93a90b26d76f804dd25ffe3f88,2024-03,Hampshire Constabulary,Hampshire Constabulary,-0.766189,51.240648,On or near Eggar'S Hill,E01023131,Rushmoor 010D,Burglary,Investigation complete; no suspect identified,
88cc4752c472a17058d554aaaeac34e648823105b42323ad236b202c0370fa61,2024-03,Hampshire Constabulary,Hampshire Constabulary,-0.767376,51.242890,On or near Mount View,E01023131,Rushmoor 010D,Vehicle crime,Investigation complete; no suspect identified,
e3cc413efab281eb9d65fde8693cb12a313453f4398f5ace743c85dac91549bf,2024-03,Hampshire Constabulary,Hampshire Constabulary,-0.769474,51.238353,On or near Weybourne Road,E01023131,Rushmoor 010D,Violence and sexual offences,Status update unavailable,
4892d240c7744170e45827e5229bd46f7a476538eaed159306afd4010252cc7a,2024-03,Hampshire Constabulary,Hampshire Constabulary,-0.767437,51.242216,On or near Manor Road,E01023131,Rushmoor 010D,Violence and sexual offences,Investigation complete; no suspect identified,
dc3715cdc7a7a608c0e1f78af3c096da2fcaa61c91f723ec59b0d282edcab8df,2024-03,Hampshire Constabulary,Hampshire Constabulary,-0.765894,51.249025,On or near Union Terrace,E01023145,Rushmoor 010E,Criminal damage and arson,Unable to prosecute suspect,
3249c9678825401540d34c6f4577b0b83653e2e92023dfc6052d28f3142aa077,2024-03,Hampshire Constabulary,Hampshire Constabulary,-0.768586,51.248002,On or near William Farthing Close,E01023145,Rushmoor 010E,Other theft,Court result unavailable,
289495ddebdd3db0557d5dfeba2c3edb96ebaeb126ff62aa0afaa5b47d181085,2024-03,Hampshire Constabulary,Hampshire Constabulary,-0.768586,51.248002,On or near William Farthing Close,E01023145,Rushmoor 010E,Other theft,Court result unavailable,
a21d8245a8101bf985be00bc9f27216908b286586af950a4667c121bb1c2c585,2024-03,Hampshire Constabulary,Hampshire Constabulary,-0.765687,51.248726,On or near Parking Area,E01023145,Rushmoor 010E,Shoplifting,Further investigation is not in the public interest,
651c8d7c0c76cdf54b58a0714f34e2d6de39ae82bebb2cd4d1b308353b7e0151,2024-03,Hampshire Constabulary,Hampshire Constabulary,-0.765687,51.248726,On or near Parking Area,E01023145,Rushmoor 010E,Shoplifting,Court result unavailable,
c50898a4c8f0df8a483dbd28f837338d73280cf26ecfc33eeb68d6b680a0a967,2024-03,Hampshire Constabulary,Hampshire Constabulary,-0.765687,51.248726,On or near Parking Area,E01023145,Rushmoor 010E,Shoplifting,Court result unavailable,
16ee53b0bfba4f74e6db5f07df3d87e5c3aadb0a5f4855e17a37b2f0371e5ee3,2024-03,Hampshire Constabulary,Hampshire Constabulary,-0.765687,51.248726,On or near Parking Area,E01023145,Rushmoor 010E,Shoplifting,Court result unavailable,
17ae3b186ae2c47dff3c2d0a15274ad8da482ce49434efdfbc2915f5058c2981,2024-03,Hampshire Constabulary,Hampshire Constabulary,-0.767061,51.247176,On or near Laburnum Passage,E01023145,Rushmoor 010E,Vehicle crime,Investigation complete; no suspect identified,
d5b95c2f9b5b82c8fc6f025beb18788ee309f6ddc7b7992381220857f37a0217,2024-03,Hampshire Constabulary,Hampshire Constabulary,-0.768387,51.246875,On or near Coe Close,E01023145,Rushmoor 010E,Violence and sexual offences,Unable to prosecute suspect,
41074f09cfc687da6122fa0aaf485bbee5c17f308e27971b53611bebbb27f6a7,2024-03,Hampshire Constabulary,Hampshire Constabulary,-0.770648,51.247520,On or near Arlington Terrace,E01023145,Rushmoor 010E,Violence and sexual offences,Unable to prosecute suspect,
3dec3b8a1a45740fa6009d9a0935f69a4e2a8e6ce032f8117e68e4012ff256a6,2024-03,Hampshire Constabulary,Hampshire Constabulary,-0.765732,51.248088,On or near Frederick Street,E01023145,Rushmoor 010E,Violence and sexual offences,Unable to prosecute suspect,
c61896e9a46a828561e461d984ddba2c51570d0729631b45ad80f91c9d15cbd8,2024-03,Hampshire Constabulary,Hampshire Constabulary,-0.765732,51.248088,On or near Frederick Street,E01023145,Rushmoor 010E,Violence and sexual offences,Unable to prosecute suspect,
0cdc1d722f5ecee5a7baec0b45d679dd230caeb88a9ac8e5da76037256549660,2024-03,Hampshire Constabulary,Hampshire Constabulary,-0.764066,51.247702,On or near Birchett Road,E01023145,Rushmoor 010E,Violence and sexual offences,Unable to prosecute suspect,
42433fada792bca5b7c60a5aef45d32a573d60f65bbb8080d08c615e07a071a6,2024-03,Hampshire Constabulary,Hampshire Constabulary,-0.765732,51.248088,On or near Frederick Street,E01023145,Rushmoor 010E,Violence and sexual offences,Unable to prosecute suspect,
476e005698a1a9ad5cff8ef2668572d7a8d3c11c963538970c6f7fa0b084c888,2024-03,Hampshire Constabulary,Hampshire Constabulary,-0.764872,51.248115,On or near Heathland Street,E01023145,Rushmoor 010E,Violence and sexual offences,Court result unavailable,
,2024-03,Hampshire Constabulary,Hampshire Constabulary,-0.768387,51.246875,On or near Coe Close,E01023145,Rushmoor 010E,Anti-social behaviour,,
,2024-03,Hampshire Constabulary,Hampshire Constabulary,-0.765894,51.249025,On or near Union Terrace,E01023145,Rushmoor 010E,Anti-social behaviour,,
,2024-03,Hampshire Constabulary,Hampshire Constabulary,-0.765894,51.249025,On or near Union Terrace,E01023145,Rushmoor 010E,Anti-social behaviour,,
,2024-03,Hampshire Constabulary,Hampshire Constabulary,-0.765894,51.249025,On or near Union Terrace,E01023145,Rushmoor 010E,Anti-social behaviour,,
,2024-03,Hampshire Constabulary,Hampshire Constabulary,-0.765894,51.249025,On or near Union Terrace,E01023145,Rushmoor 010E,Anti-social behaviour,,
,2024-03,Hampshire Constabulary,Hampshire Constabulary,-0.765073,51.247551,On or near Parking Area,E01023145,Rushmoor 010E,Anti-social behaviour,,
,2024-03,Hampshire Constabulary,Hampshire Constabulary,-0.764066,51.247702,On or near Birchett Road,E01023145,Rushmoor 010E,Anti-social behaviour,,
3886914aa937f39e1618b2fd8057dfc87d8883ed322343d2a53469cb7aded519,2024-03,Hampshire Constabulary,Hampshire Constabulary,-0.765894,51.249025,On or near Union Terrace,E01023145,Rushmoor 010E,Criminal damage and arson,Investigation complete; no suspect identified,
568fd9119fe32a846224d34b7c7c75a1aa226fb9ca2eecc8f2108a1782afe478,2024-03,Hampshire Constabulary,Hampshire Constabulary,-0.764872,51.248115,On or near Heathland Street,E01023145,Rushmoor 010E,Criminal damage and arson,Investigation complete; no suspect identified,
6e9abe56c87db276a9b0b0d13263fc3d13d88688f05e105eed8123993880ab1f,2024-03,Hampshire Constabulary,Hampshire Constabulary,-0.767512,51.249060,On or near Upper Union Street,E01023145,Rushmoor 010E,Drugs,Court result unavailable,
4f893383e2d1ec407723917f8017b89ddbdd7dd5d1afa1b2335ded86a674882d,2024-03,Hampshire Constabulary,Hampshire Constabulary,-0.766830,51.248846,On or near Upper Union Terrace,E01023145,Rushmoor 010E,Drugs,Investigation complete; no suspect identified,
da7b199a0be88f72a080fbe1edf1a6d26588bde79db2e69045966e454c6eb29e,2024-03,Hampshire Constabulary,Hampshire Constabulary,-0.764872,51.248115,On or near Heathland Street,E01023145,Rushmoor 010E,Other theft,Investigation complete; no suspect identified,
1825426ecb704eec8aaa1d62ffd78c9816c407f7dcdc19ffaf128fb3c6d91c93,2024-03,Hampshire Constabulary,Hampshire Constabulary,-0.765687,51.248726,On or near Parking Area,E01023145,Rushmoor 010E,Shoplifting,Investigation complete; no suspect identified,
2c6398eb41780e251251a997fa3a2ed75a599ba9398d43a3581d7e71b08ae6a0,2024-03,Hampshire Constabulary,Hampshire Constabulary,-0.765687,51.248726,On or near Parking Area,E01023145,Rushmoor 010E,Shoplifting,Investigation complete; no suspect identified,
be304a6fbe074795c040d5f6a3163d15dcc98c8159048bb2bb3def370ab03b19,2024-03,Hampshire Constabulary,Hampshire Constabulary,-0.764872,51.248115,On or near Heathland Street,E01023145,Rushmoor 010E,Shoplifting,Investigation complete; no suspect identified,
11d424cdfd040e1e3f231f82bf2ee4c5446da0f27060b91a31663ba55490042c,2024-03,Hampshire Constabulary,Hampshire Constabulary,-0.766187,51.249307,On or near Union Street,E01023145,Rushmoor 010E,Shoplifting,Investigation complete; no suspect identified,
27dc62a41232c8b8dec58647a33a44df5c8c77c4aae4300ae8b163555ceda8e7,2024-03,Hampshire Constabulary,Hampshire Constabulary,-0.765687,51.248726,On or near Parking Area,E01023145,Rushmoor 010E,Shoplifting,Investigation complete; no suspect identified,
0a5f832b5224572c2bf72bd6b0189e4aef2734a200d59dc46aa8bc03eb39de07,2024-03,Hampshire Constabulary,Hampshire Constabulary,-0.765732,51.248088,On or near Frederick Street,E01023145,Rushmoor 010E,Theft from the person,Status update unavailable,
71021768d2d3f106d4ca93b7f97a85a42e7a345128565cefda443c89162d092a,2024-03,Hampshire Constabulary,Hampshire Constabulary,-0.764872,51.248115,On or near Heathland Street,E01023145,Rushmoor 010E,Violence and sexual offences,Unable to prosecute suspect,
1a70d92eb34e49ea72d69e5698953363a5c838edc6c55c372fd6a0944c19a58d,2024-03,Hampshire Constabulary,Hampshire Constabulary,-0.765687,51.248726,On or near Parking Area,E01023145,Rushmoor 010E,Violence and sexual offences,Investigation complete; no suspect identified,
a0e63a83dcb0ae3f3b6eb1d8ae8f78a6b690334c59d3afb491116407ccad44ca,2024-03,Hampshire Constabulary,Hampshire Constabulary,-0.766012,51.245115,On or near Cavendish Mews,E01023145,Rushmoor 010E,Violence and sexual offences,Status update unavailable,
19a8ee3440a81d8de3fd7e8fcdbcf4fd601521cf00ae1e41000aba2b163ec577,2024-03,Hampshire Constabulary,Hampshire Constabulary,-0.770733,51.246486,On or near The Warren,E01023145,Rushmoor 010E,Violence and sexual offences,Unable to prosecute suspect,
47105184dc50fb1d675fa045e405bad9683447a421daf0064dd699b46f43d394,2024-03,Hampshire Constabulary,Hampshire Constabulary,-0.743948,51.241994,On or near Ash Road,E01023109,Rushmoor 011A,Shoplifting,Court result unavailable,
8f9bf8b92bc66ef9824b7fdc9799d187ea8814dfe852d6e67dece87513acf2d7,2024-03,Hampshire Constabulary,Hampshire Constabulary,-0.743948,51.241994,On or near Ash Road,E01023109,Rushmoor 011A,Shoplifting,Court result unavailable,
11f243d6c22f32cc8a65cff19a5010beb6b0e65502920ff8d651c816d869468d,2024-03,Hampshire Constabulary,Hampshire Constabulary,-0.743948,51.241994,On or near Ash Road,E01023109,Rushmoor 011A,Shoplifting,Court result unavailable,
2687f17df8df7a83fea28545a046a9f8057d0ada1c57b5fb1effd889ed948f98,2024-03,Hampshire Constabulary,Hampshire Constabulary,-0.748153,51.240141,On or near Gillian Avenue,E01023109,Rushmoor 011A,Violence and sexual offences,Unable to prosecute suspect,
f69a115f5d4456e0cee93292754429bcc5622f64e4d4f42d198037953182575b,2024-03,Hampshire Constabulary,Hampshire Constabulary,-0.743948,51.241994,On or near Ash Road,E01023109,Rushmoor 011A,Violence and sexual offences,Unable to prosecute suspect,
1897609e3ee5fa3da7ac8e5846bce68d86ab862ed915d164def6bfc01515a5c1,2024-03,Hampshire Constabulary,Hampshire Constabulary,-0.749287,51.238984,On or near Orchard Gardens,E01023109,Rushmoor 011A,Criminal damage and arson,Investigation complete; no suspect identified,
d06ec8d9354edfc86bff605519aae19b8a108313abc477997e1365fbd9455598,2024-03,Hampshire Constabulary,Hampshire Constabulary,-0.748892,51.241948,On or near Commercial Road,E01023109,Rushmoor 011A,Violence and sexual offences,Unable to prosecute suspect,
371c044ee49f22a105e86a96463d8b119a948780128ab2f34691cd2044b14e6d,2024-03,Hampshire Constabulary,Hampshire Constabulary,-0.748892,51.241948,On or near Commercial Road,E01023109,Rushmoor 011A,Violence and sexual offences,Status update unavailable,
c36ab2adf1b156943d381ec1e5df86d286a16a795837b25fea3469e001baa209,2024-03,Hampshire Constabulary,Hampshire Constabulary,-0.751466,51.241058,On or near Elston Place,E01023115,Rushmoor 011B,Vehicle crime,Investigation complete; no suspect identified,
12fe1beb7974ea57dcd7711e39380cf66c92af6741a2733603ce8aabe3e38f91,2024-03,Hampshire Constabulary,Hampshire Constabulary,-0.753050,51.239690,On or near Elm Place,E01023115,Rushmoor 011B,Violence and sexual offences,Unable to prosecute suspect,
68cd7d3349b80c17c37531fc1a29ff7aebd2f887535349140f7d4694bf31e7ae,2024-03,Hampshire Constabulary,Hampshire Constabulary,-0.759485,51.244389,On or near Manor Walk,E01023116,Rushmoor 011C,Violence and sexual offences,Unable to prosecute suspect,
9cd15abfecdb5d54d4cf5ccbc45ecd0d33311e530ee9803c3b8f1a471db1991a,2024-03,Hampshire Constabulary,Hampshire Constabulary,-0.759485,51.244389,On or near Manor Walk,E01023116,Rushmoor 011C,Violence and sexual offences,Unable to prosecute suspect,
8efe7bc8eb9152c4c3abd98757665de593da6c8864427b55b87536cc6cafc337,2024-03,Hampshire Constabulary,Hampshire Constabulary,-0.755973,51.247104,On or near Boulters Road,E01023116,Rushmoor 011C,Violence and sexual offences,Court result unavailable,
074ff6af6bba6fd0a0a4d5b3e249294b510608cb6ff94b9cb73a4dfe703ebd50,2024-03,Hampshire Constabulary,Hampshire Constabulary,-0.760474,51.241145,On or near Northbrook Road,E01023116,Rushmoor 011C,Burglary,Investigation complete; no suspect identified,
e853a04c492579e8336647b5b21f92f52168a4759fc975e6419fc11945bd0706,2024-03,Hampshire Constabulary,Hampshire Constabulary,-0.758550,51.245036,On or near St Michael'S Road,E01023116,Rushmoor 011C,Criminal damage and arson,Investigation complete; no suspect identified,
0aa9982255e4c0324d2132c86c9adef7cf6d3ff9cae22cd4d63c52e93846b07e,2024-03,Hampshire Constabulary,Hampshire Constabulary,-0.759981,51.245123,On or near St George'S Road,E01023116,Rushmoor 011C,Other theft,Investigation complete; no suspect identified,
091fdf30bc1ddf929b3170134ef8083965c388b8381d2cd6b000a090b8b4ab4e,2024-03,Hampshire Constabulary,Hampshire Constabulary,-0.759485,51.244389,On or near Manor Walk,E01023116,Rushmoor 011C,Other theft,Investigation complete; no suspect identified,
01e11630ad27c503fad7da9257aa91b9857d0184ff24a3abc70f05e0b430aea3,2024-03,Hampshire Constabulary,Hampshire Constabulary,-0.755642,51.247136,On or near High Street,E01023116,Rushmoor 011C,Violence and sexual offences,Investigation complete; no suspect identified,
c87ccc123366019082efe12249744a94786290b58e4939d780eb418464fb3e35,2024-03,Hampshire Constabulary,Hampshire Constabulary,-0.759026,51.234799,On or near Sandown Crescent,E01023117,Rushmoor 011D,Other theft,Unable to prosecute suspect,
79070283e0c3a6b9600e073ce930f95fbf17a9a4846b5191d3b233c3947f4e2d,2024-03,Hampshire Constabulary,Hampshire Constabulary,-0.758322,51.237543,On or near Jubilee Road,E01023117,Rushmoor 011D,Violence and sexual offences,Unable to prosecute suspect,
5a6b886ad1fd7f4072e177321a88104c1c9944a681d507c97f055094d43397a6,2024-03,Hampshire Constabulary,Hampshire Constabulary,-0.765305,51.236745,On or near Egret Gardens,E01023117,Rushmoor 011D,Burglary,Status update unavailable,
bad4b21dd989797181c54032b30b14ee6e04009d307bdc398110d7c1e0be5785,2024-03,Hampshire Constabulary,Hampshire Constabulary,-0.763831,51.236711,On or near Osprey Gardens,E01023117,Rushmoor 011D,Criminal damage and arson,Investigation complete; no suspect identified,
e1d4739eb2a124229b6f4b2ea21ec134ff1aa3e9927e6d57cce2749a17e3c36d,2024-03,Hampshire Constabulary,Hampshire Constabulary,-0.763831,51.236711,On or near Osprey Gardens,E01023117,Rushmoor 011D,Criminal damage and arson,Investigation complete; no suspect identified,
fe65a34d9ef84285202ee064f37aa8e2d66f6c8e10436e56afcb32cd6c5dbda5,2024-03,Hampshire Constabulary,Hampshire Constabulary,-0.763831,51.236711,On or near Osprey Gardens,E01023117,Rushmoor 011D,Criminal damage and arson,Investigation complete; no suspect identified,
a714fbeaa5b4697fc1a808217b8f3f8462c24336975b8e215b7bf183b2e24570,2024-03,Hampshire Constabulary,Hampshire Constabulary,-0.759563,51.240389,On or near Southmead Road,E01023117,Rushmoor 011D,Other theft,Investigation complete; no suspect identified,
e40c60370a5fe659a7f6f4e6f6bece417b29f5c79fd300f41e7c64289d4d7f9a,2024-03,Hampshire Constabulary,Hampshire Constabulary,-0.760559,51.237450,On or near Holbrook Way,E01023117,Rushmoor 011D,Vehicle crime,Investigation complete; no suspect identified,
697486ecc01ef2ea5072dba3d3529c1221d1046b51a11fef2b509728d9930417,2024-03,Hampshire Constabulary,Hampshire Constabulary,-0.759026,51.234799,On or near Sandown Crescent,E01023117,Rushmoor 011D,Vehicle crime,Investigation complete; no suspect identified,
36ef0647afdaf202d899ad99f1564511cad6fab0e1b5e91c02628f6d96b26481,2024-03,Hampshire Constabulary,Hampshire Constabulary,-0.761440,51.236668,On or near Oast Lane,E01023117,Rushmoor 011D,Vehicle crime,Investigation complete; no suspect identified,
86ae6ed787bb7f6dd26bbbbdacbdeed9da1f7b7a7fcf51ed4faef65ef2c32b67,2024-03,Hampshire Constabulary,Hampshire Constabulary,-0.761999,51.236629,On or near Boxall'S Lane,E01023117,Rushmoor 011D,Violence and sexual offences,Unable to prosecute suspect,
ad2e9e73c15ee53280a9562118af702998c1bdd7f2db8fce868dd8c9fa1357f4,2024-03,Hampshire Constabulary,Hampshire Constabulary,-0.749458,51.234778,On or near Pool Road,E01023107,Rushmoor 012A,Drugs,Local resolution,
201e028de2ad0fae1091acd04261b5e91551fab4b3d6cc8a1a07e29226eb6731,2024-03,Hampshire Constabulary,Hampshire Constabulary,-0.751036,51.235235,On or near Calton Gardens,E01023107,Rushmoor 012A,Public order,Local resolution,
db884d16200817965e984f97d18513583b427160c83763d770b9e9ed7e563e29,2024-03,Hampshire Constabulary,Hampshire Constabulary,-0.752055,51.237296,On or near Supermarket,E01023107,Rushmoor 012A,Public order,Unable to prosecute suspect,
8c1080688f8a376157d037c231792ccee801e4de060134ce0fa7763beb83849f,2024-03,Hampshire Constabulary,Hampshire Constabulary,-0.752055,51.237296,On or near Supermarket,E01023107,Rushmoor 012A,Shoplifting,Court result unavailable,
f82d5a65d0fffade0a4ccb1530d14ed16c28eb45629dda1d09bb2843910ccc75,2024-03,Hampshire Constabulary,Hampshire Constabulary,-0.752055,51.237296,On or near Supermarket,E01023107,Rushmoor 012A,Shoplifting,Court result unavailable,
f3e3b537247c7457f6e7b00d96c161d16464858fbba937d9f5cf4e16f2a3fade,2024-03,Hampshire Constabulary,Hampshire Constabulary,-0.752055,51.237296,On or near Supermarket,E01023107,Rushmoor 012A,Shoplifting,Court result unavailable,
9381522b7f488332127c1be36915993cba3529b6f6f0ac30c005960b5d23f30f,2024-03,Hampshire Constabulary,Hampshire Constabulary,-0.752055,51.237296,On or near Supermarket,E01023107,Rushmoor 012A,Shoplifting,Court result unavailable,
94918c64b4dcc7132b56a2f9849514d0c6a3ecf434e4fea16fa62b4a079113a2,2024-03,Hampshire Constabulary,Hampshire Constabulary,-0.752055,51.237296,On or near Supermarket,E01023107,Rushmoor 012A,Shoplifting,Court result unavailable,
c717ec2145a47e0651ca0efe1100e9e7598ee7e8e47bff1f2c4bf55a216458ec,2024-03,Hampshire Constabulary,Hampshire Constabulary,-0.752055,51.237296,On or near Supermarket,E01023107,Rushmoor 012A,Shoplifting,Court result unavailable,
4608449114c1527f9ae89186f74c461b4f59bd293ccf8119175074b2ec0d6882,2024-03,Hampshire Constabulary,Hampshire Constabulary,-0.752055,51.237296,On or near Supermarket,E01023107,Rushmoor 012A,Shoplifting,Court result unavailable,
44623bfe7d8100172cdc9f1f6cf7f71558716d63c1f51cbc4dc80ff7675b8d24,2024-03,Hampshire Constabulary,Hampshire Constabulary,-0.752055,51.237296,On or near Supermarket,E01023107,Rushmoor 012A,Shoplifting,Court result unavailable,
2ce7ee739b4d682c782e3ed8aa3c94b5c886583ed854f73404369c6da5363bbd,2024-03,Hampshire Constabulary,Hampshire Constabulary,-0.752055,51.237296,On or near Supermarket,E01023107,Rushmoor 012A,Shoplifting,Court result unavailable,
b3011b2b42556903f58030dd791b7af530da357922b28b1d5c10e67f120408bc,2024-03,Hampshire Constabulary,Hampshire Constabulary,-0.749896,51.237642,On or near Lower Farnham Road,E01023107,Rushmoor 012A,Vehicle crime,Unable to prosecute suspect,
e15f854a984e647158ae460a87e3c937858bd809371dab018cd3d639d1916fa6,2024-03,Hampshire Constabulary,Hampshire Constabulary,-0.754333,51.233553,On or near Cadnam Close,E01023107,Rushmoor 012A,Violence and sexual offences,Action to be taken by another organisation,
6273848191b383c173ab228f94ea4a76790b6025f33567cadba857f91769ca35,2024-03,Hampshire Constabulary,Hampshire Constabulary,-0.752563,51.232806,On or near Lyndhurst Avenue,E01023107,Rushmoor 012A,Violence and sexual offences,Unable to prosecute suspect,
2a324fbef7ab952f84bbca3c147f498230179fbebfa5efb930d9588f11036225,2024-03,Hampshire Constabulary,Hampshire Constabulary,-0.756710,51.234118,On or near Andover Way,E01023107,Rushmoor 012A,Violence and sexual offences,Unable to prosecute suspect,
d0a0ee027d4994209dda1d5033c9c6b339960866cdefc71eeb1b4575b59f5a8e,2024-03,Hampshire Constabulary,Hampshire Constabulary,-0.749896,51.237642,On or near Lower Farnham Road,E01023107,Rushmoor 012A,Criminal damage and arson,Investigation complete; no suspect identified,
7754655d2c0f41d1b77f923d9a8d93ed0aeab69224605ae1641d2f9b8a32e93c,2024-03,Hampshire Constabulary,Hampshire Constabulary,-0.754333,51.233553,On or near Cadnam Close,E01023107,Rushmoor 012A,Criminal damage and arson,Status update unavailable,
86ab1ce5f869f56196eadc2cde4646665271c438870f389125e8273145e1d242,2024-03,Hampshire Constabulary,Hampshire Constabulary,-0.752055,51.237296,On or near Supermarket,E01023107,Rushmoor 012A,Shoplifting,Investigation complete; no suspect identified,
958638595d616c0575cba34c3cdbaaaa6b4f827821fa6117231f25ba09f83baa,2024-03,Hampshire Constabulary,Hampshire Constabulary,-0.752055,51.237296,On or near Supermarket,E01023107,Rushmoor 012A,Shoplifting,Investigation complete; no suspect identified,
847510e675dc0587a035f516fad98677251c5dfb3703e0279524d7e19e2cbb74,2024-03,Hampshire Constabulary,Hampshire Constabulary,-0.752055,51.237296,On or near Supermarket,E01023107,Rushmoor 012A,Shoplifting,Investigation complete; no suspect identified,
3243e0fdcfb22b67550b34d159ccea4f80126774cabc2e29b7cd7c9d75591e40,2024-03,Hampshire Constabulary,Hampshire Constabulary,-0.750328,51.233879,On or near Gloucester Road,E01023107,Rushmoor 012A,Vehicle crime,Investigation complete; no suspect identified,
ddbdde139f3b7044c6c9f198884b8a5edd48ae44c08120c567db89c6dfe0530a,2024-03,Hampshire Constabulary,Hampshire Constabulary,-0.755421,51.233565,On or near Basing Drive,E01023107,Rushmoor 012A,Vehicle crime,Investigation complete; no suspect identified,
c9b6efc4495f148a43507b7fb63a716a08cba073f3e7b33a7925f8bc22be547a,2024-03,Hampshire Constabulary,Hampshire Constabulary,-0.752055,51.237296,On or near Supermarket,E01023107,Rushmoor 012A,Violence and sexual offences,Investigation complete; no suspect identified,
0ebeb24aa64d6739716da2b58833174d044e4f11ecddae894bdab619f483d147,2024-03,Hampshire Constabulary,Hampshire Constabulary,-0.756710,51.234118,On or near Andover Way,E01023107,Rushmoor 012A,Violence and sexual offences,Unable to prosecute suspect,
352741d743bfe9d825def07d2da8a10788927d40e843e238d1d4d139f5df3e47,2024-03,Hampshire Constabulary,Hampshire Constabulary,-0.752055,51.237296,On or near Supermarket,E01023107,Rushmoor 012A,Violence and sexual offences,Unable to prosecute suspect,
f21cd741c78e364db6840fd8ae98f2dcbe668765222795af2c8721644c6956b0,2024-03,Hampshire Constabulary,Hampshire Constabulary,-0.749052,51.236014,On or near The Avenue,E01023107,Rushmoor 012A,Violence and sexual offences,Investigation complete; no suspect identified,
979547a38961efff783adfa4fa08a71ed71f61e078ce6250e4eaa45a3f924c29,2024-03,Hampshire Constabulary,Hampshire Constabulary,-0.748890,51.231427,On or near Stockbridge Drive,E01023108,Rushmoor 012B,Drugs,Local resolution,
fc99e506c4ebb81c6ecbe8bc80632bba38106729a6115ffd158f380bac14bb85,2024-03,Hampshire Constabulary,Hampshire Constabulary,-0.747544,51.231412,On or near Whitchurch Close,E01023108,Rushmoor 012B,Violence and sexual offences,Unable to prosecute suspect,
4e12e8d2827c48c185a8404ed673a8706bd5025bdaa0958f2b0f824408baf60a,2024-03,Hampshire Constabulary,Hampshire Constabulary,-0.750046,51.231592,On or near Short Dale Road,E01023108,Rushmoor 012B,Violence and sexual offences,Unable to prosecute suspect,
65298a61301ffab9aac466f8263b7d053c8949c6036af6fa3830ed3b0d6582eb,2024-03,Hampshire Constabulary,Hampshire Constabulary,-0.752028,51.233528,On or near Morland Road,E01023108,Rushmoor 012B,Violence and sexual offences,Unable to prosecute suspect,
5283b06f75e20d5dadc6ef8914c1002c186f13635f87e1582b93ab42ca133b3a,2024-03,Hampshire Constabulary,Hampshire Constabulary,-0.746093,51.236846,On or near Allden Gardens,E01023108,Rushmoor 012B,Violence and sexual offences,Unable to prosecute suspect,
5f9b8d05ae54357e054bfde86d42098846960481dfd55ffb095fc709f740a857,2024-03,Hampshire Constabulary,Hampshire Constabulary,-0.742955,51.237927,On or near Maple Walk,E01023108,Rushmoor 012B,Violence and sexual offences,Unable to prosecute suspect,
0e75a3b77b13fa9cd723e4084b466c8109e0308be3d9a5b5a9c0fd070edc719e,2024-03,Hampshire Constabulary,Hampshire Constabulary,-0.742721,51.237080,On or near Heron Wood Road,E01023108,Rushmoor 012B,Violence and sexual offences,Unable to prosecute suspect,
001c4cdc0f144650821c28bbed1fbab17daa555a268385b4065d261a1cf74317,2024-03,Hampshire Constabulary,Hampshire Constabulary,-0.743670,51.237477,On or near Hampshire Close,E01023108,Rushmoor 012B,Violence and sexual offences,Unable to prosecute suspect,
040dc5ab64790558002d5db82a515512c6d6794bf03b1c550547e5d44f9cb86a,2024-03,Hampshire Constabulary,Hampshire Constabulary,-0.742721,51.237080,On or near Heron Wood Road,E01023108,Rushmoor 012B,Violence and sexual offences,Investigation complete; no suspect identified,
,2024-03,Hampshire Constabulary,Hampshire Constabulary,-0.744473,51.237431,On or near Whyte Avenue,E01023108,Rushmoor 012B,Anti-social behaviour,,
,2024-03,Hampshire Constabulary,Hampshire Constabulary,-0.746093,51.236846,On or near Allden Gardens,E01023108,Rushmoor 012B,Anti-social behaviour,,
13ab1479f7b4aa1b2965dce07df3fbf7d0bf6f98a66f5d1f0f2beec51fa30f63,2024-03,Hampshire Constabulary,Hampshire Constabulary,-0.743226,51.236950,On or near Lillywhite Close,E01023108,Rushmoor 012B,Criminal damage and arson,Investigation complete; no suspect identified,
31b0f2f589cc14f7d94c9d7a2486ff7b3d5030cb5a5850ea10e5cfeef0fcb2c6,2024-03,Hampshire Constabulary,Hampshire Constabulary,-0.744489,51.236838,On or near Newcome Place,E01023108,Rushmoor 012B,Criminal damage and arson,Investigation complete; no suspect identified,
14dcfec201e69028a0d567811cc90e749c6ad5234dd138bc2526b6baf0409d89,2024-03,Hampshire Constabulary,Hampshire Constabulary,-0.743226,51.236950,On or near Lillywhite Close,E01023108,Rushmoor 012B,Possession of weapons,Investigation complete; no suspect identified,
e17d5fb14969962929c146ddabccd18f03a60f7c28f284501a2e32243d15eef4,2024-03,Hampshire Constabulary,Hampshire Constabulary,-0.748890,51.231427,On or near Stockbridge Drive,E01023108,Rushmoor 012B,Vehicle crime,Investigation complete; no suspect identified,
0d1843a79b32c6a2829d395c4389624b501f30f4ec3459646e1e610837caf6b9,2024-03,Hampshire Constabulary,Hampshire Constabulary,-0.752028,51.233528,On or near Morland Road,E01023108,Rushmoor 012B,Vehicle crime,Investigation complete; no suspect identified,
dd2cc26ef99fa5433e2fd70e72f1853b0baa84c54319d261555543165fea4f77,2024-03,Hampshire Constabulary,Hampshire Constabulary,-0.742721,51.237080,On or near Heron Wood Road,E01023108,Rushmoor 012B,Vehicle crime,Investigation complete; no suspect identified,
76e8985d4d70e5aadbd0aa7d45aa4020d64605686765e97aa2b943e973da66d9,2024-03,Hampshire Constabulary,Hampshire Constabulary,-0.743226,51.236950,On or near Lillywhite Close,E01023108,Rushmoor 012B,Violence and sexual offences,Investigation complete; no suspect identified,
0927055e36540d9d9ce4c5cfc8b4a36b7d6ddd72e7bfe0af38e7cded1c0f928c,2024-03,Hampshire Constabulary,Hampshire Constabulary,-0.742955,51.237927,On or near Maple Walk,E01023108,Rushmoor 012B,Other crime,Status update unavailable,
792b76ed28b5c8a0d7c2064d509ba4be0492e34fd012a7340a6c38d564dffd97,2024-03,Hampshire Constabulary,Hampshire Constabulary,-0.739751,51.238810,On or near Oakway,E01023110,Rushmoor 012C,Other theft,Investigation complete; no suspect identified,
008268020b0dd410255006597c32c911ddb24f70e2c02653940c944e890ff504,2024-03,Hampshire Constabulary,Hampshire Constabulary,-0.738444,51.237879,On or near Hawthorn Close,E01023110,Rushmoor 012C,Violence and sexual offences,Unable to prosecute suspect,
016a78c238cbe1214ca3b8d599a32018501a2fa378db9108bdc6714138beac91,2024-03,Hampshire Constabulary,Hampshire Constabulary,-0.746656,51.238264,On or near Tichborne Place,E01023110,Rushmoor 012C,Violence and sexual offences,Action to be taken by another organisation,
,2024-03,Hampshire Constabulary,Hampshire Constabulary,-0.738444,51.237879,On or near Hawthorn Close,E01023110,Rushmoor 012C,Anti-social behaviour,,
,2024-03,Hampshire Constabulary,Hampshire Constabulary,-0.746656,51.238264,On or near Tichborne Place,E01023110,Rushmoor 012C,Anti-social behaviour,,
,2024-03,Hampshire Constabulary,Hampshire Constabulary,-0.746656,51.238264,On or near Tichborne Place,E01023110,Rushmoor 012C,Anti-social behaviour,,
da3915b2b56ae5e207eb629800d9fabca783586a3e0ce1eda8a68b85948f1416,2024-03,Hampshire Constabulary,Hampshire Constabulary,-0.746656,51.238264,On or near Tichborne Place,E01023110,Rushmoor 012C,Other theft,Investigation complete; no suspect identified,
4189203535e9bb969c96e2898d43bce46da18ffa44907b2c43ba79ac56c1b1df,2024-03,Hampshire Constabulary,Hampshire Constabulary,-0.745252,51.240911,On or near Shalden Road,E01023110,Rushmoor 012C,Vehicle crime,Investigation complete; no suspect identified,
f66903059fc52f3232133b7954d2978180109edadc9d689720ed79d7363ef4d2,2024-03,Hampshire Constabulary,Hampshire Constabulary,-0.745417,51.244878,On or near Anglesey Road,E01023123,Rushmoor 012D,Violence and sexual offences,Unable to prosecute suspect,
ae744f5c4346d42886460eb3701e358f2a337182c0e2cd34ab4ae19201fb3159,2024-03,Hampshire Constabulary,Hampshire Constabulary,-0.740710,51.242507,On or near North Close,E01023123,Rushmoor 012D,Violence and sexual offences,Offender given a caution,
529630ef26328e74f6727f82f8884c0419138b9a6abe76d1d791e47e74f0f6e0,2024-03,Hampshire Constabulary,Hampshire Constabulary,-0.741705,51.246484,On or near Mallory Close,E01023123,Rushmoor 012D,Violence and sexual offences,Unable to prosecute suspect,
c838336a21912d55fd823d0ca905c402d7fbcca6b95c50d6dab218e0512a8be2,2024-03,Hampshire Constabulary,Hampshire Constabulary,-0.742284,51.244152,On or near Calvert Close,E01023123,Rushmoor 012D,Criminal damage and arson,Status update unavailable,
704169df13e9c4d1974137c2edbc84a1254f221f8c00422c61114b972e59caed,2024-03,Hampshire Constabulary,Hampshire Constabulary,-0.738529,51.244741,On or near Further/Higher Educational Building,E01023123,Rushmoor 012D,Public order,Investigation complete; no suspect identified,
fe0368261361a77c7b49c818dee9bb2ec8e8bf27240a13d432d7ea81aa3c76f2,2024-03,Hampshire Constabulary,Hampshire Constabulary,-0.745417,51.244878,On or near Anglesey Road,E01023123,Rushmoor 012D,Public order,Investigation complete; no suspect identified,
1a367517c2a5f363edf124f4e30189644dac5efaea0927a64470f0aa13df8119,2024-03,Hampshire Constabulary,Hampshire Constabulary,-0.739148,51.244100,On or near Holder Road,E01023123,Rushmoor 012D,Vehicle crime,Investigation complete; no suspect identified,
5071c20545db51153b8632a7a109550fb9b77e0688ad51105a2cf30c2b293119,2024-03,Hampshire Constabulary,Hampshire Constabulary,-0.745985,51.242942,On or near Institute Road,E01023123,Rushmoor 012D,Vehicle crime,Investigation complete; no suspect identified,
ccbdbbfc867c12d047200caca76454cfd736db19e2ca26ca5428bef516cbb62d,2024-03,Hampshire Constabulary,Hampshire Constabulary,-0.741705,51.246484,On or near Mallory Close,E01023123,Rushmoor 012D,Violence and sexual offences,Unable to prosecute suspect,
914565af2206192637ef1d05e608c2e2f242d4451cae27227fff872c677210bc,2024-03,Hampshire Constabulary,Hampshire Constabulary,-0.886539,54.143512,On or near Appleton Lane,E01027774,Ryedale 007A,Criminal damage and arson,Status update unavailable,
2316dd00527f497cc06b3490671051c97047dd7376ca87b0685526356401f814,2024-03,Hampshire Constabulary,Hampshire Constabulary,-1.394996,50.940147,On or near Begonia Road,E01017144,Southampton 001A,Criminal damage and arson,Investigation complete; no suspect identified,
e695de26287b306bf4fe2bc60f55688079f31cafdaf618deef04981cbe284b2c,2024-03,Hampshire Constabulary,Hampshire Constabulary,-1.401331,50.938912,On or near Elmsleigh Gardens,E01017144,Southampton 001A,Violence and sexual offences,Unable to prosecute suspect,
c6f5931b1b0a6af0016ce24827af9c5e81603d8633d7b8fb347966f22a37a844,2024-03,Hampshire Constabulary,Hampshire Constabulary,-1.398101,50.939966,On or near Primrose Road,E01017144,Southampton 001A,Violence and sexual offences,Investigation complete; no suspect identified,
438dc9517ac928933ea372475cd60b70068d9b2e687e8e55ea9a865764f73e83,2024-03,Hampshire Constabulary,Hampshire Constabulary,-1.399017,50.939521,On or near Glen Eyre Way,E01017144,Southampton 001A,Public order,Unable to prosecute suspect,
a68e07f42637fcc71bf32920a2a122cb12f4d77ab630c4351411c18fb29f0f7a,2024-03,Hampshire Constabulary,Hampshire Constabulary,-1.399017,50.939521,On or near Glen Eyre Way,E01017144,Southampton 001A,Public order,Investigation complete; no suspect identified,
5aed11e83eb0032fe2cf856f6766ca8939733e082bf14eed2994ff98aa186ec8,2024-03,Hampshire Constabulary,Hampshire Constabulary,-1.397039,50.943953,On or near Brindle Close,E01017144,Southampton 001A,Vehicle crime,Investigation complete; no suspect identified,
dc047f33ca94e4591c4bfca227e772642998bee4aa83b6947655022386c0ef5d,2024-03,Hampshire Constabulary,Hampshire Constabulary,-1.396678,50.942116,On or near Copperfield Road,E01017144,Southampton 001A,Violence and sexual offences,Status update unavailable,
8608f32465d1898b0420fbc3dd642a56ae0407807cacea09077eb707bf359b1b,2024-03,Hampshire Constabulary,Hampshire Constabulary,-1.396678,50.942116,On or near Copperfield Road,E01017144,Southampton 001A,Violence and sexual offences,Unable to prosecute suspect,
3a201d7e8ca722f40b0657e665db4d837d54a5f8478facce302be6113eb280cb,2024-03,Hampshire Constabulary,Hampshire Constabulary,-1.405354,50.951504,On or near Fitzroy Close,E01017145,Southampton 001B,Public order,Unable to prosecute suspect,
d12f5aa3bbe4e23d05af15437f587d73af03ee77c9137f17f3531c8225ee8266,2024-03,Hampshire Constabulary,Hampshire Constabulary,-1.406050,50.953909,On or near Roman Road,E01017145,Southampton 001B,Violence and sexual offences,Unable to prosecute suspect,
d313630102762d9be57153cdfa1990d9ada506fd3bbe0c98cb3c038ffc925372,2024-03,Hampshire Constabulary,Hampshire Constabulary,-1.406050,50.953909,On or near Roman Road,E01017145,Southampton 001B,Violence and sexual offences,Unable to prosecute suspect,
26f948e67513968dc002301de042c9ec0ceda9bef39b318feb4d0c7a24ad70de,2024-03,Hampshire Constabulary,Hampshire Constabulary,-1.391917,50.945896,On or near Bassett Green Road,E01017145,Southampton 001B,Bicycle theft,Investigation complete; no suspect identified,
510bb571a61616dae58eec81a0054472ae1fd0540fdcb8ad9e4fa935aaa19f20,2024-03,Hampshire Constabulary,Hampshire Constabulary,-1.391917,50.945896,On or near Bassett Green Road,E01017145,Southampton 001B,Bicycle theft,Investigation complete; no suspect identified,
2520bffc40c8f7943bd906b4e91c2196bae3f55a172942b78ae7d9b2bddeb0b6,2024-03,Hampshire Constabulary,Hampshire Constabulary,-1.392953,50.947286,On or near Monks Wood Close,E01017145,Southampton 001B,Burglary,Status update unavailable,
850a905b8b7925c75b504b05417205e05191d9f77f3089140d5b9a75d93c532b,2024-03,Hampshire Constabulary,Hampshire Constabulary,-1.405354,50.951504,On or near Fitzroy Close,E01017145,Southampton 001B,Burglary,Status update unavailable,
f76dc476077f24426eae7b018353d2e129ed9067e6b20648186fcd81da05c82b,2024-03,Hampshire Constabulary,Hampshire Constabulary,-1.405354,50.951504,On or near Fitzroy Close,E01017145,Southampton 001B,Criminal damage and arson,Investigation complete; no suspect identified,
4c234b38d179c9ebf2703a2d7ab215e9aff4c9b5e2f8d44610f0c8ab4225aa51,2024-03,Hampshire Constabulary,Hampshire Constabulary,-1.405354,50.951504,On or near Fitzroy Close,E01017145,Southampton 001B,Criminal damage and arson,Investigation complete; no suspect identified,
99a75c1050904ca26b3a91d5a04cf9393d02f5d5323dcb01205c9be28c54d026,2024-03,Hampshire Constabulary,Hampshire Constabulary,-1.405354,50.951504,On or near Fitzroy Close,E01017145,Southampton 001B,Public order,Investigation complete; no suspect identified,
fbe7ee2787d0fd7d98c7424abd2df47130454a118606864e81a1970b0b27cf7d,2024-03,Hampshire Constabulary,Hampshire Constabulary,-1.406050,50.953909,On or near Roman Road,E01017145,Southampton 001B,Violence and sexual offences,Unable to prosecute suspect,
bf1bce2acbce4254b9f160438730242acd8dee9843e545f566ea46a58857354c,2024-03,Hampshire Constabulary,Hampshire Constabulary,-1.405354,50.951504,On or near Fitzroy Close,E01017145,Southampton 001B,Violence and sexual offences,Unable to prosecute suspect,
b5b36b928ce53eaf5ffe9b30234cf8acb4cb5a0392d8c649ccd98d8bc1fa1d89,2024-03,Hampshire Constabulary,Hampshire Constabulary,-1.406050,50.953909,On or near Roman Road,E01017145,Southampton 001B,Violence and sexual offences,Unable to prosecute suspect,
665f18bf910fd6d6672d0222240eb9e32fd20e9e2cdfa02b425a34604c7de773,2024-03,Hampshire Constabulary,Hampshire Constabulary,-1.402557,50.942039,On or near Glen Eyre Road,E01017146,Southampton 001C,Other theft,Investigation complete; no suspect identified,
49bf25cbd44a73f42f5bf929f399e71a4d22f3d232f0b1b8f196619bc2478702,2024-03,Hampshire Constabulary,Hampshire Constabulary,-1.401418,50.940990,On or near Hartley Grove,E01017146,Southampton 001C,Other theft,Investigation complete; no suspect identified,
94d4d288dcaa945dc052706ac76929251beff86c10badd8e5d8dd67fee4851ac,2024-03,Hampshire Constabulary,Hampshire Constabulary,-1.404969,50.943769,On or near Beechmount Road,E01017146,Southampton 001C,Criminal damage and arson,Investigation complete; no suspect identified,
cc837c4efd9468d9caeb3d26084d6840dc05f5635f7f7bcd0034d226d9b52481,2024-03,Hampshire Constabulary,Hampshire Constabulary,-1.400649,50.945410,On or near Glenwood Avenue,E01017148,Southampton 001D,Vehicle crime,Investigation complete; no suspect identified,
4df27617163a8c255b48d5a8d2665e7e10a263c800c5d1c15c2c6b93f39cd48f,2024-03,Hampshire Constabulary,Hampshire Constabulary,-1.392580,50.939865,On or near Lilac Road,E01017149,Southampton 001E,Violence and sexual offences,Unable to prosecute suspect,
7d27e741a8597264a60bc5fa5a6c98a59333d2b1593967934c5a31ecca2aeca7,2024-03,Hampshire Constabulary,Hampshire Constabulary,-1.392580,50.939865,On or near Lilac Road,E01017149,Southampton 001E,Violence and sexual offences,Unable to prosecute suspect,
ccdddb16e9ff9b82a17d0b6261afbab60d9476a4e91e31e4e947c4acc4125280,2024-03,Hampshire Constabulary,Hampshire Constabulary,-1.398778,50.938171,On or near Petrol Station,E01017149,Southampton 001E,Violence and sexual offences,Unable to prosecute suspect,
952eef43f389ef790c1bc78871c04b5e6df71485acdd14ca65b1a3206ef951e3,2024-03,Hampshire Constabulary,Hampshire Constabulary,-1.397119,50.938800,On or near Dahlia Road,E01017149,Southampton 001E,Violence and sexual offences,Unable to prosecute suspect,
7430421569be8bb7aba1a66e5cd34882887e860086ac293f75036af1192c73f0,2024-03,Hampshire Constabulary,Hampshire Constabulary,-1.392580,50.939865,On or near Lilac Road,E01017149,Southampton 001E,Violence and sexual offences,Unable to prosecute suspect,
aa98ed8190793c64fe14dc8066b663cd8bd2990ca578d9a8fc1fbc8ed3086967,2024-03,Hampshire Constabulary,Hampshire Constabulary,-1.398778,50.938171,On or near Petrol Station,E01017149,Southampton 001E,Bicycle theft,Investigation complete; no suspect identified,
7907ef0812ea6aba419196379eb933efa92fff2c7ed8645fc7b679a571f1a006,2024-03,Hampshire Constabulary,Hampshire Constabulary,-1.398778,50.938171,On or near Petrol Station,E01017149,Southampton 001E,Bicycle theft,Investigation complete; no suspect identified,
e0656ea97e510cda6815e0356fd49dad3bbf2da9b06b3cff97f96d1a5d6bfc20,2024-03,Hampshire Constabulary,Hampshire Constabulary,-1.397009,50.939654,On or near Pansy Road,E01017149,Southampton 001E,Criminal damage and arson,Investigation complete; no suspect identified,
313dffff15a283f2e93ce2a56e7b1482605194cb6f4076a7d4057a6e46787426,2024-03,Hampshire Constabulary,Hampshire Constabulary,-1.392580,50.939865,On or near Lilac Road,E01017149,Southampton 001E,Public order,Unable to prosecute suspect,
dbc6c256a01746420ec3e0feb1e330e6f86a41af08f472692903a2aa29389ece,2024-03,Hampshire Constabulary,Hampshire Constabulary,-1.392580,50.939865,On or near Lilac Road,E01017149,Southampton 001E,Violence and sexual offences,Unable to prosecute suspect,
1405c69d5411bacfa9b6e5fcc314590b85b5aabd018dfbc3d48e1bacb21d3fe6,2024-03,Hampshire Constabulary,Hampshire Constabulary,-1.392580,50.939865,On or near Lilac Road,E01017149,Southampton 001E,Violence and sexual offences,Action to be taken by another organisation,
929c10b845826652b52d1b68967326e1b4d4cde064bc6a80eff64e3e6de9afc5,2024-03,Hampshire Constabulary,Hampshire Constabulary,-1.435043,50.947470,On or near Widgeon Close,E01017180,Southampton 002A,Criminal damage and arson,Investigation complete; no suspect identified,
fec145f2887d9c12c7755c97c4fb941c6e81237e9ceca9c594f22b7609c0a4d3,2024-03,Hampshire Constabulary,Hampshire Constabulary,-1.448633,50.946573,On or near Buchanan Road,E01017181,Southampton 002B,Other theft,Unable to prosecute suspect,
8bc0cdf3abfbf69b220a5d149c3aea0b3d92c1ce47039ae95a3debff9b1ed4ae,2024-03,Hampshire Constabulary,Hampshire Constabulary,-1.447738,50.946245,On or near Sports/Recreation Area,E01017181,Southampton 002B,Vehicle crime,Unable to prosecute suspect,
c6a42fc539653090cb781953b958d752b8ce68c76202e88c24f21fb3aa1d73fd,2024-03,Hampshire Constabulary,Hampshire Constabulary,-1.447701,50.945966,On or near Chisholm Close,E01017181,Southampton 002B,Violence and sexual offences,Unable to prosecute suspect,
,2024-03,Hampshire Constabulary,Hampshire Constabulary,-1.447803,50.944536,On or near Dunbar Close,E01017181,Southampton 002B,Anti-social behaviour,,
,2024-03,Hampshire Constabulary,Hampshire Constabulary,-1.445688,50.946469,On or near Matheson Road,E01017181,Southampton 002B,Anti-social behaviour,,
73ff2bf4e497c4bb036e2f537eb0bb94b4dc234bfd13de5850ccf98ec151df8c,2024-03,Hampshire Constabulary,Hampshire Constabulary,-1.450407,50.943479,On or near Menzies Close,E01017181,Southampton 002B,Other theft,Investigation complete; no suspect identified,
4f912d4723db387844b33e898a10212b9968bc79e6f51675bfb3d4729392aeba,2024-03,Hampshire Constabulary,Hampshire Constabulary,-1.428771,50.943474,On or near Prunus Close,E01017183,Southampton 002C,Violence and sexual offences,Local resolution,
4e14c7e124374767f635bc34850f09260b8f8d3b3d341fab3aa4735810315906,2024-03,Hampshire Constabulary,Hampshire Constabulary,-1.425842,50.945600,On or near Melville Close,E01017183,Southampton 002C,Burglary,Status update unavailable,
f2f550c5c78086acfb344bbb93d6d4e0c391e6fb3d5614c4534b4575e29c13f4,2024-03,Hampshire Constabulary,Hampshire Constabulary,-1.425842,50.945600,On or near Melville Close,E01017183,Southampton 002C,Vehicle crime,Investigation complete; no suspect identified,
6745747810627fd6b4103b7bedb8c3a0bcb09feb9de2f2c0a1cfc9de473d63fd,2024-03,Hampshire Constabulary,Hampshire Constabulary,-1.431484,50.941626,On or near Purbrook Close,E01017185,Southampton 002D,Drugs,Local resolution,
8e5872ed68a9b2ff0ee5431c015c0b9ee35098db39c10b9b674ed6094efefcb8,2024-03,Hampshire Constabulary,Hampshire Constabulary,-1.427651,50.940797,On or near Aldermoor Close,E01017185,Southampton 002D,Robbery,Awaiting court outcome,
fee7a175fca5070b16675d1e01244911f04628e5563282042dd672e1ee50f355,2024-03,Hampshire Constabulary,Hampshire Constabulary,-1.427802,50.941293,On or near Taranto Road,E01017185,Southampton 002D,Violence and sexual offences,Court result unavailable,
6091c07a783faa9d65778bbcf6d5d9c8f3f15002c08a89aba9259b028f911586,2024-03,Hampshire Constabulary,Hampshire Constabulary,-1.427802,50.941293,On or near Taranto Road,E01017185,Southampton 002D,Violence and sexual offences,Local resolution,
86465ae388163ceee1e8ce259e46637f34d624918ec16e471087f4e822fe107e,2024-03,Hampshire Constabulary,Hampshire Constabulary,-1.431747,50.941114,On or near Waltham Crescent,E01017185,Southampton 002D,Violence and sexual offences,Action to be taken by another organisation,
adefc925c78f17f6b011c32ca775e3c14306efab00d7615ce67dc9955d937ebf,2024-03,Hampshire Constabulary,Hampshire Constabulary,-1.432050,50.941943,On or near Petworth Gardens,E01017185,Southampton 002D,Violence and sexual offences,Unable to prosecute suspect,
198b0777d587e7ccf80d2d4098075d077dd3e4269a2e8101d6aacb538ec90b76,2024-03,Hampshire Constabulary,Hampshire Constabulary,-1.431926,50.938058,On or near Preshaw Close,E01017185,Southampton 002D,Violence and sexual offences,Unable to prosecute suspect,
4ac68a15e06d7990ba2bf4faa675421d267adf4534d5cfe540be4e8cc7ddf4a9,2024-03,Hampshire Constabulary,Hampshire Constabulary,-1.431747,50.941114,On or near Waltham Crescent,E01017185,Southampton 002D,Violence and sexual offences,Unable to prosecute suspect,
d8729ed967cc2cb5cbaf9fea30a7f823f421434d337423f08e8be9e868d5fe21,2024-03,Hampshire Constabulary,Hampshire Constabulary,-1.430473,50.941702,On or near Bransbury Close,E01017185,Southampton 002D,Violence and sexual offences,Unable to prosecute suspect,
,2024-03,Hampshire Constabulary,Hampshire Constabulary,-1.431747,50.941114,On or near Waltham Crescent,E01017185,Southampton 002D,Anti-social behaviour,,
e842a4c3d239799ce348b074c9eb2bcf5f001924dc5c6b793929e8a91669b1ba,2024-03,Hampshire Constabulary,Hampshire Constabulary,-1.427651,50.940797,On or near Aldermoor Close,E01017185,Southampton 002D,Shoplifting,Investigation complete; no suspect identified,
d42dc6dd751982ae80c19d2dc048ea8f1178f376d11e5489cd82acaa07a3b0df,2024-03,Hampshire Constabulary,Hampshire Constabulary,-1.427651,50.940797,On or near Aldermoor Close,E01017185,Southampton 002D,Shoplifting,Investigation complete; no suspect identified,
7a08b16c29a11f00be23fc6cb3ff2ee6530aa29c42220087d1cb90cd26f69961,2024-03,Hampshire Constabulary,Hampshire Constabulary,-1.433853,50.939919,On or near Langrish Road,E01017185,Southampton 002D,Vehicle crime,Investigation complete; no suspect identified,
ac048c4ae96ee366e05cd9def348693d2be4c3f8064a21cc9ac7128f5e3b0b79,2024-03,Hampshire Constabulary,Hampshire Constabulary,-1.431747,50.941114,On or near Waltham Crescent,E01017185,Southampton 002D,Violence and sexual offences,Investigation complete; no suspect identified,
630379bd20fca8a1a04b1ca1ab19377c24f5b137cc5f962ff378987ad8ccaf85,2024-03,Hampshire Constabulary,Hampshire Constabulary,-1.431926,50.938058,On or near Preshaw Close,E01017185,Southampton 002D,Violence and sexual offences,Status update unavailable,
54b7a01909799438d4548e92c69c380ceb586a2068fdcdf474e83b3e5007d1a0,2024-03,Hampshire Constabulary,Hampshire Constabulary,-1.434536,50.937576,On or near Springford Gardens,E01017187,Southampton 002E,Public order,Unable to prosecute suspect,
a6e395bfe155b033ab2721de2dab9c47fba10958fa8fb52710bda3f4e9bae9b5,2024-03,Hampshire Constabulary,Hampshire Constabulary,-1.438208,50.939976,On or near Tanners Close,E01017187,Southampton 002E,Public order,Local resolution,
cce230b54c05a9a3932254339516de076f254f395fc3b7c5883a941e00bd71a1,2024-03,Hampshire Constabulary,Hampshire Constabulary,-1.440379,50.940508,On or near Lewis Silkin Way,E01017187,Southampton 002E,Public order,Investigation complete; no suspect identified,
eb1a5a17b560d3d5bfb3f79cfe76ae5e604e164a753aa1a024703e66bfcb5443,2024-03,Hampshire Constabulary,Hampshire Constabulary,-1.443652,50.941774,On or near Tangmere Drive,E01017187,Southampton 002E,Violence and sexual offences,Unable to prosecute suspect,
ffa7fc512cd8ae1d4ac4a8d494a73b0603c71725288b1aceabb66c27f49f4d15,2024-03,Hampshire Constabulary,Hampshire Constabulary,-1.438208,50.939976,On or near Tanners Close,E01017187,Southampton 002E,Violence and sexual offences,Unable to prosecute suspect,
8f2d13148fab8f1abc680029b8d8e5bd4f77eb2c0e08f9a8a9251197ebf89a35,2024-03,Hampshire Constabulary,Hampshire Constabulary,-1.434863,50.935257,On or near Hospital,E01017187,Southampton 002E,Other crime,Formal action is not in the public interest,
3c50c02dc243cd4310c8eda0b6a48d1a422ab041bddca3a5f591bbbab817f45d,2024-03,Hampshire Constabulary,Hampshire Constabulary,-1.443861,50.942117,On or near Northolt Gardens,E01017187,Southampton 002E,Burglary,Investigation complete; no suspect identified,
5d76af8cdb42ef6b1035814cdb908a3450cc3cce36ca12d79b637bd9cc65dbba,2024-03,Hampshire Constabulary,Hampshire Constabulary,-1.439034,50.941095,On or near Abercrombie Gardens,E01017187,Southampton 002E,Violence and sexual offences,Unable to prosecute suspect,
3ae97cc6e5a09c5d4d2bc06ce3fd56786b5b60d96541f0510f991c0293777d9d,2024-03,Hampshire Constabulary,Hampshire Constabulary,-1.438208,50.939976,On or near Tanners Close,E01017187,Southampton 002E,Violence and sexual offences,Unable to prosecute suspect,
4e89555328785b01d97522b596c749ab4c7be609fd7208cd104cc7920fe9ec4d,2024-03,Hampshire Constabulary,Hampshire Constabulary,-1.438208,50.939976,On or near Tanners Close,E01017187,Southampton 002E,Violence and sexual offences,Status update unavailable,
e36e6128cbf729433bd4200ad8e014f4f01c409b04a30010c252ac1b729aee54,2024-03,Hampshire Constabulary,Hampshire Constabulary,-1.443861,50.942117,On or near Northolt Gardens,E01017187,Southampton 002E,Violence and sexual offences,Status update unavailable,
36439d75f4cfb7bb8feda7a9b14c63ffc7c268595d6d2a3507677698c46b9a8f,2024-03,Hampshire Constabulary,Hampshire Constabulary,-1.376684,50.940744,On or near Swaythling,E01017264,Southampton 003A,Drugs,Court result unavailable,
fc6a428e0c12cbd196d6173db702f0a4971601549d365dbf33cdc15380ef15c1,2024-03,Hampshire Constabulary,Hampshire Constabulary,-1.375226,50.939090,On or near Friars Way,E01017264,Southampton 003A,Vehicle crime,Investigation complete; no suspect identified,
7bb064bb6e0770142ba747c5f01f717df4f919ba595682d0c5c8a2272fe158f4,2024-03,Hampshire Constabulary,Hampshire Constabulary,-1.379629,50.938754,On or near Fleming Road,E01017264,Southampton 003A,Violence and sexual offences,Investigation complete; no suspect identified,
49466b388df9f13a83d0df28c79d7dfc95f99120b9679aa4d34cac2bf98e8e7c,2024-03,Hampshire Constabulary,Hampshire Constabulary,-1.379629,50.938754,On or near Fleming Road,E01017264,Southampton 003A,Other theft,Investigation complete; no suspect identified,
ec418f99a79c0b7173d397a0c1705a395d3c2e78e596c24234d75638ade7eb05,2024-03,Hampshire Constabulary,Hampshire Constabulary,-1.379629,50.938754,On or near Fleming Road,E01017264,Southampton 003A,Public order,Status update unavailable,
45cfa644320d07e96821ac51633958890cdde54349843f3d69b1e3b12b02c50b,2024-03,Hampshire Constabulary,Hampshire Constabulary,-1.373061,50.939240,On or near Lord Mountbatten Close,E01017264,Southampton 003A,Violence and sexual offences,Investigation complete; no suspect identified,
2a4feb737d102af1230e69e301be09c3044110bc7cb5f3e102c7b2c45c88af47,2024-03,Hampshire Constabulary,Hampshire Constabulary,-1.375226,50.939090,On or near Friars Way,E01017264,Southampton 003A,Violence and sexual offences,Unable to prosecute suspect,
97d7334e992f7078f9480ad7525eed657b51339052fb591b0f742c1a62921239,2024-03,Hampshire Constabulary,Hampshire Constabulary,-1.375148,50.939656,On or near Bank Side,E01017264,Southampton 003A,Violence and sexual offences,Investigation complete; no suspect identified,
78e528fc14d409287eaac0dd8a49b4c49d8518c4d6dfa577fd68ccbec2a2b3be,2024-03,Hampshire Constabulary,Hampshire Constabulary,-1.375148,50.939656,On or near Bank Side,E01017264,Southampton 003A,Violence and sexual offences,Unable to prosecute suspect,
2bef1f3ddac446f4de88fb26b48bc1c5b2ea2c785121abd7db6860c5930aba37,2024-03,Hampshire Constabulary,Hampshire Constabulary,-1.373423,50.939827,On or near Brookside Way,E01017264,Southampton 003A,Violence and sexual offences,Unable to prosecute suspect,
0daecc1da5fc4e598f277cd16845a48b8203f09956b94f1df39819bb2cecdead,2024-03,Hampshire Constabulary,Hampshire Constabulary,-1.369351,50.941037,On or near Howard Close,E01017265,Southampton 003B,Public order,Unable to prosecute suspect,
99173e5a64d101d5b90ede3eabdc0ebb799caab19c7438ab884e093aff04d4e2,2024-03,Hampshire Constabulary,Hampshire Constabulary,-1.370474,50.941115,On or near Capon Close,E01017265,Southampton 003B,Violence and sexual offences,Unable to prosecute suspect,
6a1e2c9be51a3632585ace5ae1e3b5639ad06a44f61ade03fee619e6ffd9b978,2024-03,Hampshire Constabulary,Hampshire Constabulary,-1.370005,50.942128,On or near Walnut Avenue,E01017265,Southampton 003B,Violence and sexual offences,Unable to prosecute suspect,
48c0b48a25b083fcea520df2ed3b975349372fbcc74913dfd81de1e7b4b6fd10,2024-03,Hampshire Constabulary,Hampshire Constabulary,-1.370679,50.943814,On or near Wide Lane,E01017265,Southampton 003B,Violence and sexual offences,Unable to prosecute suspect,
6e972af77198258155f15509a20572ac3b07b87139805d5c21df85f940111d6e,2024-03,Hampshire Constabulary,Hampshire Constabulary,-1.370005,50.942128,On or near Walnut Avenue,E01017265,Southampton 003B,Violence and sexual offences,Unable to prosecute suspect,
9a68e5c820b671ba02255795ae007c5835df0709ed39290716b33ea072b7753e,2024-03,Hampshire Constabulary,Hampshire Constabulary,-1.370005,50.942128,On or near Walnut Avenue,E01017265,Southampton 003B,Violence and sexual offences,Unable to prosecute suspect,
0f9fe66fe2d4a59219db60f3150395e9087f73ba5a96d81592d057c400c15756,2024-03,Hampshire Constabulary,Hampshire Constabulary,-1.370697,50.938301,On or near Alfred Rose Court,E01017265,Southampton 003B,Violence and sexual offences,Investigation complete; no suspect identified,
39f83258e491dcd08e227e6011343a1f8cbdbb5cdaa8efb58c900530397da3e8,2024-03,Hampshire Constabulary,Hampshire Constabulary,-1.370697,50.938301,On or near Alfred Rose Court,E01017265,Southampton 003B,Violence and sexual offences,Investigation complete; no suspect identified,
7f2cd8b54d8fc5c04fd7cb15c64fdadf0d670e8c492fd0a5bf6c9edeb437f8b0,2024-03,Hampshire Constabulary,Hampshire Constabulary,-1.371119,50.938672,On or near Claude Ashby Close,E01017265,Southampton 003B,Violence and sexual offences,Local resolution,
7f5be73c45a5781fbd8bc96ded1a29587dd93751f168fdb80fe17a4abccff3e3,2024-03,Hampshire Constabulary,Hampshire Constabulary,-1.370005,50.942128,On or near Walnut Avenue,E01017265,Southampton 003B,Violence and sexual offences,Unable to prosecute suspect,
5e721e8318e2644904eca805a267f029aa81d752acd7236de41e977a06bcee6b,2024-03,Hampshire Constabulary,Hampshire Constabulary,-1.370697,50.938301,On or near Alfred Rose Court,E01017265,Southampton 003B,Other crime,Unable to prosecute suspect,
,2024-03,Hampshire Constabulary,Hampshire Constabulary,-1.371119,50.938672,On or near Claude Ashby Close,E01017265,Southampton 003B,Anti-social behaviour,,
5b8b9b4d78571950e1ede539d64cfff60205d6a1f9e2d59f5c7394c779fc4ac7,2024-03,Hampshire Constabulary,Hampshire Constabulary,-1.371077,50.940713,On or near Grange Close,E01017265,Southampton 003B,Criminal damage and arson,Investigation complete; no suspect identified,
29a04627dc29f36f49b5e3c1d74ed3ce4eee3c250b4e717faf5565d43a9cf3bb,2024-03,Hampshire Constabulary,Hampshire Constabulary,-1.370005,50.942128,On or near Walnut Avenue,E01017265,Southampton 003B,Public order,Unable to prosecute suspect,
0720861dffb100d94d87aa5fa5f3f56dd58ac8af6635db6e8b14a4f221bad0cc,2024-03,Hampshire Constabulary,Hampshire Constabulary,-1.370697,50.938301,On or near Alfred Rose Court,E01017265,Southampton 003B,Public order,Investigation complete; no suspect identified,
f92f2d8fce81c6668625240f50fb26fa7080dbf01fd4e094bc74164bab161055,2024-03,Hampshire Constabulary,Hampshire Constabulary,-1.371764,50.941464,On or near Pilgrim Place,E01017265,Southampton 003B,Violence and sexual offences,Investigation complete; no suspect identified,
4f862ec3dab6931f524e27567950557d6b72fde16818fe16a7f373051775cf54,2024-03,Hampshire Constabulary,Hampshire Constabulary,-1.371119,50.938672,On or near Claude Ashby Close,E01017265,Southampton 003B,Violence and sexual offences,Unable to prosecute suspect,
91cfee56fda8927bfa1c21e13cd8a1306c17b12d4db59495288933cbe8fde07e,2024-03,Hampshire Constabulary,Hampshire Constabulary,-1.378402,50.941103,On or near Phillimore Road,E01017271,Southampton 003D,Drugs,Local resolution,
1fe428031946828e7855c705c93121e4ec9df30530f4588ab1d7c52a0472f2ce,2024-03,Hampshire Constabulary,Hampshire Constabulary,-1.372613,50.942934,On or near Mardon Close,E01017271,Southampton 003D,Public order,Local resolution,
c506cdec033fa3079352e7859d6eace1313fd5abb57f2482034d0a82987607f0,2024-03,Hampshire Constabulary,Hampshire Constabulary,-1.383320,50.942667,On or near Ethelburt Avenue,E01017271,Southampton 003D,Violence and sexual offences,Court result unavailable,
286792f8eef6f96e96d61776378d1ea6586e72afbf030e71e2d297dfb105918f,2024-03,Hampshire Constabulary,Hampshire Constabulary,-1.378402,50.941103,On or near Phillimore Road,E01017271,Southampton 003D,Violence and sexual offences,Unable to prosecute suspect,
,2024-03,Hampshire Constabulary,Hampshire Constabulary,-1.372613,50.942934,On or near Mardon Close,E01017271,Southampton 003D,Anti-social behaviour,,
,2024-03,Hampshire Constabulary,Hampshire Constabulary,-1.372613,50.942934,On or near Mardon Close,E01017271,Southampton 003D,Anti-social behaviour,,
,2024-03,Hampshire Constabulary,Hampshire Constabulary,-1.372613,50.942934,On or near Mardon Close,E01017271,Southampton 003D,Anti-social behaviour,,
,2024-03,Hampshire Constabulary,Hampshire Constabulary,-1.372613,50.942934,On or near Mardon Close,E01017271,Southampton 003D,Anti-social behaviour,,
,2024-03,Hampshire Constabulary,Hampshire Constabulary,-1.372613,50.942934,On or near Mardon Close,E01017271,Southampton 003D,Anti-social behaviour,,
,2024-03,Hampshire Constabulary,Hampshire Constabulary,-1.372613,50.942934,On or near Mardon Close,E01017271,Southampton 003D,Anti-social behaviour,,
,2024-03,Hampshire Constabulary,Hampshire Constabulary,-1.372613,50.942934,On or near Mardon Close,E01017271,Southampton 003D,Anti-social behaviour,,
,2024-03,Hampshire Constabulary,Hampshire Constabulary,-1.372613,50.942934,On or near Mardon Close,E01017271,Southampton 003D,Anti-social behaviour,,
8a29b43668924ced230fcd605a14926abf174df7dd428a706f67f6098314c9d5,2024-03,Hampshire Constabulary,Hampshire Constabulary,-1.378390,50.942003,On or near Willis Road,E01017271,Southampton 003D,Burglary,Status update unavailable,
9e65b0a4b2a3c92ef4a718511841f0c25399c369bcaeb738a3309dda544fa78f,2024-03,Hampshire Constabulary,Hampshire Constabulary,-1.379349,50.943716,On or near Stoneham Lane,E01017271,Southampton 003D,Burglary,Investigation complete; no suspect identified,
c7db803d17c095b26a6a114f08628347cc5e29ca8d687675426082cbe8e9a91a,2024-03,Hampshire Constabulary,Hampshire Constabulary,-1.378402,50.941103,On or near Phillimore Road,E01017271,Southampton 003D,Other theft,Investigation complete; no suspect identified,
1c4436c2a6bf5e768878df444ec11e9263e6815a4ea06d408baccfaf7b683fda,2024-03,Hampshire Constabulary,Hampshire Constabulary,-1.380678,50.945504,On or near Summerfield Gardens,E01017271,Southampton 003D,Violence and sexual offences,Action to be taken by another organisation,
c87b2de19e76573b9f09933d7cc14dda38230722b8957653d4526c0c0037518c,2024-03,Hampshire Constabulary,Hampshire Constabulary,-1.447759,50.941119,On or near Lord'S Hill Centre East,E01017182,Southampton 004A,Bicycle theft,Unable to prosecute suspect,
a7e394866732c302ba537e05d6a299d4db5fd250e495e4d9f76313e09ec8b7c8,2024-03,Hampshire Constabulary,Hampshire Constabulary,-1.447932,50.942064,On or near Hornchurch Road,E01017182,Southampton 004A,Drugs,Local resolution,
0fcf0be7715524be8b911e5b061cd8257c47006862109213c22804357eee58c8,2024-03,Hampshire Constabulary,Hampshire Constabulary,-1.449528,50.939545,On or near Lord'S Hill Centre West,E01017182,Southampton 004A,Drugs,Local resolution,
85ced5539fab35fd2108e2d125f19b0a55df8e2787ef0b1957ec3e8c30b76e63,2024-03,Hampshire Constabulary,Hampshire Constabulary,-1.447932,50.942064,On or near Hornchurch Road,E01017182,Southampton 004A,Public order,Formal action is not in the public interest,
00d80c46e9956d547ea672cf34c19a6286cfdc7834ef7ca20412061f2eb3c87a,2024-03,Hampshire Constabulary,Hampshire Constabulary,-1.447350,50.943149,On or near Blackbushe Close,E01017182,Southampton 004A,Violence and sexual offences,Unable to prosecute suspect,
797fcd5632e2203ec4a29dd2da524754edb9e1732bd51f8c44c28ecb7200c07c,2024-03,Hampshire Constabulary,Hampshire Constabulary,-1.451437,50.938142,On or near Mercury Close,E01017182,Southampton 004A,Violence and sexual offences,Unable to prosecute suspect,
45470f1db43e19ededcc6623e67433aab7f6f52d92f5ac7d59c45801ee848c33,2024-03,Hampshire Constabulary,Hampshire Constabulary,-1.451437,50.938142,On or near Mercury Close,E01017182,Southampton 004A,Violence and sexual offences,Unable to prosecute suspect,
8bd67b4d0da2e2a17eb32433db5666e7d8ba03f0363ec71b2202143c18c6eb13,2024-03,Hampshire Constabulary,Hampshire Constabulary,-1.447138,50.939408,On or near Odiham Close,E01017182,Southampton 004A,Violence and sexual offences,Unable to prosecute suspect,
acb0acbbe87ddca7d459a1207af25006b2c025590cfaf289ccfdddaaa22c4e84,2024-03,Hampshire Constabulary,Hampshire Constabulary,-1.447138,50.939408,On or near Odiham Close,E01017182,Southampton 004A,Violence and sexual offences,Action to be taken by another organisation,
b56d82b419896882bdc7a1880a85b595e0c41a73d299dd9e358f94d0557aedf4,2024-03,Hampshire Constabulary,Hampshire Constabulary,-1.447759,50.941119,On or near Lord'S Hill Centre East,E01017182,Southampton 004A,Violence and sexual offences,Offender given a caution,
,2024-03,Hampshire Constabulary,Hampshire Constabulary,-1.449528,50.939545,On or near Lord'S Hill Centre West,E01017182,Southampton 004A,Anti-social behaviour,,
,2024-03,Hampshire Constabulary,Hampshire Constabulary,-1.445915,50.942936,On or near Pembrey Close,E01017182,Southampton 004A,Anti-social behaviour,,
6fe6a8021b239507c5ed0b2f177ac3e4077ac1e2fa6400ba29a5f396cd0228c7,2024-03,Hampshire Constabulary,Hampshire Constabulary,-1.447932,50.942064,On or near Hornchurch Road,E01017182,Southampton 004A,Shoplifting,Investigation complete; no suspect identified,
4c9efbc650f8d473565f2639af0a9d43bbb0c5075c0e0b8c3dd3ccdc8f49b5b6,2024-03,Hampshire Constabulary,Hampshire Constabulary,-1.447138,50.939408,On or near Odiham Close,E01017182,Southampton 004A,Vehicle crime,Investigation complete; no suspect identified,
9189082f93e84e349412ab57efd418e00d25a806c47522eeea6f51e9e135cc60,2024-03,Hampshire Constabulary,Hampshire Constabulary,-1.449528,50.939545,On or near Lord'S Hill Centre West,E01017182,Southampton 004A,Vehicle crime,Investigation complete; no suspect identified,
419671ba1d2364a7dfc24f03d0654b1a4052bc7cbfa337d8f28154e8b38ea497,2024-03,Hampshire Constabulary,Hampshire Constabulary,-1.447138,50.939408,On or near Odiham Close,E01017182,Southampton 004A,Violence and sexual offences,Unable to prosecute suspect,
fab53f804cc30e1d4430bccfa4d8335f4c9a4ca2b8c2f9be2b2a109dff2dc78e,2024-03,Hampshire Constabulary,Hampshire Constabulary,-1.452668,50.940000,On or near Andromeda Road,E01017184,Southampton 004B,Public order,Investigation complete; no suspect identified,
532ebd2346c41a9fe020138a1cc20fb8c691a656dfff5fc1e6f9159828d85e6c,2024-03,Hampshire Constabulary,Hampshire Constabulary,-1.454825,50.941755,On or near Orkney Close,E01017184,Southampton 004B,Violence and sexual offences,Unable to prosecute suspect,
b161950407925c3bda6b5faa0d4a04279cf858b4a57065b7ed8d6d23c04a80d6,2024-03,Hampshire Constabulary,Hampshire Constabulary,-1.454790,50.941098,On or near Fairisle Road,E01017184,Southampton 004B,Violence and sexual offences,Investigation complete; no suspect identified,
6a5240b1753ca823e21d30b2338cda3b8fe06ed1a666396bcac9470a6afa9507,2024-03,Hampshire Constabulary,Hampshire Constabulary,-1.454037,50.943361,On or near Rockall Close,E01017184,Southampton 004B,Violence and sexual offences,Unable to prosecute suspect,
8551afd5af9a5f9387d01b470f044e15e5f8e942a3e2444f4e20ab6513c6fd61,2024-03,Hampshire Constabulary,Hampshire Constabulary,-1.456956,50.942070,On or near Viking Close,E01017184,Southampton 004B,Violence and sexual offences,Unable to prosecute suspect,
c5108c7ee11ace02c1f83ae95bffb90b33d825af7f126caa25af5a55f22b2c9e,2024-03,Hampshire Constabulary,Hampshire Constabulary,-1.453078,50.938995,On or near Saturn Close,E01017184,Southampton 004B,Violence and sexual offences,Unable to prosecute suspect,
523b7061112c0c5fa7546f0f9a103dbc0aa504c423bb97789d912a55f1e15a14,2024-03,Hampshire Constabulary,Hampshire Constabulary,-1.454037,50.943361,On or near Rockall Close,E01017184,Southampton 004B,Violence and sexual offences,Unable to prosecute suspect,
fe5f9fb020bc4987d2873dfa65c55a84071b5f15dd7a7eeeea0e5f6a9c6c01e7,2024-03,Hampshire Constabulary,Hampshire Constabulary,-1.454037,50.943361,On or near Rockall Close,E01017184,Southampton 004B,Other crime,Further action is not in the public interest,
d9d4ed3adc45d561fe0a650ace975540d6af491ca2a061a3902f153b67c91c63,2024-03,Hampshire Constabulary,Hampshire Constabulary,-1.454037,50.943361,On or near Rockall Close,E01017184,Southampton 004B,Criminal damage and arson,Investigation complete; no suspect identified,
72e734a83f603516cac757bcc1e21344782f1996c468b774de234e034e38b3df,2024-03,Hampshire Constabulary,Hampshire Constabulary,-1.456956,50.942070,On or near Viking Close,E01017184,Southampton 004B,Violence and sexual offences,Unable to prosecute suspect,
5fc6c161d74dcf6f176618d5a6d00dfb6624174362253eeb908ae4db6d410bf6,2024-03,Hampshire Constabulary,Hampshire Constabulary,-1.456956,50.942070,On or near Viking Close,E01017184,Southampton 004B,Violence and sexual offences,Unable to prosecute suspect,
0054ee63ab29b8f4a097481b110543233bbb7cf84bb7cb239f648c4ce9d70f0c,2024-03,Hampshire Constabulary,Hampshire Constabulary,-1.454037,50.943361,On or near Rockall Close,E01017184,Southampton 004B,Violence and sexual offences,Unable to prosecute suspect,
307523745e110f05d66d34a4a71866c1a84ea94eb00a479daf7f6d5dabda5fdb,2024-03,Hampshire Constabulary,Hampshire Constabulary,-1.454790,50.941098,On or near Fairisle Road,E01017184,Southampton 004B,Violence and sexual offences,Unable to prosecute suspect,
0b401ab8b23ab380c46ac13cfee773ba2bdaaf4e719cdc820ee7ee9d6baf00f8,2024-03,Hampshire Constabulary,Hampshire Constabulary,-1.454790,50.941098,On or near Fairisle Road,E01017184,Southampton 004B,Violence and sexual offences,Unable to prosecute suspect,
87804837f6b276b2f439c4d20d71226e837e9191b0c5523dcea132507a3e16a3,2024-03,Hampshire Constabulary,Hampshire Constabulary,-1.454037,50.943361,On or near Rockall Close,E01017184,Southampton 004B,Violence and sexual offences,Unable to prosecute suspect,
74614f0b380309520e189f791436ab3fad0ecdf5003833cba728d7e2a2bfca2f,2024-03,Hampshire Constabulary,Hampshire Constabulary,-1.438698,50.938306,On or near Outer Circle,E01017186,Southampton 004C,Other theft,Unable to prosecute suspect,
bfc0279e375ed5d9f5e60d64c9526c31dae8692f5f8a7c105302662b86f39d88,2024-03,Hampshire Constabulary,Hampshire Constabulary,-1.444626,50.937624,On or near Conifer Road,E01017186,Southampton 004C,Public order,Unable to prosecute suspect,
35060c9f93f6b5976a452b69afddf06c7b1f2f7a5ac79a21063a7c4364bd287a,2024-03,Hampshire Constabulary,Hampshire Constabulary,-1.438698,50.938306,On or near Outer Circle,E01017186,Southampton 004C,Violence and sexual offences,Awaiting court outcome,
f55d52647080b1d5ed2cda58c1f2211bf097bf1d79fa7c03230911d48a09e4bb,2024-03,Hampshire Constabulary,Hampshire Constabulary,-1.440599,50.937605,On or near Holly Oak Road,E01017186,Southampton 004C,Violence and sexual offences,Unable to prosecute suspect,
7379806a466a4eb9c8ebb32beff01dedd1072e2abf8d064ce0e2bc37bf98784f,2024-03,Hampshire Constabulary,Hampshire Constabulary,-1.444626,50.937624,On or near Conifer Road,E01017186,Southampton 004C,Violence and sexual offences,Unable to prosecute suspect,
5280a98d4dd885f49750b9e42071392ed1cbcc6dbc1619ca88c33ac74196f836,2024-03,Hampshire Constabulary,Hampshire Constabulary,-1.442717,50.941401,On or near Croydon Close,E01017186,Southampton 004C,Violence and sexual offences,Unable to prosecute suspect,
a3193634c7c0a740f029407ef8d1590e487cc21c1422be4912880d3eb22a83b8,2024-03,Hampshire Constabulary,Hampshire Constabulary,-1.444626,50.937624,On or near Conifer Road,E01017186,Southampton 004C,Other theft,Investigation complete; no suspect identified,
ca18f911d8acf268b7b53e27007e6fa50452c91ea3130dec17dd6979c61e6756,2024-03,Hampshire Constabulary,Hampshire Constabulary,-1.442717,50.941401,On or near Croydon Close,E01017186,Southampton 004C,Public order,Investigation complete; no suspect identified,
3a28377e812e255d39b45b9b415ba44523f972a30a25a09d0fdb124be1d5e3f9,2024-03,Hampshire Constabulary,Hampshire Constabulary,-1.444626,50.937624,On or near Conifer Road,E01017186,Southampton 004C,Public order,Status update unavailable,
d16da2db4846b4e440b8ccba558b8ae6083da8d134af78d5649a0501f7242738,2024-03,Hampshire Constabulary,Hampshire Constabulary,-1.444626,50.937624,On or near Conifer Road,E01017186,Southampton 004C,Violence and sexual offences,Unable to prosecute suspect,
eee0652c49bfe82a1fe5bc4d575b672875c75638bd3de6a034093c9ec2feedcb,2024-03,Hampshire Constabulary,Hampshire Constabulary,-1.442717,50.941401,On or near Croydon Close,E01017186,Southampton 004C,Violence and sexual offences,Unable to prosecute suspect,
5f3ae63047b5b2d6f4e795a6e5a14992b9ac3e2f3e068cdcad0a9d6e817c5137,2024-03,Hampshire Constabulary,Hampshire Constabulary,-1.441584,50.942106,On or near Gatwick Close,E01017186,Southampton 004C,Violence and sexual offences,Investigation complete; no suspect identified,
ea53dd6a3e0502d72165a29fc45064e99860a510a500fb0614c832df2a0ee660,2024-03,Hampshire Constabulary,Hampshire Constabulary,-1.438698,50.938306,On or near Outer Circle,E01017186,Southampton 004C,Violence and sexual offences,Status update unavailable,
f4fcac8a8cb4e5c1646fd54a58e87e7fdfd685714971eec266d9221deaf60ca8,2024-03,Hampshire Constabulary,Hampshire Constabulary,-1.439882,50.938033,On or near Aldermoor Avenue,E01017186,Southampton 004C,Violence and sexual offences,Status update unavailable,
c150f1468c6e09d17afb20ebb37125574a5de15bdbdb224be378c7e3ace390ad,2024-03,Hampshire Constabulary,Hampshire Constabulary,-1.443543,50.935371,On or near Coxford Drove,E01017188,Southampton 004D,Violence and sexual offences,Unable to prosecute suspect,
fc12d1dc3dddfdb454bdd7a6b91c8544f64d39d611d5f2a173398d067fc97a87,2024-03,Hampshire Constabulary,Hampshire Constabulary,-1.445730,50.935741,On or near Alder Road,E01017188,Southampton 004D,Violence and sexual offences,Unable to prosecute suspect,
c0d0430cd83bb904828adb53fa5922be96a65aa5f8e552601667cef470c2077a,2024-03,Hampshire Constabulary,Hampshire Constabulary,-1.445730,50.935741,On or near Alder Road,E01017188,Southampton 004D,Criminal damage and arson,Unable to prosecute suspect,
a19b0313af68d5efef197097a06ed4fc70155da9b6d740e83d42140d5e11a4e1,2024-03,Hampshire Constabulary,Hampshire Constabulary,-1.444622,50.935610,On or near Larch Road,E01017188,Southampton 004D,Criminal damage and arson,Investigation complete; no suspect identified,
064ca58724fb32eacdff8ea20bc4260b21c60d13787e79b493be8c02be54f79f,2024-03,Hampshire Constabulary,Hampshire Constabulary,-1.444622,50.935610,On or near Larch Road,E01017188,Southampton 004D,Violence and sexual offences,Unable to prosecute suspect,
6bb3324e50f51f2b85bc15eebe1e7d22a4da7feea6ce10750d989248903840d9,2024-03,Hampshire Constabulary,Hampshire Constabulary,-1.387791,50.939247,On or near Tulip Road,E01017266,Southampton 005A,Criminal damage and arson,Unable to prosecute suspect,
0b228ebeeca7c3c35156698442b435a97684a05e2347c9068834ee32164e0b19,2024-03,Hampshire Constabulary,Hampshire Constabulary,-1.387791,50.939247,On or near Tulip Road,E01017266,Southampton 005A,Public order,Action to be taken by another organisation,
f1a0b597113bd18e73df79a238a0121909790e3c9f0d30696c6966e76ef31bbb,2024-03,Hampshire Constabulary,Hampshire Constabulary,-1.384478,50.939076,On or near Aster Road,E01017266,Southampton 005A,Violence and sexual offences,Unable to prosecute suspect,
b9f637cddf7628cf7ca23018e7dd9f765e905c6ecaf6b90866ac281bd6ab715a,2024-03,Hampshire Constabulary,Hampshire Constabulary,-1.384478,50.939076,On or near Aster Road,E01017266,Southampton 005A,Violence and sexual offences,Unable to prosecute suspect,
4dfa2ed8855b4be92a58e76c8e562a81efd52519e690981736b3f733262d8a86,2024-03,Hampshire Constabulary,Hampshire Constabulary,-1.384478,50.939076,On or near Aster Road,E01017266,Southampton 005A,Violence and sexual offences,Unable to prosecute suspect,
68ed99691dac3132b9cb23cc829e17bf878cd47b941d87b73ba68f9b67ceaf05,2024-03,Hampshire Constabulary,Hampshire Constabulary,-1.387791,50.939247,On or near Tulip Road,E01017266,Southampton 005A,Violence and sexual offences,Unable to prosecute suspect,
89b24c0a7c390e6431df1a72b7bab6c992ed4facbba993d18001cd2c4ce8ef2d,2024-03,Hampshire Constabulary,Hampshire Constabulary,-1.384478,50.939076,On or near Aster Road,E01017266,Southampton 005A,Violence and sexual offences,Unable to prosecute suspect,
fa9e38b4a6d9b9890d743d4d98e2e244bfc8126084b7d51b46f17d798c765d6f,2024-03,Hampshire Constabulary,Hampshire Constabulary,-1.384478,50.939076,On or near Aster Road,E01017266,Southampton 005A,Violence and sexual offences,Unable to prosecute suspect,
fd3dd2b50486df40751d248e1dc88f86437a51191b262b455e2470e9635bac3f,2024-03,Hampshire Constabulary,Hampshire Constabulary,-1.384478,50.939076,On or near Aster Road,E01017266,Southampton 005A,Criminal damage and arson,Investigation complete; no suspect identified,
f4e065aab4891388e383ca7ea55ab84a2cdde5a9bbe8fc6ebfda92198c180e00,2024-03,Hampshire Constabulary,Hampshire Constabulary,-1.384478,50.939076,On or near Aster Road,E01017266,Southampton 005A,Other theft,Investigation complete; no suspect identified,
58e704d9854efbc391caa3d26cdc65912332b355686e3444e85649345ea9513e,2024-03,Hampshire Constabulary,Hampshire Constabulary,-1.387187,50.939738,On or near Bluebell Road,E01017266,Southampton 005A,Possession of weapons,Unable to prosecute suspect,
6a7fdccefaafec6daed9db3e6e04a38356ca7036523f5b4f4a979a1501f665fb,2024-03,Hampshire Constabulary,Hampshire Constabulary,-1.387187,50.939738,On or near Bluebell Road,E01017266,Southampton 005A,Violence and sexual offences,Unable to prosecute suspect,
6877cb00226ce49126af25480a6902208ba6aed04ecd6869023dcccf700ae7bb,2024-03,Hampshire Constabulary,Hampshire Constabulary,-1.385171,50.936166,On or near Harrison Road,E01017267,Southampton 005B,Burglary,Investigation complete; no suspect identified,
ad1a96f6cde7b536d4b1d8073a4e43e244e365301dd999d68c6981e1817d762e,2024-03,Hampshire Constabulary,Hampshire Constabulary,-1.379562,50.935228,On or near Mead Crescent,E01017267,Southampton 005B,Other theft,Investigation complete; no suspect identified,
7b7e2e9223273a241e9d9fd15280bb605f5f9d0ecaeecf48475f538b8327f353,2024-03,Hampshire Constabulary,Hampshire Constabulary,-1.385171,50.936166,On or near Harrison Road,E01017267,Southampton 005B,Violence and sexual offences,Unable to prosecute suspect,
4802a3147cb1573a4f142021339ec6b7419287b03c0a8db2a5d46dc3f4975873,2024-03,Hampshire Constabulary,Hampshire Constabulary,-1.380222,50.938011,On or near High Road,E01017267,Southampton 005B,Violence and sexual offences,Unable to prosecute suspect,
7f58f85a85d3788ddd85904b41f2a73c6238a270d5f8ef133cac38641148c385,2024-03,Hampshire Constabulary,Hampshire Constabulary,-1.380222,50.938011,On or near High Road,E01017267,Southampton 005B,Violence and sexual offences,Unable to prosecute suspect,
,2024-03,Hampshire Constabulary,Hampshire Constabulary,-1.379774,50.937487,On or near Petrol Station,E01017267,Southampton 005B,Anti-social behaviour,,
ade3d41f2225937bf13c99950a8fb002558e40760047a894af26e03f455102f8,2024-03,Hampshire Constabulary,Hampshire Constabulary,-1.379774,50.937487,On or near Petrol Station,E01017267,Southampton 005B,Possession of weapons,Investigation complete; no suspect identified,
d4b2f37d42c84890e0fc35034be205bc18f1d3e709897a00c79e7aabf3ecc5a4,2024-03,Hampshire Constabulary,Hampshire Constabulary,-1.379562,50.935228,On or near Mead Crescent,E01017267,Southampton 005B,Shoplifting,Investigation complete; no suspect identified,
347100e5cfaafd29ffb785dde67e1b04260c197887db71808a10880418b0b561,2024-03,Hampshire Constabulary,Hampshire Constabulary,-1.384136,50.936898,On or near Harefield Road,E01017267,Southampton 005B,Vehicle crime,Investigation complete; no suspect identified,
2513f4fba6ff4cfaca5d8da6875dcb54e7da7f9b6192fe491448a41eb22b3857,2024-03,Hampshire Constabulary,Hampshire Constabulary,-1.379562,50.935228,On or near Mead Crescent,E01017267,Southampton 005B,Violence and sexual offences,Investigation complete; no suspect identified,
296da36dc502ffbdd0cc473611ef40637568bd663048e921350b7267c350e44b,2024-03,Hampshire Constabulary,Hampshire Constabulary,-1.384136,50.936898,On or near Harefield Road,E01017267,Southampton 005B,Violence and sexual offences,Unable to prosecute suspect,
c4319146504f75a75a02236ec60e6a1b143034270d91ee83e7a04db0646e43a9,2024-03,Hampshire Constabulary,Hampshire Constabulary,-1.387102,50.942948,On or near Lupin Road,E01017272,Southampton 005E,Burglary,Investigation complete; no suspect identified,
e8a174a229e96ea9f43a4719641f95896afd2d27474e609e236c78d16ae40f2a,2024-03,Hampshire Constabulary,Hampshire Constabulary,-1.388022,50.943330,On or near Poppy Road,E01017272,Southampton 005E,Public order,Investigation complete; no suspect identified,
0c742caee19096fa217d03684cc51f26dfe1070b4485607e5b4e5c2a7c1b3ff8,2024-03,Hampshire Constabulary,Hampshire Constabulary,-1.388022,50.943330,On or near Poppy Road,E01017272,Southampton 005E,Shoplifting,Local resolution,
3ed00033eec76af1f7022521128246c488094458ee42de6384ce36c7cf8322b4,2024-03,Hampshire Constabulary,Hampshire Constabulary,-1.383784,50.940925,On or near Laburnum Road,E01017272,Southampton 005E,Violence and sexual offences,Unable to prosecute suspect,
eea003447136bc5e0d4d29aea778fba0425057c97797694b62b6c7ecf9b8f542,2024-03,Hampshire Constabulary,Hampshire Constabulary,-1.383784,50.940925,On or near Laburnum Road,E01017272,Southampton 005E,Violence and sexual offences,Unable to prosecute suspect,
5fa7e898429c32afc16f751df3f828b8accd1c07870cac7b0661acca224b406f,2024-03,Hampshire Constabulary,Hampshire Constabulary,-1.387102,50.942948,On or near Lupin Road,E01017272,Southampton 005E,Violence and sexual offences,Unable to prosecute suspect,
,2024-03,Hampshire Constabulary,Hampshire Constabulary,-1.388283,50.941884,On or near Lobelia Road,E01017272,Southampton 005E,Anti-social behaviour,,
7e33d8796851eb71e0802f51eb995f74d9162788b6974445a90d3a140f6d521f,2024-03,Hampshire Constabulary,Hampshire Constabulary,-1.388022,50.943330,On or near Poppy Road,E01017272,Southampton 005E,Burglary,Status update unavailable,
b3b7bde16ea827a281dcb46e593bc57124e5e180b9cab3cc6030c1ae94794e7d,2024-03,Hampshire Constabulary,Hampshire Constabulary,-1.383784,50.940925,On or near Laburnum Road,E01017272,Southampton 005E,Criminal damage and arson,Investigation complete; no suspect identified,
a52a1abc5b83177362e4611e668961b346b4580a4a957c5acd22d539476fdd68,2024-03,Hampshire Constabulary,Hampshire Constabulary,-1.388022,50.943330,On or near Poppy Road,E01017272,Southampton 005E,Criminal damage and arson,Investigation complete; no suspect identified,
17de0ed01f6b836e73ecc279f81526bb8a6b8226c41c1cc81e227b988004fccc,2024-03,Hampshire Constabulary,Hampshire Constabulary,-1.383784,50.940925,On or near Laburnum Road,E01017272,Southampton 005E,Other theft,Status update unavailable,
f53e5b479de8aa3c02c4a3896714f7a0ef773e3bc03928448e0a2e781e58c7d2,2024-03,Hampshire Constabulary,Hampshire Constabulary,-1.383784,50.940925,On or near Laburnum Road,E01017272,Southampton 005E,Violence and sexual offences,Unable to prosecute suspect,
fd385e4e5cc1fe7ed3b38d620e36cb4f2aad895505b1d4f202cf6c409e5dd967,2024-03,Hampshire Constabulary,Hampshire Constabulary,-1.388283,50.941884,On or near Lobelia Road,E01017272,Southampton 005E,Violence and sexual offences,Status update unavailable,
847aa916949a1dfbde316c24fc3cef7b39326e0b3f9221aedece128071fb65cf,2024-03,Hampshire Constabulary,Hampshire Constabulary,-1.387965,50.936900,On or near Woodcote Road,E01035442,Southampton 005G,Burglary,Court result unavailable,
8dc18b04d89f5504197f4810aad15946e2025e3283e71c82a272b2d34fd191c5,2024-03,Hampshire Constabulary,Hampshire Constabulary,-1.395385,50.936418,On or near Further/Higher Educational Building,E01035442,Southampton 005G,Criminal damage and arson,Unable to prosecute suspect,
31208cdf804a005edb17ac403059563b94d6f381ad07fb63438ceff0300d1de4,2024-03,Hampshire Constabulary,Hampshire Constabulary,-1.395385,50.936418,On or near Further/Higher Educational Building,E01035442,Southampton 005G,Criminal damage and arson,Unable to prosecute suspect,
39f35caedac10a221836f5747ab59fb5258e678b3407ffba9c2b9375503a7722,2024-03,Hampshire Constabulary,Hampshire Constabulary,-1.385620,50.933381,On or near Sirdar Mews,E01035442,Southampton 005G,Drugs,Offender given a caution,
d98a0ae3f97bf656837d742bc439bd29bb2cc4a31a65eb2fccc7a057c9f70084,2024-03,Hampshire Constabulary,Hampshire Constabulary,-1.389434,50.937708,On or near Bealing Close,E01035442,Southampton 005G,Public order,Investigation complete; no suspect identified,
e503a15a5b342f28d8dbd057c1395ba8752709488c8891d56ec5054728090a7d,2024-03,Hampshire Constabulary,Hampshire Constabulary,-1.389434,50.937708,On or near Bealing Close,E01035442,Southampton 005G,Public order,Court result unavailable,
1d7b63521ba1c7a3afe2505b49f15f72257033cd1a4ad5d9e070d52cac2cb192,2024-03,Hampshire Constabulary,Hampshire Constabulary,-1.389083,50.935180,On or near Broadlands Road,E01035442,Southampton 005G,Vehicle crime,Court result unavailable,
3e5113af1d0ac24789b4ae543a4a64400e548abe1d95b992c00d86c082be8a2f,2024-03,Hampshire Constabulary,Hampshire Constabulary,-1.387965,50.936900,On or near Woodcote Road,E01035442,Southampton 005G,Violence and sexual offences,Unable to prosecute suspect,
770541e7d817225774cb499580b82f12333d70b9ed9151c9b1bbd2621b3b6250,2024-03,Hampshire Constabulary,Hampshire Constabulary,-1.385620,50.933381,On or near Sirdar Mews,E01035442,Southampton 005G,Violence and sexual offences,Unable to prosecute suspect,
b0949fcc6f9b8a59219d2e788d2aa6244b74dc65d3680cb7100eeb36a5078df4,2024-03,Hampshire Constabulary,Hampshire Constabulary,-1.395385,50.936418,On or near Further/Higher Educational Building,E01035442,Southampton 005G,Violence and sexual offences,Unable to prosecute suspect,
11dec0734de10d943327b899290e7f68a5b00d1333d27ebaba95bb3bbe6965c5,2024-03,Hampshire Constabulary,Hampshire Constabulary,-1.389434,50.937708,On or near Bealing Close,E01035442,Southampton 005G,Violence and sexual offences,Unable to prosecute suspect,
98442d96e8ceff864a29d4c3a807bc4375313d98b49729731152ef0cdbf6f54f,2024-03,Hampshire Constabulary,Hampshire Constabulary,-1.385620,50.933381,On or near Sirdar Mews,E01035442,Southampton 005G,Burglary,Unable to prosecute suspect,
04e71e3f6a33c731aa358779344cdc67d2799c245957aca8802a9ecd176f8c0f,2024-03,Hampshire Constabulary,Hampshire Constabulary,-1.385620,50.933381,On or near Sirdar Mews,E01035442,Southampton 005G,Criminal damage and arson,Court result unavailable,
df135216b863525d7c9013158dece30d1e55781187caec1411e16e7a359c1285,2024-03,Hampshire Constabulary,Hampshire Constabulary,-1.385620,50.933381,On or near Sirdar Mews,E01035442,Southampton 005G,Shoplifting,Investigation complete; no suspect identified,
a0b198b14e6936928bb2468309c8d45e44d7999254c4531a3cb705157c83f80b,2024-03,Hampshire Constabulary,Hampshire Constabulary,-1.385620,50.933381,On or near Sirdar Mews,E01035442,Southampton 005G,Shoplifting,Investigation complete; no suspect identified,
5daef31001cc800d09a74c2679c371d2c272c51ac0cd3aee7ace9b3bdc0578cb,2024-03,Hampshire Constabulary,Hampshire Constabulary,-1.395196,50.937873,On or near Supermarket,E01035442,Southampton 005G,Vehicle crime,Investigation complete; no suspect identified,
571ab880cf6f3d0a9016411e566ca540809e50a9599933f10a85edba65813d55,2024-03,Hampshire Constabulary,Hampshire Constabulary,-1.389434,50.937708,On or near Bealing Close,E01035442,Southampton 005G,Violence and sexual offences,Unable to prosecute suspect,
d810282d9e4975337ae9bc2b1dc0da840abd09fad56f7101393a32ecbd1b08ba,2024-03,Hampshire Constabulary,Hampshire Constabulary,-1.395385,50.936418,On or near Further/Higher Educational Building,E01035442,Southampton 005G,Violence and sexual offences,Investigation complete; no suspect identified,
59fd1eaf67bf59c864fe8bf7e5658637030ca7f3bc2e54584f69ca88b7cf0459,2024-03,Hampshire Constabulary,Hampshire Constabulary,-1.387965,50.936900,On or near Woodcote Road,E01035442,Southampton 005G,Other crime,Further investigation is not in the public interest,
00ece3430bd4f3a739ceb00a4e0d89bf610e5c75583a531db4a4f90a11bf565b,2024-03,Hampshire Constabulary,Hampshire Constabulary,-1.387965,50.936900,On or near Woodcote Road,E01035442,Southampton 005G,Other crime,Further investigation is not in the public interest,
c693ea50496861c12a2bb3bf618cda7750a7d98aaac2ef8e14590b0923bf7762,2024-03,Hampshire Constabulary,Hampshire Constabulary,-1.418146,50.936030,On or near Rockleigh Road,E01017147,Southampton 006A,Criminal damage and arson,Investigation complete; no suspect identified,
01101c72e84b53cacd980f0a2abee4cf9bce2c7ed1b39506c28ce59a9ddee189,2024-03,Hampshire Constabulary,Hampshire Constabulary,-1.403034,50.937068,On or near The Cloisters,E01017150,Southampton 006B,Violence and sexual offences,Court result unavailable,
83bee025a560ec3b2dba645754d9cf647d100f645071cd3e9c48c6e12e950325,2024-03,Hampshire Constabulary,Hampshire Constabulary,-1.410305,50.940495,On or near Vermont Close,E01017150,Southampton 006B,Violence and sexual offences,Unable to prosecute suspect,
2209fb752b532a38f8c90d53fd84463ed9b37371e39148b3f6f025d171ece0f4,2024-03,Hampshire Constabulary,Hampshire Constabulary,-1.410305,50.940495,On or near Vermont Close,E01017150,Southampton 006B,Other theft,Investigation complete; no suspect identified,
68059a7ee1d7d7b6db7cfde1ba0d8bbef82a56fd2e244a991e2b93b6f2264f0d,2024-03,Hampshire Constabulary,Hampshire Constabulary,-1.408093,50.938758,On or near Tudor Wood Close,E01017150,Southampton 006B,Violence and sexual offences,Investigation complete; no suspect identified,
db8201c83307baf448c7d8224f06210f5e6b10b455013567d4d0b7a2f3bd90a8,2024-03,Hampshire Constabulary,Hampshire Constabulary,-1.411393,50.937785,On or near Shawford Close,E01017150,Southampton 006B,Violence and sexual offences,Investigation complete; no suspect identified,
8a02bbcb24e2381414844d5df8e269863ec33f845d98c60c0165e57c99895d76,2024-03,Hampshire Constabulary,Hampshire Constabulary,-1.429319,50.931301,On or near Dale Valley Close,E01017151,Southampton 006C,Other theft,Investigation complete; no suspect identified,
968ccd9a26414e61292407a534d12484356fd4124d70bbc1d7a4542b98c823c8,2024-03,Hampshire Constabulary,Hampshire Constabulary,-1.428279,50.933724,On or near Dale Valley Road,E01017151,Southampton 006C,Violence and sexual offences,Investigation complete; no suspect identified,
2eaf41bcb5cbb8bbd7eb53e1df34980c7f081fe3ec5418c3ab398b50e6857013,2024-03,Hampshire Constabulary,Hampshire Constabulary,-1.423619,50.935436,On or near Linford Crescent,E01017151,Southampton 006C,Violence and sexual offences,Unable to prosecute suspect,
b791a144f8cab9ce46aff01aed7deb73cbc94b3aa6f415d5697d9d38c688bdac,2024-03,Hampshire Constabulary,Hampshire Constabulary,-1.426285,50.932698,On or near Hollybrook Road,E01017151,Southampton 006C,Violence and sexual offences,Unable to prosecute suspect,
,2024-03,Hampshire Constabulary,Hampshire Constabulary,-1.428279,50.933724,On or near Dale Valley Road,E01017151,Southampton 006C,Anti-social behaviour,,
,2024-03,Hampshire Constabulary,Hampshire Constabulary,-1.425078,50.940542,On or near Falaise Close,E01017151,Southampton 006C,Anti-social behaviour,,
850d3c760107c0b9ff163c8e98a948a7762a00ddd346ee7cb07f46974b8c2b54,2024-03,Hampshire Constabulary,Hampshire Constabulary,-1.421719,50.937162,On or near Lordswood Close,E01017151,Southampton 006C,Criminal damage and arson,Investigation complete; no suspect identified,
2c6d77220fad198596236fc2f5d42ab9f63f96c6f5ea9079cfd6599997ee4a39,2024-03,Hampshire Constabulary,Hampshire Constabulary,-1.421498,50.935489,On or near Seagarth Close,E01017151,Southampton 006C,Other theft,Investigation complete; no suspect identified,
5d909ee985ed7cb44348dd2be6dd354439ce67dd8dfcf91fe6c37f41c8533252,2024-03,Hampshire Constabulary,Hampshire Constabulary,-1.421019,50.941592,On or near Sports/Recreation Area,E01017151,Southampton 006C,Public order,Investigation complete; no suspect identified,
6c06e2fc45261404e6d78d3433e87c941d861d5c0ff01e7a08b996c90c5a7492,2024-03,Hampshire Constabulary,Hampshire Constabulary,-1.421498,50.935489,On or near Seagarth Close,E01017151,Southampton 006C,Public order,Investigation complete; no suspect identified,
1e261f624191bbfb24fb4335102a8d5714e64ef828744d0ae9b8dcb638903b04,2024-03,Hampshire Constabulary,Hampshire Constabulary,-1.429319,50.931301,On or near Dale Valley Close,E01017151,Southampton 006C,Public order,Investigation complete; no suspect identified,
2673eaa74b0087a05ed975505b21aed87e9d8603a0e8bc804052864142b2a83a,2024-03,Hampshire Constabulary,Hampshire Constabulary,-1.421019,50.941592,On or near Sports/Recreation Area,E01017151,Southampton 006C,Public order,Investigation complete; no suspect identified,
e45a2cf9c7c7b24b059f0430f700703b2a373c635b5546f52d465a6870ba895f,2024-03,Hampshire Constabulary,Hampshire Constabulary,-1.423914,50.940321,On or near Dunkirk Close,E01017151,Southampton 006C,Vehicle crime,Investigation complete; no suspect identified,
8f97f66f650ccdcc122fd6864d9360e28be6d23b16b93d4af49ff8ee561216ac,2024-03,Hampshire Constabulary,Hampshire Constabulary,-1.428279,50.933724,On or near Dale Valley Road,E01017151,Southampton 006C,Violence and sexual offences,Unable to prosecute suspect,
ee0bf88172aa3e9cbb313fec4fc18ea07b2cacb3c56420cf91febbb1d16dedcb,2024-03,Hampshire Constabulary,Hampshire Constabulary,-1.424517,50.939892,On or near Dunkirk Road,E01017151,Southampton 006C,Violence and sexual offences,Investigation complete; no suspect identified,
beb4a1c661d7f54b7f66105ed02d4be18e68898627088ae2b5a6fcedfe34f1a9,2024-03,Hampshire Constabulary,Hampshire Constabulary,-1.426318,50.930054,On or near A35,E01017152,Southampton 006D,Public order,Investigation complete; no suspect identified,
25753a595dc9cbe96d4d0e5455783f1185331af5ea97615ed956559d84505c42,2024-03,Hampshire Constabulary,Hampshire Constabulary,-1.426318,50.930054,On or near A35,E01017152,Southampton 006D,Shoplifting,Investigation complete; no suspect identified,
daa5f785a9fc50bfb9f5fb3d5d2f7441e8280803471ad5ab12296515b09d976c,2024-03,Hampshire Constabulary,Hampshire Constabulary,-1.427454,50.930248,On or near Petrol Station,E01017152,Southampton 006D,Shoplifting,Court result unavailable,
729e8b2a2f46ba36b39ce404cd9e3a617b3d65ee6dd23b09992ed33e42d10b21,2024-03,Hampshire Constabulary,Hampshire Constabulary,-1.427454,50.930248,On or near Petrol Station,E01017152,Southampton 006D,Shoplifting,Court result unavailable,
008338976d5e6879e177901f46ac816ebdee7c9011b905fbcc804b4f346805d4,2024-03,Hampshire Constabulary,Hampshire Constabulary,-1.427454,50.930248,On or near Petrol Station,E01017152,Southampton 006D,Shoplifting,Unable to prosecute suspect,
38381f79172d79fd56365744d6eb5f6d3fb7d39f940368bc748dd176dff75e6b,2024-03,Hampshire Constabulary,Hampshire Constabulary,-1.427454,50.930248,On or near Petrol Station,E01017152,Southampton 006D,Shoplifting,Investigation complete; no suspect identified,
979e74700af703a8e9357447494019459a6c34bf8e7d27227c104703b75d88d5,2024-03,Hampshire Constabulary,Hampshire Constabulary,-1.422821,50.935513,On or near Malwood Avenue,E01017152,Southampton 006D,Violence and sexual offences,Unable to prosecute suspect,
e10d0c7a13fb800dd1e37a052dc7977248f5fbe0ca47c1a2c572efae6a1f9435,2024-03,Hampshire Constabulary,Hampshire Constabulary,-1.422821,50.935513,On or near Malwood Avenue,E01017152,Southampton 006D,Violence and sexual offences,Action to be taken by another organisation,
09bcb1076ade6ce9f6b8245baa6f497b6da953316f72ec8ce0510eed938f9006,2024-03,Hampshire Constabulary,Hampshire Constabulary,-1.423994,50.931571,On or near Fuchsia Gardens,E01017152,Southampton 006D,Violence and sexual offences,Unable to prosecute suspect,
7ba90fd643df2653dc24675562670136a49f88e904410451b6799eadee7ce406,2024-03,Hampshire Constabulary,Hampshire Constabulary,-1.426788,50.930011,On or near Petrol Station,E01017152,Southampton 006D,Criminal damage and arson,Unable to prosecute suspect,
b1d02823e60a70c48ffea27c44d678dbe3b7730ff19d1cfa5ea2c7c8e5df6206,2024-03,Hampshire Constabulary,Hampshire Constabulary,-1.420166,50.933818,On or near Holly Place,E01017152,Southampton 006D,Criminal damage and arson,Investigation complete; no suspect identified,
7af227ccc44c8d3ea60f7a537a7034ca612684d0963b90b02444903a05eb1c4d,2024-03,Hampshire Constabulary,Hampshire Constabulary,-1.427454,50.930248,On or near Petrol Station,E01017152,Southampton 006D,Shoplifting,Investigation complete; no suspect identified,
0dde86b21b12d6a6b59710feb19ce2b58b0c5391393f5d5e20cb11c7f4a56d70,2024-03,Hampshire Constabulary,Hampshire Constabulary,-1.422821,50.935513,On or near Malwood Avenue,E01017152,Southampton 006D,Violence and sexual offences,Unable to prosecute suspect,
548501d845b894476f0a294fa780588c129abd44e436cb4f104167515d8e805c,2024-03,Hampshire Constabulary,Hampshire Constabulary,-1.420166,50.933818,On or near Holly Place,E01017152,Southampton 006D,Violence and sexual offences,Investigation complete; no suspect identified,
7679f7fc1ad2776e94ac11b34035761218952594b4fbadd77fedc2d8930c9d32,2024-03,Hampshire Constabulary,Hampshire Constabulary,-1.454157,50.925808,On or near Borrowdale Road,E01017238,Southampton 007A,Criminal damage and arson,Unable to prosecute suspect,
c6f8bb69702a73a0989ac571671386d6c1131d4f8c9af282d3d2982252df25ca,2024-03,Hampshire Constabulary,Hampshire Constabulary,-1.451390,50.927639,On or near Wimpson Gardens,E01017238,Southampton 007A,Criminal damage and arson,Unable to prosecute suspect,
015bfaafa38fbf40e02b13598625740ae7588b82dc3463d30b0e3ee39307d434,2024-03,Hampshire Constabulary,Hampshire Constabulary,-1.449624,50.931389,On or near Mercator Close,E01017238,Southampton 007A,Public order,Investigation complete; no suspect identified,
9329ab2296ee2e38285f10c5b95155bb3339a69ec0e4a96e1748a76cdb9cade3,2024-03,Hampshire Constabulary,Hampshire Constabulary,-1.449624,50.931389,On or near Mercator Close,E01017238,Southampton 007A,Shoplifting,Unable to prosecute suspect,
45d94508022bacfc5daf08c57259e22bb6c3e5beab49f87fcf759ea638ca6713,2024-03,Hampshire Constabulary,Hampshire Constabulary,-1.449624,50.931389,On or near Mercator Close,E01017238,Southampton 007A,Shoplifting,Investigation complete; no suspect identified,
858c5eeafa652e926d6c0318677d825e88882b3156b9ba2e3ab2de8105c2e010,2024-03,Hampshire Constabulary,Hampshire Constabulary,-1.451390,50.927639,On or near Wimpson Gardens,E01017238,Southampton 007A,Violence and sexual offences,Unable to prosecute suspect,
4b9ae9e1c84aff4cdac0584ee080873eba1aeac0db57c813f3f8a877004b41fa,2024-03,Hampshire Constabulary,Hampshire Constabulary,-1.451390,50.927639,On or near Wimpson Gardens,E01017238,Southampton 007A,Violence and sexual offences,Unable to prosecute suspect,
23c08a5ecd2092ae8ad16cd68b15a22552387a655a90998ca33c76eada84fb56,2024-03,Hampshire Constabulary,Hampshire Constabulary,-1.451390,50.927639,On or near Wimpson Gardens,E01017238,Southampton 007A,Violence and sexual offences,Unable to prosecute suspect,
c6591e128fdb0b35346cb1f62fd5a1e794050934af2b92fdb0da191caf39a24d,2024-03,Hampshire Constabulary,Hampshire Constabulary,-1.449624,50.931389,On or near Mercator Close,E01017238,Southampton 007A,Violence and sexual offences,Investigation complete; no suspect identified,
bc3322ba432a7a27f50f60ca1920f1e27efdb455cfcba478cdb99becfe82c72b,2024-03,Hampshire Constabulary,Hampshire Constabulary,-1.454869,50.924597,On or near Ribble Court,E01017238,Southampton 007A,Violence and sexual offences,Unable to prosecute suspect,
7f85256e800b646c9578af37e6e837e06309797e69f289f7d5eb898ae5b9d171,2024-03,Hampshire Constabulary,Hampshire Constabulary,-1.454869,50.924597,On or near Ribble Court,E01017238,Southampton 007A,Violence and sexual offences,Unable to prosecute suspect,
c6ab947ec68e7c309d1b026804c6cdcdb9175f95b526db9acaf351e52e55bed3,2024-03,Hampshire Constabulary,Hampshire Constabulary,-1.454869,50.924597,On or near Ribble Court,E01017238,Southampton 007A,Violence and sexual offences,Unable to prosecute suspect,
58029204ba70a6776f98b4f0a7fd72a5f1498a66401dcacc5f96ac0fff37c733,2024-03,Hampshire Constabulary,Hampshire Constabulary,-1.454157,50.925808,On or near Borrowdale Road,E01017238,Southampton 007A,Violence and sexual offences,Unable to prosecute suspect,
1d9adf2a6ea11f13d4c615bae1065f30a8ca026eeb1d507bb6d1446ebb1db520,2024-03,Hampshire Constabulary,Hampshire Constabulary,-1.454157,50.925808,On or near Borrowdale Road,E01017238,Southampton 007A,Violence and sexual offences,Unable to prosecute suspect,
,2024-03,Hampshire Constabulary,Hampshire Constabulary,-1.449624,50.931389,On or near Mercator Close,E01017238,Southampton 007A,Anti-social behaviour,,
,2024-03,Hampshire Constabulary,Hampshire Constabulary,-1.449624,50.931389,On or near Mercator Close,E01017238,Southampton 007A,Anti-social behaviour,,
4a19465f2d8f110713fc840d4e5467d176d51ad7956af5c4696b32943106ccc2,2024-03,Hampshire Constabulary,Hampshire Constabulary,-1.454157,50.925808,On or near Borrowdale Road,E01017238,Southampton 007A,Criminal damage and arson,Unable to prosecute suspect,
21862b5078a786a3ab272326a35e55b76d7a68a9fa9a392b79c2ea1a25efa1e9,2024-03,Hampshire Constabulary,Hampshire Constabulary,-1.449136,50.930568,On or near Tavistock Road,E01017238,Southampton 007A,Criminal damage and arson,Investigation complete; no suspect identified,
e32b0895d756572f8a07fe9672a29d78c3af6db52ec887e68e9f75a2df7c888b,2024-03,Hampshire Constabulary,Hampshire Constabulary,-1.449616,50.930867,On or near Charles Arden Close,E01017238,Southampton 007A,Criminal damage and arson,Investigation complete; no suspect identified,
8ed9a21b954b89bbbcc2fc5de3f5a7ab7f5049aa082e01364ee12ca116cf724d,2024-03,Hampshire Constabulary,Hampshire Constabulary,-1.454157,50.925808,On or near Borrowdale Road,E01017238,Southampton 007A,Criminal damage and arson,Unable to prosecute suspect,
5c9e341cf2288456879a8e709988ba7e54a90f5ccc2a8fa61f14b712fddc6f01,2024-03,Hampshire Constabulary,Hampshire Constabulary,-1.450300,50.930817,On or near Ramsden Road,E01017238,Southampton 007A,Criminal damage and arson,Investigation complete; no suspect identified,
49febcef51aad163cabd5bff46a179e1519f84992030b3cf21c2a25addbee38e,2024-03,Hampshire Constabulary,Hampshire Constabulary,-1.454157,50.925808,On or near Borrowdale Road,E01017238,Southampton 007A,Public order,Status update unavailable,
f2c6b7a6387c98ca3651e21aa03b31e53187489181e7a00e1b9b82a8898c0ba8,2024-03,Hampshire Constabulary,Hampshire Constabulary,-1.449624,50.931389,On or near Mercator Close,E01017238,Southampton 007A,Shoplifting,Investigation complete; no suspect identified,
b538d6dbf0a8ab674bfafcf04e13059d8b621c1d3877aec46baae12197bb0106,2024-03,Hampshire Constabulary,Hampshire Constabulary,-1.449624,50.931389,On or near Mercator Close,E01017238,Southampton 007A,Shoplifting,Investigation complete; no suspect identified,
70cf9d62aaf919d6a52393968133299d9292d1ecb32fb382424a3b8e2672c83a,2024-03,Hampshire Constabulary,Hampshire Constabulary,-1.451390,50.927639,On or near Wimpson Gardens,E01017238,Southampton 007A,Vehicle crime,Investigation complete; no suspect identified,
b5e2ec950d06adb2d9f6d591f7cc12a9ff2a3d0568271c758807f7747380e19a,2024-03,Hampshire Constabulary,Hampshire Constabulary,-1.451390,50.927639,On or near Wimpson Gardens,E01017238,Southampton 007A,Violence and sexual offences,Investigation complete; no suspect identified,
b46f33c4a83821c963b6d341d4c5ca2b753fc47e7876cc1bd2f5b98355233038,2024-03,Hampshire Constabulary,Hampshire Constabulary,-1.454157,50.925808,On or near Borrowdale Road,E01017238,Southampton 007A,Violence and sexual offences,Unable to prosecute suspect,
f594f780d8b0a0772f7bb9c38e02e38b6b67d65c5417aa351a2fa9948065648f,2024-03,Hampshire Constabulary,Hampshire Constabulary,-1.451390,50.927639,On or near Wimpson Gardens,E01017238,Southampton 007A,Violence and sexual offences,Status update unavailable,
b019d4a9aa9829d0452b815aa4f6d950b7272724d26af44ab1f56ff97aea367e,2024-03,Hampshire Constabulary,Hampshire Constabulary,-1.449624,50.931389,On or near Mercator Close,E01017238,Southampton 007A,Violence and sexual offences,Investigation complete; no suspect identified,
d02f7aed5fc17313364998132996bd50a256df5fa0099e38c1f3fa7053fdfddf,2024-03,Hampshire Constabulary,Hampshire Constabulary,-1.462128,50.935422,On or near Brownhill Way,E01017241,Southampton 007B,Other theft,Local resolution,
82e59b3a4b4f3f78d336cf1ab0cd73f5c8c04e7ffa77129cfc74737d711cde3c,2024-03,Hampshire Constabulary,Hampshire Constabulary,-1.456381,50.937652,On or near Alderney Close,E01017241,Southampton 007B,Public order,Unable to prosecute suspect,
81854b6112abfbb2b232ac5d671b5d360eba77d886266965de77c1cedfe2fc09,2024-03,Hampshire Constabulary,Hampshire Constabulary,-1.464051,50.938297,On or near Sports/Recreation Area,E01017241,Southampton 007B,Vehicle crime,Unable to prosecute suspect,
6b645c2055f94bd6ed72a213fe06452f3554f7c969a5884146be07dee3ddab4a,2024-03,Hampshire Constabulary,Hampshire Constabulary,-1.465052,50.937360,On or near Jerrett'S Lane,E01017241,Southampton 007B,Violence and sexual offences,Unable to prosecute suspect,
,2024-03,Hampshire Constabulary,Hampshire Constabulary,-1.462128,50.935422,On or near Brownhill Way,E01017241,Southampton 007B,Anti-social behaviour,,
,2024-03,Hampshire Constabulary,Hampshire Constabulary,-1.462128,50.935422,On or near Brownhill Way,E01017241,Southampton 007B,Anti-social behaviour,,
c90a9c88ccb50fdb8c535f50aad0dd46c0a29fd63c0ff824857b449889084f4f,2024-03,Hampshire Constabulary,Hampshire Constabulary,-1.456381,50.937652,On or near Alderney Close,E01017241,Southampton 007B,Other theft,Investigation complete; no suspect identified,
c91a0af2d10b6e6192b3e4ec08784e3419ceeb259fee2ebc5fbece745b04b97e,2024-03,Hampshire Constabulary,Hampshire Constabulary,-1.461412,50.933368,On or near Flamborough Close,E01017241,Southampton 007B,Public order,Investigation complete; no suspect identified,
dc933e6aa8036e02d7fe0671e983f3787cd39aa45e592c2b602ba3c40d9e3baf,2024-03,Hampshire Constabulary,Hampshire Constabulary,-1.451285,50.935354,On or near Link Road,E01017242,Southampton 007C,Criminal damage and arson,Investigation complete; no suspect identified,
23e97ce91829f81ae4fabf864299e4372e4ef18b79a90687bda96fe96f3e0a03,2024-03,Hampshire Constabulary,Hampshire Constabulary,-1.449665,50.932702,On or near Romsey Road,E01017242,Southampton 007C,Other theft,Unable to prosecute suspect,
f33f839a114a1702fd81f908e32f0bbe2256de77945c618bcef46c3adf6413de,2024-03,Hampshire Constabulary,Hampshire Constabulary,-1.451571,50.934033,On or near Kern Close,E01017242,Southampton 007C,Public order,Unable to prosecute suspect,
fc4f08d74115214bc32c255fc21051c0115df4635bc25a0611c3811364870607,2024-03,Hampshire Constabulary,Hampshire Constabulary,-1.449665,50.932702,On or near Romsey Road,E01017242,Southampton 007C,Public order,Unable to prosecute suspect,
9b0e6fc191a1b08ec60238093ec63fe82691e5bf88dcab2becb80cb6e2216b50,2024-03,Hampshire Constabulary,Hampshire Constabulary,-1.453540,50.929924,On or near Tindale Road,E01017242,Southampton 007C,Violence and sexual offences,Action to be taken by another organisation,
75582d49dcb9ef93ac5197731f891a2242bca76e9b8f864d55da09f8f7452b4c,2024-03,Hampshire Constabulary,Hampshire Constabulary,-1.453540,50.929924,On or near Tindale Road,E01017242,Southampton 007C,Violence and sexual offences,Unable to prosecute suspect,
63cb39ed65b861786b8c496c2aca88cbb5147dc0f868b10367e0e7f923bb2153,2024-03,Hampshire Constabulary,Hampshire Constabulary,-1.458702,50.935118,On or near Corbiere Close,E01017242,Southampton 007C,Violence and sexual offences,Unable to prosecute suspect,
5c838ec9727df489f501830434f1fbd0398d8f4d0120c798e042cd2b7d2d04b4,2024-03,Hampshire Constabulary,Hampshire Constabulary,-1.455685,50.932721,On or near Green Lane,E01017242,Southampton 007C,Violence and sexual offences,Unable to prosecute suspect,
16037317284c3a6d183c7181edb0685bb77b3e15261f2426efa9f68601a1c195,2024-03,Hampshire Constabulary,Hampshire Constabulary,-1.456948,50.932970,On or near Selsey Close,E01017242,Southampton 007C,Violence and sexual offences,Unable to prosecute suspect,
,2024-03,Hampshire Constabulary,Hampshire Constabulary,-1.455685,50.932721,On or near Green Lane,E01017242,Southampton 007C,Anti-social behaviour,,
,2024-03,Hampshire Constabulary,Hampshire Constabulary,-1.452917,50.933311,On or near Watts Close,E01017242,Southampton 007C,Anti-social behaviour,,
c1c6efca579515df8e5172be23ebc1be309ce88e6fe0304d570aab3c711ef67a,2024-03,Hampshire Constabulary,Hampshire Constabulary,-1.454529,50.935450,On or near Barons Mead,E01017242,Southampton 007C,Criminal damage and arson,Investigation complete; no suspect identified,
10d12f648f20cf1906fd14ea192b1e32634c9e92301c4305d8b1c6cb1afc42f0,2024-03,Hampshire Constabulary,Hampshire Constabulary,-1.459161,50.934806,On or near Brownhill Court,E01017242,Southampton 007C,Criminal damage and arson,Investigation complete; no suspect identified,
c3541644eb71b873002245341e740bfd19af706d8e69069827d3ae603779f1fe,2024-03,Hampshire Constabulary,Hampshire Constabulary,-1.459161,50.934806,On or near Brownhill Court,E01017242,Southampton 007C,Vehicle crime,Unable to prosecute suspect,
7875f10d0b65af0b049c7c03f7d5ee626a6e18111cca2bba20c4a32acc08f00d,2024-03,Hampshire Constabulary,Hampshire Constabulary,-1.452362,50.932121,On or near Wilroy Gardens,E01017242,Southampton 007C,Violence and sexual offences,Unable to prosecute suspect,
e3c350bb7806134d714c4136f05edac9fad3a11f8f403327d2668f16d754a3e9,2024-03,Hampshire Constabulary,Hampshire Constabulary,-1.459161,50.934806,On or near Brownhill Court,E01017242,Southampton 007C,Violence and sexual offences,Unable to prosecute suspect,
097ef5b3571561780b4c473505e58b127afb39e0fb9aeeeb4833952e12360c2f,2024-03,Hampshire Constabulary,Hampshire Constabulary,-1.451285,50.935354,On or near Link Road,E01017242,Southampton 007C,Violence and sexual offences,Unable to prosecute suspect,
81277723c4006cbb8c5ed51e157293cd28adb477ae59950abbf26049c474aa5b,2024-03,Hampshire Constabulary,Hampshire Constabulary,-1.452362,50.932121,On or near Wilroy Gardens,E01017242,Southampton 007C,Violence and sexual offences,Investigation complete; no suspect identified,
f666e195bbb952bb55f9ef99e55f421b9e0012bf22c812cfa9af81c598f38221,2024-03,Hampshire Constabulary,Hampshire Constabulary,-1.448078,50.933351,On or near Rownhams Court,E01017243,Southampton 007D,Criminal damage and arson,Investigation complete; no suspect identified,
9fd514568f26b65c6ad622a1319f2f2365b42b7ad87a1b3ca2103dfcc76e059e,2024-03,Hampshire Constabulary,Hampshire Constabulary,-1.448078,50.933351,On or near Rownhams Court,E01017243,Southampton 007D,Vehicle crime,Unable to prosecute suspect,
d67c1a6d31e548a77a003866ef0826d6b79a0eaa45a3cfbd9398f4db2ed048d5,2024-03,Hampshire Constabulary,Hampshire Constabulary,-1.446501,50.933137,On or near Brightside Road,E01017243,Southampton 007D,Violence and sexual offences,Awaiting court outcome,
bd977660e1a4176b509caf83b0ded39c8edf15cbc4437235aa78835ac97c6178,2024-03,Hampshire Constabulary,Hampshire Constabulary,-1.445922,50.934015,On or near Rowan Close,E01017243,Southampton 007D,Shoplifting,Investigation complete; no suspect identified,
d942706437db497aac67d83f105c1d2839e0624d20039bd3b68256c7a53dc96a,2024-03,Hampshire Constabulary,Hampshire Constabulary,-1.446501,50.933137,On or near Brightside Road,E01017243,Southampton 007D,Violence and sexual offences,Unable to prosecute suspect,
83165cfc716cf30357217384b8aec24f30f9f63a3dd50f1010cff93870f8ce13,2024-03,Hampshire Constabulary,Hampshire Constabulary,-1.447715,50.936362,On or near Dolton Road,E01017243,Southampton 007D,Violence and sexual offences,Unable to prosecute suspect,
a9149e41b15b144db823c3f8776dcd7757d3fb1c5aad631910fb0282036fd35d,2024-03,Hampshire Constabulary,Hampshire Constabulary,-1.466051,50.933381,On or near John Mill Close,E01017244,Southampton 007E,Drugs,Local resolution,
ec84aca8145e2c96f5b2c571e51ce1eece568727b5895871d4c3fcc74de36ea1,2024-03,Hampshire Constabulary,Hampshire Constabulary,-1.461763,50.931275,On or near Maplin Road,E01017244,Southampton 007E,Public order,Unable to prosecute suspect,
e7fa858144d9b33fda100e7d1fad18b4c87febc5a3a51b2c8e3776684f788654,2024-03,Hampshire Constabulary,Hampshire Constabulary,-1.462712,50.934130,On or near Lower Brownhill Road,E01017244,Southampton 007E,Violence and sexual offences,Court result unavailable,
4eb18058785b3969fc5d9b2259e2d54c012a9cdf3cf0fe2ad315808a3d0a9171,2024-03,Hampshire Constabulary,Hampshire Constabulary,-1.461179,50.931371,On or near Blyth Close,E01017244,Southampton 007E,Violence and sexual offences,Action to be taken by another organisation,
6b3d7d758db3f1f6a2ff06bd3b2ad434896181911ba56b5350be629645e5e016,2024-03,Hampshire Constabulary,Hampshire Constabulary,-1.461179,50.931371,On or near Blyth Close,E01017244,Southampton 007E,Violence and sexual offences,Unable to prosecute suspect,
1269ccdf8a4379880d7a9fc435ee7889af5956f90ad3dd577ee0f594d6779a12,2024-03,Hampshire Constabulary,Hampshire Constabulary,-1.457616,50.931822,On or near Lulworth Green,E01017244,Southampton 007E,Violence and sexual offences,Unable to prosecute suspect,
a402f9c8f6e1e2876ae4620f18f6a40a00fd209893065e1ee28d900adcc779d6,2024-03,Hampshire Constabulary,Hampshire Constabulary,-1.459466,50.933036,On or near Brean Close,E01017244,Southampton 007E,Violence and sexual offences,Unable to prosecute suspect,
f3009d0a04404c62e956f28629872749e7b83713f11b0165579282cdc5f72ecb,2024-03,Hampshire Constabulary,Hampshire Constabulary,-1.462712,50.934130,On or near Lower Brownhill Road,E01017244,Southampton 007E,Burglary,Unable to prosecute suspect,
6386b6cd95eaa4c2ffadb75f6b1243423f2f45793074b92582a5846e2d02f47d,2024-03,Hampshire Constabulary,Hampshire Constabulary,-1.462712,50.934130,On or near Lower Brownhill Road,E01017244,Southampton 007E,Other theft,Unable to prosecute suspect,
10e7dc8f68137eefb9c856c69a056822fe0f0b35fc7b34aa5464f88c9c5e0a54,2024-03,Hampshire Constabulary,Hampshire Constabulary,-1.462712,50.934130,On or near Lower Brownhill Road,E01017244,Southampton 007E,Public order,Investigation complete; no suspect identified,
f7db1790c366e8b9514e8ffc1f6fd994ecaf9f244e0bc1504ad00c86c8005b2d,2024-03,Hampshire Constabulary,Hampshire Constabulary,-1.462712,50.934130,On or near Lower Brownhill Road,E01017244,Southampton 007E,Public order,Status update unavailable,
3ee8a324481abb2582a2620a7cd706ac3b9f1ddf0f657c7714fd7d4d85a7f0c6,2024-03,Hampshire Constabulary,Hampshire Constabulary,-1.457317,50.930643,On or near Buttermere Close,E01017244,Southampton 007E,Public order,Investigation complete; no suspect identified,
944f82bcb2dcd4034673fc4e1b5f13c5aea45cf187c459dc622f25b811f73d50,2024-03,Hampshire Constabulary,Hampshire Constabulary,-1.462712,50.934130,On or near Lower Brownhill Road,E01017244,Southampton 007E,Public order,Investigation complete; no suspect identified,
703f587127089c5a7da566a0c128740a6fc11f248d7eab5fd92c714fbf4f1b97,2024-03,Hampshire Constabulary,Hampshire Constabulary,-1.462712,50.934130,On or near Lower Brownhill Road,E01017244,Southampton 007E,Violence and sexual offences,Unable to prosecute suspect,
39a993df8c626beba76f77fb09e43fd9b2dfac78057ab4afe38c74efded77b2c,2024-03,Hampshire Constabulary,Hampshire Constabulary,-1.356856,50.936787,On or near Hill Cottage Gardens,E01017174,Southampton 008A,Burglary,Unable to prosecute suspect,
448bdf7c79c67c1f1b23bcf07210ae87934bea72a14c40ce2397693494d63126,2024-03,Hampshire Constabulary,Hampshire Constabulary,-1.356856,50.936787,On or near Hill Cottage Gardens,E01017174,Southampton 008A,Vehicle crime,Investigation complete; no suspect identified,
e518da3fff4147f430a1f0abf1aa66b29aa320bd613c7729f28431ffc6ddbef2,2024-03,Hampshire Constabulary,Hampshire Constabulary,-1.365208,50.933803,On or near Kingsfold Avenue,E01017174,Southampton 008A,Violence and sexual offences,Unable to prosecute suspect,
56a7f7233cdfcc7fe253206f70701b4adc41bad7da3485ee279dbd7bafc79096,2024-03,Hampshire Constabulary,Hampshire Constabulary,-1.360812,50.930595,On or near Copse Road,E01017174,Southampton 008A,Violence and sexual offences,Unable to prosecute suspect,
dd2104b81f5f2b349801adf28714498f87aa1616709e60dace55e3adc4988690,2024-03,Hampshire Constabulary,Hampshire Constabulary,-1.365683,50.933364,On or near Spinney Walk,E01017174,Southampton 008A,Criminal damage and arson,Investigation complete; no suspect identified,
e6553937139bb93591d7a63e409ecdfbd35686867974ba0771ac99d361d0e9e1,2024-03,Hampshire Constabulary,Hampshire Constabulary,-1.363865,50.935234,On or near St Helena Gardens,E01017174,Southampton 008A,Public order,Investigation complete; no suspect identified,
e427ff4c17d7d9fc6af9c84d00a1f8b9498333efade699159151d35e51e7a621,2024-03,Hampshire Constabulary,Hampshire Constabulary,-1.371991,50.933093,On or near Woodmill Lane,E01017175,Southampton 008B,Shoplifting,Unable to prosecute suspect,
f5ac8731f41d007ffe092e8f4e373d5cea0e8e5cd0c749ebf1a4d4b90fa7d8db,2024-03,Hampshire Constabulary,Hampshire Constabulary,-1.374342,50.928618,On or near Ash Tree Road,E01017175,Southampton 008B,Vehicle crime,Investigation complete; no suspect identified,
ef8f1bd968479eb35c6dd0e6f14a04917995d0f299a0bb83aa261759620e81ff,2024-03,Hampshire Constabulary,Hampshire Constabulary,-1.373093,50.932622,On or near Parking Area,E01017175,Southampton 008B,Vehicle crime,Investigation complete; no suspect identified,
53577b73af2993d8d22fb7cf57dedc4c0fea24f018243793f06642ae9c0c31ae,2024-03,Hampshire Constabulary,Hampshire Constabulary,-1.368099,50.934645,On or near River Walk,E01017175,Southampton 008B,Violence and sexual offences,Investigation complete; no suspect identified,
1dcd9e1badaaa2e5975e4ccbf2697504a47ba4c87180e0162f10a6418de6cfb4,2024-03,Hampshire Constabulary,Hampshire Constabulary,-1.368157,50.930374,On or near Copsewood Road,E01017175,Southampton 008B,Violence and sexual offences,Local resolution,
a5e7516586e7cb50b946eae263394882265f63c69827fa1522b567d662e661db,2024-03,Hampshire Constabulary,Hampshire Constabulary,-1.371991,50.933093,On or near Woodmill Lane,E01017175,Southampton 008B,Violence and sexual offences,Unable to prosecute suspect,
3ed3958a4c533561933685705a5026a1f764edc8feaf2436f50479670602ab17,2024-03,Hampshire Constabulary,Hampshire Constabulary,-1.368157,50.930374,On or near Copsewood Road,E01017175,Southampton 008B,Violence and sexual offences,Action to be taken by another organisation,
c8cd4f7a9c70c542ce29e38215af5127d48cb54680754cf4db04d147d264b7b9,2024-03,Hampshire Constabulary,Hampshire Constabulary,-1.368157,50.930374,On or near Copsewood Road,E01017175,Southampton 008B,Violence and sexual offences,Local resolution,
0cb55872b2ccde1eae5bae6be7918a34f7fe0bdea7e8088bcfb626df5cc5dd4e,2024-03,Hampshire Constabulary,Hampshire Constabulary,-1.368157,50.930374,On or near Copsewood Road,E01017175,Southampton 008B,Violence and sexual offences,Local resolution,
a6e102da5e90d805093071b4ee065881ffa275f81e662f8625f4a6c369640fae,2024-03,Hampshire Constabulary,Hampshire Constabulary,-1.368157,50.930374,On or near Copsewood Road,E01017175,Southampton 008B,Violence and sexual offences,Local resolution,
,2024-03,Hampshire Constabulary,Hampshire Constabulary,-1.368157,50.930374,On or near Copsewood Road,E01017175,Southampton 008B,Anti-social behaviour,,
,2024-03,Hampshire Constabulary,Hampshire Constabulary,-1.368157,50.930374,On or near Copsewood Road,E01017175,Southampton 008B,Anti-social behaviour,,
8ccbec43f50cae5c161d7a036eec864177cfae9a02b70cf51062e80cb0b8abff,2024-03,Hampshire Constabulary,Hampshire Constabulary,-1.374385,50.930687,On or near Oak Tree Road,E01017175,Southampton 008B,Criminal damage and arson,Investigation complete; no suspect identified,
7f27ea9d6e8c29d1cfe3eae9c8a1bac70e5471b0b7a7f42bc2ad2fc91ddf3207,2024-03,Hampshire Constabulary,Hampshire Constabulary,-1.376768,50.929135,On or near Manor Farm Road,E01017175,Southampton 008B,Other theft,Investigation complete; no suspect identified,
75ec34012011391015bb725cb870c7d8e2da0281587c10dffbb6c1158ddde238,2024-03,Hampshire Constabulary,Hampshire Constabulary,-1.373093,50.932622,On or near Parking Area,E01017175,Southampton 008B,Vehicle crime,Investigation complete; no suspect identified,
77ef8abc80666d3a45835f627bd82c9cdad49f3ec8ab85d86181e90c8e362db8,2024-03,Hampshire Constabulary,Hampshire Constabulary,-1.368157,50.930374,On or near Copsewood Road,E01017175,Southampton 008B,Violence and sexual offences,Action to be taken by another organisation,
e5196d35adb106bce0b926c53f77ac999571fdb4655ff7811ca786c193057645,2024-03,Hampshire Constabulary,Hampshire Constabulary,-1.361015,50.928204,On or near Cornwall Close,E01017176,Southampton 008C,Violence and sexual offences,Unable to prosecute suspect,
a84bcc36d27677b608f53b258d23c1f2db22b95886d114c9e9220ff18fe88db9,2024-03,Hampshire Constabulary,Hampshire Constabulary,-1.362524,50.925011,On or near Witts Hill,E01017176,Southampton 008C,Violence and sexual offences,Investigation complete; no suspect identified,
73e6c6b490a9d63f8b9094a55c21b063efc9147a38e732264fc732bf58dbcb4d,2024-03,Hampshire Constabulary,Hampshire Constabulary,-1.367463,50.931153,On or near Halstead Road,E01017176,Southampton 008C,Violence and sexual offences,Unable to prosecute suspect,
e6cb3b4610a9347bf2e721b89dba336245c919501ca3b5db49a5fa41989c7c7f,2024-03,Hampshire Constabulary,Hampshire Constabulary,-1.367029,50.930647,On or near Norwich Road,E01017176,Southampton 008C,Vehicle crime,Investigation complete; no suspect identified,
ec95f47c972077d3daabc01f9b06f795be568e51142665b0d68b44130dde9dd3,2024-03,Hampshire Constabulary,Hampshire Constabulary,-1.363134,50.926238,On or near Edgehill Road,E01017176,Southampton 008C,Violence and sexual offences,Investigation complete; no suspect identified,
90399cf71e073df80b55e24c312301d43652dacf38597c01c40f594090ff6901,2024-03,Hampshire Constabulary,Hampshire Constabulary,-1.358643,50.930970,On or near Pond View,E01017179,Southampton 008D,Criminal damage and arson,Investigation complete; no suspect identified,
7813e0b40c504aceda4d5e7f3e0bff0b1bf68f446ae2c9d2bf19d30a3e5e077b,2024-03,Hampshire Constabulary,Hampshire Constabulary,-1.357965,50.929617,On or near Meggeson Avenue,E01017179,Southampton 008D,Other theft,Investigation complete; no suspect identified,
9f2f9f276ff9c3320378ad326ba52391f9c4ea0451075c1d8ef393fec92434db,2024-03,Hampshire Constabulary,Hampshire Constabulary,-1.360333,50.929199,On or near Kingsdown Way,E01017179,Southampton 008D,Violence and sexual offences,Formal action is not in the public interest,
67b586cdc9bb936e9e47cd31ce77acea39dccb2e81b96058913db9e40f9075bb,2024-03,Hampshire Constabulary,Hampshire Constabulary,-1.362101,50.928903,On or near Cornwall Road,E01017179,Southampton 008D,Violence and sexual offences,Unable to prosecute suspect,
401b086d540ccdd2bdbab4c8346ea161a6a43e3d7725704ee656de44c93271ed,2024-03,Hampshire Constabulary,Hampshire Constabulary,-1.362199,50.933166,On or near Hillgrove Road,E01017179,Southampton 008D,Violence and sexual offences,Unable to prosecute suspect,
a92ec7b7f42687cb7fa1b17bc54a6a0a65ed70c68382c1c899c7ff439b43b34a,2024-03,Hampshire Constabulary,Hampshire Constabulary,-1.358695,50.930296,On or near Cutbush Lane,E01017179,Southampton 008D,Violence and sexual offences,Action to be taken by another organisation,
7e2f01bc0886ec4387f3893e4aeb4ffbba4924aa683564e2194a52f3b099e2ab,2024-03,Hampshire Constabulary,Hampshire Constabulary,-1.358695,50.930296,On or near Cutbush Lane,E01017179,Southampton 008D,Violence and sexual offences,Local resolution,
744e7d79708ba0a0774b12bcf37a62178bbace0588eed1458a8c75685f9dff6d,2024-03,Hampshire Constabulary,Hampshire Constabulary,-1.358491,50.931689,On or near Camelia Gardens,E01017179,Southampton 008D,Violence and sexual offences,Unable to prosecute suspect,
,2024-03,Hampshire Constabulary,Hampshire Constabulary,-1.359203,50.929624,On or near Ozier Road,E01017179,Southampton 008D,Anti-social behaviour,,
7fd8252bfee6019f9038a30c7f160e3677636617ba139e1de639d2ac8f9087d9,2024-03,Hampshire Constabulary,Hampshire Constabulary,-1.358643,50.930970,On or near Pond View,E01017179,Southampton 008D,Violence and sexual offences,Unable to prosecute suspect,
e3463b18f60d4fe4fc46f1907e199386898cf97f40a85da859e4e472b6a93f2d,2024-03,Hampshire Constabulary,Hampshire Constabulary,-1.362101,50.928903,On or near Cornwall Road,E01017179,Southampton 008D,Violence and sexual offences,Status update unavailable,
d2d9cc1ce4b5c1351226be91e27cec95e91bd1205dcb7f67b89cabf086798433,2024-03,Hampshire Constabulary,Hampshire Constabulary,-1.402023,50.927091,On or near Oakmount Avenue,E01017226,Southampton 009A,Violence and sexual offences,Unable to prosecute suspect,
33f0a82942096d50c2f778d093781efc09bb978bd3bea9c064f5afff9a47beda,2024-03,Hampshire Constabulary,Hampshire Constabulary,-1.400333,50.923557,On or near Westwood Road,E01017226,Southampton 009A,Violence and sexual offences,Unable to prosecute suspect,
,2024-03,Hampshire Constabulary,Hampshire Constabulary,-1.400950,50.924261,On or near Regent Court,E01017226,Southampton 009A,Anti-social behaviour,,
66272111da0c9cd93f42c5dcdfb49a3dba670dd59646e5385abdd1d4514045d4,2024-03,Hampshire Constabulary,Hampshire Constabulary,-1.400084,50.927377,On or near Crofton Close,E01017226,Southampton 009A,Burglary,Status update unavailable,
dbd37b66003cfd4216f6eea056586651f12302c5efd9267fce657e095aeada1c,2024-03,Hampshire Constabulary,Hampshire Constabulary,-1.400333,50.923557,On or near Westwood Road,E01017226,Southampton 009A,Other theft,Unable to prosecute suspect,
191ac153c1f661a8e7996fa23350090e493d9503c8cbc0bd91a8895139ad8389,2024-03,Hampshire Constabulary,Hampshire Constabulary,-1.386041,50.931648,On or near Brickfield Road,E01017231,Southampton 009D,Burglary,Investigation complete; no suspect identified,
745145f9eca9eae3208a04829ade64b94691f7c177dc9e49ba24017d228157ed,2024-03,Hampshire Constabulary,Hampshire Constabulary,-1.390084,50.932658,On or near Upper Shaftesbury Avenue,E01017231,Southampton 009D,Criminal damage and arson,Investigation complete; no suspect identified,
9a65b32aa58d747afcde7437d39f3603886543b5d8783b728677c97d30698a10,2024-03,Hampshire Constabulary,Hampshire Constabulary,-1.387819,50.928465,On or near Grosvenor Close,E01017231,Southampton 009D,Public order,Unable to prosecute suspect,
5ff5d49b4d2e7e452c95d6c78874fc1a5b939cacb90e579c4b66e2a382884401,2024-03,Hampshire Constabulary,Hampshire Constabulary,-1.386192,50.929958,On or near Bowden Lane,E01017231,Southampton 009D,Public order,Investigation complete; no suspect identified,
34136ea6d4e923a430329c96cf214e68234c3688cc18045c66a50e43a5dd43de,2024-03,Hampshire Constabulary,Hampshire Constabulary,-1.389241,50.932200,On or near Sports/Recreation Area,E01017231,Southampton 009D,Vehicle crime,Investigation complete; no suspect identified,
661105d09ff2148af835d02092d80119a87c36731189e8531e3a237af8208773,2024-03,Hampshire Constabulary,Hampshire Constabulary,-1.386192,50.929958,On or near Bowden Lane,E01017231,Southampton 009D,Violence and sexual offences,Offender given a caution,
f3e69050eb4dba4adebac702eba6d37f4e42643c2f5e0883e63a94eb480921f2,2024-03,Hampshire Constabulary,Hampshire Constabulary,-1.389241,50.932200,On or near Sports/Recreation Area,E01017231,Southampton 009D,Violence and sexual offences,Unable to prosecute suspect,
60e483109beea5638e8685cda362cd10f69a8dba421adea7a574627cbbc8da38,2024-03,Hampshire Constabulary,Hampshire Constabulary,-1.386192,50.929958,On or near Bowden Lane,E01017231,Southampton 009D,Other theft,Investigation complete; no suspect identified,
f65cadc1d0669be34c6769458093dcf738083f62a720adf6faa28752789f77e7,2024-03,Hampshire Constabulary,Hampshire Constabulary,-1.386192,50.929958,On or near Bowden Lane,E01017231,Southampton 009D,Shoplifting,Investigation complete; no suspect identified,
abfe9f3714fe4a7c79dce65909dddcfb51ec0904e0ad069b307d666d39a6d3ee,2024-03,Hampshire Constabulary,Hampshire Constabulary,-1.386192,50.929958,On or near Bowden Lane,E01017231,Southampton 009D,Vehicle crime,Investigation complete; no suspect identified,
172571de3669b38932fa5cb5be48897b1f6bce5df7eca5aa90b7cbf1ea60402b,2024-03,Hampshire Constabulary,Hampshire Constabulary,-1.386041,50.931648,On or near Brickfield Road,E01017231,Southampton 009D,Violence and sexual offences,Investigation complete; no suspect identified,
0dd9771f3d9507e7d90fada27a23f935d847d476f72e5ffd28ace33ffa31d501,2024-03,Hampshire Constabulary,Hampshire Constabulary,-1.386192,50.929958,On or near Bowden Lane,E01017231,Southampton 009D,Violence and sexual offences,Status update unavailable,
c930c8bb20d255f287f64fbe264fde0c17e975dd918d8a798bc32a0c1269d34b,2024-03,Hampshire Constabulary,Hampshire Constabulary,-1.394990,50.930669,On or near Church Lane,E01017232,Southampton 009E,Violence and sexual offences,Unable to prosecute suspect,
4568b2834d62fa2daa6dcd32f2068c7e933369891f630d13659cb3f862047b1b,2024-03,Hampshire Constabulary,Hampshire Constabulary,-1.394990,50.930669,On or near Church Lane,E01017232,Southampton 009E,Violence and sexual offences,Unable to prosecute suspect,
eccb35d215bebd9d0e9b893f4f7589e1161c4f7b2887941428bdf00f2d0b3057,2024-03,Hampshire Constabulary,Hampshire Constabulary,-1.397817,50.931044,On or near Cranford Way,E01017232,Southampton 009E,Violence and sexual offences,Offender given a caution,
083da78d633bb02f118484f0e25e4763ea6fe9c919f229aed52d66c0a095dd2d,2024-03,Hampshire Constabulary,Hampshire Constabulary,-1.398674,50.931938,On or near Roselands Gardens,E01017232,Southampton 009E,Public order,Investigation complete; no suspect identified,
11638ced23befc78c95b60cfd1681efc54ecfcd47ed1e1d10069b92d5616d726,2024-03,Hampshire Constabulary,Hampshire Constabulary,-1.397776,50.927590,On or near Brookvale Road,E01017232,Southampton 009E,Vehicle crime,Investigation complete; no suspect identified,
7d0b13b2d1b1daa0c93e6419397c97eab4208ff9e15fbc8764c00176d2db2f4d,2024-03,Hampshire Constabulary,Hampshire Constabulary,-1.404980,50.928648,On or near Park/Open Space,E01032753,Southampton 009F,Bicycle theft,Offender given a caution,
d54bf01b022a436f71e3b18587e5ed9b69740dee142f824b94a2aee7b7e949c6,2024-03,Hampshire Constabulary,Hampshire Constabulary,-1.394707,50.926217,On or near Russell Place,E01032753,Southampton 009F,Burglary,Court result unavailable,
c4b8e65c0d03f505f835dc82f5667c09bdbeb368ef7c01c44efd7bdb63f7e83e,2024-03,Hampshire Constabulary,Hampshire Constabulary,-1.393658,50.933567,On or near Hartley Avenue,E01032753,Southampton 009F,Other theft,Investigation complete; no suspect identified,
2652036366dd52727f2886adc14704952f8c36c4a09e65bb2b21b7a3a7b502b4,2024-03,Hampshire Constabulary,Hampshire Constabulary,-1.389266,50.928805,On or near Donnington Grove,E01032753,Southampton 009F,Possession of weapons,Court result unavailable,
5bc4eb69bebfbf64bd71d861a35d07ba6022dd6884ac885de1f3cfbe102bb15a,2024-03,Hampshire Constabulary,Hampshire Constabulary,-1.393658,50.933567,On or near Hartley Avenue,E01032753,Southampton 009F,Violence and sexual offences,Investigation complete; no suspect identified,
,2024-03,Hampshire Constabulary,Hampshire Constabulary,-1.393658,50.933567,On or near Hartley Avenue,E01032753,Southampton 009F,Anti-social behaviour,,
,2024-03,Hampshire Constabulary,Hampshire Constabulary,-1.401030,50.933542,On or near Oakhurst Road,E01032753,Southampton 009F,Anti-social behaviour,,
,2024-03,Hampshire Constabulary,Hampshire Constabulary,-1.404980,50.928648,On or near Park/Open Space,E01032753,Southampton 009F,Anti-social behaviour,,
1424cfa70de905cbc98233e6ddb52251af95dccf971a4af0fe1bfd8bdc90a05c,2024-03,Hampshire Constabulary,Hampshire Constabulary,-1.401030,50.933542,On or near Oakhurst Road,E01032753,Southampton 009F,Bicycle theft,Investigation complete; no suspect identified,
9544a63049ad1621ec72957df3ae3ae8065defb9c039fbd84c8bbfa4001b28a7,2024-03,Hampshire Constabulary,Hampshire Constabulary,-1.404980,50.928648,On or near Park/Open Space,E01032753,Southampton 009F,Bicycle theft,Investigation complete; no suspect identified,
3a6f9cbdf07e5743812b824a99f932f550d9b4e888174648239a0a502937c7bc,2024-03,Hampshire Constabulary,Hampshire Constabulary,-1.399039,50.933442,On or near Chamberlain Road,E01032753,Southampton 009F,Other theft,Investigation complete; no suspect identified,
f1a64cc54fdc83427b27db4d405e13ff039171305660af4405c3867e45a2144f,2024-03,Hampshire Constabulary,Hampshire Constabulary,-1.394071,50.935754,On or near Further/Higher Educational Building,E01032753,Southampton 009F,Vehicle crime,Investigation complete; no suspect identified,
096a7134e7cbbbff8c8a6714528b7027ab6902b9fd9916277f8fc341d5adcc87,2024-03,Hampshire Constabulary,Hampshire Constabulary,-1.401550,50.932915,On or near Furzedown Road,E01032753,Southampton 009F,Vehicle crime,Investigation complete; no suspect identified,
b3e433691746366a96df195b7a7598b7302cbc3a2faed8c9f5f7efb3586f9a3c,2024-03,Hampshire Constabulary,Hampshire Constabulary,-1.393658,50.933567,On or near Hartley Avenue,E01032753,Southampton 009F,Violence and sexual offences,Unable to prosecute suspect,
0f1be9d9d593794c45da11f33e30a6d75e45db7ab6c691f222d53960d12f086e,2024-03,Hampshire Constabulary,Hampshire Constabulary,-1.393658,50.933567,On or near Hartley Avenue,E01032753,Southampton 009F,Violence and sexual offences,Investigation complete; no suspect identified,
f97e269bdd8b76a02c18153840d27a58c403ff77ee5abd94f453516d15ae5097,2024-03,Hampshire Constabulary,Hampshire Constabulary,-1.434885,50.924053,On or near Regent'S Grove,E01017246,Southampton 010A,Burglary,Unable to prosecute suspect,
fe0c96c5e5679408f1c9ab450b30d0ee890250c3bd1b2fed1384681bc6475419,2024-03,Hampshire Constabulary,Hampshire Constabulary,-1.433788,50.927743,On or near Briarswood,E01017246,Southampton 010A,Criminal damage and arson,Unable to prosecute suspect,
d321df8e2f284899c8a0346893c3f31d6272d7d02c3fee5273acb8eb43ab6794,2024-03,Hampshire Constabulary,Hampshire Constabulary,-1.435415,50.926133,On or near Medina Road,E01017246,Southampton 010A,Criminal damage and arson,Unable to prosecute suspect,
04223bb61c1e3d1ae0af0ee0cf6d3cd2d57408e3479cd1063da75f831a7b8317,2024-03,Hampshire Constabulary,Hampshire Constabulary,-1.442015,50.927522,On or near Old Mill Way,E01017246,Southampton 010A,Possession of weapons,Investigation complete; no suspect identified,
1ac8b5862739c67cf47791ba7288a763ac1b96eacbd3b88a11d4e45d74be0b47,2024-03,Hampshire Constabulary,Hampshire Constabulary,-1.440002,50.928052,On or near Bracken Lane,E01017246,Southampton 010A,Violence and sexual offences,Unable to prosecute suspect,
f331b12f9fa714de7533ce681e65560c02def9a16f6ad52d98fc419fe82e840c,2024-03,Hampshire Constabulary,Hampshire Constabulary,-1.440002,50.928052,On or near Bracken Lane,E01017246,Southampton 010A,Violence and sexual offences,Investigation complete; no suspect identified,
c9956335193c8d9a4783e812067f4c52d849b8a0a5abcbef7b19511ffca7f8b0,2024-03,Hampshire Constabulary,Hampshire Constabulary,-1.437409,50.924793,On or near A3057,E01017246,Southampton 010A,Violence and sexual offences,Unable to prosecute suspect,
69a9dd314b662d239b65c261099358bfcba9cca0a6be7fd103c56a696f1fc0ce,2024-03,Hampshire Constabulary,Hampshire Constabulary,-1.434885,50.924053,On or near Regent'S Grove,E01017246,Southampton 010A,Violence and sexual offences,Unable to prosecute suspect,
801d09c28eb28f7631c902185069524c5bf878ba584c1737b02d7662bc4ac36b,2024-03,Hampshire Constabulary,Hampshire Constabulary,-1.434885,50.924053,On or near Regent'S Grove,E01017246,Southampton 010A,Violence and sexual offences,Unable to prosecute suspect,
cd354e37c1bad7173d5f3cab859e973e29000ee26f2629fc9d13436e32618fd3,2024-03,Hampshire Constabulary,Hampshire Constabulary,-1.433856,50.925613,On or near Anglesea Road,E01017246,Southampton 010A,Violence and sexual offences,Unable to prosecute suspect,
cdc27bcade944502e7f8d37834922fb79a7e34fc143cd23ebf786b4fdd953163,2024-03,Hampshire Constabulary,Hampshire Constabulary,-1.439943,50.925813,On or near The Mount,E01017246,Southampton 010A,Violence and sexual offences,Unable to prosecute suspect,
55a6373032793b5ecab29fd2fa06ec0f12ec44690e210e7fad757505817247e9,2024-03,Hampshire Constabulary,Hampshire Constabulary,-1.439943,50.925813,On or near The Mount,E01017246,Southampton 010A,Other crime,Investigation complete; no suspect identified,
8e4fee56d2c8e853d5154c12f8beb6915a89a20942f270779dfb17e52c30cd55,2024-03,Hampshire Constabulary,Hampshire Constabulary,-1.435415,50.926133,On or near Medina Road,E01017246,Southampton 010A,Other crime,Further investigation is not in the public interest,
,2024-03,Hampshire Constabulary,Hampshire Constabulary,-1.432642,50.928313,On or near Oakfield Gardens,E01017246,Southampton 010A,Anti-social behaviour,,
,2024-03,Hampshire Constabulary,Hampshire Constabulary,-1.437409,50.924793,On or near A3057,E01017246,Southampton 010A,Anti-social behaviour,,
,2024-03,Hampshire Constabulary,Hampshire Constabulary,-1.442015,50.927522,On or near Old Mill Way,E01017246,Southampton 010A,Anti-social behaviour,,
aae391467445155b54619f248ade908225b8e1dce4f341c36ec62cad78233742,2024-03,Hampshire Constabulary,Hampshire Constabulary,-1.438720,50.925771,On or near Grange Road,E01017246,Southampton 010A,Public order,Unable to prosecute suspect,
49287aa64e7ed01ee2a75dcf49570247cb654ce1a6695c6f25344cfb9ff4120a,2024-03,Hampshire Constabulary,Hampshire Constabulary,-1.434885,50.924053,On or near Regent'S Grove,E01017246,Southampton 010A,Public order,Investigation complete; no suspect identified,
8fc82927ce3e273e0c04c501bb8cd53518de1ad2e42c3e0bcf52aa052d81f06d,2024-03,Hampshire Constabulary,Hampshire Constabulary,-1.434885,50.924053,On or near Regent'S Grove,E01017246,Southampton 010A,Shoplifting,Investigation complete; no suspect identified,
b941fd4b2283ed66b942abae1733cb843c2efaef814f7845b880d42e1ce808b9,2024-03,Hampshire Constabulary,Hampshire Constabulary,-1.434885,50.924053,On or near Regent'S Grove,E01017246,Southampton 010A,Vehicle crime,Status update unavailable,
0d42048ae08eb21424456a7239fed6bfaba23b3277ded1e69f52911fbfb5e7f9,2024-03,Hampshire Constabulary,Hampshire Constabulary,-1.435415,50.926133,On or near Medina Road,E01017246,Southampton 010A,Vehicle crime,Investigation complete; no suspect identified,
0cb70034fb692b35ac90b66961b58a65b613ce153d80abc5d3007f2f7d52e16a,2024-03,Hampshire Constabulary,Hampshire Constabulary,-1.437185,50.925674,On or near Yarmouth Gardens,E01017246,Southampton 010A,Violence and sexual offences,Investigation complete; no suspect identified,
6845cc945980d4c8e5756580a3ec477b9bd17162ac5624462b230c6444b8bce0,2024-03,Hampshire Constabulary,Hampshire Constabulary,-1.435415,50.926133,On or near Medina Road,E01017246,Southampton 010A,Violence and sexual offences,Unable to prosecute suspect,
9fcd7fdf53dc3efd9a00d12387b3582b8b4fd84097d317c5ae14043934287100,2024-03,Hampshire Constabulary,Hampshire Constabulary,-1.439943,50.925813,On or near The Mount,E01017246,Southampton 010A,Violence and sexual offences,Unable to prosecute suspect,
2ffa67bcf1535a38e36e18689f9b3ccf924e293ac40eae66268e837162722dbf,2024-03,Hampshire Constabulary,Hampshire Constabulary,-1.434885,50.924053,On or near Regent'S Grove,E01017246,Southampton 010A,Violence and sexual offences,Unable to prosecute suspect,
b806ba456ee426be1bde1511c65a09e7b5ba392a0de1acb4ab813d64d13aeae0,2024-03,Hampshire Constabulary,Hampshire Constabulary,-1.434885,50.924053,On or near Regent'S Grove,E01017246,Southampton 010A,Violence and sexual offences,Unable to prosecute suspect,
3002e22c5bab6a602e67adf49842f7eb8c8212e86285692b8dd8d6b420aa827e,2024-03,Hampshire Constabulary,Hampshire Constabulary,-1.431212,50.921886,On or near Parking Area,E01017250,Southampton 010B,Burglary,Investigation complete; no suspect identified,
51438182a4616f8e8d9d4321c02c340a8fd5358427cd290dcaad813f52b10b67,2024-03,Hampshire Constabulary,Hampshire Constabulary,-1.428964,50.920769,On or near Cherry Walk,E01017250,Southampton 010B,Violence and sexual offences,Unable to prosecute suspect,
a1bfb95af32716528fbe028a8cf54f072795bb9c45aa63a8d23327c9958a88bf,2024-03,Hampshire Constabulary,Hampshire Constabulary,-1.428964,50.920769,On or near Cherry Walk,E01017250,Southampton 010B,Violence and sexual offences,Unable to prosecute suspect,
3f9f65fe29898955e407aeda387d7fc5ad5f040a1fe7d2217bc18f0518264f00,2024-03,Hampshire Constabulary,Hampshire Constabulary,-1.433167,50.923748,On or near Crown Street,E01017250,Southampton 010B,Violence and sexual offences,Local resolution,
e6c183a6c8a875ec5e2430d3d019d282a1506e9ad9a70a68c4964a22fefb3602,2024-03,Hampshire Constabulary,Hampshire Constabulary,-1.429413,50.924764,On or near Vaudrey Close,E01017250,Southampton 010B,Violence and sexual offences,Unable to prosecute suspect,
3380c90f589ce737913a58fec1e68e772ef09cad2781674d178e126e487149b6,2024-03,Hampshire Constabulary,Hampshire Constabulary,-1.429413,50.924764,On or near Vaudrey Close,E01017250,Southampton 010B,Violence and sexual offences,Unable to prosecute suspect,
848d166782ecd6a7bfea7ecb23b1189fa5b588b28348f7f3b6c79fd07ca2377c,2024-03,Hampshire Constabulary,Hampshire Constabulary,-1.431196,50.923199,On or near Milner Court,E01017250,Southampton 010B,Violence and sexual offences,Unable to prosecute suspect,
,2024-03,Hampshire Constabulary,Hampshire Constabulary,-1.433167,50.923748,On or near Crown Street,E01017250,Southampton 010B,Anti-social behaviour,,
,2024-03,Hampshire Constabulary,Hampshire Constabulary,-1.433167,50.923748,On or near Crown Street,E01017250,Southampton 010B,Anti-social behaviour,,
d8008a70c7efe150d0e368b2c9f46ec71a540892a3529989ddd2b48d5480bce3,2024-03,Hampshire Constabulary,Hampshire Constabulary,-1.431572,50.923920,On or near Church Street,E01017250,Southampton 010B,Burglary,Investigation complete; no suspect identified,
4efb11b912bd0763a23b33b0a1685ddfbb53a4767774e74a6c622f9105666466,2024-03,Hampshire Constabulary,Hampshire Constabulary,-1.431595,50.922005,On or near Cannon Street,E01017250,Southampton 010B,Criminal damage and arson,Investigation complete; no suspect identified,
776356b089e569ca748bc09dcffc3950bfd1cdd9a58ecd2b618d3feabb202c6d,2024-03,Hampshire Constabulary,Hampshire Constabulary,-1.433167,50.923748,On or near Crown Street,E01017250,Southampton 010B,Other theft,Status update unavailable,
db40c537f0f0be5860b06007eb7c82ae19a59f71e91211f53bc552adc06e9fcc,2024-03,Hampshire Constabulary,Hampshire Constabulary,-1.431572,50.923920,On or near Church Street,E01017250,Southampton 010B,Public order,Unable to prosecute suspect,
ab85d44f2d5c93ccbdc6d79de51fff82c89a137a43c92d942c42e7f2729d1fcf,2024-03,Hampshire Constabulary,Hampshire Constabulary,-1.431572,50.923920,On or near Church Street,E01017250,Southampton 010B,Public order,Investigation complete; no suspect identified,
6f04ffcc9bee666205e5fc91778221527f47e049f98dda5ea559c89bc56129af,2024-03,Hampshire Constabulary,Hampshire Constabulary,-1.431884,50.922860,On or near Vincent Street,E01017250,Southampton 010B,Public order,Investigation complete; no suspect identified,
1361e703b1d98a244b71946afcef56e276bd58f58ee0f64da6508f3a9ca3f0bc,2024-03,Hampshire Constabulary,Hampshire Constabulary,-1.431884,50.922860,On or near Vincent Street,E01017250,Southampton 010B,Shoplifting,Investigation complete; no suspect identified,
874b2133c86bf2ae3760d1dfeb84ce3a084e60162f11205abe16ed6edad85300,2024-03,Hampshire Constabulary,Hampshire Constabulary,-1.431572,50.923920,On or near Church Street,E01017250,Southampton 010B,Violence and sexual offences,Unable to prosecute suspect,
0da7b8e31c4ce92c7c0ff8414a43eb4db931d24cdd0bfb6d051e17c146de35a7,2024-03,Hampshire Constabulary,Hampshire Constabulary,-1.431572,50.923920,On or near Church Street,E01017250,Southampton 010B,Violence and sexual offences,Unable to prosecute suspect,
d89c82da42738ddfec81d6d04cecbc5cdede732d104a0aa20bfd6463339edc25,2024-03,Hampshire Constabulary,Hampshire Constabulary,-1.431572,50.923920,On or near Church Street,E01017250,Southampton 010B,Violence and sexual offences,Investigation complete; no suspect identified,
d8edc4bb31bd691128e5dc379e0c139afd436441988444db1b5b92b6d977a472,2024-03,Hampshire Constabulary,Hampshire Constabulary,-1.432265,50.924238,On or near Ridding Close,E01017250,Southampton 010B,Violence and sexual offences,Status update unavailable,
b39e48966cb612a373f9aaffa9f65ef0949353527e250b020a2b4921a46cd6ce,2024-03,Hampshire Constabulary,Hampshire Constabulary,-1.431196,50.923199,On or near Milner Court,E01017250,Southampton 010B,Violence and sexual offences,Unable to prosecute suspect,
7476e293f88e33678cc483be0de60ea4ad64b977a95b0c668e652cc97ee9beb1,2024-03,Hampshire Constabulary,Hampshire Constabulary,-1.433047,50.932470,On or near Hospital,E01017251,Southampton 010C,Drugs,Court result unavailable,
12568c7606e08068121f30818cf0f6f1d009697436127fef8888f8c4b4ecb306,2024-03,Hampshire Constabulary,Hampshire Constabulary,-1.435104,50.933019,On or near Hospital,E01017251,Southampton 010C,Public order,Unable to prosecute suspect,
46fe0e182763a6c8f2993969ff1343985ba87fd733b267dc8821470b00030159,2024-03,Hampshire Constabulary,Hampshire Constabulary,-1.435104,50.933019,On or near Hospital,E01017251,Southampton 010C,Public order,Unable to prosecute suspect,
649a8206455ee24054f2db12710aefc834a1846d7ac65fae965fb0035eca443f,2024-03,Hampshire Constabulary,Hampshire Constabulary,-1.435104,50.933019,On or near Hospital,E01017251,Southampton 010C,Public order,Unable to prosecute suspect,
aa1692426f5ab0eafe852006efb1d914b7cc5438b3f91e66914b3eb727088aa5,2024-03,Hampshire Constabulary,Hampshire Constabulary,-1.435104,50.933019,On or near Hospital,E01017251,Southampton 010C,Public order,Unable to prosecute suspect,
7d408019aebd1b4470bd5823ed81682e27496a04795740d1e721e0f8a7438072,2024-03,Hampshire Constabulary,Hampshire Constabulary,-1.438468,50.927838,On or near Holland Place,E01017251,Southampton 010C,Violence and sexual offences,Unable to prosecute suspect,
0b3a72e9c7cad7a12bc45e1e68e0990b94d46b57a94623e855f21402ee7f7cbe,2024-03,Hampshire Constabulary,Hampshire Constabulary,-1.433047,50.932470,On or near Hospital,E01017251,Southampton 010C,Violence and sexual offences,Unable to prosecute suspect,
9f0766e16ee4f532d7fa747c12e272792e7c3b9b4551d228fa9e1efcfa50f55a,2024-03,Hampshire Constabulary,Hampshire Constabulary,-1.442518,50.933001,On or near Birch Close,E01017251,Southampton 010C,Violence and sexual offences,Unable to prosecute suspect,
e556d1a47de8402723ef610aa3bee8bc02968a6b83bb3f3b24dfa1d5e1876087,2024-03,Hampshire Constabulary,Hampshire Constabulary,-1.435104,50.933019,On or near Hospital,E01017251,Southampton 010C,Violence and sexual offences,Unable to prosecute suspect,
3b8c9c27c3c4cc514873be6a5e9b67f432c2140776f6bc119578f7a00226aec0,2024-03,Hampshire Constabulary,Hampshire Constabulary,-1.435104,50.933019,On or near Hospital,E01017251,Southampton 010C,Violence and sexual offences,Local resolution,
32d1cb011a491dc42659038bf5a242a9d9e0db51f6c54dfe8dececbe28c75e91,2024-03,Hampshire Constabulary,Hampshire Constabulary,-1.433047,50.932470,On or near Hospital,E01017251,Southampton 010C,Violence and sexual offences,Unable to prosecute suspect,
06fc62fadd4f0936f4797f8a00d2f2e259d6f5d34a8598789dc7c825f5d57664,2024-03,Hampshire Constabulary,Hampshire Constabulary,-1.433047,50.932470,On or near Hospital,E01017251,Southampton 010C,Violence and sexual offences,Awaiting court outcome,
547e999d62d4c4b41cf35347e1e318233909051ec6241d3b1af6f4c81b898c5b,2024-03,Hampshire Constabulary,Hampshire Constabulary,-1.437339,50.931762,On or near Laundry Road,E01017251,Southampton 010C,Violence and sexual offences,Unable to prosecute suspect,
0161074696a00231fbcd07856ac2064e9ce97c68e286874bd6cd942bec83a94d,2024-03,Hampshire Constabulary,Hampshire Constabulary,-1.433047,50.932470,On or near Hospital,E01017251,Southampton 010C,Violence and sexual offences,Court result unavailable,
408239613678eda939e6385aae3755df27cd26aed27542ee9b916e09dec59141,2024-03,Hampshire Constabulary,Hampshire Constabulary,-1.433047,50.932470,On or near Hospital,E01017251,Southampton 010C,Violence and sexual offences,Court result unavailable,
fce58c2aac1ca2b9687823181f4810b905aca9765d461fe5efb78d10d4115721,2024-03,Hampshire Constabulary,Hampshire Constabulary,-1.433047,50.932470,On or near Hospital,E01017251,Southampton 010C,Violence and sexual offences,Unable to prosecute suspect,
5d612346fc12db92b9e96e41cc771a203bcaecbaf35577388fc933467ca77571,2024-03,Hampshire Constabulary,Hampshire Constabulary,-1.435104,50.933019,On or near Hospital,E01017251,Southampton 010C,Violence and sexual offences,Unable to prosecute suspect,
05075b14cdd1baed38c9823d05bffb898efa7843cc8f02b37e06459746913689,2024-03,Hampshire Constabulary,Hampshire Constabulary,-1.435104,50.933019,On or near Hospital,E01017251,Southampton 010C,Violence and sexual offences,Unable to prosecute suspect,
88fc9c1ac1519e402cbda909de702f74bc46a10b6a049dd578a5adf135db20f6,2024-03,Hampshire Constabulary,Hampshire Constabulary,-1.435104,50.933019,On or near Hospital,E01017251,Southampton 010C,Violence and sexual offences,Unable to prosecute suspect,
68a7a20b686cc4a8e9c9c58ccc344e9f711a220b52a2ab6a24f9f820bda9b73b,2024-03,Hampshire Constabulary,Hampshire Constabulary,-1.435104,50.933019,On or near Hospital,E01017251,Southampton 010C,Violence and sexual offences,Unable to prosecute suspect,
97e5b362a6a23bc8144bd0acfff74e69420556d0431936c82592d74c8a3831c6,2024-03,Hampshire Constabulary,Hampshire Constabulary,-1.435104,50.933019,On or near Hospital,E01017251,Southampton 010C,Violence and sexual offences,Unable to prosecute suspect,
b369773317d5b28ed97751cf005c21ef575945be093ebef55801dfa3a56c5b9c,2024-03,Hampshire Constabulary,Hampshire Constabulary,-1.435104,50.933019,On or near Hospital,E01017251,Southampton 010C,Violence and sexual offences,Local resolution,
b2bfea574c287f3868a82fff9d3b990b665b1843730538f2cf4bc3d06a69a8c9,2024-03,Hampshire Constabulary,Hampshire Constabulary,-1.435104,50.933019,On or near Hospital,E01017251,Southampton 010C,Violence and sexual offences,Local resolution,
,2024-03,Hampshire Constabulary,Hampshire Constabulary,-1.438468,50.927838,On or near Holland Place,E01017251,Southampton 010C,Anti-social behaviour,,
3f58dbc70295b8125bf51d36716289b4b1b346ef33818ed1ec58e15f5de8e081,2024-03,Hampshire Constabulary,Hampshire Constabulary,-1.433047,50.932470,On or near Hospital,E01017251,Southampton 010C,Criminal damage and arson,Unable to prosecute suspect,
934e2f20ea7e7d3ff45f0fd4d64e22cd15fd9bf66aadcb90144bb72074ea3085,2024-03,Hampshire Constabulary,Hampshire Constabulary,-1.435104,50.933019,On or near Hospital,E01017251,Southampton 010C,Criminal damage and arson,Unable to prosecute suspect,
7223070d277445d02becfa72308a2d78bb2f34f09a0142d2a435c194de66a7e6,2024-03,Hampshire Constabulary,Hampshire Constabulary,-1.433047,50.932470,On or near Hospital,E01017251,Southampton 010C,Drugs,Court result unavailable,
f63200660ee5bed6604834fefb25f1227a21cdf725d84226e06cd28f159da7e7,2024-03,Hampshire Constabulary,Hampshire Constabulary,-1.435104,50.933019,On or near Hospital,E01017251,Southampton 010C,Drugs,Unable to prosecute suspect,
31440cc7370fb6fb14ca7b5dc8fc325a0267fc1b0208dd98677b700300d1f86f,2024-03,Hampshire Constabulary,Hampshire Constabulary,-1.433047,50.932470,On or near Hospital,E01017251,Southampton 010C,Other theft,Investigation complete; no suspect identified,
a627a788b71641b59bd92562dfe0988b3155645bdc5b55251232066f815b28d2,2024-03,Hampshire Constabulary,Hampshire Constabulary,-1.435104,50.933019,On or near Hospital,E01017251,Southampton 010C,Other theft,Investigation complete; no suspect identified,
1e06e4333f75152f38fc1305b7b062d420443a6c4ffc3951049e4192ae6bc862,2024-03,Hampshire Constabulary,Hampshire Constabulary,-1.442518,50.933001,On or near Birch Close,E01017251,Southampton 010C,Public order,Investigation complete; no suspect identified,
6f46e2bc32703b64374e63c98f0930e528bb720e719975d74733e9e1cdaef31f,2024-03,Hampshire Constabulary,Hampshire Constabulary,-1.436207,50.928879,On or near Tremona Court,E01017251,Southampton 010C,Public order,Unable to prosecute suspect,
c103c053641823de2429704c66a4737fb690d64b3a896186a29f26b826e60245,2024-03,Hampshire Constabulary,Hampshire Constabulary,-1.435104,50.933019,On or near Hospital,E01017251,Southampton 010C,Public order,Action to be taken by another organisation,
e502acc7db15232b245ee540b2d91e7a999cb450c571d01e6c6dcd4055d8e270,2024-03,Hampshire Constabulary,Hampshire Constabulary,-1.442518,50.933001,On or near Birch Close,E01017251,Southampton 010C,Public order,Investigation complete; no suspect identified,
94f5629a3c49479ed80669a1d3eba1579e5a5918ab311c77abe8de8c376a686d,2024-03,Hampshire Constabulary,Hampshire Constabulary,-1.435104,50.933019,On or near Hospital,E01017251,Southampton 010C,Public order,Unable to prosecute suspect,
4792591ae9e4215cc612a76b219fa28de7096d3ec22d98ae26b1190b7963b326,2024-03,Hampshire Constabulary,Hampshire Constabulary,-1.433047,50.932470,On or near Hospital,E01017251,Southampton 010C,Robbery,Investigation complete; no suspect identified,
a9d6ca3505682b09fa9c3f5fee91c11430b8554c3105cd8f1c0256dcf170c44f,2024-03,Hampshire Constabulary,Hampshire Constabulary,-1.433206,50.931122,On or near Tremona Road,E01017251,Southampton 010C,Vehicle crime,Investigation complete; no suspect identified,
7089fe4cc7cdfcdc47436745bc8d46165ccd0bd1190d89a0c2369bb6b5ba40eb,2024-03,Hampshire Constabulary,Hampshire Constabulary,-1.435104,50.933019,On or near Hospital,E01017251,Southampton 010C,Violence and sexual offences,Investigation complete; no suspect identified,
e6b18296fc9d4b2d235f2bd0707e498300b40500dc7db7dada3b075f40b36846,2024-03,Hampshire Constabulary,Hampshire Constabulary,-1.435104,50.933019,On or near Hospital,E01017251,Southampton 010C,Violence and sexual offences,Investigation complete; no suspect identified,
621cbf363a94ab37265616b62fbf9b34a8ef8461be002d7ce6b275376bf0a6e1,2024-03,Hampshire Constabulary,Hampshire Constabulary,-1.437339,50.931762,On or near Laundry Road,E01017251,Southampton 010C,Violence and sexual offences,Unable to prosecute suspect,
20506feaf7e164b2aab637667b5f19b0f90db34c7f42f099b2b5b0507da7066e,2024-03,Hampshire Constabulary,Hampshire Constabulary,-1.435104,50.933019,On or near Hospital,E01017251,Southampton 010C,Violence and sexual offences,Unable to prosecute suspect,
a9b2609d095d8fc2aa93a0e3f49ea0dc4784b3d36766701fa978862c7264e225,2024-03,Hampshire Constabulary,Hampshire Constabulary,-1.442871,50.933290,On or near Birch Road,E01017251,Southampton 010C,Violence and sexual offences,Investigation complete; no suspect identified,
367625b115b712dc1921e6d55e13a4309fdec3775a8807a4c5718717d00814f8,2024-03,Hampshire Constabulary,Hampshire Constabulary,-1.435104,50.933019,On or near Hospital,E01017251,Southampton 010C,Violence and sexual offences,Status update unavailable,
2b9218de3b20c7318d6b603ded65fb02d19980f9da54efe5db4b8a6d7aedab41,2024-03,Hampshire Constabulary,Hampshire Constabulary,-1.435104,50.933019,On or near Hospital,E01017251,Southampton 010C,Violence and sexual offences,Status update unavailable,
c8d4bf1851c7ebd49193d6eedf56ba4e73d3d7b35b198d867908f4d2f77039c9,2024-03,Hampshire Constabulary,Hampshire Constabulary,-1.440610,50.930726,On or near Chestnut Road,E01017253,Southampton 010D,Burglary,Unable to prosecute suspect,
a8838021aa69a7614ca08f10d524aafee74ef781457d17de509e7890e18b556a,2024-03,Hampshire Constabulary,Hampshire Constabulary,-1.442359,50.930851,On or near Warren Crescent,E01017253,Southampton 010D,Violence and sexual offences,Unable to prosecute suspect,
a43c12aa0ae5cd888642645c0c7dcee5ab878cdaebdcb92770fae73789b89dc8,2024-03,Hampshire Constabulary,Hampshire Constabulary,-1.446609,50.931231,On or near Thorndike Road,E01017253,Southampton 010D,Violence and sexual offences,Investigation complete; no suspect identified,
acdcf36d61757054b023e01ba32cde0819a2f8fa7691bf186ee566ae93896f15,2024-03,Hampshire Constabulary,Hampshire Constabulary,-1.438639,50.930168,On or near Warren Avenue,E01017253,Southampton 010D,Violence and sexual offences,Action to be taken by another organisation,
a8c2d0c3fcea18af41be3b84bca3e0219fefbd923a9c0bbd4f15a0e23f846c5f,2024-03,Hampshire Constabulary,Hampshire Constabulary,-1.438639,50.930168,On or near Warren Avenue,E01017253,Southampton 010D,Violence and sexual offences,Action to be taken by another organisation,
d6bde8cca248957bf488c02ab3a893f59e64d948768d454adbcc5ef817f8891e,2024-03,Hampshire Constabulary,Hampshire Constabulary,-1.442555,50.931095,On or near Ross Gardens,E01017253,Southampton 010D,Violence and sexual offences,Unable to prosecute suspect,
713d35d736b4b127f3bbefbbb4c29410c2a4e0982a87db6a2043c0256fa2ea46,2024-03,Hampshire Constabulary,Hampshire Constabulary,-1.438639,50.930168,On or near Warren Avenue,E01017253,Southampton 010D,Violence and sexual offences,Unable to prosecute suspect,
,2024-03,Hampshire Constabulary,Hampshire Constabulary,-1.443842,50.931766,On or near Coxford Close,E01017253,Southampton 010D,Anti-social behaviour,,
38d0dbe883af79214222e1b4f898dd9fbcae8b7f238d15ef8a5d14eef14f9e54,2024-03,Hampshire Constabulary,Hampshire Constabulary,-1.438639,50.930168,On or near Warren Avenue,E01017253,Southampton 010D,Bicycle theft,Investigation complete; no suspect identified,
cb08cc6881418db41e448c32224b2cd5a6f1dd458f4d7edaaef2d314ffc97166,2024-03,Hampshire Constabulary,Hampshire Constabulary,-1.446609,50.931231,On or near Thorndike Road,E01017253,Southampton 010D,Criminal damage and arson,Unable to prosecute suspect,
39b72b855bdacfaea7d48869919a4f49c8b8c2f48848285a5fb6d43a278566d7,2024-03,Hampshire Constabulary,Hampshire Constabulary,-1.446563,50.930331,On or near Hardwicke Close,E01017253,Southampton 010D,Drugs,Status update unavailable,
a6d416b9f2d23efe523c7a4940b7fec24f9d82910f565bdb36afb103ab2739ad,2024-03,Hampshire Constabulary,Hampshire Constabulary,-1.445345,50.932214,On or near Thorndike Close,E01017253,Southampton 010D,Possession of weapons,Unable to prosecute suspect,
ab0acf981ad337a599558f56be4accf0ad21bdcff14c1bd43d06c7b31a173817,2024-03,Hampshire Constabulary,Hampshire Constabulary,-1.446563,50.930331,On or near Hardwicke Close,E01017253,Southampton 010D,Public order,Status update unavailable,
fdb8ebaa56e98fd6a62f7ef7e3395a047727d1e42ae1475a6d3a712c3eb725f7,2024-03,Hampshire Constabulary,Hampshire Constabulary,-1.445345,50.932214,On or near Thorndike Close,E01017253,Southampton 010D,Violence and sexual offences,Unable to prosecute suspect,
e81af0ad9a7a7ea710b6eaf733fff779c5765b63965cbe739d3a8f8c13b1adb0,2024-03,Hampshire Constabulary,Hampshire Constabulary,-1.438639,50.930168,On or near Warren Avenue,E01017253,Southampton 010D,Violence and sexual offences,Investigation complete; no suspect identified,
26542a045a06528133789e687ae0db01db6ec5d54bc057e851a3b70ede78f70f,2024-03,Hampshire Constabulary,Hampshire Constabulary,-1.427604,50.919170,On or near Supermarket,E01017247,Southampton 011A,Burglary,Investigation complete; no suspect identified,
3868d8b185957b0e05ec86537e0ea77fd5c72513bbdac465ffaf178829f9e64b,2024-03,Hampshire Constabulary,Hampshire Constabulary,-1.427604,50.919170,On or near Supermarket,E01017247,Southampton 011A,Public order,Investigation complete; no suspect identified,
511e4cf9d33e1fdcbde7e444e839a76ce08f84af94e2960ae62bb8c35685b34a,2024-03,Hampshire Constabulary,Hampshire Constabulary,-1.427604,50.919170,On or near Supermarket,E01017247,Southampton 011A,Public order,Unable to prosecute suspect,
137486575f0885e48b77280df572d284fbe9d9f224b16eaf097e49bef6ba9138,2024-03,Hampshire Constabulary,Hampshire Constabulary,-1.427604,50.919170,On or near Supermarket,E01017247,Southampton 011A,Shoplifting,Unable to prosecute suspect,
a9a9c327042b4b7246989bfb3a2ab19692bc8bdf1c24a3c6ffef5d56c3526b98,2024-03,Hampshire Constabulary,Hampshire Constabulary,-1.425204,50.919986,On or near Cunard Avenue,E01017247,Southampton 011A,Violence and sexual offences,Local resolution,
9f9cd11f7dfa2c8557b1d486765d141ffef0c8b77919b428378810e9595cb9c5,2024-03,Hampshire Constabulary,Hampshire Constabulary,-1.427604,50.919170,On or near Supermarket,E01017247,Southampton 011A,Violence and sexual offences,Unable to prosecute suspect,
ed4956feb664bd0e114bc843f1a8f150e2e25f1fe344ce56a015b024d79c7a73,2024-03,Hampshire Constabulary,Hampshire Constabulary,-1.425204,50.919986,On or near Cunard Avenue,E01017247,Southampton 011A,Violence and sexual offences,Local resolution,
855e69d49717394f24db30122571ed9750add800a45c4b535a4ecf4d51301626,2024-03,Hampshire Constabulary,Hampshire Constabulary,-1.427604,50.919170,On or near Supermarket,E01017247,Southampton 011A,Shoplifting,Investigation complete; no suspect identified,
c57c7ee760df92c15b3a5d00bd33bf7e6640527e9e6a66f749d9010091405ac9,2024-03,Hampshire Constabulary,Hampshire Constabulary,-1.428016,50.921484,On or near Gurney Road,E01017247,Southampton 011A,Violence and sexual offences,Status update unavailable,
6ca995a723345bc38333736d88775354d6c893908553e53729e0b77cfb1592be,2024-03,Hampshire Constabulary,Hampshire Constabulary,-1.427604,50.919170,On or near Supermarket,E01017247,Southampton 011A,Violence and sexual offences,Unable to prosecute suspect,
aa20cb2c10862a8a180db14dfa8692a641ef13c2973217fc117c52cb63d60b21,2024-03,Hampshire Constabulary,Hampshire Constabulary,-1.422130,50.928046,On or near Bellemoor Road,E01017248,Southampton 011B,Public order,Investigation complete; no suspect identified,
40308b23ad62bf6af0837c532180f9e6260a6f3b71dd25eee3d72b9547d77dd6,2024-03,Hampshire Constabulary,Hampshire Constabulary,-1.416365,50.923683,On or near Kellett Road,E01017249,Southampton 011C,Violence and sexual offences,Further action is not in the public interest,
,2024-03,Hampshire Constabulary,Hampshire Constabulary,-1.407535,50.922155,On or near Parking Area,E01017249,Southampton 011C,Anti-social behaviour,,
,2024-03,Hampshire Constabulary,Hampshire Constabulary,-1.416365,50.923683,On or near Kellett Road,E01017249,Southampton 011C,Anti-social behaviour,,
b8b391d5acd13cd4693cd8dffc596f5438650ab2b22bfd9d2d31e2e02e7d35dc,2024-03,Hampshire Constabulary,Hampshire Constabulary,-1.407535,50.922155,On or near Parking Area,E01017249,Southampton 011C,Burglary,Investigation complete; no suspect identified,
b700cfd9bd370087c7ef394487a9d90a3f13ad7972850dd90bd4bbb2fed6bee8,2024-03,Hampshire Constabulary,Hampshire Constabulary,-1.420876,50.921322,On or near Hanley Road,E01017249,Southampton 011C,Other theft,Formal action is not in the public interest,
b7fd0d221b88cbf11d323e26b7dc986c5a1f2964d62775cb0c0e005ad36cf339,2024-03,Hampshire Constabulary,Hampshire Constabulary,-1.421960,50.931489,On or near Pentire Way,E01017252,Southampton 011D,Burglary,Investigation complete; no suspect identified,
bcbf378c58554443922d007cb77f5fae500cdbc1785338653ae47c722007238b,2024-03,Hampshire Constabulary,Hampshire Constabulary,-1.419568,50.931612,On or near Warwick Road,E01017252,Southampton 011D,Violence and sexual offences,Unable to prosecute suspect,
9dae1eb8d8d6d14cb4c79ca84a3d18bcbdf7984909b7c12d698ba8ff556e42e9,2024-03,Hampshire Constabulary,Hampshire Constabulary,-1.417752,50.928843,On or near Lincoln Court,E01017252,Southampton 011D,Other crime,Investigation complete; no suspect identified,
,2024-03,Hampshire Constabulary,Hampshire Constabulary,-1.418765,50.930934,On or near Melrose Road,E01017252,Southampton 011D,Anti-social behaviour,,
259f725f187716cdab21b785f246630fe0ccb7e75574c0bdc6504386c59d2d64,2024-03,Hampshire Constabulary,Hampshire Constabulary,-1.419568,50.931612,On or near Warwick Road,E01017252,Southampton 011D,Other theft,Investigation complete; no suspect identified,
8f66e7909724649dbf3f7a00df81589c765cd6c4b3235562abece0bdf78a2414,2024-03,Hampshire Constabulary,Hampshire Constabulary,-1.425340,50.928538,On or near Queen'S Road,E01017252,Southampton 011D,Other theft,Investigation complete; no suspect identified,
5de712dbe5d96812b9b0f9fd2981faa1615ebaa45e63d0850b39ac06a7b01a10,2024-03,Hampshire Constabulary,Hampshire Constabulary,-1.421098,50.932168,On or near Pewsey Place,E01017252,Southampton 011D,Violence and sexual offences,Further investigation is not in the public interest,
bb3eed8f4da81abbc2c034304f0cc7f6f60d24c4d4bdd2a7f89b59e31769f43e,2024-03,Hampshire Constabulary,Hampshire Constabulary,-1.421098,50.932168,On or near Pewsey Place,E01017252,Southampton 011D,Violence and sexual offences,Further investigation is not in the public interest,
dc57ee283df868fcfb3d62cf187538ac98b852a95e3ae80053b3f9b414325b63,2024-03,Hampshire Constabulary,Hampshire Constabulary,-1.425340,50.928538,On or near Queen'S Road,E01017252,Southampton 011D,Violence and sexual offences,Unable to prosecute suspect,
37e44f246de384fc1d1a6ff294c382002423ce86dafa7fee619e255abc0c1fda,2024-03,Hampshire Constabulary,Hampshire Constabulary,-1.428833,50.927998,On or near St James'S Close,E01017254,Southampton 011E,Drugs,Court result unavailable,
f7188b2dff12a0ff430d77afbd0fc711743ae0a0f2e3afb87dad30828815dfda,2024-03,Hampshire Constabulary,Hampshire Constabulary,-1.428833,50.927998,On or near St James'S Close,E01017254,Southampton 011E,Public order,Unable to prosecute suspect,
1c7c2b9912e90553694a0922c66588240e7045f5abcbbfa2406846348b8bbf40,2024-03,Hampshire Constabulary,Hampshire Constabulary,-1.426420,50.925154,On or near Twyford Avenue,E01017254,Southampton 011E,Vehicle crime,Investigation complete; no suspect identified,
c2be63663e92c1a167a2e76909ab70a567e4eea49ea81a1566989d772a82def0,2024-03,Hampshire Constabulary,Hampshire Constabulary,-1.424388,50.925018,On or near Upper Shirley Avenue,E01017254,Southampton 011E,Violence and sexual offences,Unable to prosecute suspect,
,2024-03,Hampshire Constabulary,Hampshire Constabulary,-1.429519,50.928937,On or near St Winifred'S Road,E01017254,Southampton 011E,Anti-social behaviour,,
4757cb03df34df2d4716db2deeeac220c1ef6cb159bc1dc9aa1fb0b5af44dd33,2024-03,Hampshire Constabulary,Hampshire Constabulary,-1.426443,50.926781,On or near Colebrook Avenue,E01017254,Southampton 011E,Vehicle crime,Investigation complete; no suspect identified,
a2018aff6781bc446898cfc0619583e732ca2e5174e961bd523ed53b49836679,2024-03,Hampshire Constabulary,Hampshire Constabulary,-1.430268,50.930469,On or near Dale Road,E01017254,Southampton 011E,Violence and sexual offences,Investigation complete; no suspect identified,
b8afe942b3732a5dcd0d0fa6c83ed6b65eac668f57c0cb2963235082050a1b0a,2024-03,Hampshire Constabulary,Hampshire Constabulary,-1.428833,50.927998,On or near St James'S Close,E01017254,Southampton 011E,Violence and sexual offences,Status update unavailable,
7ff90df9d929493e2c892fbff29d71ab1f8bdf6c688a5835b6e7beab5d3136d0,2024-03,Hampshire Constabulary,Hampshire Constabulary,-1.428833,50.927998,On or near St James'S Close,E01017254,Southampton 011E,Violence and sexual offences,Status update unavailable,
6c4c9f3c6da67a4d32103f4e2eca97976df02f05e142fa0ae5bbd3dcba3397f1,2024-03,Hampshire Constabulary,Hampshire Constabulary,-1.464083,50.925099,On or near Kendal Avenue,E01017236,Southampton 012A,Public order,Investigation complete; no suspect identified,
5549076263dcb23459963065703bb323e766260d2da3ce1f8d3ca9d25b428e08,2024-03,Hampshire Constabulary,Hampshire Constabulary,-1.464083,50.925099,On or near Kendal Avenue,E01017236,Southampton 012A,Shoplifting,Court result unavailable,
d557f9a033db3637e762557e80a93cbe0d9eef57d8aebfd15fbd8276e4d826cb,2024-03,Hampshire Constabulary,Hampshire Constabulary,-1.464083,50.925099,On or near Kendal Avenue,E01017236,Southampton 012A,Shoplifting,Unable to prosecute suspect,
78492999b94c820e97a83e01ed7c25338303db37e3f6ade6aa3035238264363b,2024-03,Hampshire Constabulary,Hampshire Constabulary,-1.465548,50.928864,On or near Culver Close,E01017236,Southampton 012A,Violence and sexual offences,Unable to prosecute suspect,
e9e7bbfe0f524a1de6f0e87b9cf1b31c2e1a7f7cb02c3d54ffabfcec8d3f8a35,2024-03,Hampshire Constabulary,Hampshire Constabulary,-1.465576,50.928864,On or near Porlock Road,E01017236,Southampton 012A,Violence and sexual offences,Unable to prosecute suspect,
21eaaebcbd11d57153cc3870909fe58293ccf72c8e9795b8340ee89ab6ebb651,2024-03,Hampshire Constabulary,Hampshire Constabulary,-1.465468,50.924646,On or near Studland Close,E01017236,Southampton 012A,Violence and sexual offences,Investigation complete; no suspect identified,
81f0c746647335a1751f305565aff1fbbddcddb18222c595fcaf1b00ae000066,2024-03,Hampshire Constabulary,Hampshire Constabulary,-1.465468,50.924646,On or near Studland Close,E01017236,Southampton 012A,Other crime,Unable to prosecute suspect,
,2024-03,Hampshire Constabulary,Hampshire Constabulary,-1.465468,50.924646,On or near Studland Close,E01017236,Southampton 012A,Anti-social behaviour,,
,2024-03,Hampshire Constabulary,Hampshire Constabulary,-1.465468,50.924646,On or near Studland Close,E01017236,Southampton 012A,Anti-social behaviour,,
,2024-03,Hampshire Constabulary,Hampshire Constabulary,-1.470773,50.929814,On or near Redbridge Lane,E01017236,Southampton 012A,Anti-social behaviour,,
b4099c3349f7bef6b6559c7ea9032b05840bf8a2686184d6bf1baff0610ae0ec,2024-03,Hampshire Constabulary,Hampshire Constabulary,-1.467787,50.928398,On or near Thorness Close,E01017236,Southampton 012A,Burglary,Investigation complete; no suspect identified,
34c7e70b8d5013e1cd792229ec843a48a3d2067f3f222a513d5dcb6786c7ca47,2024-03,Hampshire Constabulary,Hampshire Constabulary,-1.465548,50.928864,On or near Culver Close,E01017236,Southampton 012A,Criminal damage and arson,Investigation complete; no suspect identified,
2be3f05f210b38bd659933f6bf7fbf3b0ceda754087811c3b20754c3f03032ce,2024-03,Hampshire Constabulary,Hampshire Constabulary,-1.465468,50.924646,On or near Studland Close,E01017236,Southampton 012A,Violence and sexual offences,Unable to prosecute suspect,
031b96a884a1ee8a1616cb8744a9909da7878b83ef6fa602fcaf23ab7bd00cb1,2024-03,Hampshire Constabulary,Hampshire Constabulary,-1.456998,50.923843,On or near Welland Green,E01017237,Southampton 012B,Public order,Unable to prosecute suspect,
9bcc9320b2513fb2d77eeb90db91a51433945e3617a59fb532b2974af2008630,2024-03,Hampshire Constabulary,Hampshire Constabulary,-1.458135,50.926330,On or near Mansel Road East,E01017237,Southampton 012B,Violence and sexual offences,Unable to prosecute suspect,
2041bc03c5f9467adc17724aa9a9553607383dbb7768ee1a258b5e57378357ff,2024-03,Hampshire Constabulary,Hampshire Constabulary,-1.461576,50.922839,On or near Mardale Road,E01017237,Southampton 012B,Violence and sexual offences,Unable to prosecute suspect,
f76c1947ea764563667a4533949d232379d2f5b3aea840ce45ef160a4f41ff17,2024-03,Hampshire Constabulary,Hampshire Constabulary,-1.456275,50.923552,On or near Teme Road,E01017237,Southampton 012B,Violence and sexual offences,Unable to prosecute suspect,
21b08b9315b8a3f5f7d08156926de8634a146bb4ad395ea73478c7ca747b7132,2024-03,Hampshire Constabulary,Hampshire Constabulary,-1.461084,50.923601,On or near Colwell Close,E01017237,Southampton 012B,Violence and sexual offences,Unable to prosecute suspect,
6bf5ad486b2dbab110889a2caa96b8ca77228e23a39a4274442fc2011942bb82,2024-03,Hampshire Constabulary,Hampshire Constabulary,-1.461114,50.924644,On or near Copeland Road,E01017237,Southampton 012B,Violence and sexual offences,Unable to prosecute suspect,
ae81372a935b580f3cc07f6245fa3ffdced6e2a8ccc731de1b44974ac167a17a,2024-03,Hampshire Constabulary,Hampshire Constabulary,-1.461576,50.922839,On or near Mardale Road,E01017237,Southampton 012B,Violence and sexual offences,Unable to prosecute suspect,
529f9b8fc52508c608cbea0a99578b93bf5dbd4bcb0a34d01583f4b28058101a,2024-03,Hampshire Constabulary,Hampshire Constabulary,-1.459095,50.923358,On or near Cherwell Crescent,E01017237,Southampton 012B,Violence and sexual offences,Unable to prosecute suspect,
d264ce7d72585b38c54bf8fdfbef8a8bba650849eb80d352968c80ccdb2eeb51,2024-03,Hampshire Constabulary,Hampshire Constabulary,-1.461576,50.922839,On or near Mardale Road,E01017237,Southampton 012B,Violence and sexual offences,Unable to prosecute suspect,
622802308235d0a60148f4a16eac906c68681ee5db8fd99346569b9436b08eb6,2024-03,Hampshire Constabulary,Hampshire Constabulary,-1.458883,50.924409,On or near Waveney Green,E01017237,Southampton 012B,Burglary,Investigation complete; no suspect identified,
cf57097c6da91a9904788a3c45c1a485adf62e336315fed5be0b289b8b7b2c29,2024-03,Hampshire Constabulary,Hampshire Constabulary,-1.455929,50.922732,On or near Severn Road,E01017237,Southampton 012B,Public order,Status update unavailable,
ddd6c51699c50485b45854d225c3123d6072a53f2e4fdf331d9448a435f0bf51,2024-03,Hampshire Constabulary,Hampshire Constabulary,-1.460244,50.926097,On or near Bideford Close,E01017237,Southampton 012B,Public order,Unable to prosecute suspect,
f325d53391b9fdc11f88dcd47fa6d76f75f5cd1f46f6ca255a681c96d7eab002,2024-03,Hampshire Constabulary,Hampshire Constabulary,-1.460748,50.921864,On or near Bampton Close,E01017237,Southampton 012B,Vehicle crime,Investigation complete; no suspect identified,
2aea6fc3b36719cef2ce3bd7b8605c5590a8469d5114e2e66f3feb3e147865ab,2024-03,Hampshire Constabulary,Hampshire Constabulary,-1.456998,50.923843,On or near Welland Green,E01017237,Southampton 012B,Violence and sexual offences,Unable to prosecute suspect,
9dad46e5c9cfa67526aa453770358c1ad8284772e60327ed378f67d31a0adc23,2024-03,Hampshire Constabulary,Hampshire Constabulary,-1.458584,50.918356,On or near Green Park Road,E01017239,Southampton 012C,Burglary,Investigation complete; no suspect identified,
bedbbf1ec67d1f059789030c841db07b34b6588097ad43e8ef0cab028494e17e,2024-03,Hampshire Constabulary,Hampshire Constabulary,-1.461806,50.918955,On or near Petrol Station,E01017239,Southampton 012C,Public order,Local resolution,
d18556697434d0b4816307e2ff84d0022be41d8e187e5a44048271b3b4772990,2024-03,Hampshire Constabulary,Hampshire Constabulary,-1.461806,50.918955,On or near Petrol Station,E01017239,Southampton 012C,Shoplifting,Investigation complete; no suspect identified,
bf301b8f769d6e185dc022488c0a3c23c2f3fa1d95eb86dee330de152ce70bab,2024-03,Hampshire Constabulary,Hampshire Constabulary,-1.462170,50.921916,On or near Brookwood Road,E01017239,Southampton 012C,Violence and sexual offences,Unable to prosecute suspect,
fd24a6327b2e87ea4f43e8855aeb3797f10e2fe6356fdab204a0119a94530faa,2024-03,Hampshire Constabulary,Hampshire Constabulary,-1.458584,50.918356,On or near Green Park Road,E01017239,Southampton 012C,Violence and sexual offences,Unable to prosecute suspect,
cbd5ec2cbb17dfc074910081a7612138e4929245a4f9afe70f76237d382958e2,2024-03,Hampshire Constabulary,Hampshire Constabulary,-1.462170,50.921916,On or near Brookwood Road,E01017239,Southampton 012C,Burglary,Status update unavailable,
b0c323af2fbf40b49650309943dd0ba84c7ce2ef3edeaea4a6efa65f722f1e16,2024-03,Hampshire Constabulary,Hampshire Constabulary,-1.460131,50.916214,On or near First Avenue,E01017239,Southampton 012C,Other theft,Investigation complete; no suspect identified,
0be32dfa2bc97783e9d42ced32a00ddc5c6d9a9b540729f43231107df8b22361,2024-03,Hampshire Constabulary,Hampshire Constabulary,-1.458584,50.918356,On or near Green Park Road,E01017239,Southampton 012C,Other theft,Unable to prosecute suspect,
1c7a4b22fb8e5f3a1916cf0a88b7aed79a1e9bffa102632cd1d55a3fbb11e3b2,2024-03,Hampshire Constabulary,Hampshire Constabulary,-1.461806,50.918955,On or near Petrol Station,E01017239,Southampton 012C,Shoplifting,Investigation complete; no suspect identified,
aa6773eb5a082fba87609d482e69cf103b760844f2ba9c03981a5e2758cd9a86,2024-03,Hampshire Constabulary,Hampshire Constabulary,-1.468859,50.920480,On or near Brunel Road,E01017239,Southampton 012C,Vehicle crime,Investigation complete; no suspect identified,
f9ad93de6829fb9c723d0d202d2d429225cc4576087974504228cf8e4d26ae2c,2024-03,Hampshire Constabulary,Hampshire Constabulary,-1.458584,50.918356,On or near Green Park Road,E01017239,Southampton 012C,Violence and sexual offences,Unable to prosecute suspect,
146c776887af079e2d40e1c5fdfd287e4035ba122ac5ed43c8e2fcaed536caa8,2024-03,Hampshire Constabulary,Hampshire Constabulary,-1.456774,50.917340,On or near Millbrook Flyover,E01017239,Southampton 012C,Violence and sexual offences,Investigation complete; no suspect identified,
639d0e4f95edb51ed72e71f9bb41afe2674d5f70130f189c23626c35ffd26d14,2024-03,Hampshire Constabulary,Hampshire Constabulary,-1.462170,50.921916,On or near Brookwood Road,E01017239,Southampton 012C,Violence and sexual offences,Unable to prosecute suspect,
ed601d8528aef5552a8495ff7564a8a339628b356069d90085a9b72b4461d3c5,2024-03,Hampshire Constabulary,Hampshire Constabulary,-1.466714,50.920174,On or near Oakridge Road,E01017239,Southampton 012C,Violence and sexual offences,Unable to prosecute suspect,
4730ee10c3624def5a38fb06adda1e2cbeb8576170d583a3f90693e8cd2fc87a,2024-03,Hampshire Constabulary,Hampshire Constabulary,-1.458584,50.918356,On or near Green Park Road,E01017239,Southampton 012C,Violence and sexual offences,Status update unavailable,
38454155bc89e6da56e5fce0e610a99669af6285f3068e2018ddbc1fb15eadf7,2024-03,Hampshire Constabulary,Hampshire Constabulary,-1.460813,50.919940,On or near Parkside Avenue,E01017239,Southampton 012C,Other crime,Status update unavailable,
bf15f6e4509a07d173635d97e843d3c0151fe79dc85e84393ce733af82f66277,2024-03,Hampshire Constabulary,Hampshire Constabulary,-1.465368,50.925950,On or near Perran Road,E01017240,Southampton 012D,Criminal damage and arson,Further action is not in the public interest,
9ede46e368c188af1a4a35715718e6005af6dff7c2be8ce699d376e1925b4e92,2024-03,Hampshire Constabulary,Hampshire Constabulary,-1.465368,50.925950,On or near Perran Road,E01017240,Southampton 012D,Drugs,Local resolution,
c467a6f63558716e5df78ea7a55bd7391c7b7435a47ba734df093988a14d0b9a,2024-03,Hampshire Constabulary,Hampshire Constabulary,-1.469652,50.922085,On or near Redbridge Flyover,E01017240,Southampton 012D,Public order,Unable to prosecute suspect,
c2fa8db70c7a480629dfdd4a6d9233aac14e3aa8886fb179d2de7d31881144d4,2024-03,Hampshire Constabulary,Hampshire Constabulary,-1.466707,50.923339,On or near Cuckmere Lane,E01017240,Southampton 012D,Violence and sexual offences,Further action is not in the public interest,
912d3136344f1a59f3ffb4b4332ef9686edd561cbad1956989e7e68e869ac504,2024-03,Hampshire Constabulary,Hampshire Constabulary,-1.474182,50.921557,On or near Redbridge Causeway,E01017240,Southampton 012D,Violence and sexual offences,Unable to prosecute suspect,
6cbe12e8498f6c77ba5c641bd75c1d3ce930b34501d849c9c286730574111323,2024-03,Hampshire Constabulary,Hampshire Constabulary,-1.465368,50.925950,On or near Perran Road,E01017240,Southampton 012D,Violence and sexual offences,Court result unavailable,
207482ef1a95d72d0b5fa0431a2eb6ff28c555886f1c3f3cf3149741f08127c5,2024-03,Hampshire Constabulary,Hampshire Constabulary,-1.465368,50.925950,On or near Perran Road,E01017240,Southampton 012D,Violence and sexual offences,Unable to prosecute suspect,
5dee8d5ca323a9165876d5a126160be1172f11a334c644aa215680e037e3f929,2024-03,Hampshire Constabulary,Hampshire Constabulary,-1.466707,50.923339,On or near Cuckmere Lane,E01017240,Southampton 012D,Violence and sexual offences,Local resolution,
,2024-03,Hampshire Constabulary,Hampshire Constabulary,-1.470886,50.923646,On or near Coniston Road,E01017240,Southampton 012D,Anti-social behaviour,,
,2024-03,Hampshire Constabulary,Hampshire Constabulary,-1.466707,50.923339,On or near Cuckmere Lane,E01017240,Southampton 012D,Anti-social behaviour,,
6846dd93f3a80cae52dbe4ecfd7f8b114cdf6c08cd9e41a9add60e2c50a09983,2024-03,Hampshire Constabulary,Hampshire Constabulary,-1.466986,50.923772,On or near Flanders Field Close,E01017240,Southampton 012D,Burglary,Investigation complete; no suspect identified,
6ff0044385da65d8a1f70e3175f318b9e4cfdc35e468c3237cbaaff0458d14fd,2024-03,Hampshire Constabulary,Hampshire Constabulary,-1.470885,50.921182,On or near Old Redbridge Road,E01017240,Southampton 012D,Criminal damage and arson,Investigation complete; no suspect identified,
79233909674dc645810b67baea637884b9662a68722636a86879828c16447bd4,2024-03,Hampshire Constabulary,Hampshire Constabulary,-1.465368,50.925950,On or near Perran Road,E01017240,Southampton 012D,Criminal damage and arson,Investigation complete; no suspect identified,
d1b5a7e35ec6c51bb151dacdb7e92a40413359ab5f7f91cb2e9dc3933ed68252,2024-03,Hampshire Constabulary,Hampshire Constabulary,-1.473779,50.923191,On or near Westover Road,E01017240,Southampton 012D,Vehicle crime,Investigation complete; no suspect identified,
7b0557fdbecd1b03bfa000f8a8f1d1ff7b5153cd75fcb2f38ebd114653eb150f,2024-03,Hampshire Constabulary,Hampshire Constabulary,-1.466274,50.925109,On or near Studland Road,E01017240,Southampton 012D,Violence and sexual offences,Unable to prosecute suspect,
260b0156f0c0ef6b43b6f9272083054aeacfcd5d0e4e9d0e0d808914a8b95923,2024-03,Hampshire Constabulary,Hampshire Constabulary,-1.466707,50.923339,On or near Cuckmere Lane,E01017240,Southampton 012D,Violence and sexual offences,Status update unavailable,
1c9e00375a28e923472b49a92e118b4f9e63c317151d236f58e671180eb7f3f0,2024-03,Hampshire Constabulary,Hampshire Constabulary,-1.469652,50.922085,On or near Redbridge Flyover,E01017240,Southampton 012D,Violence and sexual offences,Unable to prosecute suspect,
24204e2f108e2198ecff93551e031ec32c4e7f2e8a6db2d0b3f26d9a19289959,2024-03,Hampshire Constabulary,Hampshire Constabulary,-1.466986,50.923772,On or near Flanders Field Close,E01017240,Southampton 012D,Violence and sexual offences,Unable to prosecute suspect,
297072252f0a298c80e08447db58f8a4d2f8c717a778ee134e28a0b33f0593f4,2024-03,Hampshire Constabulary,Hampshire Constabulary,-1.456824,50.929004,On or near Windermere Avenue,E01017245,Southampton 012E,Drugs,Local resolution,
87606ee14ed9df6fbd1cbb0064f1a4cdff900eed615775d4f42d52dda0e93ce0,2024-03,Hampshire Constabulary,Hampshire Constabulary,-1.463025,50.926766,On or near All Saints Close,E01017245,Southampton 012E,Public order,Local resolution,
b2eafeffef4b3bb433e4135a22dd3ed8ec51ee5696629f9b62a4c192a231fb58,2024-03,Hampshire Constabulary,Hampshire Constabulary,-1.458193,50.928695,On or near Mansel Court,E01017245,Southampton 012E,Violence and sexual offences,Further investigation is not in the public interest,
5e50393b85f1b71b220457cc358fa884fc50086417f92b26b535688f56fe6c0b,2024-03,Hampshire Constabulary,Hampshire Constabulary,-1.458193,50.928695,On or near Mansel Court,E01017245,Southampton 012E,Violence and sexual offences,Investigation complete; no suspect identified,
e442f1be1c4bfdf83ee6d812a226904860ca2997074d3d1dddbfa2703989545c,2024-03,Hampshire Constabulary,Hampshire Constabulary,-1.458193,50.928695,On or near Mansel Court,E01017245,Southampton 012E,Violence and sexual offences,Unable to prosecute suspect,
85e0f5e2622bffc452adfe7ae0ccc14f88e995cecd52abfc36a7327bf79afb93,2024-03,Hampshire Constabulary,Hampshire Constabulary,-1.458193,50.928695,On or near Mansel Court,E01017245,Southampton 012E,Violence and sexual offences,Unable to prosecute suspect,
c5faef0b898e94a4eb209cae6e7cd3aacf0b4f1082fc67d7e736a85b71085259,2024-03,Hampshire Constabulary,Hampshire Constabulary,-1.458193,50.928695,On or near Mansel Court,E01017245,Southampton 012E,Violence and sexual offences,Court result unavailable,
b2c16064eb9ce9b8c734d6c2d6253a64556bebfb94e7d24d05cbb1c689358956,2024-03,Hampshire Constabulary,Hampshire Constabulary,-1.458193,50.928695,On or near Mansel Court,E01017245,Southampton 012E,Violence and sexual offences,Investigation complete; no suspect identified,
a8a2256aa7738e9404cd0ff6101de1391fc7e3e5ff3fac2858b987735ab90cf1,2024-03,Hampshire Constabulary,Hampshire Constabulary,-1.458193,50.928695,On or near Mansel Court,E01017245,Southampton 012E,Violence and sexual offences,Unable to prosecute suspect,
83d8c5ad4936758baf96ee18ae6cc1ebd6c62cb652107b93aff67b1b04d8796e,2024-03,Hampshire Constabulary,Hampshire Constabulary,-1.463025,50.926766,On or near All Saints Close,E01017245,Southampton 012E,Violence and sexual offences,Unable to prosecute suspect,
,2024-03,Hampshire Constabulary,Hampshire Constabulary,-1.458193,50.928695,On or near Mansel Court,E01017245,Southampton 012E,Anti-social behaviour,,
,2024-03,Hampshire Constabulary,Hampshire Constabulary,-1.458193,50.928695,On or near Mansel Court,E01017245,Southampton 012E,Anti-social behaviour,,
,2024-03,Hampshire Constabulary,Hampshire Constabulary,-1.461998,50.930664,On or near Goodwin Close,E01017245,Southampton 012E,Anti-social behaviour,,
aba61482643c2382d699b88b61773f785b716895527259bac7c5f0d76bc14dd5,2024-03,Hampshire Constabulary,Hampshire Constabulary,-1.458193,50.928695,On or near Mansel Court,E01017245,Southampton 012E,Public order,Investigation complete; no suspect identified,
05020521cc63527f701120212257f47bce92750892d48b2437729a6823fdde35,2024-03,Hampshire Constabulary,Hampshire Constabulary,-1.461998,50.930664,On or near Goodwin Close,E01017245,Southampton 012E,Vehicle crime,Investigation complete; no suspect identified,
9e27f77115944b3f682a50a039373e1268280295f055a0d95c582831f33fc8cd,2024-03,Hampshire Constabulary,Hampshire Constabulary,-1.463025,50.926766,On or near All Saints Close,E01017245,Southampton 012E,Vehicle crime,Investigation complete; no suspect identified,
1c5cfc44a8b9e84dc51d478ef6467d827b9de9b180df9263d2b98fe00213a08a,2024-03,Hampshire Constabulary,Hampshire Constabulary,-1.458193,50.928695,On or near Mansel Court,E01017245,Southampton 012E,Violence and sexual offences,Unable to prosecute suspect,
0ba66e3e992199c8eb098ce5c5b7ada364c2569181a5cb5101a9d9374f875488,2024-03,Hampshire Constabulary,Hampshire Constabulary,-1.458193,50.928695,On or near Mansel Court,E01017245,Southampton 012E,Violence and sexual offences,Unable to prosecute suspect,
867a57519f0e313f34cd3e792b6b49d594770feb4d369fa09fd8537e0b41976a,2024-03,Hampshire Constabulary,Hampshire Constabulary,-1.458193,50.928695,On or near Mansel Court,E01017245,Southampton 012E,Violence and sexual offences,Unable to prosecute suspect,
f84a23973d8df4a2f9abcb9683144964f913e6d8f69a29383aae8e178aded40a,2024-03,Hampshire Constabulary,Hampshire Constabulary,-1.463025,50.926766,On or near All Saints Close,E01017245,Southampton 012E,Violence and sexual offences,Status update unavailable,
af4b8adb54b65769141fe66b1cb1ed1d28f32df6cced5f2f17713482cc02f5c8,2024-03,Hampshire Constabulary,Hampshire Constabulary,-1.463025,50.926766,On or near All Saints Close,E01017245,Southampton 012E,Violence and sexual offences,Unable to prosecute suspect,
2f5d57ed016a51d9125a9cf2fbb5604938fd1f6fac14c9c9b7c742c7a099f032,2024-03,Hampshire Constabulary,Hampshire Constabulary,-1.457048,50.928088,On or near Ullswater Road,E01017245,Southampton 012E,Violence and sexual offences,Investigation complete; no suspect identified,
2cd6d85c0b6d1dbb04c01149a09bda6aecaac7dd6bd5d2a18e013ffa7ebef8c5,2024-03,Hampshire Constabulary,Hampshire Constabulary,-1.393960,50.922391,On or near Shakespeare Avenue,E01017227,Southampton 013A,Criminal damage and arson,Unable to prosecute suspect,
fdbc84e16576a8097636e409eebd0d93b3cdec80316042a1ba4b38981572daac,2024-03,Hampshire Constabulary,Hampshire Constabulary,-1.395185,50.921174,On or near Portswood Park,E01017227,Southampton 013A,Other theft,Unable to prosecute suspect,
613e1d6ec602c283bf4b461043ee7ad50484b75ceacb4d285fdbc84865358c4f,2024-03,Hampshire Constabulary,Hampshire Constabulary,-1.392253,50.922346,On or near Thackeray Road,E01017227,Southampton 013A,Public order,Action to be taken by another organisation,
b3a5f2c5c2e97a1e7c7adc5dc41f0953af0417fde06b6b1c83ef4ee6c94a0c48,2024-03,Hampshire Constabulary,Hampshire Constabulary,-1.393960,50.922391,On or near Shakespeare Avenue,E01017227,Southampton 013A,Vehicle crime,Unable to prosecute suspect,
324d85fe47adf3fe48990e38e3a76b0f871dd0af818ec6cd75045ca160119ee9,2024-03,Hampshire Constabulary,Hampshire Constabulary,-1.391851,50.922605,On or near Woodside Road,E01017227,Southampton 013A,Violence and sexual offences,Unable to prosecute suspect,
cba5e154cbdb17dbd2dc1a81560172970226f25b29b28c76ba45c956834bc78a,2024-03,Hampshire Constabulary,Hampshire Constabulary,-1.391851,50.922605,On or near Woodside Road,E01017227,Southampton 013A,Violence and sexual offences,Unable to prosecute suspect,
daaef65228cf6a750e5c2f7903efd652fe420a45feef1c6cee838954f03ac444,2024-03,Hampshire Constabulary,Hampshire Constabulary,-1.391851,50.922605,On or near Woodside Road,E01017227,Southampton 013A,Violence and sexual offences,Unable to prosecute suspect,
63a2abc54da3741d5c87f2e483f26ec57e5176b5f1ad7c28074e353db59ef5a7,2024-03,Hampshire Constabulary,Hampshire Constabulary,-1.391851,50.922605,On or near Woodside Road,E01017227,Southampton 013A,Violence and sexual offences,Unable to prosecute suspect,
4c0810d3fea178c24e3349fa0dd53fb3290b8751d75115257cf11e6c757c1742,2024-03,Hampshire Constabulary,Hampshire Constabulary,-1.393960,50.922391,On or near Shakespeare Avenue,E01017227,Southampton 013A,Violence and sexual offences,Unable to prosecute suspect,
6759be6832c8fe1f0dc39abc77129ffd4009480efb1178442ed5dd4dd5b22be3,2024-03,Hampshire Constabulary,Hampshire Constabulary,-1.392253,50.922346,On or near Thackeray Road,E01017227,Southampton 013A,Violence and sexual offences,Unable to prosecute suspect,
dfe5db1664983b762bb05740729c76188b02b934ca4ea77afc8beb935d561dd6,2024-03,Hampshire Constabulary,Hampshire Constabulary,-1.395336,50.919395,On or near Bevois Hill,E01017227,Southampton 013A,Violence and sexual offences,Investigation complete; no suspect identified,
0c03284525787d782a037cd6a53d1aa9915540e6bf3c55d2567ecf2ada047ced,2024-03,Hampshire Constabulary,Hampshire Constabulary,-1.395185,50.921174,On or near Portswood Park,E01017227,Southampton 013A,Criminal damage and arson,Investigation complete; no suspect identified,
4efb8ce1fcb8685b689fd1425ce2852afc093d100e25c30437cb72e4483fffd0,2024-03,Hampshire Constabulary,Hampshire Constabulary,-1.395185,50.921174,On or near Portswood Park,E01017227,Southampton 013A,Drugs,Further investigation is not in the public interest,
5b3dfe9d1ada9edbfcedfcbbadbcfa4b14b4608f2a470ba61c934342a37db6b5,2024-03,Hampshire Constabulary,Hampshire Constabulary,-1.391851,50.922605,On or near Woodside Road,E01017227,Southampton 013A,Public order,Investigation complete; no suspect identified,
34d87973f158d493ea32552572d8b86c3bb040a241335836e10d803ab88e2053,2024-03,Hampshire Constabulary,Hampshire Constabulary,-1.395336,50.919395,On or near Bevois Hill,E01017227,Southampton 013A,Vehicle crime,Investigation complete; no suspect identified,
3286ed0fc8b9486e73857f86158c1789b7897cb637ad1e7346feba209f2dbaf4,2024-03,Hampshire Constabulary,Hampshire Constabulary,-1.393960,50.922391,On or near Shakespeare Avenue,E01017227,Southampton 013A,Vehicle crime,Investigation complete; no suspect identified,
0031c70580247d83c3ca8b83bfa70a10691d5c38fd87c1d53c79d62c9b8d31db,2024-03,Hampshire Constabulary,Hampshire Constabulary,-1.391851,50.922605,On or near Woodside Road,E01017227,Southampton 013A,Violence and sexual offences,Unable to prosecute suspect,
94fe77d37e5605a9af0d70981b8bbbe2aa493ddede85adffbcb9eb784a65a0a6,2024-03,Hampshire Constabulary,Hampshire Constabulary,-1.393960,50.922391,On or near Shakespeare Avenue,E01017227,Southampton 013A,Violence and sexual offences,Status update unavailable,
1004157d222088c1a0b127914ae4baba5cd827b8020585a8032041cd4dbd1167,2024-03,Hampshire Constabulary,Hampshire Constabulary,-1.395185,50.921174,On or near Portswood Park,E01017227,Southampton 013A,Violence and sexual offences,Unable to prosecute suspect,
3677ada44aa5129ccebc1d7d3f2b0b2a8449f36377c80a8747545c4930e5c395,2024-03,Hampshire Constabulary,Hampshire Constabulary,-1.391851,50.922605,On or near Woodside Road,E01017227,Southampton 013A,Violence and sexual offences,Investigation complete; no suspect identified,
f1be4b536c9be0e8ec3a1ebc5631b8b4c1063820eaf641f76ff4267cd95953f7,2024-03,Hampshire Constabulary,Hampshire Constabulary,-1.392619,50.920442,On or near Lawn Road,E01017228,Southampton 013B,Drugs,Local resolution,
b0c47dd2566d2e4694b86717a0352a9df47f8eef3d55dbd7e6d954a56f3d8108,2024-03,Hampshire Constabulary,Hampshire Constabulary,-1.392619,50.920442,On or near Lawn Road,E01017228,Southampton 013B,Violence and sexual offences,Unable to prosecute suspect,
88e5352e351b89c0031f2637a8289cdae74c92ae0d188c56440824fad814345d,2024-03,Hampshire Constabulary,Hampshire Constabulary,-1.389057,50.920873,On or near Drummond Drive,E01017228,Southampton 013B,Violence and sexual offences,Investigation complete; no suspect identified,
a37c73d9ff87574d5a1374837f9a18aa2b7f279b354e6a42ec9a9073efbec33e,2024-03,Hampshire Constabulary,Hampshire Constabulary,-1.383613,50.921572,On or near Collier Close,E01017228,Southampton 013B,Violence and sexual offences,Local resolution,
bd582406dc69adabc18dcf31046d17facf75a55e789faaefa388d5180388c75d,2024-03,Hampshire Constabulary,Hampshire Constabulary,-1.386552,50.923072,On or near Adelaide Road,E01017228,Southampton 013B,Other crime,Unable to prosecute suspect,
6fd995da96b21ab65587ff11494bcd7437ef57f3970ca4671d03c05014dae607,2024-03,Hampshire Constabulary,Hampshire Constabulary,-1.389644,50.919455,On or near Horseshoe Bridge,E01017228,Southampton 013B,Drugs,Further investigation is not in the public interest,
70432d1caced334ef67303f6cccbd7acf396d49a7d80bf6d6ae8d1cfc1787f06,2024-03,Hampshire Constabulary,Hampshire Constabulary,-1.389057,50.920873,On or near Drummond Drive,E01017228,Southampton 013B,Possession of weapons,Investigation complete; no suspect identified,
4da54d53ee4d792b84220ab0fe8b2b2f08d0e3f37a9156d799eab97fe8dff858,2024-03,Hampshire Constabulary,Hampshire Constabulary,-1.386552,50.923072,On or near Adelaide Road,E01017228,Southampton 013B,Public order,Investigation complete; no suspect identified,
ff950e8f9c35e30b334faa5b8e80e24139865dcdbeb0b94a7a3952c8fc14dc1f,2024-03,Hampshire Constabulary,Hampshire Constabulary,-1.386552,50.923072,On or near Adelaide Road,E01017228,Southampton 013B,Vehicle crime,Investigation complete; no suspect identified,
ca15ec79b3518793db2cf38c76d4120b884972d9b81335327803c7f66444dc8a,2024-03,Hampshire Constabulary,Hampshire Constabulary,-1.388046,50.922000,On or near St Denys,E01017228,Southampton 013B,Violence and sexual offences,Unable to prosecute suspect,
23fa077b022a46479e4706798750e9e4353d29f3ce36702c457f639c0849bc01,2024-03,Hampshire Constabulary,Hampshire Constabulary,-1.380720,50.922987,On or near Pettinger Gardens,E01017233,Southampton 013C,Criminal damage and arson,Investigation complete; no suspect identified,
5787877a09b4266970e8a6778d05f303fb81a508df0833ca4260eeee0f40c05a,2024-03,Hampshire Constabulary,Hampshire Constabulary,-1.380666,50.923841,On or near Priory Marine Court,E01017233,Southampton 013C,Public order,Unable to prosecute suspect,
7f634250a3771158e3c2a2212c1cc927b283e2b7a2b5f3b37044dc4fb6466492,2024-03,Hampshire Constabulary,Hampshire Constabulary,-1.380666,50.923841,On or near Priory Marine Court,E01017233,Southampton 013C,Public order,Investigation complete; no suspect identified,
a3725d91c9daa565bfb266f83a346db4f9ba4bb4815aca6ebaba37ff9b8f477a,2024-03,Hampshire Constabulary,Hampshire Constabulary,-1.383944,50.923472,On or near Railway View Road,E01017233,Southampton 013C,Violence and sexual offences,Unable to prosecute suspect,
01dd3f14da4e24a9ad2f5aec96421ec33dfe3d11f5f9c35c3fda3cbb980a2ac1,2024-03,Hampshire Constabulary,Hampshire Constabulary,-1.382086,50.925170,On or near Priory Close,E01017233,Southampton 013C,Violence and sexual offences,Unable to prosecute suspect,
cba151051c47bc6eabf224f00dc610bf73c8f12a00ace63cd3154fef8993079c,2024-03,Hampshire Constabulary,Hampshire Constabulary,-1.384120,50.925199,On or near St Denys Road,E01017233,Southampton 013C,Violence and sexual offences,Unable to prosecute suspect,
8f25fe50a6a65869d1d01820288f98cf0abbd31d19acce5ea1e79299083d6460,2024-03,Hampshire Constabulary,Hampshire Constabulary,-1.382086,50.925170,On or near Priory Close,E01017233,Southampton 013C,Violence and sexual offences,Court result unavailable,
a5335e88362c81b2dd681a41121de192950f7f5488bb7e7b750d4b0c3a7246e2,2024-03,Hampshire Constabulary,Hampshire Constabulary,-1.384120,50.925199,On or near St Denys Road,E01017233,Southampton 013C,Violence and sexual offences,Unable to prosecute suspect,
db18fe3fc43ee08d71dae84f3195961409f24c2c9e9a9fc2e28a452b3c6f38f1,2024-03,Hampshire Constabulary,Hampshire Constabulary,-1.383129,50.922676,On or near Griffin Court,E01017233,Southampton 013C,Violence and sexual offences,Unable to prosecute suspect,
,2024-03,Hampshire Constabulary,Hampshire Constabulary,-1.382058,50.928318,On or near Saltmead,E01017233,Southampton 013C,Anti-social behaviour,,
e849438d5a4742a7b47b918a90f60e2fd06ac110f3267910b7fdc4072c1def07,2024-03,Hampshire Constabulary,Hampshire Constabulary,-1.384120,50.925199,On or near St Denys Road,E01017233,Southampton 013C,Bicycle theft,Investigation complete; no suspect identified,
8991359c95a898186f111d69d27d9e1c4c180a253faa3ba6397b5457c1fd6f88,2024-03,Hampshire Constabulary,Hampshire Constabulary,-1.383944,50.923472,On or near Railway View Road,E01017233,Southampton 013C,Criminal damage and arson,Status update unavailable,
6736fe1c9a9d4fa077b035fd3a87f5f6287e52984711b3e3d166c066c471996e,2024-03,Hampshire Constabulary,Hampshire Constabulary,-1.384120,50.925199,On or near St Denys Road,E01017233,Southampton 013C,Criminal damage and arson,Unable to prosecute suspect,
8fac8c18d62f1dfe8a75cbb4c55e0748d51dccd31acdacd7c55764e93e3cd69e,2024-03,Hampshire Constabulary,Hampshire Constabulary,-1.381464,50.926957,On or near Arcadia Place,E01017233,Southampton 013C,Vehicle crime,Investigation complete; no suspect identified,
c0011e8e1527374e6d379eb440aee8aced8e09e7a4abf457602875673b6749a2,2024-03,Hampshire Constabulary,Hampshire Constabulary,-1.383944,50.923472,On or near Railway View Road,E01017233,Southampton 013C,Violence and sexual offences,Unable to prosecute suspect,
468bb39cb7546fe55f3267871f65a1a6fbc3de6b86437c82f5aed034d3a5d79f,2024-03,Hampshire Constabulary,Hampshire Constabulary,-1.384158,50.924435,On or near Dundee Road,E01017233,Southampton 013C,Violence and sexual offences,Unable to prosecute suspect,
0b8bdab2c6ffb027efc4551188385085622d1e1f2c5eb16a0906b74873f39675,2024-03,Hampshire Constabulary,Hampshire Constabulary,-1.383944,50.923472,On or near Railway View Road,E01017233,Southampton 013C,Violence and sexual offences,Unable to prosecute suspect,
cac9934b4df07b56a7d2a73908c752c4c338805e329c61855769dc90048a8ce2,2024-03,Hampshire Constabulary,Hampshire Constabulary,-1.382578,50.924498,On or near Stanley Road,E01017233,Southampton 013C,Violence and sexual offences,Unable to prosecute suspect,
86686cbf85e68d16369f03c3b710b4e59a6f34eb8ed6e0eda60ca680fee3dd84,2024-03,Hampshire Constabulary,Hampshire Constabulary,-1.382490,50.922565,On or near Priory Road,E01017233,Southampton 013C,Violence and sexual offences,Investigation complete; no suspect identified,
0eeedff7113c2131456e289a28ef6f1df295566da4e7e230b2b2a220f3a103ad,2024-03,Hampshire Constabulary,Hampshire Constabulary,-1.383944,50.923472,On or near Railway View Road,E01017233,Southampton 013C,Violence and sexual offences,Unable to prosecute suspect,
34fc65fe8bf18fd7d09b713127f38a4b10d625791fdd06479c76a450e2b4a730,2024-03,Hampshire Constabulary,Hampshire Constabulary,-1.383129,50.922676,On or near Griffin Court,E01017233,Southampton 013C,Other crime,Further action is not in the public interest,
872e259e4b958f879c71de3297bcc1e51da0bd831845672464522617db539f70,2024-03,Hampshire Constabulary,Hampshire Constabulary,-1.384789,50.928413,On or near A335,E01017234,Southampton 013D,Criminal damage and arson,Court result unavailable,
33dc71f87d8aae449c07fe8d00054160f8245d12792297922683ad7679517132,2024-03,Hampshire Constabulary,Hampshire Constabulary,-1.389773,50.928115,On or near Richmond Gardens,E01017234,Southampton 013D,Criminal damage and arson,Investigation complete; no suspect identified,
4f9e4b8e7f99675abc00a8f37fc69a5d432b48353481ebc7093566ca49e8274e,2024-03,Hampshire Constabulary,Hampshire Constabulary,-1.389820,50.926695,On or near Supermarket,E01017234,Southampton 013D,Possession of weapons,Court result unavailable,
0e2fce4b2c984482a0074610b4d9ad4f632cab2e2596ca9eea25abc9f0250bf8,2024-03,Hampshire Constabulary,Hampshire Constabulary,-1.390087,50.925833,On or near A3035,E01017234,Southampton 013D,Shoplifting,Unable to prosecute suspect,
e058cb8897a95522ce70afb46c3a456ff9c89386e47aad7a9e59eea9b742fe1a,2024-03,Hampshire Constabulary,Hampshire Constabulary,-1.389820,50.926695,On or near Supermarket,E01017234,Southampton 013D,Shoplifting,Unable to prosecute suspect,
bc010562e2ef5b262cdcf4e9b1c2efbfbc6f20cb9835ebf03a892abf137654ae,2024-03,Hampshire Constabulary,Hampshire Constabulary,-1.389820,50.926695,On or near Supermarket,E01017234,Southampton 013D,Shoplifting,Local resolution,
ffec09462d2e9c72db94dedc607d4202a58d4f231c717f3510658536dfff934d,2024-03,Hampshire Constabulary,Hampshire Constabulary,-1.389820,50.926695,On or near Supermarket,E01017234,Southampton 013D,Shoplifting,Investigation complete; no suspect identified,
ffd18e58254942780f162bbe42018b1f52b70c2585021341967d20939e952f88,2024-03,Hampshire Constabulary,Hampshire Constabulary,-1.389773,50.928115,On or near Richmond Gardens,E01017234,Southampton 013D,Violence and sexual offences,Court result unavailable,
f180095f2948c3b034754402db9a180e43e9db477915aae71a9f5cc22811f684,2024-03,Hampshire Constabulary,Hampshire Constabulary,-1.389773,50.928115,On or near Richmond Gardens,E01017234,Southampton 013D,Violence and sexual offences,Investigation complete; no suspect identified,
ab4f74b83072e3bf606d39cad61a4e7a1f17d4dcbc28fcaa99c509806886a3c7,2024-03,Hampshire Constabulary,Hampshire Constabulary,-1.389820,50.926695,On or near Supermarket,E01017234,Southampton 013D,Violence and sexual offences,Unable to prosecute suspect,
07aacbbb37d8d28103ac40bf788319d5e93012161ac27171df3ef6dcc102dc8c,2024-03,Hampshire Constabulary,Hampshire Constabulary,-1.389773,50.928115,On or near Richmond Gardens,E01017234,Southampton 013D,Violence and sexual offences,Unable to prosecute suspect,
0b325573039db1d2f4ee4525c2ef2cac03900b85ba1fb63f34af9c24a9eca6d6,2024-03,Hampshire Constabulary,Hampshire Constabulary,-1.389820,50.926695,On or near Supermarket,E01017234,Southampton 013D,Violence and sexual offences,Awaiting court outcome,
f9f8459516d9b69d0d7d712a9854db733236226dc419d32ee50a932fdbd09d31,2024-03,Hampshire Constabulary,Hampshire Constabulary,-1.389820,50.926695,On or near Supermarket,E01017234,Southampton 013D,Violence and sexual offences,Local resolution,
,2024-03,Hampshire Constabulary,Hampshire Constabulary,-1.389773,50.928115,On or near Richmond Gardens,E01017234,Southampton 013D,Anti-social behaviour,,
27cb72bca8d34ad3969d3a873657ac88096aa83978166350c318a34eb6b2e5ce,2024-03,Hampshire Constabulary,Hampshire Constabulary,-1.389820,50.926695,On or near Supermarket,E01017234,Southampton 013D,Bicycle theft,Investigation complete; no suspect identified,
d8a34c4b3e7ff37b8d0ecbb8ccbbb3a0e0669a75500c0d0b9e5852fe78ebba42,2024-03,Hampshire Constabulary,Hampshire Constabulary,-1.389773,50.928115,On or near Richmond Gardens,E01017234,Southampton 013D,Bicycle theft,Investigation complete; no suspect identified,
f357e2f207531004109cf3f34a6c688df919b0c275e66a66a9cb85735a130b38,2024-03,Hampshire Constabulary,Hampshire Constabulary,-1.383629,50.927876,On or near Kent Road,E01017234,Southampton 013D,Burglary,Status update unavailable,
408c44a92cc1696ad439e347a2b7fedd9e398ead752db0f704d6c635b1d4e288,2024-03,Hampshire Constabulary,Hampshire Constabulary,-1.385923,50.927619,On or near Osborne Gardens,E01017234,Southampton 013D,Burglary,Investigation complete; no suspect identified,
58e6236161331af3fad87acec0a1ac81e823e02c927bf0daa1b061cbe82c8db1,2024-03,Hampshire Constabulary,Hampshire Constabulary,-1.389773,50.928115,On or near Richmond Gardens,E01017234,Southampton 013D,Criminal damage and arson,Unable to prosecute suspect,
d751ef4ac66af0a7c334508ca6d4c72b0ad43b9ae6450f722a114b40393a344b,2024-03,Hampshire Constabulary,Hampshire Constabulary,-1.386783,50.929332,On or near Arnold Road,E01017234,Southampton 013D,Drugs,Status update unavailable,
c344102cddc7f446060190637b731d7c8ed35e0a42eec00babf755ae599c6849,2024-03,Hampshire Constabulary,Hampshire Constabulary,-1.385923,50.927619,On or near Osborne Gardens,E01017234,Southampton 013D,Drugs,Further investigation is not in the public interest,
211c76c6784878e7734466df0123fdaf2943034dd80a65bebe8370e317172df7,2024-03,Hampshire Constabulary,Hampshire Constabulary,-1.389820,50.926695,On or near Supermarket,E01017234,Southampton 013D,Public order,Investigation complete; no suspect identified,
ab9c60cf263b3050378e3c0e15c37dca247340862880605b49b6de8806a03214,2024-03,Hampshire Constabulary,Hampshire Constabulary,-1.389820,50.926695,On or near Supermarket,E01017234,Southampton 013D,Public order,Investigation complete; no suspect identified,
716321dba34d1e1a71ff0da2afc52dee873340788b1a23d57e7e3bf14a593498,2024-03,Hampshire Constabulary,Hampshire Constabulary,-1.389773,50.928115,On or near Richmond Gardens,E01017234,Southampton 013D,Public order,Status update unavailable,
06d4ba028429c7d5871f27065c5addeb42c0b131fe87e1275cc281fc98799e0c,2024-03,Hampshire Constabulary,Hampshire Constabulary,-1.389773,50.928115,On or near Richmond Gardens,E01017234,Southampton 013D,Public order,Investigation complete; no suspect identified,
ce63f6c4ebe39d684e0fd0b3362779334cbb77fe37a383a53f9e416366d89398,2024-03,Hampshire Constabulary,Hampshire Constabulary,-1.389820,50.926695,On or near Supermarket,E01017234,Southampton 013D,Public order,Investigation complete; no suspect identified,
7d2f75ad33415f3fe15c689a17d13af3c028f1040b4eec3084e38d760f964b8a,2024-03,Hampshire Constabulary,Hampshire Constabulary,-1.389773,50.928115,On or near Richmond Gardens,E01017234,Southampton 013D,Public order,Investigation complete; no suspect identified,
e928c5d61aad3d3761648d378f7770bd2b835b1fe3d1f75dd09289bd7dec1462,2024-03,Hampshire Constabulary,Hampshire Constabulary,-1.389773,50.928115,On or near Richmond Gardens,E01017234,Southampton 013D,Public order,Investigation complete; no suspect identified,
bd40d48eff0cb36cd3c632c0cdb801d8f6ac23c793d8157f7e950fcb0e83bad6,2024-03,Hampshire Constabulary,Hampshire Constabulary,-1.389773,50.928115,On or near Richmond Gardens,E01017234,Southampton 013D,Public order,Investigation complete; no suspect identified,
cf583fdb5e1f0741105b0737f2d861a1ab90db6767cd432e2d61c14453fcd383,2024-03,Hampshire Constabulary,Hampshire Constabulary,-1.389773,50.928115,On or near Richmond Gardens,E01017234,Southampton 013D,Public order,Investigation complete; no suspect identified,
b8da1994e5b5236caf541fc7c9d91862f60fcd0acba493bd021008a5c5f5be26,2024-03,Hampshire Constabulary,Hampshire Constabulary,-1.389820,50.926695,On or near Supermarket,E01017234,Southampton 013D,Shoplifting,Unable to prosecute suspect,
269e6d403d80ec3dd37252c3ef9514e65d225505edd7c887fbce0eafce90107e,2024-03,Hampshire Constabulary,Hampshire Constabulary,-1.389820,50.926695,On or near Supermarket,E01017234,Southampton 013D,Shoplifting,Unable to prosecute suspect,
369fb5d911a6266b45451fe4bcf34e4a5a04381b5bcb9fcf1131ca5e0447113f,2024-03,Hampshire Constabulary,Hampshire Constabulary,-1.389820,50.926695,On or near Supermarket,E01017234,Southampton 013D,Shoplifting,Investigation complete; no suspect identified,
b5bb9d8337ec287fd86318cb3f41261b53bd48c8c189cada278e0dfc9962f73e,2024-03,Hampshire Constabulary,Hampshire Constabulary,-1.389820,50.926695,On or near Supermarket,E01017234,Southampton 013D,Violence and sexual offences,Investigation complete; no suspect identified,
d07de8aa1745e660367fa2e3e9667b17d7063221e3cc26b69b4954e843ea1da3,2024-03,Hampshire Constabulary,Hampshire Constabulary,-1.389773,50.928115,On or near Richmond Gardens,E01017234,Southampton 013D,Violence and sexual offences,Unable to prosecute suspect,
c24666e7870562ba1fb21452d288a1aceb7ca822a187d88c26edc79b1a2f870e,2024-03,Hampshire Constabulary,Hampshire Constabulary,-1.389773,50.928115,On or near Richmond Gardens,E01017234,Southampton 013D,Violence and sexual offences,Status update unavailable,
d6393149579a8e1daa82e93cfe68d7b85c594306b5f2f27254ddc9dcea02b68f,2024-03,Hampshire Constabulary,Hampshire Constabulary,-1.389773,50.928115,On or near Richmond Gardens,E01017234,Southampton 013D,Violence and sexual offences,Investigation complete; no suspect identified,
5505be353831414fd50b8232d44c0e4042362435d907d5f11d3d3a97a9799abc,2024-03,Hampshire Constabulary,Hampshire Constabulary,-1.389773,50.928115,On or near Richmond Gardens,E01017234,Southampton 013D,Violence and sexual offences,Investigation complete; no suspect identified,
1ace49c992e323e9ae8cf302de1f14dd6b55d0032d4d6f2ca5d1fd2f841a6b90,2024-03,Hampshire Constabulary,Hampshire Constabulary,-1.385923,50.927619,On or near Osborne Gardens,E01017234,Southampton 013D,Violence and sexual offences,Unable to prosecute suspect,
4ba27c8256082a34ce2095b004432a51f54e8739b724504e5030e8a72d5d6201,2024-03,Hampshire Constabulary,Hampshire Constabulary,-1.385923,50.927619,On or near Osborne Gardens,E01017234,Southampton 013D,Violence and sexual offences,Unable to prosecute suspect,
75bfd295cccbadb08e29e3fa6c30800d0f9ed5be6198c7972c9d86116f2ada34,2024-03,Hampshire Constabulary,Hampshire Constabulary,-1.389773,50.928115,On or near Richmond Gardens,E01017234,Southampton 013D,Violence and sexual offences,Investigation complete; no suspect identified,
cfb282503e56637a4eeccfb3221fe7ae4f990bf80f12c3ce0627d385c4fdfae4,2024-03,Hampshire Constabulary,Hampshire Constabulary,-1.389773,50.928115,On or near Richmond Gardens,E01017234,Southampton 013D,Violence and sexual offences,Unable to prosecute suspect,
90e3abdb2cb9bca43488f818f1a0d01a4648d16b9d82c9a5669a0bfc62b975e6,2024-03,Hampshire Constabulary,Hampshire Constabulary,-1.389820,50.926695,On or near Supermarket,E01017234,Southampton 013D,Violence and sexual offences,Court result unavailable,
5c81d9ab521b90c5ac6721d5c9b66e5222aa6e1be90cdd25d26c0977aa395f16,2024-03,Hampshire Constabulary,Hampshire Constabulary,-1.385923,50.927619,On or near Osborne Gardens,E01017234,Southampton 013D,Other crime,Status update unavailable,
eb4ede4932a74ea482e8c32063e0d37015afdd9ec5adf0d23d27ca472d75f139,2024-03,Hampshire Constabulary,Hampshire Constabulary,-1.389309,50.924417,On or near Belmont Road,E01017235,Southampton 013E,Burglary,Investigation complete; no suspect identified,
0c0253ac3ad492370baf791dd361d33ea8df765f4159a83ebc26a2114d5ff2ff,2024-03,Hampshire Constabulary,Hampshire Constabulary,-1.391485,50.925570,On or near Parking Area,E01017235,Southampton 013E,Burglary,Investigation complete; no suspect identified,
efa5937cd842aa5469163cd3d48db4f1e2e12d8f6751248ea19ef3828b83d32b,2024-03,Hampshire Constabulary,Hampshire Constabulary,-1.391485,50.925570,On or near Parking Area,E01017235,Southampton 013E,Criminal damage and arson,Local resolution,
9a95ba8e8bb7abba26c2709c561289dc41cc2c521b9877f0d067ef576c2cc07b,2024-03,Hampshire Constabulary,Hampshire Constabulary,-1.393150,50.924446,On or near Parking Area,E01017235,Southampton 013E,Possession of weapons,Court result unavailable,
b98aa96ba5d3284ced2324bc3d1c64cb8872ebcceeaff50292ef4e43c35fe0e7,2024-03,Hampshire Constabulary,Hampshire Constabulary,-1.390361,50.925599,On or near Police Station,E01017235,Southampton 013E,Public order,Unable to prosecute suspect,
5c2aca6702b491c331fc6151fbbacc6a03bc6ef9d1cae141ee05f4eb159f5ebc,2024-03,Hampshire Constabulary,Hampshire Constabulary,-1.392815,50.923941,On or near Tennyson Road,E01017235,Southampton 013E,Public order,Unable to prosecute suspect,
9427fb1c136ebd35943b1c5ef2bf46b509fb8954f54d5d5572128268cf753e3d,2024-03,Hampshire Constabulary,Hampshire Constabulary,-1.393150,50.924446,On or near Parking Area,E01017235,Southampton 013E,Public order,Unable to prosecute suspect,
0bc515b8f9f817cc415409ee703cf447216a2cdc8c7eb1dce3dceb845531e661,2024-03,Hampshire Constabulary,Hampshire Constabulary,-1.393150,50.924446,On or near Parking Area,E01017235,Southampton 013E,Public order,Investigation complete; no suspect identified,
c6cc877cf777798feee48c738064fec451f8eeb1ae0342b582e8d057614c684b,2024-03,Hampshire Constabulary,Hampshire Constabulary,-1.393150,50.924446,On or near Parking Area,E01017235,Southampton 013E,Public order,Unable to prosecute suspect,
8b89cd3afe149530691aa46fbab1672894c1fae3afcdf45eaa2458b312e3c17a,2024-03,Hampshire Constabulary,Hampshire Constabulary,-1.391485,50.925570,On or near Parking Area,E01017235,Southampton 013E,Shoplifting,Investigation complete; no suspect identified,
4e1a1dfdd252c4146ae15a1546b8c5e825a4a4ff21260f6daf27687e459b82bd,2024-03,Hampshire Constabulary,Hampshire Constabulary,-1.391485,50.925570,On or near Parking Area,E01017235,Southampton 013E,Shoplifting,Investigation complete; no suspect identified,
6c40ac15a4f47d5674d0a99c6daa0f551fc44e6e9c7a5c6599a85d51ab95049b,2024-03,Hampshire Constabulary,Hampshire Constabulary,-1.393150,50.924446,On or near Parking Area,E01017235,Southampton 013E,Violence and sexual offences,Investigation complete; no suspect identified,
ae1377665e1902e402f060dac8f61d2e556e337259fbf1988a68812f110bc754,2024-03,Hampshire Constabulary,Hampshire Constabulary,-1.391485,50.925570,On or near Parking Area,E01017235,Southampton 013E,Violence and sexual offences,Unable to prosecute suspect,
7b72dc3e0b5883fa369d60776b5163f309fef3baadd7c8724102e5eeb7ad1197,2024-03,Hampshire Constabulary,Hampshire Constabulary,-1.391485,50.925570,On or near Parking Area,E01017235,Southampton 013E,Violence and sexual offences,Investigation complete; no suspect identified,
eb7a4a318e1b3f3d89220c9ec2e45c603d441e614b6a6948b9fcd3b20c1feb9f,2024-03,Hampshire Constabulary,Hampshire Constabulary,-1.394047,50.923309,On or near Portswood Avenue,E01017235,Southampton 013E,Violence and sexual offences,Unable to prosecute suspect,
385e946dc75bbfe3fbb6dd766baf6be76686d4cdb723c79ce14909f9c253bf3b,2024-03,Hampshire Constabulary,Hampshire Constabulary,-1.391485,50.925570,On or near Parking Area,E01017235,Southampton 013E,Violence and sexual offences,Court result unavailable,
b174e42d94ad85ca8d79468c171beaa392b369a5842bae12676decdb4ae1377b,2024-03,Hampshire Constabulary,Hampshire Constabulary,-1.391485,50.925570,On or near Parking Area,E01017235,Southampton 013E,Violence and sexual offences,Local resolution,
6a8ef9b7ad38280d40f11fb59c3f8d3c5c0b6dbbafef3f08735d993974795c9d,2024-03,Hampshire Constabulary,Hampshire Constabulary,-1.391485,50.925570,On or near Parking Area,E01017235,Southampton 013E,Violence and sexual offences,Investigation complete; no suspect identified,
,2024-03,Hampshire Constabulary,Hampshire Constabulary,-1.391485,50.925570,On or near Parking Area,E01017235,Southampton 013E,Anti-social behaviour,,
,2024-03,Hampshire Constabulary,Hampshire Constabulary,-1.391485,50.925570,On or near Parking Area,E01017235,Southampton 013E,Anti-social behaviour,,
005095e3234a88cb7c7845f3c832349a1795bfc10e5878f94df1b9f87ffdc769,2024-03,Hampshire Constabulary,Hampshire Constabulary,-1.391485,50.925570,On or near Parking Area,E01017235,Southampton 013E,Other theft,Unable to prosecute suspect,
6e77c5d883c72f11afcc270cb8e5e272fb86cc884e5f284e79b754eb94f72379,2024-03,Hampshire Constabulary,Hampshire Constabulary,-1.391485,50.925570,On or near Parking Area,E01017235,Southampton 013E,Public order,Investigation complete; no suspect identified,
db494a31d31a45f4e248b06d3b5067d45f7441017ab2e31b791a9219f19fef94,2024-03,Hampshire Constabulary,Hampshire Constabulary,-1.391485,50.925570,On or near Parking Area,E01017235,Southampton 013E,Public order,Investigation complete; no suspect identified,
588201586cee3abd2aaf9ac1ba80058500fe05c83a84b22a6352ea43b559591a,2024-03,Hampshire Constabulary,Hampshire Constabulary,-1.391485,50.925570,On or near Parking Area,E01017235,Southampton 013E,Public order,Investigation complete; no suspect identified,
9b8dc2dc77629f257218a58ad4bde4bd3f3cd0d1bb6ee331d382a2d325924341,2024-03,Hampshire Constabulary,Hampshire Constabulary,-1.391485,50.925570,On or near Parking Area,E01017235,Southampton 013E,Shoplifting,Unable to prosecute suspect,
cccfb58cd42a6bf7eef45abeeb631d5eaeee4e0e9c64fef75020125c6761f731,2024-03,Hampshire Constabulary,Hampshire Constabulary,-1.391485,50.925570,On or near Parking Area,E01017235,Southampton 013E,Shoplifting,Investigation complete; no suspect identified,
99374e0b28efdb2dc6658864b3fce53bddc0e4422e84768bd368ff014f52cbb0,2024-03,Hampshire Constabulary,Hampshire Constabulary,-1.394047,50.923309,On or near Portswood Avenue,E01017235,Southampton 013E,Vehicle crime,Investigation complete; no suspect identified,
b26221bc2086f06fcdc25044189817648fea0afa1a722b3c7141ba2e248d70af,2024-03,Hampshire Constabulary,Hampshire Constabulary,-1.392815,50.923941,On or near Tennyson Road,E01017235,Southampton 013E,Vehicle crime,Investigation complete; no suspect identified,
f3527c7861eff1789f45b20c1bd84c5faa2d625f097d0bc3002b8a0c58e7c1eb,2024-03,Hampshire Constabulary,Hampshire Constabulary,-1.389309,50.924417,On or near Belmont Road,E01017235,Southampton 013E,Vehicle crime,Investigation complete; no suspect identified,
1719f61975bf914113a1b969a33b4c8c1dbccd5224848b7c62cc9b4bea27e4ec,2024-03,Hampshire Constabulary,Hampshire Constabulary,-1.391485,50.925570,On or near Parking Area,E01017235,Southampton 013E,Vehicle crime,Investigation complete; no suspect identified,
d9c3e5ba0b32971fa5ba7e1793042b214912fd7bfbf90d0431b5210fdf75e716,2024-03,Hampshire Constabulary,Hampshire Constabulary,-1.391485,50.925570,On or near Parking Area,E01017235,Southampton 013E,Violence and sexual offences,Investigation complete; no suspect identified,
c2a43ca9e52092db444100fc2737e8cd4816335c99a0dc83f15e82e9469e76a5,2024-03,Hampshire Constabulary,Hampshire Constabulary,-1.391041,50.923599,On or near Westridge Road,E01017235,Southampton 013E,Violence and sexual offences,Unable to prosecute suspect,
de4e890fcc127d26bc8a16ea381bc4772b050b92d1bbbb251ee06144b7315a12,2024-03,Hampshire Constabulary,Hampshire Constabulary,-1.393150,50.924446,On or near Parking Area,E01017235,Southampton 013E,Violence and sexual offences,Investigation complete; no suspect identified,
075330bd3c201f302cdb8da70baec0d3e25e36a42ed8455024d8bfa3b119d450,2024-03,Hampshire Constabulary,Hampshire Constabulary,-1.392815,50.923941,On or near Tennyson Road,E01017235,Southampton 013E,Violence and sexual offences,Unable to prosecute suspect,
13010ec4f4a979528fa01ee67941438126e68b10146dfad06340243b15730bce,2024-03,Hampshire Constabulary,Hampshire Constabulary,-1.393150,50.924446,On or near Parking Area,E01017235,Southampton 013E,Violence and sexual offences,Investigation complete; no suspect identified,
85fcb10f8aac0c67a0d2919a3f4936a2437f4f7262472c6ec679c578ddbcdc0e,2024-03,Hampshire Constabulary,Hampshire Constabulary,-1.393150,50.924446,On or near Parking Area,E01017235,Southampton 013E,Violence and sexual offences,Unable to prosecute suspect,
4a1f46a63d752f82179433c538da865a1b178c4b6dd0e90f45dbba3788839bfc,2024-03,Hampshire Constabulary,Hampshire Constabulary,-1.391485,50.925570,On or near Parking Area,E01017235,Southampton 013E,Violence and sexual offences,Unable to prosecute suspect,
8c18d8c5b73bdac5b4d15cc6ae515b54b3ab301f8d5c5be61a1437256abada7e,2024-03,Hampshire Constabulary,Hampshire Constabulary,-1.369949,50.920942,On or near Clark Mews,E01017171,Southampton 014A,Criminal damage and arson,Local resolution,
1cb1ab01d6f2e5f18a85c08a56f776a10e9191fac0941b34191b7d933d3f08a8,2024-03,Hampshire Constabulary,Hampshire Constabulary,-1.369949,50.920942,On or near Clark Mews,E01017171,Southampton 014A,Violence and sexual offences,Local resolution,
c488a79d0beca953ad78511d88d569014ae95e2ce6821235f5e298f819f106ed,2024-03,Hampshire Constabulary,Hampshire Constabulary,-1.374440,50.920238,On or near Bullar Road,E01017171,Southampton 014A,Violence and sexual offences,Action to be taken by another organisation,
9ab068154c1f65680021bbf19cf6ea97e1d68b699951f3cca74c2faa7ff2bf05,2024-03,Hampshire Constabulary,Hampshire Constabulary,-1.373066,50.919772,On or near Cobbett Road,E01017171,Southampton 014A,Violence and sexual offences,Unable to prosecute suspect,
5d96365a43c824b95e2a1b789717645f3091666d2ca67d1c3c3f320883bda60f,2024-03,Hampshire Constabulary,Hampshire Constabulary,-1.370625,50.922129,On or near Sports/Recreation Area,E01017171,Southampton 014A,Drugs,Status update unavailable,
19e317deb44c3150b1216f905afe603b7e586dc8e765f7a5baa6688b9d6dccff,2024-03,Hampshire Constabulary,Hampshire Constabulary,-1.369949,50.920942,On or near Clark Mews,E01017171,Southampton 014A,Violence and sexual offences,Unable to prosecute suspect,
77bfcb751ff82d32eeb2b7a329711bdc7607bbd52e9eb10290440c2a0e50cd62,2024-03,Hampshire Constabulary,Hampshire Constabulary,-1.381139,50.919320,On or near Vespasian Road,E01017172,Southampton 014B,Criminal damage and arson,Unable to prosecute suspect,
d8ea640d47af06277c9d8e3ee77148b0d1fbe03b917a10510530a571632ab7cc,2024-03,Hampshire Constabulary,Hampshire Constabulary,-1.384963,50.917353,On or near Hawkeswood Road,E01017172,Southampton 014B,Drugs,Investigation complete; no suspect identified,
10d9b552cd96f44dd9b27714ac83c8dd8826d91fcb15f2ce7f15e676c9b9f690,2024-03,Hampshire Constabulary,Hampshire Constabulary,-1.381194,50.918385,On or near Englefield Road,E01017172,Southampton 014B,Other theft,Unable to prosecute suspect,
c7be624842fd30ec54e97545f5d2ba618f384457d1a1d9c3ee9465bb659656dc,2024-03,Hampshire Constabulary,Hampshire Constabulary,-1.381139,50.919320,On or near Vespasian Road,E01017172,Southampton 014B,Vehicle crime,Unable to prosecute suspect,
77038c3416a82759e4bf13c65a2d033c99d613e6ca5ce2c1fa09599fcd73feaf,2024-03,Hampshire Constabulary,Hampshire Constabulary,-1.381139,50.919320,On or near Vespasian Road,E01017172,Southampton 014B,Violence and sexual offences,Offender given a caution,
383a5c2ff60ceb2f77c62507c5b46ebab486905f31c04a7c851b47f8eb5baa54,2024-03,Hampshire Constabulary,Hampshire Constabulary,-1.384963,50.917353,On or near Hawkeswood Road,E01017172,Southampton 014B,Violence and sexual offences,Awaiting court outcome,
3e06bfcc81acf7f82249ded18f5b6fcef32254d9fe88668fbbffa8e9fc3b7089,2024-03,Hampshire Constabulary,Hampshire Constabulary,-1.384963,50.917353,On or near Hawkeswood Road,E01017172,Southampton 014B,Violence and sexual offences,Unable to prosecute suspect,
b7d6e1ba1d6e0ec14be41bb59a3daba37cca94cfdedf9ff815f8a75634d60544,2024-03,Hampshire Constabulary,Hampshire Constabulary,-1.380940,50.917152,On or near Steuart Road,E01017172,Southampton 014B,Violence and sexual offences,Unable to prosecute suspect,
276decbce350deaa70b3afded30efcea9deb3fbd8219a9f32d273e30165bc355,2024-03,Hampshire Constabulary,Hampshire Constabulary,-1.379690,50.918090,On or near Rampart Road,E01017172,Southampton 014B,Violence and sexual offences,Local resolution,
21990001e3526912eddbe30136a0df54582d38c239057441648dcc5c67932f74,2024-03,Hampshire Constabulary,Hampshire Constabulary,-1.379690,50.918090,On or near Rampart Road,E01017172,Southampton 014B,Violence and sexual offences,Action to be taken by another organisation,
3088770cbb92f897bb67ef726663f00bac9918f22d202d5fadeadfe92877c65c,2024-03,Hampshire Constabulary,Hampshire Constabulary,-1.378697,50.918930,On or near Chafen Road,E01017172,Southampton 014B,Violence and sexual offences,Local resolution,
ae2c1bb90edb887091e5e1ce1b5769522a832ed31751ff2303504bb9ccdbec78,2024-03,Hampshire Constabulary,Hampshire Constabulary,-1.378697,50.918930,On or near Chafen Road,E01017172,Southampton 014B,Violence and sexual offences,Offender given a caution,
1fc49a4b8c2c5750883766b8880b7e86fedab874dbb5b93952c256fd5d6a1e12,2024-03,Hampshire Constabulary,Hampshire Constabulary,-1.378697,50.918930,On or near Chafen Road,E01017172,Southampton 014B,Violence and sexual offences,Unable to prosecute suspect,
24a2309f0cf94a126487d075cd195cfb610011acef5e35fddece84bcb552c98d,2024-03,Hampshire Constabulary,Hampshire Constabulary,-1.378697,50.918930,On or near Chafen Road,E01017172,Southampton 014B,Violence and sexual offences,Offender given a caution,
0f2d3d812ab9c40e1dcb348c52a2d903954f3a1b8eb878da30ee4acf1639c97b,2024-03,Hampshire Constabulary,Hampshire Constabulary,-1.378697,50.918930,On or near Chafen Road,E01017172,Southampton 014B,Violence and sexual offences,Unable to prosecute suspect,
,2024-03,Hampshire Constabulary,Hampshire Constabulary,-1.381194,50.918385,On or near Englefield Road,E01017172,Southampton 014B,Anti-social behaviour,,
133f86c166b0ffecc2e35a136d6e07753618003111c630d60f534918f6f384ae,2024-03,Hampshire Constabulary,Hampshire Constabulary,-1.380940,50.917152,On or near Steuart Road,E01017172,Southampton 014B,Other theft,Investigation complete; no suspect identified,
1b64136332b09a5e54de32f22adca367c563594bd6d493f2e7688aaeac9bb29e,2024-03,Hampshire Constabulary,Hampshire Constabulary,-1.379227,50.916549,On or near Quayside Road,E01017172,Southampton 014B,Other theft,Investigation complete; no suspect identified,
d054e99688b1a10f0209a0ba9d3abf9889e6007ba4e1f40e709d29d67fa648e0,2024-03,Hampshire Constabulary,Hampshire Constabulary,-1.378697,50.918930,On or near Chafen Road,E01017172,Southampton 014B,Possession of weapons,Status update unavailable,
6cfa00d5eee0f6d5b591ca556cda05e496975ac208859b67b43f6cb43d0d573c,2024-03,Hampshire Constabulary,Hampshire Constabulary,-1.384963,50.917353,On or near Hawkeswood Road,E01017172,Southampton 014B,Vehicle crime,Status update unavailable,
fbf472b0d0a942bb2bfd9be50c6eb86908b89b57d2225cd6fafa709a8715fff3,2024-03,Hampshire Constabulary,Hampshire Constabulary,-1.366086,50.925705,On or near Trent Close,E01017173,Southampton 014C,Possession of weapons,Local resolution,
c5ff6aba78a4d6f1a6679b4a1cbdf4a41cc8148898614a30ea512fd07931aa8c,2024-03,Hampshire Constabulary,Hampshire Constabulary,-1.366086,50.925705,On or near Trent Close,E01017173,Southampton 014C,Shoplifting,Court result unavailable,
50b48cc3f230f7f00b75de0f2abe3961a9f8fdc657ace60bec4774b5765abf98,2024-03,Hampshire Constabulary,Hampshire Constabulary,-1.366086,50.925705,On or near Trent Close,E01017173,Southampton 014C,Shoplifting,Investigation complete; no suspect identified,
9b16f14d084a5a1f5ded0664b09dadb4c18736adcced5606652a0cd1fa42f52e,2024-03,Hampshire Constabulary,Hampshire Constabulary,-1.366086,50.925705,On or near Trent Close,E01017173,Southampton 014C,Shoplifting,Local resolution,
f67096ddf710805a8538bb77d0b63ca832b332c37f2505e07e21a58ba69bd89c,2024-03,Hampshire Constabulary,Hampshire Constabulary,-1.366086,50.925705,On or near Trent Close,E01017173,Southampton 014C,Shoplifting,Unable to prosecute suspect,
c7b91c890182d5682abbfa61fbb6ae1b0a45ee93c5b2751acc962b2b34f6ef41,2024-03,Hampshire Constabulary,Hampshire Constabulary,-1.366086,50.925705,On or near Trent Close,E01017173,Southampton 014C,Vehicle crime,Investigation complete; no suspect identified,
a9f76861427d550f1fe62cf47933f4fe17f9a2d5adeb22e27676dc9e1756cbf1,2024-03,Hampshire Constabulary,Hampshire Constabulary,-1.367013,50.922428,On or near Neva Road,E01017173,Southampton 014C,Violence and sexual offences,Unable to prosecute suspect,
43e77d64d25a21a1b6d6005f4767cd2a2640c17921821d663f09f117c35e816a,2024-03,Hampshire Constabulary,Hampshire Constabulary,-1.367013,50.922428,On or near Neva Road,E01017173,Southampton 014C,Violence and sexual offences,Unable to prosecute suspect,
6c2791bc532feda2a139d0d53e8fb1b38c9acbda4e7b0fb7732cf1e41dd4e827,2024-03,Hampshire Constabulary,Hampshire Constabulary,-1.367013,50.922428,On or near Neva Road,E01017173,Southampton 014C,Violence and sexual offences,Court result unavailable,
cd6c64a267bf3df3ef8b4bbcd1c1b807c90acfd0f5797bdcb494302aeb451b44,2024-03,Hampshire Constabulary,Hampshire Constabulary,-1.366086,50.925705,On or near Trent Close,E01017173,Southampton 014C,Violence and sexual offences,Unable to prosecute suspect,
,2024-03,Hampshire Constabulary,Hampshire Constabulary,-1.369968,50.918514,On or near Monastery Road,E01017173,Southampton 014C,Anti-social behaviour,,
,2024-03,Hampshire Constabulary,Hampshire Constabulary,-1.369968,50.918514,On or near Monastery Road,E01017173,Southampton 014C,Anti-social behaviour,,
,2024-03,Hampshire Constabulary,Hampshire Constabulary,-1.369968,50.918514,On or near Monastery Road,E01017173,Southampton 014C,Anti-social behaviour,,
7226efaf07a2dbaf8376e05844536cbd00c57c5b1951fa0b9b55f778b93e6872,2024-03,Hampshire Constabulary,Hampshire Constabulary,-1.369536,50.917819,On or near Beech Avenue,E01017173,Southampton 014C,Vehicle crime,Investigation complete; no suspect identified,
06dd9e4eb7039590a889e211d14fda744906c62aee2d36672d6ee0c7a5e9b7db,2024-03,Hampshire Constabulary,Hampshire Constabulary,-1.369536,50.917819,On or near Beech Avenue,E01017173,Southampton 014C,Vehicle crime,Investigation complete; no suspect identified,
bf644738c67f371e425f27629ca7e47e21423719f3bbdfc1300f7ed317636d18,2024-03,Hampshire Constabulary,Hampshire Constabulary,-1.369536,50.917819,On or near Beech Avenue,E01017173,Southampton 014C,Vehicle crime,Investigation complete; no suspect identified,
a346b0e6bf6f44f104b65e7ae6f9833b848d546a60f35a91566f2bf8ea76c540,2024-03,Hampshire Constabulary,Hampshire Constabulary,-1.374575,50.922891,On or near Cobden Court,E01017177,Southampton 014D,Violence and sexual offences,Unable to prosecute suspect,
5a0cb5dd00f6adab09037bd6f9b82b00199e51dea50d38f1f7526a70ab725f74,2024-03,Hampshire Constabulary,Hampshire Constabulary,-1.376334,50.924366,On or near Bitterne Park Triangle,E01017177,Southampton 014D,Violence and sexual offences,Investigation complete; no suspect identified,
a59b1d859f6dc7dad44125e90e64b42ef482ca2cbd3f0c2e1f2958b286fed421,2024-03,Hampshire Constabulary,Hampshire Constabulary,-1.376334,50.924366,On or near Bitterne Park Triangle,E01017177,Southampton 014D,Violence and sexual offences,Action to be taken by another organisation,
0db5a3daafe78139a63cf254a57af3331416645d00d1b32de893fae6cc95da99,2024-03,Hampshire Constabulary,Hampshire Constabulary,-1.374575,50.922891,On or near Cobden Court,E01017177,Southampton 014D,Violence and sexual offences,Unable to prosecute suspect,
,2024-03,Hampshire Constabulary,Hampshire Constabulary,-1.376533,50.923288,On or near Riverdene Place,E01017177,Southampton 014D,Anti-social behaviour,,
,2024-03,Hampshire Constabulary,Hampshire Constabulary,-1.376533,50.923288,On or near Riverdene Place,E01017177,Southampton 014D,Anti-social behaviour,,
,2024-03,Hampshire Constabulary,Hampshire Constabulary,-1.376533,50.923288,On or near Riverdene Place,E01017177,Southampton 014D,Anti-social behaviour,,
,2024-03,Hampshire Constabulary,Hampshire Constabulary,-1.376334,50.924366,On or near Bitterne Park Triangle,E01017177,Southampton 014D,Anti-social behaviour,,
,2024-03,Hampshire Constabulary,Hampshire Constabulary,-1.376533,50.923288,On or near Riverdene Place,E01017177,Southampton 014D,Anti-social behaviour,,
,2024-03,Hampshire Constabulary,Hampshire Constabulary,-1.374575,50.922891,On or near Cobden Court,E01017177,Southampton 014D,Anti-social behaviour,,
27d5e51f92e99783d02de43c7e409acb975f1330af571ad88592aa6fd561903f,2024-03,Hampshire Constabulary,Hampshire Constabulary,-1.377603,50.927332,On or near Nursery Road,E01017177,Southampton 014D,Burglary,Investigation complete; no suspect identified,
83a6ed6079b6d7d13720495fab634518e89085ba7dccfa134fa8fbc3cc6c93a4,2024-03,Hampshire Constabulary,Hampshire Constabulary,-1.376533,50.923288,On or near Riverdene Place,E01017177,Southampton 014D,Criminal damage and arson,Investigation complete; no suspect identified,
3fdeeca909107774fb2783479902321a4fa9e4146855519680a7797e3aceeceb,2024-03,Hampshire Constabulary,Hampshire Constabulary,-1.375350,50.923489,On or near Petrol Station,E01017177,Southampton 014D,Criminal damage and arson,Investigation complete; no suspect identified,
c9ffb1b81c968038275e8dd3bd566eb80a50b2d6c4b42f0d161e5f6eb2bc0b44,2024-03,Hampshire Constabulary,Hampshire Constabulary,-1.376533,50.923288,On or near Riverdene Place,E01017177,Southampton 014D,Public order,Further investigation is not in the public interest,
16dc4e126af487eff30606aa683762705aefdcc43d2c34c45888b82216aae7a4,2024-03,Hampshire Constabulary,Hampshire Constabulary,-1.376533,50.923288,On or near Riverdene Place,E01017177,Southampton 014D,Public order,Status update unavailable,
8026effb6420d2a9039ed98115cfbfb2289b33391cd2f452976c84fbae74f611,2024-03,Hampshire Constabulary,Hampshire Constabulary,-1.374487,50.925238,On or near St Catherines Road,E01017177,Southampton 014D,Vehicle crime,Investigation complete; no suspect identified,
13c6b5f93847ca63ce3af058beb623fdfd883d4290ac501f9e864f5be692af64,2024-03,Hampshire Constabulary,Hampshire Constabulary,-1.377603,50.927332,On or near Nursery Road,E01017177,Southampton 014D,Vehicle crime,Investigation complete; no suspect identified,
a31b62f737e78c0896db79950d483ef78fabbb645225a1fa4ffc94b4ae4b6bea,2024-03,Hampshire Constabulary,Hampshire Constabulary,-1.372223,50.927492,On or near Hillside Avenue,E01017178,Southampton 014E,Violence and sexual offences,Investigation complete; no suspect identified,
4331d729f6f1877b0b8a2177d99a8c4c8fac07492890f0e17c40a98a341d88ff,2024-03,Hampshire Constabulary,Hampshire Constabulary,-1.370770,50.928689,On or near Dimond Road,E01017178,Southampton 014E,Violence and sexual offences,Unable to prosecute suspect,
cd20c78e8df79d3ad9a8cd9abee3f1ebeb9fc673bd6f102c622b3004d9492d55,2024-03,Hampshire Constabulary,Hampshire Constabulary,-1.370770,50.928689,On or near Dimond Road,E01017178,Southampton 014E,Violence and sexual offences,Unable to prosecute suspect,
03d0cc5ecb6471b05b77f20cf928cdee857ff4171eb3252fe76b2f03e9c4c3ed,2024-03,Hampshire Constabulary,Hampshire Constabulary,-1.447300,50.925803,On or near Barters Close,E01017207,Southampton 015A,Criminal damage and arson,Investigation complete; no suspect identified,
34ecc0f9272eff8b0965c65b6f8b03e6c0171612c4a22b47e87eead4b4f1aad6,2024-03,Hampshire Constabulary,Hampshire Constabulary,-1.449318,50.928393,On or near Timsbury Drive,E01017207,Southampton 015A,Criminal damage and arson,Unable to prosecute suspect,
55aabef2b111b97202d5d5361631fd9b70a483c916de5237b881eda4dbc9a725,2024-03,Hampshire Constabulary,Hampshire Constabulary,-1.449318,50.928393,On or near Timsbury Drive,E01017207,Southampton 015A,Violence and sexual offences,Court result unavailable,
830795540676c699eb3be1a20e5c69f8dca05b727c6cc6080de84438dc4f8469,2024-03,Hampshire Constabulary,Hampshire Constabulary,-1.449318,50.928393,On or near Timsbury Drive,E01017207,Southampton 015A,Violence and sexual offences,Unable to prosecute suspect,
09853809b3b7bbea58be4c1075f171b1cea84eb43485d1c7ebb418605448d838,2024-03,Hampshire Constabulary,Hampshire Constabulary,-1.444667,50.926995,On or near Broughton Close,E01017207,Southampton 015A,Violence and sexual offences,Unable to prosecute suspect,
50dc6ea908f04491311c6bf5122707647630cf9b78c48a71ee070337b5a0d653,2024-03,Hampshire Constabulary,Hampshire Constabulary,-1.447300,50.925803,On or near Barters Close,E01017207,Southampton 015A,Violence and sexual offences,Unable to prosecute suspect,
c16035af0e701c6d3e669b02e8cb8fc7c3afcaf7715992bd385099df13a0727e,2024-03,Hampshire Constabulary,Hampshire Constabulary,-1.444667,50.926995,On or near Broughton Close,E01017207,Southampton 015A,Violence and sexual offences,Unable to prosecute suspect,
2880617732a6fb98ac5cb4503cb8fea178b4f134d7edf779fdeb2a20413611c9,2024-03,Hampshire Constabulary,Hampshire Constabulary,-1.444667,50.926995,On or near Broughton Close,E01017207,Southampton 015A,Violence and sexual offences,Formal action is not in the public interest,
7fd726615f7c6a2a0e590c7d12d28d87ae97ce4da76b48e8c667fa2833837afb,2024-03,Hampshire Constabulary,Hampshire Constabulary,-1.449318,50.928393,On or near Timsbury Drive,E01017207,Southampton 015A,Violence and sexual offences,Unable to prosecute suspect,
b33aebccba7a9e00b422decd76a2e3f49c6ff5976acae8605e3a4628bb369ad7,2024-03,Hampshire Constabulary,Hampshire Constabulary,-1.444667,50.926995,On or near Broughton Close,E01017207,Southampton 015A,Public order,Status update unavailable,
bb719df09cac3fda3f68d5c09479214ff0a8daf885a7646f416ef02da6f9332c,2024-03,Hampshire Constabulary,Hampshire Constabulary,-1.447300,50.925803,On or near Barters Close,E01017207,Southampton 015A,Violence and sexual offences,Status update unavailable,
d5a062f678150d03d1d59776a5801242388ed6a90edb6ee7e053de9f394bffa7,2024-03,Hampshire Constabulary,Hampshire Constabulary,-1.447559,50.926685,On or near Redbridge Hill,E01017207,Southampton 015A,Violence and sexual offences,Status update unavailable,
32aeb141ec1e53636cd78f8b536a1e0a433ae7d6465e2bb0d081410190bcd7a1,2024-03,Hampshire Constabulary,Hampshire Constabulary,-1.438902,50.922490,On or near Henty Road,E01017209,Southampton 015B,Violence and sexual offences,Unable to prosecute suspect,
f1c2e77a0b39604794dfdb4456945eb1dfbde818c063fc0ec4574582926f3e3e,2024-03,Hampshire Constabulary,Hampshire Constabulary,-1.438902,50.922490,On or near Henty Road,E01017209,Southampton 015B,Violence and sexual offences,Unable to prosecute suspect,
8d2b46a9e4382d0b9217de6bb588747d4678fc3f494468d29a02afaf2d64bdd1,2024-03,Hampshire Constabulary,Hampshire Constabulary,-1.439206,50.924460,On or near Cecil Avenue,E01017209,Southampton 015B,Violence and sexual offences,Unable to prosecute suspect,
50bd5ece076cee6588d4e558085df0549091aa73ce8bf03266466f07fdda0ea3,2024-03,Hampshire Constabulary,Hampshire Constabulary,-1.439206,50.924460,On or near Cecil Avenue,E01017209,Southampton 015B,Violence and sexual offences,Local resolution,
,2024-03,Hampshire Constabulary,Hampshire Constabulary,-1.437828,50.923105,On or near Shirley Park Road,E01017209,Southampton 015B,Anti-social behaviour,,
61ee42b082679f6660e309e2c11a1b91933effc9eb4d7cf205fb5d3ef08fdab4,2024-03,Hampshire Constabulary,Hampshire Constabulary,-1.438902,50.922490,On or near Henty Road,E01017209,Southampton 015B,Criminal damage and arson,Unable to prosecute suspect,
b74d8117f343c337a61dea9e19b32a97236df75eedaa46576a1bdfd3f88c6a5f,2024-03,Hampshire Constabulary,Hampshire Constabulary,-1.440948,50.922715,On or near Richville Road,E01017209,Southampton 015B,Public order,Investigation complete; no suspect identified,
d5cc9fcd288c622cb1678f6ed9f0e9e69a85185ab04d0cf0a0b36127f2145f19,2024-03,Hampshire Constabulary,Hampshire Constabulary,-1.438902,50.922490,On or near Henty Road,E01017209,Southampton 015B,Violence and sexual offences,Unable to prosecute suspect,
74fb56ca13c043441ce54e829df6f75101fae29d60f89897fc957f4ba7751991,2024-03,Hampshire Constabulary,Hampshire Constabulary,-1.435688,50.923598,On or near Newman Street,E01017211,Southampton 015C,Drugs,Awaiting court outcome,
f89a9f04ad88e668cd96505fc3181606e834952d2511b21ac2ef07204d61f460,2024-03,Hampshire Constabulary,Hampshire Constabulary,-1.434674,50.922676,On or near Shopping Area,E01017211,Southampton 015C,Other theft,Investigation complete; no suspect identified,
ad5d023e6f90221b34207e1bf921d808a1d37959b0c6f6b6cd2e3058e28976de,2024-03,Hampshire Constabulary,Hampshire Constabulary,-1.432870,50.921282,On or near Emsworth Road,E01017211,Southampton 015C,Other theft,Investigation complete; no suspect identified,
33cb84cc52d217eec0131ebf41ed51637ecd20c6e43c40436359488b9525ae0d,2024-03,Hampshire Constabulary,Hampshire Constabulary,-1.436326,50.922531,On or near Settle Close,E01017211,Southampton 015C,Other theft,Investigation complete; no suspect identified,
d807df3a2fafaab2f60b7c7ecda3ba56ebcebf21a010fb6c4897db86a7c30bb6,2024-03,Hampshire Constabulary,Hampshire Constabulary,-1.433342,50.922220,On or near Shirley High Street,E01017211,Southampton 015C,Public order,Unable to prosecute suspect,
cbaf088f1189dcf86db5b173471a864e94006c8cc4a047e66735d263b3851b1b,2024-03,Hampshire Constabulary,Hampshire Constabulary,-1.433342,50.922220,On or near Shirley High Street,E01017211,Southampton 015C,Shoplifting,Investigation complete; no suspect identified,
089cbe66dfb480ffa28d27353cc8a798b825fe9039bbfa32b06f659095922c50,2024-03,Hampshire Constabulary,Hampshire Constabulary,-1.433342,50.922220,On or near Shirley High Street,E01017211,Southampton 015C,Shoplifting,Investigation complete; no suspect identified,
0f4a3ab13805abddba1e6a418faf44aace10fc6d9038b08a665015ce93cf1c44,2024-03,Hampshire Constabulary,Hampshire Constabulary,-1.433831,50.920640,On or near Leighton Avenue,E01017211,Southampton 015C,Violence and sexual offences,Investigation complete; no suspect identified,
80a4f3aa832e01efd4068864d2635cbb239a325f453c1863bcc5d1d9b7908668,2024-03,Hampshire Constabulary,Hampshire Constabulary,-1.434961,50.918990,On or near Imperial Avenue,E01017211,Southampton 015C,Violence and sexual offences,Unable to prosecute suspect,
,2024-03,Hampshire Constabulary,Hampshire Constabulary,-1.433342,50.922220,On or near Shirley High Street,E01017211,Southampton 015C,Anti-social behaviour,,
,2024-03,Hampshire Constabulary,Hampshire Constabulary,-1.434878,50.922317,On or near Park Street,E01017211,Southampton 015C,Anti-social behaviour,,
,2024-03,Hampshire Constabulary,Hampshire Constabulary,-1.433342,50.922220,On or near Shirley High Street,E01017211,Southampton 015C,Anti-social behaviour,,
8fe568e6ca079c8fd6552c64d63c5ae2c4186cf189910efea1159c34a0265696,2024-03,Hampshire Constabulary,Hampshire Constabulary,-1.433342,50.922220,On or near Shirley High Street,E01017211,Southampton 015C,Criminal damage and arson,Investigation complete; no suspect identified,
3bea558887bdd4055bae2717e2f209807ecd0c4810637ec697da34a381520e91,2024-03,Hampshire Constabulary,Hampshire Constabulary,-1.432870,50.921282,On or near Emsworth Road,E01017211,Southampton 015C,Other theft,Investigation complete; no suspect identified,
423cd68e01107df1114f9860ea35df6c7138994222b5b0a42e5358b38da3ef85,2024-03,Hampshire Constabulary,Hampshire Constabulary,-1.433342,50.922220,On or near Shirley High Street,E01017211,Southampton 015C,Shoplifting,Investigation complete; no suspect identified,
2f3424ba30555098f0fdd02e4b2991d7a4221259c3e677b8a2a99e583f450a00,2024-03,Hampshire Constabulary,Hampshire Constabulary,-1.433342,50.922220,On or near Shirley High Street,E01017211,Southampton 015C,Shoplifting,Investigation complete; no suspect identified,
f0f561c3d8f7b8b68a674181d614060f13cdc7b0952b943cdae4af4593655979,2024-03,Hampshire Constabulary,Hampshire Constabulary,-1.432870,50.921282,On or near Emsworth Road,E01017211,Southampton 015C,Shoplifting,Investigation complete; no suspect identified,
f910b506e059b9a7b05c43e82390ed8427f450a950a5b84ee18a512f56dcfd0b,2024-03,Hampshire Constabulary,Hampshire Constabulary,-1.433342,50.922220,On or near Shirley High Street,E01017211,Southampton 015C,Shoplifting,Investigation complete; no suspect identified,
687e873ba6f0a367369473f2cd9cc23e505f5ed6679ed25031115d0f6a7f553b,2024-03,Hampshire Constabulary,Hampshire Constabulary,-1.432870,50.921282,On or near Emsworth Road,E01017211,Southampton 015C,Shoplifting,Investigation complete; no suspect identified,
0157fdd08c0a9681f074519f0bc9c21a9d0b5d995aa366bae8e252d12c2ea5de,2024-03,Hampshire Constabulary,Hampshire Constabulary,-1.433342,50.922220,On or near Shirley High Street,E01017211,Southampton 015C,Shoplifting,Investigation complete; no suspect identified,
ab55cc06edfbfedfebba16913531a004d5754c5ec0c95ed19f2fd66451bc49b7,2024-03,Hampshire Constabulary,Hampshire Constabulary,-1.433342,50.922220,On or near Shirley High Street,E01017211,Southampton 015C,Shoplifting,Investigation complete; no suspect identified,
6e32d712f18fcc653e6fe768ac9a29d14029e0c916348fe548991e49345cbb5f,2024-03,Hampshire Constabulary,Hampshire Constabulary,-1.433342,50.922220,On or near Shirley High Street,E01017211,Southampton 015C,Violence and sexual offences,Investigation complete; no suspect identified,
cdea8708795489238e92b9feef8aa53ef698e938a43778b58b8cb77f60875a4b,2024-03,Hampshire Constabulary,Hampshire Constabulary,-1.432870,50.921282,On or near Emsworth Road,E01017211,Southampton 015C,Violence and sexual offences,Investigation complete; no suspect identified,
38e6f2802228f9c9d5a7dbf39b0712518a887c9cd5d21ebaafb8a703a646fbd4,2024-03,Hampshire Constabulary,Hampshire Constabulary,-1.441912,50.921829,On or near Jess Clark Lodge,E01017212,Southampton 015D,Criminal damage and arson,Investigation complete; no suspect identified,
2950844708efbddeac96f198fa36dc16c1ce99d9eb37eb100f35fb609b22bb66,2024-03,Hampshire Constabulary,Hampshire Constabulary,-1.445908,50.921983,On or near Oakley Road,E01017212,Southampton 015D,Criminal damage and arson,Unable to prosecute suspect,
b623923918b0ba746c5b6f0c29722d97459f4d92a58af12a8eab862aba1fd57e,2024-03,Hampshire Constabulary,Hampshire Constabulary,-1.440834,50.920377,On or near Clifton Road,E01017212,Southampton 015D,Vehicle crime,Investigation complete; no suspect identified,
0148532db969a704916830301a296b7f8309c8f7b7400f888bac6ac73123fd23,2024-03,Hampshire Constabulary,Hampshire Constabulary,-1.444194,50.918972,On or near Meadowmead Avenue,E01017212,Southampton 015D,Violence and sexual offences,Unable to prosecute suspect,
274aa6e746c3ddaf0a5611667c09773cc0adbd4aef903ddf59af374df15c05db,2024-03,Hampshire Constabulary,Hampshire Constabulary,-1.432067,50.918266,On or near Henry Road,E01017213,Southampton 015E,Drugs,Local resolution,
558c41edace693f4c8e1ba4b85298bd3df6d4731d5809a3a7f86289af8373c2b,2024-03,Hampshire Constabulary,Hampshire Constabulary,-1.432311,50.920506,On or near Mayflower Road,E01017213,Southampton 015E,Shoplifting,Local resolution,
097795eee230c8a9369bb24848975ed300d903287b6df35531120a52746575dc,2024-03,Hampshire Constabulary,Hampshire Constabulary,-1.431338,50.919737,On or near Villiers Road,E01017213,Southampton 015E,Violence and sexual offences,Unable to prosecute suspect,
c89cee52063662f0e95aa744144fe5c83c256bab57833fda805333fc84dd336f,2024-03,Hampshire Constabulary,Hampshire Constabulary,-1.429880,50.919137,On or near Selby Place,E01017213,Southampton 015E,Violence and sexual offences,Unable to prosecute suspect,
19e9011e886c690fc798c32897b2c7cdb43d1cae3ebfbd2b76d4dec0d9739cd9,2024-03,Hampshire Constabulary,Hampshire Constabulary,-1.432311,50.920506,On or near Mayflower Road,E01017213,Southampton 015E,Violence and sexual offences,Unable to prosecute suspect,
01a19c8bbdb96a5410c2e04e9996af765e3e30d2cdfad3990c98393cb2141db1,2024-03,Hampshire Constabulary,Hampshire Constabulary,-1.431338,50.919737,On or near Villiers Road,E01017213,Southampton 015E,Bicycle theft,Investigation complete; no suspect identified,
0c669b66a3056aa93489e173da90b7f714e7c8af46c6c22d9bdcd618337ffc19,2024-03,Hampshire Constabulary,Hampshire Constabulary,-1.431338,50.919737,On or near Villiers Road,E01017213,Southampton 015E,Bicycle theft,Status update unavailable,
7270e42a938fac94f73d05bf9b280f083efe27d972273247543ec90717012c84,2024-03,Hampshire Constabulary,Hampshire Constabulary,-1.428621,50.917440,On or near Beatrice Road,E01017213,Southampton 015E,Burglary,Investigation complete; no suspect identified,
4f33e9ccc2376fbf0e7d9cf4371ff0cb6ecc6fa8442113951c33627e6af4da8b,2024-03,Hampshire Constabulary,Hampshire Constabulary,-1.432948,50.919583,On or near Heysham Road,E01017213,Southampton 015E,Criminal damage and arson,Investigation complete; no suspect identified,
995abf2934f565ec5905e5c93ba7c94b826825a7c5a18be21fb77097d04e0d08,2024-03,Hampshire Constabulary,Hampshire Constabulary,-1.432311,50.920506,On or near Mayflower Road,E01017213,Southampton 015E,Other theft,Investigation complete; no suspect identified,
2b845b612c001b5ece00680c65205b18d373ee01cb70d237ba5b3f0fb5096569,2024-03,Hampshire Constabulary,Hampshire Constabulary,-1.432311,50.920506,On or near Mayflower Road,E01017213,Southampton 015E,Public order,Investigation complete; no suspect identified,
618ba985ded63efa3b5529258e6ac8800765fdf3ce40a22b3ff2ae2ee8643cc0,2024-03,Hampshire Constabulary,Hampshire Constabulary,-1.429880,50.919137,On or near Selby Place,E01017213,Southampton 015E,Public order,Investigation complete; no suspect identified,
c79bc2f63bc47bf60ed9d06ecf4a894f5bc267609885f6cc9d5c483fa3eb5a6c,2024-03,Hampshire Constabulary,Hampshire Constabulary,-1.432311,50.920506,On or near Mayflower Road,E01017213,Southampton 015E,Shoplifting,Investigation complete; no suspect identified,
d55031bf3f3c931af67ed1d4befeab0efb9b8574cf274c3d07733eff6ac48fca,2024-03,Hampshire Constabulary,Hampshire Constabulary,-1.433979,50.916675,On or near Ampthill Road,E01017213,Southampton 015E,Vehicle crime,Investigation complete; no suspect identified,
4d9888ae89b4b06dd9f6f87196483c37de5a23bfadba0f45e23897ceaa617b0c,2024-03,Hampshire Constabulary,Hampshire Constabulary,-1.431338,50.919737,On or near Villiers Road,E01017213,Southampton 015E,Violence and sexual offences,Investigation complete; no suspect identified,
7b9fb06313d5f8cbc75c9a390a328d99018a8c2ada622971e2772e498ebd8b0d,2024-03,Hampshire Constabulary,Hampshire Constabulary,-1.428621,50.917440,On or near Beatrice Road,E01017213,Southampton 015E,Violence and sexual offences,Investigation complete; no suspect identified,
f31e4a1bed88cf019425428aece72a4a4182d36b0a71bf765a59e2881de2dc1f,2024-03,Hampshire Constabulary,Hampshire Constabulary,-1.352766,50.915641,On or near York Drove,E01017200,Southampton 016A,Burglary,Investigation complete; no suspect identified,
948a88c76a8f11cba513e3489e08edcf668387e55b80486df6ccf285b979081a,2024-03,Hampshire Constabulary,Hampshire Constabulary,-1.356898,50.918227,On or near Chichester Road,E01017200,Southampton 016A,Public order,Unable to prosecute suspect,
a2050b12d516fef52610f3a2c581fd6eb39ae70a38468ae037667db1b8762230,2024-03,Hampshire Constabulary,Hampshire Constabulary,-1.356025,50.916514,On or near Peppard Close,E01017200,Southampton 016A,Violence and sexual offences,Unable to prosecute suspect,
d971afb3bc7f3cb3de42004cadc6f0e860f7e03db7b79f512ea43cb47f02e6b9,2024-03,Hampshire Constabulary,Hampshire Constabulary,-1.358452,50.916950,On or near Panwell Road,E01017200,Southampton 016A,Violence and sexual offences,Unable to prosecute suspect,
c94dc23fa5e75be75d80366e0575738cae6b7cb388f5e63c8f024d96e36f5535,2024-03,Hampshire Constabulary,Hampshire Constabulary,-1.358452,50.916950,On or near Panwell Road,E01017200,Southampton 016A,Violence and sexual offences,Unable to prosecute suspect,
,2024-03,Hampshire Constabulary,Hampshire Constabulary,-1.353551,50.916473,On or near Commercial Street,E01017200,Southampton 016A,Anti-social behaviour,,
78372b807b6d724b9cca4791b69122217c411dce4419b89c8913e179c69396f0,2024-03,Hampshire Constabulary,Hampshire Constabulary,-1.352413,50.913391,On or near Bath Road,E01017200,Southampton 016A,Burglary,Investigation complete; no suspect identified,
4bd4282ec37bb32819e5c8c5174eaf4d89c860bdcb512dfaaf7ba0f11d8f6e1d,2024-03,Hampshire Constabulary,Hampshire Constabulary,-1.352766,50.915641,On or near York Drove,E01017200,Southampton 016A,Vehicle crime,Investigation complete; no suspect identified,
97ff5fdb3c148eeb6b5857f2c1da5acabcdebcbe6da7e50b0818f8a980ab66e8,2024-03,Hampshire Constabulary,Hampshire Constabulary,-1.352766,50.915641,On or near York Drove,E01017200,Southampton 016A,Vehicle crime,Status update unavailable,
e29a05ba2f30a73953047c00270e8ff4fe6bdbb4baf39a7675419764db4d3e41,2024-03,Hampshire Constabulary,Hampshire Constabulary,-1.356898,50.918227,On or near Chichester Road,E01017200,Southampton 016A,Vehicle crime,Investigation complete; no suspect identified,
0186edb894296eb843dd4d6b067a40da88f9010ea119a1b3c94b1278292970aa,2024-03,Hampshire Constabulary,Hampshire Constabulary,-1.356305,50.926173,On or near Roundhill Close,E01017201,Southampton 016B,Violence and sexual offences,Unable to prosecute suspect,
94f3f87e964a584dbc4ed2721e55d42f35b017afde23277297d8786dcd92532a,2024-03,Hampshire Constabulary,Hampshire Constabulary,-1.356305,50.926173,On or near Roundhill Close,E01017201,Southampton 016B,Violence and sexual offences,Unable to prosecute suspect,
c1363d0bc2190e18db74200ccaa062ee4a7693d3521bbe04412e136517af6f95,2024-03,Hampshire Constabulary,Hampshire Constabulary,-1.356305,50.926173,On or near Roundhill Close,E01017201,Southampton 016B,Violence and sexual offences,Unable to prosecute suspect,
2ea881a262110888b636659df28b6a35b242d5b6cb758829202856b36476daaf,2024-03,Hampshire Constabulary,Hampshire Constabulary,-1.356305,50.926173,On or near Roundhill Close,E01017201,Southampton 016B,Violence and sexual offences,Unable to prosecute suspect,
8cefccf17a7f237577a15a35dc53bc239f409ef4c5ef613b5477ea04bdcc62c9,2024-03,Hampshire Constabulary,Hampshire Constabulary,-1.356305,50.926173,On or near Roundhill Close,E01017201,Southampton 016B,Violence and sexual offences,Unable to prosecute suspect,
a586d34abebf5944a9e4fc7d8599cf759d245a57f5bcaea88ea2613fc08d9402,2024-03,Hampshire Constabulary,Hampshire Constabulary,-1.356148,50.928259,On or near Hallet Close,E01017201,Southampton 016B,Burglary,Investigation complete; no suspect identified,
8ec2486b9229c817cf81fcbd2582582a580b7ca2de80d57e63124107d37d17b8,2024-03,Hampshire Constabulary,Hampshire Constabulary,-1.356101,50.926532,On or near Hazelwood Road,E01017201,Southampton 016B,Other theft,Investigation complete; no suspect identified,
b12e0ab9427bb0326501f2ed5cb1f43465a86b70f088b3932b07a1a1d41e0053,2024-03,Hampshire Constabulary,Hampshire Constabulary,-1.356305,50.926173,On or near Roundhill Close,E01017201,Southampton 016B,Public order,Unable to prosecute suspect,
1f593175e77ddc268313f1732eb109b1e255cbbac45ee4dba8cdadd94e63e9c8,2024-03,Hampshire Constabulary,Hampshire Constabulary,-1.358073,50.926893,On or near Onibury Close,E01017201,Southampton 016B,Vehicle crime,Investigation complete; no suspect identified,
62e7fed5c882624229efb18d9cf299b7d26fffb26a6eca0da25fcd1f1fd59261,2024-03,Hampshire Constabulary,Hampshire Constabulary,-1.356305,50.926173,On or near Roundhill Close,E01017201,Southampton 016B,Violence and sexual offences,Status update unavailable,
7d28b4e5999b1049641d1641c7f2c8d5fece33c0991a7b0d7f9e3a5351bc49fb,2024-03,Hampshire Constabulary,Hampshire Constabulary,-1.354197,50.921766,On or near Petrol Station,E01017202,Southampton 016C,Shoplifting,Investigation complete; no suspect identified,
d8b773e6ddcd8fe58464751b8b0903857c6c784bd7ab406f8cfec3b495e276dc,2024-03,Hampshire Constabulary,Hampshire Constabulary,-1.354197,50.921766,On or near Petrol Station,E01017202,Southampton 016C,Shoplifting,Court result unavailable,
628b3d225edf1a949c350cb35a973df7429d4d7b1395f73e899702a8eaad0faa,2024-03,Hampshire Constabulary,Hampshire Constabulary,-1.354197,50.921766,On or near Petrol Station,E01017202,Southampton 016C,Shoplifting,Court result unavailable,
f3a9ff0815e630ac267447330295817d611b11356e899003a71a5cbc6abbc0cd,2024-03,Hampshire Constabulary,Hampshire Constabulary,-1.354197,50.921766,On or near Petrol Station,E01017202,Southampton 016C,Shoplifting,Court result unavailable,
33f39bdb4a901766ba64cddc410f661d14d7fdcde2a9b81764414758053af123,2024-03,Hampshire Constabulary,Hampshire Constabulary,-1.359374,50.920237,On or near Tedder Road,E01017202,Southampton 016C,Violence and sexual offences,Investigation complete; no suspect identified,
ec611b9008df84ffec5ca6befbd46ff2cfbe335f3fabb6527371e668bec0bd05,2024-03,Hampshire Constabulary,Hampshire Constabulary,-1.358059,50.920697,On or near Macarthur Crescent,E01017202,Southampton 016C,Violence and sexual offences,Unable to prosecute suspect,
443cc6665337c06e5c09363f435ad9987959609c3ef2a5c194a20e7f352a2fb4,2024-03,Hampshire Constabulary,Hampshire Constabulary,-1.358059,50.920697,On or near Macarthur Crescent,E01017202,Southampton 016C,Violence and sexual offences,Unable to prosecute suspect,
955cb0500f399b7dae30013539373370271e70a57652f7e1794f2b9d315614c5,2024-03,Hampshire Constabulary,Hampshire Constabulary,-1.354197,50.921766,On or near Petrol Station,E01017202,Southampton 016C,Violence and sexual offences,Formal action is not in the public interest,
c72e5f4403ce7ee9667036d792a0d34c45c1db0b417f0d0f0334815f6887e820,2024-03,Hampshire Constabulary,Hampshire Constabulary,-1.354197,50.921766,On or near Petrol Station,E01017202,Southampton 016C,Violence and sexual offences,Unable to prosecute suspect,
bd1ecac573bafc40485f92b7098f9ab21ffa13fb18dfaec3ecedbba42f047e3f,2024-03,Hampshire Constabulary,Hampshire Constabulary,-1.359733,50.924133,On or near Benhams Farm Close,E01017202,Southampton 016C,Violence and sexual offences,Local resolution,
56c72ef64ff17e514b8714f94d0e0be19a9479fb771a991d8c3bd395d464eb3a,2024-03,Hampshire Constabulary,Hampshire Constabulary,-1.359733,50.924133,On or near Benhams Farm Close,E01017202,Southampton 016C,Violence and sexual offences,Unable to prosecute suspect,
,2024-03,Hampshire Constabulary,Hampshire Constabulary,-1.359733,50.924133,On or near Benhams Farm Close,E01017202,Southampton 016C,Anti-social behaviour,,
4256bb92f34f8e89b97b58e54357a7689c78e9aa20eaa8db9f5dcc21010ad31a,2024-03,Hampshire Constabulary,Hampshire Constabulary,-1.358599,50.922805,On or near Vanguard Road,E01017202,Southampton 016C,Other theft,Investigation complete; no suspect identified,
3af2f2cfc5527dea37f6b4620cf45e8ce0e42bf024e5ee31e097873c313ba37b,2024-03,Hampshire Constabulary,Hampshire Constabulary,-1.359374,50.920237,On or near Tedder Road,E01017202,Southampton 016C,Other theft,Investigation complete; no suspect identified,
845c6e14358681000d151547788a4be7c339ac9dc7ca6aa0f7f6469549ffe2f8,2024-03,Hampshire Constabulary,Hampshire Constabulary,-1.354197,50.921766,On or near Petrol Station,E01017202,Southampton 016C,Other theft,Investigation complete; no suspect identified,
e96ff757c77a2e4f1ed38f5821f05c965804d49b4ae451c028f6cfe753803564,2024-03,Hampshire Constabulary,Hampshire Constabulary,-1.354197,50.921766,On or near Petrol Station,E01017202,Southampton 016C,Other theft,Investigation complete; no suspect identified,
dba1e9efecbd3da4fed65f64f166add832b4b04018a0b3af490cea3aae169dbd,2024-03,Hampshire Constabulary,Hampshire Constabulary,-1.355944,50.921405,On or near Bramble Mews,E01017202,Southampton 016C,Public order,Investigation complete; no suspect identified,
f005b6a07cf36ff94a2b9edad89a35eb6f2e78cab7d4e773f27008125dfc8219,2024-03,Hampshire Constabulary,Hampshire Constabulary,-1.359332,50.919203,On or near Wavell Road,E01017202,Southampton 016C,Vehicle crime,Investigation complete; no suspect identified,
52ae9c49fd2ed2a72c96aa86d66fd1eb8a4c7a5989afdc5a689c1f1b682e4f9f,2024-03,Hampshire Constabulary,Hampshire Constabulary,-1.358599,50.922805,On or near Vanguard Road,E01017202,Southampton 016C,Vehicle crime,Investigation complete; no suspect identified,
8fa0fbae8c8d11a0a3494afb11588bdb95a92d61083e0dd18ff4565a6bbe3774,2024-03,Hampshire Constabulary,Hampshire Constabulary,-1.359733,50.924133,On or near Benhams Farm Close,E01017202,Southampton 016C,Violence and sexual offences,Investigation complete; no suspect identified,
abe74a758555c8a3b40ae9e6177daa8f44b6a278af9b0f68e0d9fd1d2ed37feb,2024-03,Hampshire Constabulary,Hampshire Constabulary,-1.356800,50.924341,On or near Exeter Close,E01017202,Southampton 016C,Violence and sexual offences,Status update unavailable,
9e0fa135637a1850da0e9245f0ea60b42ac0b0cd513c886622742675b1bd55fa,2024-03,Hampshire Constabulary,Hampshire Constabulary,-1.362232,50.920343,On or near Rossington Avenue,E01017203,Southampton 016D,Other theft,Investigation complete; no suspect identified,
b1bd3542388cf29a5afe707a2b58a00f704c6c5e71560b661bb22c066670f9fd,2024-03,Hampshire Constabulary,Hampshire Constabulary,-1.363238,50.918550,On or near Rossington Way,E01017203,Southampton 016D,Vehicle crime,Investigation complete; no suspect identified,
29920bad63184724ad0421cd14e1c8b7a4346058e717c39acd0fc58140369d0b,2024-03,Hampshire Constabulary,Hampshire Constabulary,-1.364323,50.924535,On or near Summit Way,E01017203,Southampton 016D,Violence and sexual offences,Unable to prosecute suspect,
a9aa71105b1804707019cb9076bf312ffe59ca5965fd3f3b582ebc867eeb0405,2024-03,Hampshire Constabulary,Hampshire Constabulary,-1.364323,50.924535,On or near Summit Way,E01017203,Southampton 016D,Violence and sexual offences,Status update unavailable,
9b313c393df8b41f8255d0aa49b833a79d2d1c7aeae4cc8e0bfc6d6183ec144f,2024-03,Hampshire Constabulary,Hampshire Constabulary,-1.364323,50.924535,On or near Summit Way,E01017203,Southampton 016D,Violence and sexual offences,Status update unavailable,
24296ca6ee8b592e3570cc8797c8d887c08e0e44de4e8eb09dd7d09d2526c96b,2024-03,Hampshire Constabulary,Hampshire Constabulary,-1.364323,50.924535,On or near Summit Way,E01017203,Southampton 016D,Violence and sexual offences,Investigation complete; no suspect identified,
1fe6508605bc349dd9716b6b8f6ec9d036868e6c4bdd9a6be90ac662ab135253,2024-03,Hampshire Constabulary,Hampshire Constabulary,-1.351802,50.924602,On or near Epping Close,E01017204,Southampton 016E,Criminal damage and arson,Unable to prosecute suspect,
b04dafabc825e6ec8310b2e4b35e0a3d7f21904810f282f745674b561dfbc206,2024-03,Hampshire Constabulary,Hampshire Constabulary,-1.349346,50.925235,On or near Hedgerow Drive,E01017204,Southampton 016E,Violence and sexual offences,Local resolution,
48be54d4e1aa3563ba41d8605d3f41f2b88ff03d733aa98d6b52b283b9c43eb5,2024-03,Hampshire Constabulary,Hampshire Constabulary,-1.351543,50.922766,On or near Shrubland Close,E01017204,Southampton 016E,Other theft,Investigation complete; no suspect identified,
c0939e5058f1d52ae08fe31a0975b9fe24c9f4751c40c10e22541b3a5adb19f6,2024-03,Hampshire Constabulary,Hampshire Constabulary,-1.354024,50.923364,On or near Aberdour Close,E01017204,Southampton 016E,Other theft,Status update unavailable,
942125470fe36f16b8d1beb0169d852be9389c81644e0299220adcfa06f6cc40,2024-03,Hampshire Constabulary,Hampshire Constabulary,-1.349346,50.925235,On or near Hedgerow Drive,E01017204,Southampton 016E,Vehicle crime,Investigation complete; no suspect identified,
06d0e350e35a1be657c42523c250926591906eacef7c3fe1872ab0ac27df4ac8,2024-03,Hampshire Constabulary,Hampshire Constabulary,-1.350499,50.925224,On or near Nomad Close,E01017204,Southampton 016E,Violence and sexual offences,Unable to prosecute suspect,
2fae3d6702024e2746ea94b9f2af3f56ab4b4e1709addaac353665844b37e497,2024-03,Hampshire Constabulary,Hampshire Constabulary,-1.396199,50.923050,On or near Fullerton Place,E01017157,Southampton 017A,Public order,Unable to prosecute suspect,
cd3d000223164f786cf549e07881bc51ae654df99e8915337cca3ac0fa7c87cf,2024-03,Hampshire Constabulary,Hampshire Constabulary,-1.398947,50.922911,On or near Gordon Avenue,E01017157,Southampton 017A,Violence and sexual offences,Unable to prosecute suspect,
abf8c145afae774c4500db48f9503badd1ecb14ae8968dfad6feba0f30ff5e77,2024-03,Hampshire Constabulary,Hampshire Constabulary,-1.396199,50.923050,On or near Fullerton Place,E01017157,Southampton 017A,Violence and sexual offences,Unable to prosecute suspect,
,2024-03,Hampshire Constabulary,Hampshire Constabulary,-1.396199,50.923050,On or near Fullerton Place,E01017157,Southampton 017A,Anti-social behaviour,,
03044f24ae646136bbcfb43942259c665f5c70c6c0265882b0d78ad34da4f82f,2024-03,Hampshire Constabulary,Hampshire Constabulary,-1.394646,50.924328,On or near Supermarket,E01017157,Southampton 017A,Criminal damage and arson,Investigation complete; no suspect identified,
f4258845c2d9e8b0e183718782524d9497f2c0752fdf53e0f2bcda3949e722b5,2024-03,Hampshire Constabulary,Hampshire Constabulary,-1.398947,50.922911,On or near Gordon Avenue,E01017157,Southampton 017A,Other theft,Investigation complete; no suspect identified,
5334a5580abd795f58266e307202e0150d197cd90224d37b11bb7ecb63721722,2024-03,Hampshire Constabulary,Hampshire Constabulary,-1.394646,50.924328,On or near Supermarket,E01017157,Southampton 017A,Possession of weapons,Investigation complete; no suspect identified,
c5a9ba0553b7917051f9a1ee89980a2ccf622cdef3f599852f6af524defac5c5,2024-03,Hampshire Constabulary,Hampshire Constabulary,-1.400415,50.921597,On or near Alma Road,E01017157,Southampton 017A,Public order,Unable to prosecute suspect,
522d2a26ac8219eb7cc18c0abb83c3c51cea906ffed057e238c22b8d2ff9ae51,2024-03,Hampshire Constabulary,Hampshire Constabulary,-1.394646,50.924328,On or near Supermarket,E01017157,Southampton 017A,Public order,Unable to prosecute suspect,
8f9a4db61f9cfa5dbef6f2c5926c5c74fad24a70d9e9bb560fbf005165a5f13a,2024-03,Hampshire Constabulary,Hampshire Constabulary,-1.394646,50.924328,On or near Supermarket,E01017157,Southampton 017A,Shoplifting,Investigation complete; no suspect identified,
838afe9b0283d599724c295931181ace7b03d612f84dac7ecc894df5b7ac01d7,2024-03,Hampshire Constabulary,Hampshire Constabulary,-1.400415,50.921597,On or near Alma Road,E01017157,Southampton 017A,Violence and sexual offences,Unable to prosecute suspect,
5a13a8622f91c5b22e01bbecc247affe706780709c60fd3a69a0d081cced9987,2024-03,Hampshire Constabulary,Hampshire Constabulary,-1.399265,50.922472,On or near Livingstone Road,E01017157,Southampton 017A,Violence and sexual offences,Status update unavailable,
02a606cc7aadeee002ba40ffe2050154856fa8d130197df9c11a787d21411fbe,2024-03,Hampshire Constabulary,Hampshire Constabulary,-1.398947,50.922911,On or near Gordon Avenue,E01017157,Southampton 017A,Violence and sexual offences,Unable to prosecute suspect,
bac564c363f136e80fad40db941cd3a003d0d348e9aced1c1d4a74a547ff23ec,2024-03,Hampshire Constabulary,Hampshire Constabulary,-1.402980,50.919047,On or near Parking Area,E01017158,Southampton 017B,Criminal damage and arson,Court result unavailable,
05ee8386c537d94ca70a2306f732be02326ddcfadb3300ff0b099c1a371e8e85,2024-03,Hampshire Constabulary,Hampshire Constabulary,-1.402980,50.919047,On or near Parking Area,E01017158,Southampton 017B,Drugs,Formal action is not in the public interest,
628eb17dd2cf133364020a72f93f44df2b15b5c4d223a97e1e87f20a5d555e99,2024-03,Hampshire Constabulary,Hampshire Constabulary,-1.402980,50.919047,On or near Parking Area,E01017158,Southampton 017B,Drugs,Unable to prosecute suspect,
17c4560ff15f52a9aa7b8ed07ea18eba66fdc21e6f2c67280a942b11682095b0,2024-03,Hampshire Constabulary,Hampshire Constabulary,-1.403858,50.920446,On or near Clifford Dibben Mews,E01017158,Southampton 017B,Other theft,Unable to prosecute suspect,
ff3946f2b61995c015c2361f99cf588df72492c8c15ee6e4dba9866311b0d7f5,2024-03,Hampshire Constabulary,Hampshire Constabulary,-1.402980,50.919047,On or near Parking Area,E01017158,Southampton 017B,Other theft,Investigation complete; no suspect identified,
d205b50351d5f1963332743f3a60ffb978410edfe9dc14cee282532599ed0705,2024-03,Hampshire Constabulary,Hampshire Constabulary,-1.402980,50.919047,On or near Parking Area,E01017158,Southampton 017B,Public order,Local resolution,
f74af974cb8c46617fc06b6e6ae14af20fd3216f778c303528d76406d4b3366b,2024-03,Hampshire Constabulary,Hampshire Constabulary,-1.401125,50.919424,On or near Cambridge Road,E01017158,Southampton 017B,Violence and sexual offences,Unable to prosecute suspect,
74278cf6982e6d8b0160b3f35d14711bc7f2c5bea37f048b7559c3dfc36baea3,2024-03,Hampshire Constabulary,Hampshire Constabulary,-1.401754,50.918124,On or near Oxford Road,E01017158,Southampton 017B,Violence and sexual offences,Unable to prosecute suspect,
39cdeaa5500059ee563599a83428c4869f13bd273c9ade5bc93072bb18f82d75,2024-03,Hampshire Constabulary,Hampshire Constabulary,-1.401754,50.918124,On or near Oxford Road,E01017158,Southampton 017B,Violence and sexual offences,Court result unavailable,
fec9518eba4ba7d0e9409d67e15b8c9041ee424ab21df7ef2fcec6b07ef9e7ac,2024-03,Hampshire Constabulary,Hampshire Constabulary,-1.402980,50.919047,On or near Parking Area,E01017158,Southampton 017B,Violence and sexual offences,Unable to prosecute suspect,
2b49777abbcdd46a7ecdb039dcf3e68cf5a0cee74e49e7c2bb27f4c276693709,2024-03,Hampshire Constabulary,Hampshire Constabulary,-1.401754,50.918124,On or near Oxford Road,E01017158,Southampton 017B,Violence and sexual offences,Unable to prosecute suspect,
0663e6d49672d16cb7fd5ccd70bf34110ca8ab83ea02cf0f26fce06eff5c932b,2024-03,Hampshire Constabulary,Hampshire Constabulary,-1.402980,50.919047,On or near Parking Area,E01017158,Southampton 017B,Violence and sexual offences,Investigation complete; no suspect identified,
c47de9de97bf540de0f9bfaad277e96d8a5ec4ce7842ac760539d62390ce1681,2024-03,Hampshire Constabulary,Hampshire Constabulary,-1.402980,50.919047,On or near Parking Area,E01017158,Southampton 017B,Violence and sexual offences,Unable to prosecute suspect,
1547fbe54328386469afd6e083c1ea8ef6b7aa4e07486c740c968e5bdb1baf9b,2024-03,Hampshire Constabulary,Hampshire Constabulary,-1.402980,50.919047,On or near Parking Area,E01017158,Southampton 017B,Violence and sexual offences,Investigation complete; no suspect identified,
514bdfb2d92fef8b9c13748248cdf6b2c1aa8aba706ec54cf5111355d10ffe1f,2024-03,Hampshire Constabulary,Hampshire Constabulary,-1.399296,50.920071,On or near Highcliff Avenue,E01017158,Southampton 017B,Violence and sexual offences,Unable to prosecute suspect,
99101aa362dc768e46a0af155cf91b2fc9a5b993f22e985c2a44672de35a50cb,2024-03,Hampshire Constabulary,Hampshire Constabulary,-1.399492,50.919218,On or near Lodge Road,E01017158,Southampton 017B,Violence and sexual offences,Court result unavailable,
,2024-03,Hampshire Constabulary,Hampshire Constabulary,-1.404241,50.916086,On or near Suttones Place,E01017158,Southampton 017B,Anti-social behaviour,,
27638fcc783ce57ff1f88b101197b753b33f47f6fcb2a1d6e08231a866da536e,2024-03,Hampshire Constabulary,Hampshire Constabulary,-1.401270,50.915918,On or near Methuen Street,E01017158,Southampton 017B,Burglary,Status update unavailable,
19672bb8b6e507a4dc16687069d9f4f7f4657f301a496645c72e9cff20d4e8cc,2024-03,Hampshire Constabulary,Hampshire Constabulary,-1.402980,50.919047,On or near Parking Area,E01017158,Southampton 017B,Criminal damage and arson,Investigation complete; no suspect identified,
c37a3391689a756bee64844d90982eed9f38295bc47c2ecb598f313799521319,2024-03,Hampshire Constabulary,Hampshire Constabulary,-1.401125,50.919424,On or near Cambridge Road,E01017158,Southampton 017B,Criminal damage and arson,Investigation complete; no suspect identified,
1eb75eb6b591d824487f4a391799e5b29cfb07c2e391803c5e035b2d1a310bae,2024-03,Hampshire Constabulary,Hampshire Constabulary,-1.401754,50.918124,On or near Oxford Road,E01017158,Southampton 017B,Other theft,Investigation complete; no suspect identified,
3367eb7bb8d3581b3882b541f9515599825a9d491f942cdb8151e9e6fc9a5243,2024-03,Hampshire Constabulary,Hampshire Constabulary,-1.399492,50.919218,On or near Lodge Road,E01017158,Southampton 017B,Public order,Investigation complete; no suspect identified,
77dfc01e271395d306624b5b5ed76db059a612b536668295131b950c3d37a1bf,2024-03,Hampshire Constabulary,Hampshire Constabulary,-1.399296,50.920071,On or near Highcliff Avenue,E01017158,Southampton 017B,Violence and sexual offences,Unable to prosecute suspect,
01349678034a28fc7c38e02f636a3758abaec091d52e6a45d6f372a4db280025,2024-03,Hampshire Constabulary,Hampshire Constabulary,-1.402980,50.919047,On or near Parking Area,E01017158,Southampton 017B,Violence and sexual offences,Investigation complete; no suspect identified,
381211a974f19ef090369a92f8a4efad07f9f125e30e5419a0d92acd8f885955,2024-03,Hampshire Constabulary,Hampshire Constabulary,-1.402980,50.919047,On or near Parking Area,E01017158,Southampton 017B,Violence and sexual offences,Investigation complete; no suspect identified,
081b0ddad59b8d355d8139ba34d2e4099b39043f05a3c3b4949497b66644f9a8,2024-03,Hampshire Constabulary,Hampshire Constabulary,-1.396003,50.919723,On or near Petrol Station,E01017159,Southampton 017C,Drugs,Court result unavailable,
91d6d25502b7d9d5730d1100d3f725f2f92b00e7eccf77cc0918a1782adcebc6,2024-03,Hampshire Constabulary,Hampshire Constabulary,-1.396003,50.919723,On or near Petrol Station,E01017159,Southampton 017C,Possession of weapons,Court result unavailable,
b711324e15092281d8798f327665087ecfcf17a1c90c935a607b61740b540c70,2024-03,Hampshire Constabulary,Hampshire Constabulary,-1.396003,50.919723,On or near Petrol Station,E01017159,Southampton 017C,Robbery,Investigation complete; no suspect identified,
c17d1c52f5595a70403fe75243480b47f0732f868aec2b96feec99e542e79f25,2024-03,Hampshire Constabulary,Hampshire Constabulary,-1.396003,50.919723,On or near Petrol Station,E01017159,Southampton 017C,Robbery,Unable to prosecute suspect,
6cfe4ce55087a0e9137e62f1fc8c44e253cb3801db1359a93afad57a282948d1,2024-03,Hampshire Constabulary,Hampshire Constabulary,-1.396003,50.919723,On or near Petrol Station,E01017159,Southampton 017C,Shoplifting,Investigation complete; no suspect identified,
f51ca4a1464150e0d10722236745563070a51a21092dabce1ea6a2d2cce39dac,2024-03,Hampshire Constabulary,Hampshire Constabulary,-1.396764,50.918970,On or near Forster Road,E01017159,Southampton 017C,Violence and sexual offences,Action to be taken by another organisation,
f359a355b9a32f5f3bb75643354676d22f3e1528f40385e1cc1f8cd176544193,2024-03,Hampshire Constabulary,Hampshire Constabulary,-1.396173,50.918419,On or near Verulam Road,E01017159,Southampton 017C,Violence and sexual offences,Unable to prosecute suspect,
6ef3ba902349fa78adfc235010ccee854c22623fdeb6dd1f104cb54d11c3e6d7,2024-03,Hampshire Constabulary,Hampshire Constabulary,-1.396173,50.918419,On or near Verulam Road,E01017159,Southampton 017C,Violence and sexual offences,Unable to prosecute suspect,
,2024-03,Hampshire Constabulary,Hampshire Constabulary,-1.396003,50.919723,On or near Petrol Station,E01017159,Southampton 017C,Anti-social behaviour,,
,2024-03,Hampshire Constabulary,Hampshire Constabulary,-1.395558,50.917579,On or near Bevois Valley Road,E01017159,Southampton 017C,Anti-social behaviour,,
,2024-03,Hampshire Constabulary,Hampshire Constabulary,-1.396003,50.919723,On or near Petrol Station,E01017159,Southampton 017C,Anti-social behaviour,,
4f1eb8a2c3ad14faf4ae792603a4b78a08753191ccc967a16730cbec679f0e7e,2024-03,Hampshire Constabulary,Hampshire Constabulary,-1.396003,50.919723,On or near Petrol Station,E01017159,Southampton 017C,Bicycle theft,Unable to prosecute suspect,
0b362ffbcc3e08926be54949eb09a285d0496bf27e53dd53ee6b0aed5ea4380d,2024-03,Hampshire Constabulary,Hampshire Constabulary,-1.396003,50.919723,On or near Petrol Station,E01017159,Southampton 017C,Burglary,Unable to prosecute suspect,
284de7f430da824805247b6a3d039695f9bf0e5c327d7f9824036538fe6fb28a,2024-03,Hampshire Constabulary,Hampshire Constabulary,-1.396003,50.919723,On or near Petrol Station,E01017159,Southampton 017C,Public order,Investigation complete; no suspect identified,
4884af0187cbc8970337116fef9237d195c0d535f0f21d0ae45933202f8ae438,2024-03,Hampshire Constabulary,Hampshire Constabulary,-1.396003,50.919723,On or near Petrol Station,E01017159,Southampton 017C,Shoplifting,Investigation complete; no suspect identified,
2124570f93df579c75f4bd660b34a5721ad84bd52a5b77638e985980e9a9ac2c,2024-03,Hampshire Constabulary,Hampshire Constabulary,-1.395558,50.917579,On or near Bevois Valley Road,E01017159,Southampton 017C,Shoplifting,Investigation complete; no suspect identified,
a34f10c14a8669cfb203240a259b0883bc8fc2dfe60846d8056cd61db04016c8,2024-03,Hampshire Constabulary,Hampshire Constabulary,-1.396115,50.920720,On or near Rigby Road,E01017159,Southampton 017C,Vehicle crime,Investigation complete; no suspect identified,
a068a107763627987cdea27089fe395a70a3103b1a3eb55b1624ab294ef9628b,2024-03,Hampshire Constabulary,Hampshire Constabulary,-1.396658,50.918313,On or near Clausentum Road,E01017159,Southampton 017C,Vehicle crime,Investigation complete; no suspect identified,
3ad0a7bb5f0948d4d2578c0723d1300fdbb1516c78f3013972a6a1928465ecf2,2024-03,Hampshire Constabulary,Hampshire Constabulary,-1.396115,50.920720,On or near Rigby Road,E01017159,Southampton 017C,Violence and sexual offences,Investigation complete; no suspect identified,
e2d92258460914563373f3403df5d9f40e0cd6d2592942952b65fe6fcc1d6fbc,2024-03,Hampshire Constabulary,Hampshire Constabulary,-1.396115,50.920720,On or near Rigby Road,E01017159,Southampton 017C,Violence and sexual offences,Status update unavailable,
28b164905ef0bc3a9cdb42a0f2f5210217054b4d697231ba00ad0c2494503ec9,2024-03,Hampshire Constabulary,Hampshire Constabulary,-1.396003,50.919723,On or near Petrol Station,E01017159,Southampton 017C,Violence and sexual offences,Investigation complete; no suspect identified,
57e4ac36d806ed4e30d61ea586d350ec4cde4c8c34dcf5415edc37fe308787f9,2024-03,Hampshire Constabulary,Hampshire Constabulary,-1.400656,50.917201,On or near Mordaunt Road,E01017160,Southampton 017D,Criminal damage and arson,Unable to prosecute suspect,
447f0b91cc9cfc00e36934dfc396e84b3c560e04f97139960824b7b0774493bf,2024-03,Hampshire Constabulary,Hampshire Constabulary,-1.392457,50.919811,On or near Dukes Road,E01017160,Southampton 017D,Public order,Unable to prosecute suspect,
f5accc9f08735524cfbaac99197ad028e10b856451910d90e23c56deabc0d0f2,2024-03,Hampshire Constabulary,Hampshire Constabulary,-1.400656,50.917201,On or near Mordaunt Road,E01017160,Southampton 017D,Violence and sexual offences,Unable to prosecute suspect,
6a8d9582aaec83226b8a46b76d4130de0ef04471c841925f334abbf46673d0ee,2024-03,Hampshire Constabulary,Hampshire Constabulary,-1.398993,50.918208,On or near Cedar Road,E01017160,Southampton 017D,Violence and sexual offences,Unable to prosecute suspect,
,2024-03,Hampshire Constabulary,Hampshire Constabulary,-1.399163,50.914918,On or near Rockstone Lane,E01017160,Southampton 017D,Anti-social behaviour,,
3fe4584961ebdce1bd8ca26acbc121528fea7b41aa48caf0701bf53cd35d0d95,2024-03,Hampshire Constabulary,Hampshire Constabulary,-1.400043,50.916226,On or near Middle Street,E01017160,Southampton 017D,Other theft,Investigation complete; no suspect identified,
2a65e0229b49788dc1dcde496242e851d99acedf094aa6a87f6e9c866abe3d7b,2024-03,Hampshire Constabulary,Hampshire Constabulary,-1.392457,50.919811,On or near Dukes Road,E01017160,Southampton 017D,Theft from the person,Investigation complete; no suspect identified,
b6ad49e31c27947277c8b53a4b9ffb9a0167698344d760b68f57734130904980,2024-03,Hampshire Constabulary,Hampshire Constabulary,-1.400656,50.917201,On or near Mordaunt Road,E01017160,Southampton 017D,Violence and sexual offences,Unable to prosecute suspect,
ceeec1a6ff860b273eea4ea88f629063b81bc7b82da2ccfe3a657c8dd520c7d2,2024-03,Hampshire Constabulary,Hampshire Constabulary,-1.333392,50.916567,On or near Priestwood Close,E01017198,Southampton 018A,Robbery,Investigation complete; no suspect identified,
e76dcb61e983bc89cdfe5f158782b942efec49fa1f92eb0477155240728d2150,2024-03,Hampshire Constabulary,Hampshire Constabulary,-1.337013,50.918008,On or near Cheriton Avenue,E01017198,Southampton 018A,Vehicle crime,Investigation complete; no suspect identified,
74a060f18098f46dd053115a1ab747aec55cd2e88789cdc757f938a3cea4dfd0,2024-03,Hampshire Constabulary,Hampshire Constabulary,-1.335036,50.917979,On or near Breamore Road,E01017198,Southampton 018A,Violence and sexual offences,Action to be taken by another organisation,
7cf76b889a6db2b88134178b7cf8a0748074e7178afa7df8d95ae201bfd4413c,2024-03,Hampshire Constabulary,Hampshire Constabulary,-1.335036,50.917979,On or near Breamore Road,E01017198,Southampton 018A,Violence and sexual offences,Action to be taken by another organisation,
eab7e9fadfecd1a8e084f76c1ed66a8eb3566ccb72dc9a8fe2d16fa433cd03bd,2024-03,Hampshire Constabulary,Hampshire Constabulary,-1.335036,50.917979,On or near Breamore Road,E01017198,Southampton 018A,Violence and sexual offences,Action to be taken by another organisation,
ddfc41ba0a264d358d056b87ccd6e8563d3c252b955aaeb0cd0ad7fe1f907c3d,2024-03,Hampshire Constabulary,Hampshire Constabulary,-1.340639,50.915088,On or near Mountain Ash Close,E01017198,Southampton 018A,Other crime,Further investigation is not in the public interest,
,2024-03,Hampshire Constabulary,Hampshire Constabulary,-1.335036,50.917979,On or near Breamore Road,E01017198,Southampton 018A,Anti-social behaviour,,
158f58c82914960d56ac4c063d5f25c0bd77a0ea8d6a2342f6fa63d6ce590c27,2024-03,Hampshire Constabulary,Hampshire Constabulary,-1.340639,50.915088,On or near Mountain Ash Close,E01017198,Southampton 018A,Other theft,Investigation complete; no suspect identified,
7779d30684467a84ee28cc08635e36eb6b12370c54667ceb454bbe4c2e7f9534,2024-03,Hampshire Constabulary,Hampshire Constabulary,-1.333733,50.918592,On or near Bramdean Road,E01017198,Southampton 018A,Public order,Unable to prosecute suspect,
aa1bb61165a3f96769b9fd062dc9ca02716d6b646fbf090a3ef0791bb038fe1b,2024-03,Hampshire Constabulary,Hampshire Constabulary,-1.339231,50.915134,On or near Heather Court,E01017198,Southampton 018A,Violence and sexual offences,Status update unavailable,
6561cde8ac15873b4d0c4ea1e9c52598c6249d9751881cbba3109830bcf59d52,2024-03,Hampshire Constabulary,Hampshire Constabulary,-1.344242,50.915828,On or near Wellow Close,E01017199,Southampton 018B,Burglary,Investigation complete; no suspect identified,
e979d9efcb181f1e9b759270c4db96baa0734a39c67dcfc4da78a72feb29751b,2024-03,Hampshire Constabulary,Hampshire Constabulary,-1.352098,50.917634,On or near Shales Road,E01017199,Southampton 018B,Violence and sexual offences,Unable to prosecute suspect,
53138df2b3358380bf0f331d0d9a8f0417bf49f8ea84a9853c2db862ef467301,2024-03,Hampshire Constabulary,Hampshire Constabulary,-1.344242,50.915828,On or near Wellow Close,E01017199,Southampton 018B,Burglary,Status update unavailable,
f4457ae5cd953375391c0735a0638d377030287163e7f971d65ab54a271da47e,2024-03,Hampshire Constabulary,Hampshire Constabulary,-1.351217,50.917557,On or near April Close,E01017199,Southampton 018B,Other theft,Unable to prosecute suspect,
f643b67e0c48a685a2160f42dd4808dfb4d8694306d46314c3c8be873794120a,2024-03,Hampshire Constabulary,Hampshire Constabulary,-1.352427,50.916494,On or near Alum Way,E01017199,Southampton 018B,Vehicle crime,Investigation complete; no suspect identified,
01ac1ed5d2d422efc70901a3ca0f2c415a7ef17e378edb3f491d91bcfcf4f717,2024-03,Hampshire Constabulary,Hampshire Constabulary,-1.342815,50.916197,On or near Holmsley Close,E01017199,Southampton 018B,Violence and sexual offences,Status update unavailable,
f8719fcaabbe32c13556f59885cc8fca05ad36e2d089138deb2a8a42835ce254,2024-03,Hampshire Constabulary,Hampshire Constabulary,-1.352098,50.917634,On or near Shales Road,E01017199,Southampton 018B,Violence and sexual offences,Status update unavailable,
7e4a0e54d37e344244b07d1502c195fb2d53fc3c48d229c579d636d8360b195e,2024-03,Hampshire Constabulary,Hampshire Constabulary,-1.351217,50.917557,On or near April Close,E01017199,Southampton 018B,Violence and sexual offences,Unable to prosecute suspect,
18ad529227d6a80569acdebafa7182759b2f209eacfd49b6b6255ab73b13f2fe,2024-03,Hampshire Constabulary,Hampshire Constabulary,-1.343307,50.919599,On or near Exford Avenue,E01017205,Southampton 018C,Criminal damage and arson,Unable to prosecute suspect,
b23fedc51abaa4cca118b76b8be7162ed45ae8b606739eb222905cdf6fd24450,2024-03,Hampshire Constabulary,Hampshire Constabulary,-1.343357,50.919105,On or near Whitehill Close,E01017205,Southampton 018C,Drugs,Local resolution,
fe0c66f91dce5d5d63320dbabe563fd862c395f232db9c18dcd806907998b7cc,2024-03,Hampshire Constabulary,Hampshire Constabulary,-1.340923,50.922212,On or near Fritham Road,E01017205,Southampton 018C,Public order,Investigation complete; no suspect identified,
de37b3da3558bc4640778c7557f1df7d5282081392e379e9b70b9103397f9398,2024-03,Hampshire Constabulary,Hampshire Constabulary,-1.340509,50.922317,On or near Bentley Green,E01017205,Southampton 018C,Public order,Unable to prosecute suspect,
940bd6898a2304973ed669a35c0cd30c067a90043605cb99301dbb81c463eba8,2024-03,Hampshire Constabulary,Hampshire Constabulary,-1.343820,50.917561,On or near Somerset Avenue,E01017205,Southampton 018C,Shoplifting,Court result unavailable,
4285207b67a94debe9154167ee1bcde06bbde8a6f39254b35ce6d757d511f57e,2024-03,Hampshire Constabulary,Hampshire Constabulary,-1.343820,50.917561,On or near Somerset Avenue,E01017205,Southampton 018C,Shoplifting,Court result unavailable,
6a328ec28d6d7cce6573c537ae7757aabda681d8697baa03c25cd1dee1e02bab,2024-03,Hampshire Constabulary,Hampshire Constabulary,-1.343820,50.917561,On or near Somerset Avenue,E01017205,Southampton 018C,Shoplifting,Court result unavailable,
2d2c8fbf9c5c3b163665ef78c6a19cb77cd8cfcefa7bcada682cea602d568f9e,2024-03,Hampshire Constabulary,Hampshire Constabulary,-1.343820,50.917561,On or near Somerset Avenue,E01017205,Southampton 018C,Shoplifting,Court result unavailable,
d15206932778aa50380384990f7a588754a9c90bc65398814cccf8fd88d38983,2024-03,Hampshire Constabulary,Hampshire Constabulary,-1.343820,50.917561,On or near Somerset Avenue,E01017205,Southampton 018C,Shoplifting,Court result unavailable,
750a475424c33ba7599146f7a10e5194a5657b729b6c1c7d3135ca6d3ab88a39,2024-03,Hampshire Constabulary,Hampshire Constabulary,-1.340509,50.922317,On or near Bentley Green,E01017205,Southampton 018C,Vehicle crime,Investigation complete; no suspect identified,
a0f57d3e77b026bc4e31d41ac2dae3c16bf75b3ddff7fcc55d0b6b546eaafd11,2024-03,Hampshire Constabulary,Hampshire Constabulary,-1.343334,50.918682,On or near Mansfield Park Street,E01017205,Southampton 018C,Violence and sexual offences,Offender given a caution,
6c25b0855d55ce2e2d06c58b2e260a6ab1500c55d46663ce6cae053794b3400f,2024-03,Hampshire Constabulary,Hampshire Constabulary,-1.343820,50.917561,On or near Somerset Avenue,E01017205,Southampton 018C,Violence and sexual offences,Unable to prosecute suspect,
e074a4bb7eb66753f77ec7298bfddb2db5d25a09ca512f31356e6c517498101d,2024-03,Hampshire Constabulary,Hampshire Constabulary,-1.341976,50.917155,On or near Blendworth Lane,E01017205,Southampton 018C,Violence and sexual offences,Investigation complete; no suspect identified,
a408a590b5f6fd0cad6d0c7a028c44e45af813a71c7548217983c8bf80106045,2024-03,Hampshire Constabulary,Hampshire Constabulary,-1.343820,50.917561,On or near Somerset Avenue,E01017205,Southampton 018C,Violence and sexual offences,Unable to prosecute suspect,
6eb1e3f1897e2e74ce612e8aec4d1f9fd287f63b0f95c4bb18d74472e06ff7e6,2024-03,Hampshire Constabulary,Hampshire Constabulary,-1.343820,50.917561,On or near Somerset Avenue,E01017205,Southampton 018C,Violence and sexual offences,Investigation complete; no suspect identified,
4d59841a5e3b9f2ab9356180202b2d741cd856c7cfb81d59f374c0e95a330f71,2024-03,Hampshire Constabulary,Hampshire Constabulary,-1.343820,50.917561,On or near Somerset Avenue,E01017205,Southampton 018C,Violence and sexual offences,Investigation complete; no suspect identified,
5f770597b93e0d8be7a811f869ebabeedfcaf8c16027e06c69534083cada414a,2024-03,Hampshire Constabulary,Hampshire Constabulary,-1.339228,50.923317,On or near Leckford Close,E01017205,Southampton 018C,Violence and sexual offences,Unable to prosecute suspect,
580b9dba94a472afa8bb7f4365c2a4c306d60ac7e02c7895e138a29f8bffff62,2024-03,Hampshire Constabulary,Hampshire Constabulary,-1.337521,50.920331,On or near Minstead Avenue,E01017205,Southampton 018C,Other crime,Further investigation is not in the public interest,
8d44bc0e50d4c149861c05dfdb8882c4ba61488a066375557466d3e6efce0238,2024-03,Hampshire Constabulary,Hampshire Constabulary,-1.340509,50.922317,On or near Bentley Green,E01017205,Southampton 018C,Criminal damage and arson,Investigation complete; no suspect identified,
df043429da03b9bc6803ffcdb0848abfc74e4870009ed224faf78f3e62d469ea,2024-03,Hampshire Constabulary,Hampshire Constabulary,-1.339182,50.922552,On or near Chawton Close,E01017205,Southampton 018C,Criminal damage and arson,Investigation complete; no suspect identified,
4df3e4b1ba39679fe0bc14440f2f9280ac9bbaec36644f4d9519e9d7970f51f8,2024-03,Hampshire Constabulary,Hampshire Constabulary,-1.337521,50.920331,On or near Minstead Avenue,E01017205,Southampton 018C,Other theft,Investigation complete; no suspect identified,
5bb43110c70e0e6839e9e3fba5ac41d403383b5d257f959e7c80e01b9400c317,2024-03,Hampshire Constabulary,Hampshire Constabulary,-1.339182,50.922552,On or near Chawton Close,E01017205,Southampton 018C,Public order,Unable to prosecute suspect,
6cb74f0ef82a03a44cbcae31da1a571e709d6d47c22988b9ee39db8e1316d16c,2024-03,Hampshire Constabulary,Hampshire Constabulary,-1.343357,50.919105,On or near Whitehill Close,E01017205,Southampton 018C,Vehicle crime,Status update unavailable,
f3351bc7064c43723aeb51da3b91d975f4ecaac63d517041fd40a55ed088354f,2024-03,Hampshire Constabulary,Hampshire Constabulary,-1.337521,50.920331,On or near Minstead Avenue,E01017205,Southampton 018C,Violence and sexual offences,Investigation complete; no suspect identified,
0dd20ed0bedb2cbc7d199a3636bdbb8175196f82a5fb16663641690981cdd357,2024-03,Hampshire Constabulary,Hampshire Constabulary,-1.337521,50.920331,On or near Minstead Avenue,E01017205,Southampton 018C,Violence and sexual offences,Action to be taken by another organisation,
baa2df8224d63c693496ced46490cc4bcf19253931768fecd455e8eeee445306,2024-03,Hampshire Constabulary,Hampshire Constabulary,-1.340923,50.922212,On or near Fritham Road,E01017205,Southampton 018C,Violence and sexual offences,Unable to prosecute suspect,
8f9796dcb8e2eb89bc45f5d6150476c4239496782a10a0d8a40bf081af0dd6a1,2024-03,Hampshire Constabulary,Hampshire Constabulary,-1.343955,50.922067,On or near Melchet Road,E01017206,Southampton 018D,Burglary,Investigation complete; no suspect identified,
cfe4073b4a9aac03880d3b7756cc2cdd095bf515166dec24074e0cf6e382c39e,2024-03,Hampshire Constabulary,Hampshire Constabulary,-1.345217,50.920338,On or near Selborne Avenue,E01017206,Southampton 018D,Criminal damage and arson,Unable to prosecute suspect,
5a89a6b548b0879c27105593a6d5d8a4a9a26f8c8b82b1d031e09b178497a0e1,2024-03,Hampshire Constabulary,Hampshire Constabulary,-1.345217,50.920338,On or near Selborne Avenue,E01017206,Southampton 018D,Public order,Unable to prosecute suspect,
a7e8f537426970a97eb7a44a586079f6eeafa9302c52adb076a8ecf52d26552e,2024-03,Hampshire Constabulary,Hampshire Constabulary,-1.354675,50.920562,On or near Langstaff Way,E01017206,Southampton 018D,Robbery,Investigation complete; no suspect identified,
9552821a71c30a61f94f885bd62c18408ff64405ddb82dbc4d1c26232174db50,2024-03,Hampshire Constabulary,Hampshire Constabulary,-1.345217,50.920338,On or near Selborne Avenue,E01017206,Southampton 018D,Violence and sexual offences,Unable to prosecute suspect,
7f24a635c90c82b9abaa64b9b164a76bb1c8cf6058263db72aa4f43649a662c0,2024-03,Hampshire Constabulary,Hampshire Constabulary,-1.349102,50.920252,On or near Yeovil Chase,E01017206,Southampton 018D,Violence and sexual offences,Court result unavailable,
23a842204a0b582cbb79cbe052a4fee9ef061161a2d28842e3d8c474d7e79f70,2024-03,Hampshire Constabulary,Hampshire Constabulary,-1.343955,50.922067,On or near Melchet Road,E01017206,Southampton 018D,Violence and sexual offences,Unable to prosecute suspect,
b184fe9b7cbead486c41f863df01d6db2867d21aa119101e40dd0310dd9d8bad,2024-03,Hampshire Constabulary,Hampshire Constabulary,-1.349102,50.920252,On or near Yeovil Chase,E01017206,Southampton 018D,Violence and sexual offences,Court result unavailable,
,2024-03,Hampshire Constabulary,Hampshire Constabulary,-1.345217,50.920338,On or near Selborne Avenue,E01017206,Southampton 018D,Anti-social behaviour,,
,2024-03,Hampshire Constabulary,Hampshire Constabulary,-1.345217,50.920338,On or near Selborne Avenue,E01017206,Southampton 018D,Anti-social behaviour,,
,2024-03,Hampshire Constabulary,Hampshire Constabulary,-1.343955,50.922067,On or near Melchet Road,E01017206,Southampton 018D,Anti-social behaviour,,
f6132cc40bfc99996de0807e98231bd7619ddbe2d3bac49664abdeee4332ccd9,2024-03,Hampshire Constabulary,Hampshire Constabulary,-1.345217,50.920338,On or near Selborne Avenue,E01017206,Southampton 018D,Criminal damage and arson,Investigation complete; no suspect identified,
e6d83c6a68d6a3bf9b29846c2428a8901af44b744ae4340f948826815151ba07,2024-03,Hampshire Constabulary,Hampshire Constabulary,-1.354675,50.920562,On or near Langstaff Way,E01017206,Southampton 018D,Shoplifting,Investigation complete; no suspect identified,
69a31cc3bd59b1149573ecf06e58d8197ac93ebbe4d6b8449a504cb9ac98addf,2024-03,Hampshire Constabulary,Hampshire Constabulary,-1.352296,50.919730,On or near Hatley Road,E01017206,Southampton 018D,Vehicle crime,Investigation complete; no suspect identified,
40460c8b1ba511374d0432dfecc528d68b1868a49eb54ea24e1532381e7254f9,2024-03,Hampshire Constabulary,Hampshire Constabulary,-1.345217,50.920338,On or near Selborne Avenue,E01017206,Southampton 018D,Violence and sexual offences,Investigation complete; no suspect identified,
9f31fe6f0ced3847ca289e80537b4f6f2ccc3c53919486e44bb63331a152fb25,2024-03,Hampshire Constabulary,Hampshire Constabulary,-1.343955,50.922067,On or near Melchet Road,E01017206,Southampton 018D,Violence and sexual offences,Unable to prosecute suspect,
765cb356a884b2a1aaae758bb9c5ff7d4909e76e5ef78c8a9a981fd0e03fc8ce,2024-03,Hampshire Constabulary,Hampshire Constabulary,-1.345217,50.920338,On or near Selborne Avenue,E01017206,Southampton 018D,Violence and sexual offences,Status update unavailable,
54c79f99fce9bd9d8af1f226a37bae3b94b9f79fbcc757a304509034f5950271,2024-03,Hampshire Constabulary,Hampshire Constabulary,-1.449845,50.919880,On or near Bleaklow Close,E01017208,Southampton 019A,Criminal damage and arson,Court result unavailable,
020517d7bf8d1fcd56542d09b65e59b75fd8939fae015197f325821204d54752,2024-03,Hampshire Constabulary,Hampshire Constabulary,-1.453872,50.924665,On or near Wimpson Lane,E01017208,Southampton 019A,Public order,Unable to prosecute suspect,
2badf9a7bc718f10c46ac7239e638ff1b5cca1fe8ed545a7d4004fcf16367ba4,2024-03,Hampshire Constabulary,Hampshire Constabulary,-1.449845,50.919880,On or near Bleaklow Close,E01017208,Southampton 019A,Violence and sexual offences,Court result unavailable,
27ec72bde9ca3bd5b665be3fbc82d2c2c72358990561d32aa9b3a08f47cb25e5,2024-03,Hampshire Constabulary,Hampshire Constabulary,-1.449845,50.919880,On or near Bleaklow Close,E01017208,Southampton 019A,Violence and sexual offences,Unable to prosecute suspect,
5c360779ca5ce0f8792e744789b5f4d2337ba6f31944a57a70e04251c247fb0d,2024-03,Hampshire Constabulary,Hampshire Constabulary,-1.453872,50.924665,On or near Wimpson Lane,E01017208,Southampton 019A,Violence and sexual offences,Unable to prosecute suspect,
fc0851f6725c2969cc6e22058f7601e146b8ed7617d5481fb0a82b948f4fdb74,2024-03,Hampshire Constabulary,Hampshire Constabulary,-1.449845,50.919880,On or near Bleaklow Close,E01017208,Southampton 019A,Violence and sexual offences,Unable to prosecute suspect,
ea1ca2c54f8a8b9c4a9763ea4adbc844c86b4e43de59125a919b78850f3b86f2,2024-03,Hampshire Constabulary,Hampshire Constabulary,-1.450725,50.924911,On or near Paignton Road,E01017208,Southampton 019A,Violence and sexual offences,Unable to prosecute suspect,
f939d6250e02988d512dab9b44c0f0731c705c190e76f65089c72b63d1896805,2024-03,Hampshire Constabulary,Hampshire Constabulary,-1.450725,50.924911,On or near Paignton Road,E01017208,Southampton 019A,Violence and sexual offences,Unable to prosecute suspect,
,2024-03,Hampshire Constabulary,Hampshire Constabulary,-1.450725,50.924911,On or near Paignton Road,E01017208,Southampton 019A,Anti-social behaviour,,
,2024-03,Hampshire Constabulary,Hampshire Constabulary,-1.449343,50.926262,On or near Walnut Close,E01017208,Southampton 019A,Anti-social behaviour,,
a7f03bdcbf3e422201f9aa913bde184cd253f51e481e93142f1e44d30174983c,2024-03,Hampshire Constabulary,Hampshire Constabulary,-1.450985,50.923392,On or near Whitestone Close,E01017208,Southampton 019A,Criminal damage and arson,Unable to prosecute suspect,
2cf75c227a4f70704c467197c17580d500d9e3173822ce84b4d753158e4a4d01,2024-03,Hampshire Constabulary,Hampshire Constabulary,-1.453872,50.924665,On or near Wimpson Lane,E01017208,Southampton 019A,Public order,Unable to prosecute suspect,
94567c06f1ad3ebc6af756c2a5d0a6e6bc4f43de734ada8efa8117e88e438b89,2024-03,Hampshire Constabulary,Hampshire Constabulary,-1.447980,50.921175,On or near Whernside Close,E01017208,Southampton 019A,Violence and sexual offences,Unable to prosecute suspect,
8653cd93cc2d83f388fee197408f09290bfd90cc2f5c9a313a07b56ce49cfe29,2024-03,Hampshire Constabulary,Hampshire Constabulary,-1.447803,50.921723,On or near Peak Close,E01017208,Southampton 019A,Violence and sexual offences,Unable to prosecute suspect,
db25029398181bea4a5cbdbac35fe4a45e98c5d57e3f3733f9853174a3f6ad41,2024-03,Hampshire Constabulary,Hampshire Constabulary,-1.452958,50.923725,On or near Cateran Close,E01017208,Southampton 019A,Violence and sexual offences,Status update unavailable,
cf1ee6acbc90f21888a5531f063f068c2b30769821b2933f5f8585cf0026d475,2024-03,Hampshire Constabulary,Hampshire Constabulary,-1.452958,50.923725,On or near Cateran Close,E01017208,Southampton 019A,Violence and sexual offences,Status update unavailable,
fec743cce96762f9e06ee4f2da1967af2179dc7f20a00b5ce71a0a6511dac140,2024-03,Hampshire Constabulary,Hampshire Constabulary,-1.452958,50.923725,On or near Cateran Close,E01017208,Southampton 019A,Violence and sexual offences,Status update unavailable,
dcedd86190cae552930a1f55cdbd6a32195f617226840d5be95f65cf5e38d801,2024-03,Hampshire Constabulary,Hampshire Constabulary,-1.451165,50.922584,On or near Langdale Close,E01017208,Southampton 019A,Violence and sexual offences,Status update unavailable,
6bf68d3d38e31f8bbff3113204fc4d872349790e480f3bfcd964293baba5a1b5,2024-03,Hampshire Constabulary,Hampshire Constabulary,-1.449343,50.926262,On or near Walnut Close,E01017208,Southampton 019A,Violence and sexual offences,Status update unavailable,
1008b4b9eead66c07f5a4bf3930ae093bcb545eb9b2e9acf976586be6068714d,2024-03,Hampshire Constabulary,Hampshire Constabulary,-1.453872,50.924665,On or near Wimpson Lane,E01017208,Southampton 019A,Violence and sexual offences,Unable to prosecute suspect,
e7df2a90c93735ba3d5599197403921acc175c755a6e76affa0364e339d3ad47,2024-03,Hampshire Constabulary,Hampshire Constabulary,-1.454790,50.921603,On or near Binsey Close,E01017210,Southampton 019B,Criminal damage and arson,Unable to prosecute suspect,
a059abceee2ee2c13f1b256aa05a71520e10ffd5eee4765fdc4256ec81149c7d,2024-03,Hampshire Constabulary,Hampshire Constabulary,-1.453944,50.922183,On or near Shinewill Gardens,E01017210,Southampton 019B,Criminal damage and arson,Investigation complete; no suspect identified,
03e36f1c0db6cf634838def8accefd4662b530451adbcccb01a6a222859bb387,2024-03,Hampshire Constabulary,Hampshire Constabulary,-1.453944,50.922183,On or near Shinewill Gardens,E01017210,Southampton 019B,Criminal damage and arson,Unable to prosecute suspect,
cfece21819765d0315f8811f7f32b9664319afb32c92e48f622100aa55f05f02,2024-03,Hampshire Constabulary,Hampshire Constabulary,-1.455098,50.918403,On or near Cleasby Close,E01017210,Southampton 019B,Public order,Unable to prosecute suspect,
c331e88802ef227ad9e1e249f65ff85b4e558cb450f6652f173400c4277daa4d,2024-03,Hampshire Constabulary,Hampshire Constabulary,-1.455098,50.918403,On or near Cleasby Close,E01017210,Southampton 019B,Shoplifting,Unable to prosecute suspect,
ac1432a19397d1fb901a6d63170af9d48abd802b0e2930581db6eaba599df057,2024-03,Hampshire Constabulary,Hampshire Constabulary,-1.452415,50.921528,On or near Cumbrian Way,E01017210,Southampton 019B,Violence and sexual offences,Unable to prosecute suspect,
934fa1e38a7ade6716474c68ae08c1111ef5a8e4115508a2de72c8c9cccdca91,2024-03,Hampshire Constabulary,Hampshire Constabulary,-1.453944,50.922183,On or near Shinewill Gardens,E01017210,Southampton 019B,Violence and sexual offences,Unable to prosecute suspect,
2f85fece9b52ba13dbd747d3a5662bba9365b388690e027d94b67ed6455a23b8,2024-03,Hampshire Constabulary,Hampshire Constabulary,-1.453944,50.922183,On or near Shinewill Gardens,E01017210,Southampton 019B,Violence and sexual offences,Unable to prosecute suspect,
4ccb78af1200634bba7847be1e69cec43e2f262eb916927abf056600abd3290d,2024-03,Hampshire Constabulary,Hampshire Constabulary,-1.453944,50.922183,On or near Shinewill Gardens,E01017210,Southampton 019B,Violence and sexual offences,Unable to prosecute suspect,
6f39f64e1c0591e57cd31811e5839e4c4e7da991751f34be32d30ae1d090bd24,2024-03,Hampshire Constabulary,Hampshire Constabulary,-1.455164,50.922477,On or near Tosson Close,E01017210,Southampton 019B,Violence and sexual offences,Unable to prosecute suspect,
bbeb3ea184d73118ae4b4731cfedb3f1715e36a50d3c7ef85368c10d4d1b9d04,2024-03,Hampshire Constabulary,Hampshire Constabulary,-1.453793,50.919287,On or near Hameldon Close,E01017210,Southampton 019B,Violence and sexual offences,Unable to prosecute suspect,
,2024-03,Hampshire Constabulary,Hampshire Constabulary,-1.455098,50.918403,On or near Cleasby Close,E01017210,Southampton 019B,Anti-social behaviour,,
2d26e22786c665c6dfc1fb9cb73f32e9a03e7f5b08e9e398e9f8217eb5af064b,2024-03,Hampshire Constabulary,Hampshire Constabulary,-1.452415,50.921528,On or near Cumbrian Way,E01017210,Southampton 019B,Criminal damage and arson,Investigation complete; no suspect identified,
38d57402f5cc328548d036cdf5ddf703defdedaf08be1644343b35ffccc1766a,2024-03,Hampshire Constabulary,Hampshire Constabulary,-1.454790,50.921603,On or near Binsey Close,E01017210,Southampton 019B,Criminal damage and arson,Investigation complete; no suspect identified,
d027e1f679802fa6f0e6e14f4b970474cd27e23e4cb06c179e9d95c73f1ae365,2024-03,Hampshire Constabulary,Hampshire Constabulary,-1.454790,50.921603,On or near Binsey Close,E01017210,Southampton 019B,Other theft,Investigation complete; no suspect identified,
2755a89dec51012f02b08c3c1f7848440de700378671123720cb685ea812fc5f,2024-03,Hampshire Constabulary,Hampshire Constabulary,-1.455098,50.918403,On or near Cleasby Close,E01017210,Southampton 019B,Shoplifting,Investigation complete; no suspect identified,
779b6a68b20267f62c53ebcdf8f9a42518c3c255445f89253cedae27a6be4dcf,2024-03,Hampshire Constabulary,Hampshire Constabulary,-1.455098,50.918403,On or near Cleasby Close,E01017210,Southampton 019B,Shoplifting,Investigation complete; no suspect identified,
5f92cd505634b9d3070ef83845d7a64274014449f9e968ad2dbcf2438e6a2b33,2024-03,Hampshire Constabulary,Hampshire Constabulary,-1.454790,50.921603,On or near Binsey Close,E01017210,Southampton 019B,Violence and sexual offences,Unable to prosecute suspect,
d8469203a8b63cc6abd5d2f899ad45022f9185b4db32c6c1bbdc00a2d43d5e27,2024-03,Hampshire Constabulary,Hampshire Constabulary,-1.455098,50.918403,On or near Cleasby Close,E01017210,Southampton 019B,Violence and sexual offences,Unable to prosecute suspect,
4f3a3d05626fae44664ed9e0e7489d5bada86ac432714a06601434e054909719,2024-03,Hampshire Constabulary,Hampshire Constabulary,-1.455098,50.918403,On or near Cleasby Close,E01017210,Southampton 019B,Violence and sexual offences,Unable to prosecute suspect,
2f00f02b59ffd08f471120d40c873666b4f05432666905808e6906523f230ba2,2024-03,Hampshire Constabulary,Hampshire Constabulary,-1.451954,50.920798,On or near Cotswold Road,E01017210,Southampton 019B,Violence and sexual offences,Unable to prosecute suspect,
f6736a9f07326bc8181fa5dd0e01c0e17bfe47b4085d5928d9f0f5c8ef4c29a0,2024-03,Hampshire Constabulary,Hampshire Constabulary,-1.453251,50.916955,On or near Auckland Road,E01017214,Southampton 019C,Burglary,Investigation complete; no suspect identified,
b8cbabee182b4ea7a125c6bfaeb1e55465832cf03e13a58a0bb5af126fb796dd,2024-03,Hampshire Constabulary,Hampshire Constabulary,-1.441564,50.914085,On or near Fawley Road,E01017214,Southampton 019C,Criminal damage and arson,Local resolution,
83cf82252f50ce791dd904dac24c26d4fb1e67385de2cc2c22218542eb9e8ea8,2024-03,Hampshire Constabulary,Hampshire Constabulary,-1.453251,50.916955,On or near Auckland Road,E01017214,Southampton 019C,Criminal damage and arson,Unable to prosecute suspect,
2f8607df7bbbbe50d62344c7eb826f6d9eae2d8be3da76890de9dd6846974033,2024-03,Hampshire Constabulary,Hampshire Constabulary,-1.443134,50.914821,On or near Langley Road,E01017214,Southampton 019C,Possession of weapons,Formal action is not in the public interest,
cd65e4e90562b30852e0ddc25cce13713712f98d1529d1e6c3a4f44f8dfb81ef,2024-03,Hampshire Constabulary,Hampshire Constabulary,-1.441564,50.914085,On or near Fawley Road,E01017214,Southampton 019C,Public order,Unable to prosecute suspect,
22f1a50ee7f0cbcf6e86233e26589a3b2dc56afd8bec20b391dc40b4036b2e1c,2024-03,Hampshire Constabulary,Hampshire Constabulary,-1.441564,50.914085,On or near Fawley Road,E01017214,Southampton 019C,Violence and sexual offences,Unable to prosecute suspect,
f032ee185163102005244f0fd3e857b7765d4486b7fad2e718a8257f908de545,2024-03,Hampshire Constabulary,Hampshire Constabulary,-1.441564,50.914085,On or near Fawley Road,E01017214,Southampton 019C,Violence and sexual offences,Unable to prosecute suspect,
c369c3bd20f261a876671ecf10d86f9fb1b14ee573a768728bfb8210b5463d43,2024-03,Hampshire Constabulary,Hampshire Constabulary,-1.457246,50.915807,On or near Shopping Area,E01017214,Southampton 019C,Violence and sexual offences,Unable to prosecute suspect,
4a8be2a793b2d00af88ef1d237e284e3b2736b24828d490fa79db37caa74d34d,2024-03,Hampshire Constabulary,Hampshire Constabulary,-1.443134,50.914821,On or near Langley Road,E01017214,Southampton 019C,Violence and sexual offences,Unable to prosecute suspect,
f918af661440540ce9ef219b1e0988e463b264e5283d8aaec501e0ddbd36c8da,2024-03,Hampshire Constabulary,Hampshire Constabulary,-1.443134,50.914821,On or near Langley Road,E01017214,Southampton 019C,Violence and sexual offences,Awaiting court outcome,
ffc82aba170b54197304825395830e52d75c5876ce2d88824db89dc9e0b05df9,2024-03,Hampshire Constabulary,Hampshire Constabulary,-1.443134,50.914821,On or near Langley Road,E01017214,Southampton 019C,Violence and sexual offences,Unable to prosecute suspect,
,2024-03,Hampshire Constabulary,Hampshire Constabulary,-1.453251,50.916955,On or near Auckland Road,E01017214,Southampton 019C,Anti-social behaviour,,
5d01663c25010d076a18d1fdd28de0f3f2f6041947734d9c7035fe8e27554d5e,2024-03,Hampshire Constabulary,Hampshire Constabulary,-1.454222,50.914181,On or near Manor House Avenue,E01017214,Southampton 019C,Other theft,Investigation complete; no suspect identified,
5af42dda6523cf8724bab84fd1f889c207130166f094b305149daf832b8d1ba7,2024-03,Hampshire Constabulary,Hampshire Constabulary,-1.441564,50.914085,On or near Fawley Road,E01017214,Southampton 019C,Other theft,Investigation complete; no suspect identified,
24b8fc24751b72d777fd6422c96f9b8af096dc4321f787b57c947308352220fc,2024-03,Hampshire Constabulary,Hampshire Constabulary,-1.443445,50.913753,On or near Millbrook Road West,E01017214,Southampton 019C,Public order,Investigation complete; no suspect identified,
21ba50a8fbeca14104337c809cd1fccfc40c068b4180efcfd97c02076ac2603e,2024-03,Hampshire Constabulary,Hampshire Constabulary,-1.453251,50.916955,On or near Auckland Road,E01017214,Southampton 019C,Public order,Action to be taken by another organisation,
27ad85d92dceb6400e73429ee3e15afa93c6de136688b82bbd17afdf49f4fb91,2024-03,Hampshire Constabulary,Hampshire Constabulary,-1.443445,50.913753,On or near Millbrook Road West,E01017214,Southampton 019C,Public order,Investigation complete; no suspect identified,
ffe07e3350e6e104ce19d107cc4a5b8a94d22329556eca7a86cc96aff86c1596,2024-03,Hampshire Constabulary,Hampshire Constabulary,-1.443445,50.913753,On or near Millbrook Road West,E01017214,Southampton 019C,Public order,Investigation complete; no suspect identified,
6108e73087d2ba658f1c1f7abd4ab7fb19ea44e66e5ed62f11557b241c3cb953,2024-03,Hampshire Constabulary,Hampshire Constabulary,-1.452297,50.913354,On or near Parking Area,E01017214,Southampton 019C,Shoplifting,Investigation complete; no suspect identified,
be68fc29d13c7810b55c780b0b3926e57ad893fd379cf16700f84a261d487270,2024-03,Hampshire Constabulary,Hampshire Constabulary,-1.454222,50.914181,On or near Manor House Avenue,E01017214,Southampton 019C,Shoplifting,Investigation complete; no suspect identified,
65f29478510330ce52b1653d62e74fc7f0fdae09a2942851b585c2c55d33e9f4,2024-03,Hampshire Constabulary,Hampshire Constabulary,-1.452297,50.913354,On or near Parking Area,E01017214,Southampton 019C,Shoplifting,Investigation complete; no suspect identified,
9bf862b082735c2e4884de30fa9741ad237dacf0726f29bd9e80b619aaeb26c5,2024-03,Hampshire Constabulary,Hampshire Constabulary,-1.453718,50.917182,On or near Parking Area,E01017214,Southampton 019C,Shoplifting,Investigation complete; no suspect identified,
5224235808b7a53f57580563374c248445ee65b9cc3200bc7e6725b33373e20e,2024-03,Hampshire Constabulary,Hampshire Constabulary,-1.449502,50.915166,On or near Vulcan Close,E01017214,Southampton 019C,Vehicle crime,Investigation complete; no suspect identified,
9dc2c203ab52761b40a19ab6b8e4058aefbbfdb75c2810823836764c7a28f647,2024-03,Hampshire Constabulary,Hampshire Constabulary,-1.451163,50.915516,On or near Boundary Close,E01017214,Southampton 019C,Vehicle crime,Investigation complete; no suspect identified,
bec3f40f549adbec9cb1f012fa9ed575e640d13ffcc9bbda4b3a54756c72aa84,2024-03,Hampshire Constabulary,Hampshire Constabulary,-1.447233,50.915785,On or near Royal Gardens,E01017214,Southampton 019C,Violence and sexual offences,Investigation complete; no suspect identified,
27b897b13a1c2155fd3641bc9673933135b9156ccbb336412cace77acc4d0c68,2024-03,Hampshire Constabulary,Hampshire Constabulary,-1.441564,50.914085,On or near Fawley Road,E01017214,Southampton 019C,Violence and sexual offences,Unable to prosecute suspect,
24e76df1843bc5f987180b92e2fa3ce84b4901ff74c2aecc3fcb1e0135c12a77,2024-03,Hampshire Constabulary,Hampshire Constabulary,-1.451163,50.915516,On or near Boundary Close,E01017214,Southampton 019C,Violence and sexual offences,Unable to prosecute suspect,
9caa9625d97fe9467eca56df19a3ed1e2f9ab2f2a095410f0591e5083531c70b,2024-03,Hampshire Constabulary,Hampshire Constabulary,-1.452297,50.913354,On or near Parking Area,E01017214,Southampton 019C,Violence and sexual offences,Investigation complete; no suspect identified,
dd22995d9a8768684e43a982d71250b5b6aef5f2bb6d59bf6fe83e28e9f05fc1,2024-03,Hampshire Constabulary,Hampshire Constabulary,-1.447233,50.915785,On or near Royal Gardens,E01017214,Southampton 019C,Violence and sexual offences,Unable to prosecute suspect,
d276f1fdb1916a5938a2e693479363652ded8da474e971c592101a7411389ef6,2024-03,Hampshire Constabulary,Hampshire Constabulary,-1.447233,50.915785,On or near Royal Gardens,E01017214,Southampton 019C,Violence and sexual offences,Unable to prosecute suspect,
14651c0e9b3d63cf07fbe9a1d13c7574c93ca033f139999d4dd6a79a8f82ba45,2024-03,Hampshire Constabulary,Hampshire Constabulary,-1.447233,50.915785,On or near Royal Gardens,E01017214,Southampton 019C,Violence and sexual offences,Unable to prosecute suspect,
8a26922d8751bba304c722f0fc189832837ef4610706787f12f1a2d08c8e7f2e,2024-03,Hampshire Constabulary,Hampshire Constabulary,-1.442932,50.917446,On or near Kelston Close,E01017215,Southampton 019D,Burglary,Investigation complete; no suspect identified,
b5fc2bb5207441e3e564267150d03efdd7a973d9893d50481ddfd0ad5f43fc71,2024-03,Hampshire Constabulary,Hampshire Constabulary,-1.442984,50.918984,On or near Westfield Road,E01017215,Southampton 019D,Vehicle crime,Unable to prosecute suspect,
373864b195cee3f4dd78f02a792d75f0fc59f3da255ad13b1814add136b09b51,2024-03,Hampshire Constabulary,Hampshire Constabulary,-1.447310,50.917710,On or near King George'S Avenue,E01017215,Southampton 019D,Violence and sexual offences,Unable to prosecute suspect,
b352c826ed334072271a7293996f13f2cb997f37c43536919eebfdbaa188e0bf,2024-03,Hampshire Constabulary,Hampshire Constabulary,-1.444369,50.917417,On or near Stanton Road,E01017215,Southampton 019D,Violence and sexual offences,Court result unavailable,
62c46f7e235c0593af912a1392729dd934df0a68d23be73487ff17a50b315b75,2024-03,Hampshire Constabulary,Hampshire Constabulary,-1.442855,50.916744,On or near Claremont Crescent,E01017215,Southampton 019D,Violence and sexual offences,Court result unavailable,
7ea9a9d6ed347866a2637fc2a17ae5ae31214b10cd56a76b13f6f229b4a50eca,2024-03,Hampshire Constabulary,Hampshire Constabulary,-1.434336,50.913052,On or near Testwood Road,E01017216,Southampton 019E,Criminal damage and arson,Investigation complete; no suspect identified,
fbdc2cd715e4699140b53bb8e9d7d6edff05a52907243ec38e12efc8a2a7d9b4,2024-03,Hampshire Constabulary,Hampshire Constabulary,-1.432694,50.913530,On or near Hardy Close,E01017216,Southampton 019E,Criminal damage and arson,Investigation complete; no suspect identified,
e7beec01771f3fe60f53bda575bf822cc3761cf17f4a77bb62ff0696dfb40f72,2024-03,Hampshire Constabulary,Hampshire Constabulary,-1.436699,50.912875,On or near A33,E01017216,Southampton 019E,Drugs,Local resolution,
840d4180536141dfe303ebe1c99637b452008cef9e33feadb3b42eb19b2fad59,2024-03,Hampshire Constabulary,Hampshire Constabulary,-1.436699,50.912875,On or near A33,E01017216,Southampton 019E,Possession of weapons,Unable to prosecute suspect,
eff4225ade4c382b6727b504bc09306c74f97b4f8eb10098706078d50caead5e,2024-03,Hampshire Constabulary,Hampshire Constabulary,-1.432670,50.916641,On or near Foundry Lane,E01017216,Southampton 019E,Public order,Local resolution,
4cd3a4cc14189c74bfa85ae6a9213d3c47bc26728429d8f76e7aeedcb54a7c05,2024-03,Hampshire Constabulary,Hampshire Constabulary,-1.434325,50.915094,On or near Victory Crescent,E01017216,Southampton 019E,Public order,Unable to prosecute suspect,
0b54497eddfa4e690a973f2c2d7129c46561469438a747e4e9716ed6f199c019,2024-03,Hampshire Constabulary,Hampshire Constabulary,-1.434325,50.915094,On or near Victory Crescent,E01017216,Southampton 019E,Violence and sexual offences,Unable to prosecute suspect,
506ab7bdf892f3b9d90c38846b7e15587606feda5c14475911871e1e087d348b,2024-03,Hampshire Constabulary,Hampshire Constabulary,-1.434119,50.913339,On or near Marchwood Road,E01017216,Southampton 019E,Violence and sexual offences,Action to be taken by another organisation,
8f94a6a9d0ff4725f32e0b9dcea6224a7bc6d501b2527be08a9f99cd9ecf8051,2024-03,Hampshire Constabulary,Hampshire Constabulary,-1.434494,50.914033,On or near Beech Road,E01017216,Southampton 019E,Violence and sexual offences,Unable to prosecute suspect,
,2024-03,Hampshire Constabulary,Hampshire Constabulary,-1.435640,50.915729,On or near Freshfield Square,E01017216,Southampton 019E,Anti-social behaviour,,
,2024-03,Hampshire Constabulary,Hampshire Constabulary,-1.432670,50.916641,On or near Foundry Lane,E01017216,Southampton 019E,Anti-social behaviour,,
,2024-03,Hampshire Constabulary,Hampshire Constabulary,-1.437002,50.917274,On or near Waterhouse Lane,E01017216,Southampton 019E,Anti-social behaviour,,
c00f60adf7301920d8bce7f9f85a611a7caf054b26765bf510d7c974ff0a7bd8,2024-03,Hampshire Constabulary,Hampshire Constabulary,-1.437166,50.914244,On or near Blighmont Crescent,E01017216,Southampton 019E,Other theft,Investigation complete; no suspect identified,
db333195bc3234b3584656c9c2c2de33c5132dc7d8948a0802b32aeeb7a56ccd,2024-03,Hampshire Constabulary,Hampshire Constabulary,-1.437002,50.917274,On or near Waterhouse Lane,E01017216,Southampton 019E,Other theft,Investigation complete; no suspect identified,
0bd360f1a905d987a269ade674604783488c1484db86cbbe216adcdbd9a9b981,2024-03,Hampshire Constabulary,Hampshire Constabulary,-1.434336,50.913052,On or near Testwood Road,E01017216,Southampton 019E,Other theft,Investigation complete; no suspect identified,
7b515a003c23a75d4312c0f0acb078dcd670b748f6c29faf8305305cb3499044,2024-03,Hampshire Constabulary,Hampshire Constabulary,-1.438700,50.915609,On or near Petrol Station,E01017216,Southampton 019E,Public order,Investigation complete; no suspect identified,
850636ff58dbfe56b9d086100ebde0338da14d7ec92d2838935db1233d88d05c,2024-03,Hampshire Constabulary,Hampshire Constabulary,-1.432670,50.916641,On or near Foundry Lane,E01017216,Southampton 019E,Vehicle crime,Investigation complete; no suspect identified,
3e6927bbdcc8b519672f8eb17cea16f36ae8492162c04539f96eaebc6512286e,2024-03,Hampshire Constabulary,Hampshire Constabulary,-1.432670,50.916641,On or near Foundry Lane,E01017216,Southampton 019E,Vehicle crime,Investigation complete; no suspect identified,
dd6f6655a0f0676a94e675d226aaaa8d3cef4152f88adee0e5f3ffee6ca54c45,2024-03,Hampshire Constabulary,Hampshire Constabulary,-1.435640,50.915729,On or near Freshfield Square,E01017216,Southampton 019E,Violence and sexual offences,Unable to prosecute suspect,
f04d59e404218d591a36c07f0f22a39da72eb9fe1cee8d0e27d1792c3368e127,2024-03,Hampshire Constabulary,Hampshire Constabulary,-1.436699,50.912875,On or near A33,E01017216,Southampton 019E,Other crime,Status update unavailable,
cd48e72a2dab3b3736cafff5d55f402af5a774978c96c3ff68a5b3b740f8680c,2024-03,Hampshire Constabulary,Hampshire Constabulary,-1.434325,50.915094,On or near Victory Crescent,E01017216,Southampton 019E,Other crime,Status update unavailable,
ab1e9ab89d7fe0dac2375eec4bcb6b989966c3209670086b295eac13cc2b3032,2024-03,Hampshire Constabulary,Hampshire Constabulary,-1.416221,50.913620,On or near Hill Farm Road,E01017189,Southampton 020A,Criminal damage and arson,Investigation complete; no suspect identified,
8aa903889fd06ee2813ccd5866ee84ca700271045ccd915fd2c00f626a9e0e83,2024-03,Hampshire Constabulary,Hampshire Constabulary,-1.416221,50.913620,On or near Hill Farm Road,E01017189,Southampton 020A,Criminal damage and arson,Investigation complete; no suspect identified,
1b39d90f7e70cd8e180c218cfbbc12eaf0ad4a2698ddec8bc766fbe05a05434f,2024-03,Hampshire Constabulary,Hampshire Constabulary,-1.418183,50.912532,On or near Landguard Road,E01017189,Southampton 020A,Other theft,Unable to prosecute suspect,
09d52325090d3be9204cb5aa973279214d9a5f80f85383d5d230fe7a11007bbb,2024-03,Hampshire Constabulary,Hampshire Constabulary,-1.416221,50.913620,On or near Hill Farm Road,E01017189,Southampton 020A,Violence and sexual offences,Unable to prosecute suspect,
161a066af708ae8f3cdf27b59e7a9db5ed7157fd9749615641f66b75a6db1871,2024-03,Hampshire Constabulary,Hampshire Constabulary,-1.418183,50.912532,On or near Landguard Road,E01017189,Southampton 020A,Public order,Unable to prosecute suspect,
da1e0a8ec680a057bac851035cce08a00fa96af37b9163505b2dc24ac73ad010,2024-03,Hampshire Constabulary,Hampshire Constabulary,-1.418183,50.912532,On or near Landguard Road,E01017189,Southampton 020A,Violence and sexual offences,Investigation complete; no suspect identified,
5149f6ccd892b0687a109f446942a16ca1ccf947508bf6d2d8b5ec5a44bccaa0,2024-03,Hampshire Constabulary,Hampshire Constabulary,-1.416221,50.913620,On or near Hill Farm Road,E01017189,Southampton 020A,Violence and sexual offences,Unable to prosecute suspect,
041c61ab45ee80455482aeed18ebb86600bd3f37811bce63450f167d4907fec7,2024-03,Hampshire Constabulary,Hampshire Constabulary,-1.421514,50.914635,On or near Stafford Road,E01017191,Southampton 020C,Burglary,Unable to prosecute suspect,
6ea1fa13da371355ae017a776bcbe39b4bfc6b330cbd738e1300e3caeaf577bf,2024-03,Hampshire Constabulary,Hampshire Constabulary,-1.421514,50.914635,On or near Stafford Road,E01017191,Southampton 020C,Criminal damage and arson,Investigation complete; no suspect identified,
d720d32d918bd9368fa8ff05f36b25b288c90b3153d42ac768d583b0c90b7197,2024-03,Hampshire Constabulary,Hampshire Constabulary,-1.418582,50.914818,On or near Atherley Road,E01017191,Southampton 020C,Drugs,Court result unavailable,
32a3af415c54df403acd79c303d39046e903d2956bbe066c8e304e2cdfeea26f,2024-03,Hampshire Constabulary,Hampshire Constabulary,-1.421514,50.914635,On or near Stafford Road,E01017191,Southampton 020C,Public order,Formal action is not in the public interest,
ddacfdc937f67f84531d2bfbdfa24c0fb6b0a7f2a639396e8e0c3633cc4c9026,2024-03,Hampshire Constabulary,Hampshire Constabulary,-1.420075,50.914799,On or near Arthur Road,E01017191,Southampton 020C,Theft from the person,Unable to prosecute suspect,
fd3290f21eb390d9f7db778a087f8da999e3e3c431d9ad88f8a43aaf3479824a,2024-03,Hampshire Constabulary,Hampshire Constabulary,-1.418582,50.914818,On or near Atherley Road,E01017191,Southampton 020C,Violence and sexual offences,Unable to prosecute suspect,
a6f4c9edfcc917d5683209bea77e4021480e245109a30c095dbda53f48f2d45f,2024-03,Hampshire Constabulary,Hampshire Constabulary,-1.418582,50.914818,On or near Atherley Road,E01017191,Southampton 020C,Violence and sexual offences,Investigation complete; no suspect identified,
45a6a9a63d985927fd7df8f4e986d9f9b26f2318a92beba79dc574a2f9a76203,2024-03,Hampshire Constabulary,Hampshire Constabulary,-1.420075,50.914799,On or near Arthur Road,E01017191,Southampton 020C,Bicycle theft,Investigation complete; no suspect identified,
6cb2b5f35a626bbe8e4af1918fdce7182fca0866516842b7978c7ce1fad8fe73,2024-03,Hampshire Constabulary,Hampshire Constabulary,-1.420075,50.914799,On or near Arthur Road,E01017191,Southampton 020C,Criminal damage and arson,Investigation complete; no suspect identified,
9d4e63e8e009d8ae4bbcc215fc20a6267b24af99343c947c92aa346cd67c8c78,2024-03,Hampshire Constabulary,Hampshire Constabulary,-1.421514,50.914635,On or near Stafford Road,E01017191,Southampton 020C,Violence and sexual offences,Unable to prosecute suspect,
c41655d9b98b88f4ab33b830c94ede0095c9cbf41613783bf86e3e15b2d8b758,2024-03,Hampshire Constabulary,Hampshire Constabulary,-1.421514,50.914635,On or near Stafford Road,E01017191,Southampton 020C,Violence and sexual offences,Unable to prosecute suspect,
d2c923f4ce30b5238e7f8ddc60d880b2a4a2adbd906663cb1669977f5b3214f2,2024-03,Hampshire Constabulary,Hampshire Constabulary,-1.419307,50.914813,On or near Howard Road,E01017191,Southampton 020C,Violence and sexual offences,Status update unavailable,
cdb164d6867a85112dfdf1c02ca86e29889b27e212c4e6f576c5297c672d7159,2024-03,Hampshire Constabulary,Hampshire Constabulary,-1.405694,50.918144,On or near Banister Road,E01017196,Southampton 020D,Drugs,Local resolution,
374d8aeb7f5b0a4f55e77d739db2065a5c6becc658b1a453d99d88e853db51e8,2024-03,Hampshire Constabulary,Hampshire Constabulary,-1.404130,50.916940,On or near Lindoe Close,E01017196,Southampton 020D,Other theft,Unable to prosecute suspect,
f2edfcdc6fa25ab11163fd1131fec5743c5657379a15cff85338453ce562d04e,2024-03,Hampshire Constabulary,Hampshire Constabulary,-1.404130,50.916940,On or near Lindoe Close,E01017196,Southampton 020D,Violence and sexual offences,Investigation complete; no suspect identified,
35625e51708d822bb04184f9bb0215994e2189f29117ea79628eed5efdd94758,2024-03,Hampshire Constabulary,Hampshire Constabulary,-1.404130,50.916940,On or near Lindoe Close,E01017196,Southampton 020D,Violence and sexual offences,Unable to prosecute suspect,
96f78c79e9a93fdeb427f41bd23021e2d511fb3fd18053779264c812381702c4,2024-03,Hampshire Constabulary,Hampshire Constabulary,-1.410396,50.919849,On or near Marshall Square,E01017196,Southampton 020D,Violence and sexual offences,Action to be taken by another organisation,
738e0c28ab175802821faccd6eb181510e4b0041b96a1c5fb869585ba876ebc9,2024-03,Hampshire Constabulary,Hampshire Constabulary,-1.406088,50.919585,On or near Moore Close,E01017196,Southampton 020D,Violence and sexual offences,Unable to prosecute suspect,
,2024-03,Hampshire Constabulary,Hampshire Constabulary,-1.411560,50.920035,On or near Edwin Jones Green,E01017196,Southampton 020D,Anti-social behaviour,,
,2024-03,Hampshire Constabulary,Hampshire Constabulary,-1.412620,50.919483,On or near Arlott Court,E01017196,Southampton 020D,Anti-social behaviour,,
,2024-03,Hampshire Constabulary,Hampshire Constabulary,-1.404130,50.916940,On or near Lindoe Close,E01017196,Southampton 020D,Anti-social behaviour,,
,2024-03,Hampshire Constabulary,Hampshire Constabulary,-1.404130,50.916940,On or near Lindoe Close,E01017196,Southampton 020D,Anti-social behaviour,,
,2024-03,Hampshire Constabulary,Hampshire Constabulary,-1.407448,50.917856,On or near Court Road,E01017196,Southampton 020D,Anti-social behaviour,,
3726766ff64c6c82f7befd23d2b5a049f8c801d8c2ff74a05521cb127d154ff5,2024-03,Hampshire Constabulary,Hampshire Constabulary,-1.405694,50.918144,On or near Banister Road,E01017196,Southampton 020D,Bicycle theft,Investigation complete; no suspect identified,
885cb09f460514874734922b5387ce3cefa7cdc33c232e2b2339d2bc4911b762,2024-03,Hampshire Constabulary,Hampshire Constabulary,-1.407066,50.919904,On or near Hulse Road,E01017196,Southampton 020D,Bicycle theft,Investigation complete; no suspect identified,
ad53aace23a50f820f84570865ad0c404dd2d36c6cf606c76f52b4776d85d200,2024-03,Hampshire Constabulary,Hampshire Constabulary,-1.405151,50.920605,On or near Cavendish Grove,E01017196,Southampton 020D,Burglary,Investigation complete; no suspect identified,
9d59cdf80b69e0e7b7ff2f55e64253c9623774e41fa55388af54093391b464c1,2024-03,Hampshire Constabulary,Hampshire Constabulary,-1.408034,50.918713,On or near Charles Knott Gardens,E01017196,Southampton 020D,Vehicle crime,Investigation complete; no suspect identified,
d76197b6117fd99b9d7b4cbf465b8bcb06561d2268038b72672253ab582f4a90,2024-03,Hampshire Constabulary,Hampshire Constabulary,-1.405151,50.920605,On or near Cavendish Grove,E01017196,Southampton 020D,Vehicle crime,Investigation complete; no suspect identified,
f7e5dd741e33b7ccd313e40e46203e1c5d16f8d439db14bb4737d3b3dd08bbdd,2024-03,Hampshire Constabulary,Hampshire Constabulary,-1.410396,50.919849,On or near Marshall Square,E01017196,Southampton 020D,Violence and sexual offences,Investigation complete; no suspect identified,
90e1b2140ba812e1aa132d21aab4cbc1f2aeb4a280a2d00ad06bc7560e0e46e8,2024-03,Hampshire Constabulary,Hampshire Constabulary,-1.405694,50.918144,On or near Banister Road,E01017196,Southampton 020D,Violence and sexual offences,Investigation complete; no suspect identified,
ff7768bb665a19fa35f563d5f42bde29b2aaf6fe5cfb715dd7ab9d19c72ef99f,2024-03,Hampshire Constabulary,Hampshire Constabulary,-1.407448,50.917856,On or near Court Road,E01017196,Southampton 020D,Violence and sexual offences,Unable to prosecute suspect,
81a4300c871b8bf3e538835f0faf07c86ecdd11af9f71d77f94dd74ec3e8593f,2024-03,Hampshire Constabulary,Hampshire Constabulary,-1.424175,50.918057,On or near Lumsden Avenue,E01017197,Southampton 020E,Criminal damage and arson,Investigation complete; no suspect identified,
a67a65fcae34ba351e644f8f1f3986b95b45a8a4244b4e8733d487711ed42384,2024-03,Hampshire Constabulary,Hampshire Constabulary,-1.418526,50.918100,On or near Greville Road,E01017197,Southampton 020E,Vehicle crime,Investigation complete; no suspect identified,
,2024-03,Hampshire Constabulary,Hampshire Constabulary,-1.421450,50.918699,On or near Charlton Road,E01017197,Southampton 020E,Anti-social behaviour,,
9353db5d7512e410bd90a2fde0268c0a032923ef8e205d9ccf6997382ed31ca6,2024-03,Hampshire Constabulary,Hampshire Constabulary,-1.424175,50.918057,On or near Lumsden Avenue,E01017197,Southampton 020E,Criminal damage and arson,Investigation complete; no suspect identified,
34218e43f8a8353ba3eeb41e32f1eb7878c7af4b55dae3e4e2fa68a6488b3b63,2024-03,Hampshire Constabulary,Hampshire Constabulary,-1.418526,50.918100,On or near Greville Road,E01017197,Southampton 020E,Other theft,Investigation complete; no suspect identified,
ae9cb844af1d5a461d50bc09ed3c9a1254f1c35158eeb9b35924264491d20046,2024-03,Hampshire Constabulary,Hampshire Constabulary,-1.424390,50.919029,On or near Newlands Avenue,E01017197,Southampton 020E,Vehicle crime,Investigation complete; no suspect identified,
14a16a6543357706684c81b18d88afe17957e2b48259dfba8df07b10aed73d33,2024-03,Hampshire Constabulary,Hampshire Constabulary,-1.424175,50.918057,On or near Lumsden Avenue,E01017197,Southampton 020E,Vehicle crime,Investigation complete; no suspect identified,
77abbdf4f454f18e0475bb9b599ec8047127f39cbdd0a50f14aadcfc21dc2468,2024-03,Hampshire Constabulary,Hampshire Constabulary,-1.423421,50.914555,On or near Shirley Road,E01017192,Southampton 021A,Bicycle theft,Investigation complete; no suspect identified,
cbbe41fddf92e4733e140c5d7f2841aa67965c20a225d0955ae38f8433159d46,2024-03,Hampshire Constabulary,Hampshire Constabulary,-1.431851,50.915273,On or near Supermarket,E01017192,Southampton 021A,Burglary,Investigation complete; no suspect identified,
4b8a57b299554226488d2aa295223d221ddfc9ec592419f616d8975deb22ce16,2024-03,Hampshire Constabulary,Hampshire Constabulary,-1.424872,50.914571,On or near Cawte Road,E01017192,Southampton 021A,Criminal damage and arson,Unable to prosecute suspect,
f3690931dbd325639e2f5c4d7ed229b6b083d7539f714a8927b4c20afdec3c72,2024-03,Hampshire Constabulary,Hampshire Constabulary,-1.426683,50.916522,On or near Harold Road,E01017192,Southampton 021A,Criminal damage and arson,Investigation complete; no suspect identified,
a70480452b37412144803fcf806da6afb7802485262d77b0cca75486e7731694,2024-03,Hampshire Constabulary,Hampshire Constabulary,-1.424118,50.916860,On or near Malmesbury Place,E01017192,Southampton 021A,Drugs,Local resolution,
b6a9a5ef53a132bed6d29c16e335307e20a10bcb303db88ceee91d05041c1105,2024-03,Hampshire Constabulary,Hampshire Constabulary,-1.424118,50.916860,On or near Malmesbury Place,E01017192,Southampton 021A,Other theft,Local resolution,
a36e073cb776a7f82f071aac8d8b5e4b97a4d0b596219b15dac654af5b2f02b8,2024-03,Hampshire Constabulary,Hampshire Constabulary,-1.426683,50.916522,On or near Harold Road,E01017192,Southampton 021A,Possession of weapons,Unable to prosecute suspect,
3cb93541fd91cd1f51ecd3855f830846b1b1bb21720868737c928d0b65a3748d,2024-03,Hampshire Constabulary,Hampshire Constabulary,-1.423421,50.914555,On or near Shirley Road,E01017192,Southampton 021A,Public order,Unable to prosecute suspect,
2d0cc9a93820c1b7cff3f394ff5fc98ff70704deb4e0d7b7c0bb4531500551d9,2024-03,Hampshire Constabulary,Hampshire Constabulary,-1.423421,50.914555,On or near Shirley Road,E01017192,Southampton 021A,Shoplifting,Court result unavailable,
cb7a89944a7921ea57839bf5fb823941c7f6edff99b659a95d0dab08d385d45b,2024-03,Hampshire Constabulary,Hampshire Constabulary,-1.423421,50.914555,On or near Shirley Road,E01017192,Southampton 021A,Shoplifting,Court result unavailable,
6896f58a72e773f279fc0a434bcd2414f2e3ab4cfde662cfff200ea9789336c1,2024-03,Hampshire Constabulary,Hampshire Constabulary,-1.423421,50.914555,On or near Shirley Road,E01017192,Southampton 021A,Shoplifting,Unable to prosecute suspect,
2e654f57e185b9c41d5429b1407d1d144ca773e6499e73d4c41166ee8ac1b12e,2024-03,Hampshire Constabulary,Hampshire Constabulary,-1.423421,50.914555,On or near Shirley Road,E01017192,Southampton 021A,Shoplifting,Investigation complete; no suspect identified,
a3ce5ccad4a637d904b4a1ea3ac61cf215fcd17386688c5d2417ede36e59260b,2024-03,Hampshire Constabulary,Hampshire Constabulary,-1.423421,50.914555,On or near Shirley Road,E01017192,Southampton 021A,Shoplifting,Court result unavailable,
6fc39b2e5f49c7da300a4a31817c421757006ca96dd38ccdccdb8609b09e12f2,2024-03,Hampshire Constabulary,Hampshire Constabulary,-1.423421,50.914555,On or near Shirley Road,E01017192,Southampton 021A,Shoplifting,Court result unavailable,
c4cb548431f503e029ba310e1213290b933b35fd68a3a72901bd250daa63f7c5,2024-03,Hampshire Constabulary,Hampshire Constabulary,-1.423421,50.914555,On or near Shirley Road,E01017192,Southampton 021A,Shoplifting,Court result unavailable,
592851d41cc3e65c1f6f9dffcfaa774ae0b6820491da3ee0d59de1048debf240,2024-03,Hampshire Constabulary,Hampshire Constabulary,-1.423421,50.914555,On or near Shirley Road,E01017192,Southampton 021A,Shoplifting,Court result unavailable,
f3347c276d555cbe5bbffd8c55e1b0c070825daa9cdb9ac83e93f100802c8a93,2024-03,Hampshire Constabulary,Hampshire Constabulary,-1.423421,50.914555,On or near Shirley Road,E01017192,Southampton 021A,Shoplifting,Court result unavailable,
de3f555262c4ad96764e25bdc88067f7760c965cfd9475eb80df7af76004fa35,2024-03,Hampshire Constabulary,Hampshire Constabulary,-1.423421,50.914555,On or near Shirley Road,E01017192,Southampton 021A,Shoplifting,Court result unavailable,
8feb78bace3ec21eb2a9d35fb081cc9747b9b669d97d61ef892a93f736bbe8a4,2024-03,Hampshire Constabulary,Hampshire Constabulary,-1.423421,50.914555,On or near Shirley Road,E01017192,Southampton 021A,Shoplifting,Formal action is not in the public interest,
8be2693b5eec22a333ff799454ec415ad764bf75a817a708bdf794be5a2006a4,2024-03,Hampshire Constabulary,Hampshire Constabulary,-1.431851,50.915273,On or near Supermarket,E01017192,Southampton 021A,Shoplifting,Unable to prosecute suspect,
6794acba48ec86eca98b033a3824119bf99653f5ee9c208b7786afa148047111,2024-03,Hampshire Constabulary,Hampshire Constabulary,-1.423421,50.914555,On or near Shirley Road,E01017192,Southampton 021A,Shoplifting,Unable to prosecute suspect,
1938c333659823857f2cabfb1d008042207e2d68c6c484077a151235b006f508,2024-03,Hampshire Constabulary,Hampshire Constabulary,-1.424872,50.914571,On or near Cawte Road,E01017192,Southampton 021A,Violence and sexual offences,Court result unavailable,
fbce5d05cce7dae3fbd593403de65dab4610fa117238674fe1e29f5c060d3edf,2024-03,Hampshire Constabulary,Hampshire Constabulary,-1.423421,50.914555,On or near Shirley Road,E01017192,Southampton 021A,Violence and sexual offences,Unable to prosecute suspect,
b842f4500de72787cccf1f68840337f4ccf036e8ddc0b6942f5bd5ba02091edd,2024-03,Hampshire Constabulary,Hampshire Constabulary,-1.427721,50.915430,On or near Firgrove Road,E01017192,Southampton 021A,Violence and sexual offences,Action to be taken by another organisation,
10426a3940f307c2d47e8941f585342c3f2bc91905cd8fb481e4c8589e58359b,2024-03,Hampshire Constabulary,Hampshire Constabulary,-1.423124,50.915605,On or near Western District Cut,E01017192,Southampton 021A,Violence and sexual offences,Unable to prosecute suspect,
fee579e24fbb933259d94397d9bd29d2abc0a9c7ec9f10077e67d20798c81624,2024-03,Hampshire Constabulary,Hampshire Constabulary,-1.431851,50.915273,On or near Supermarket,E01017192,Southampton 021A,Violence and sexual offences,Unable to prosecute suspect,
bf315432a94edb6dc4e989fa2b3cc8867c6770544b6ed2568ae16ebccee5ba5e,2024-03,Hampshire Constabulary,Hampshire Constabulary,-1.424872,50.914571,On or near Cawte Road,E01017192,Southampton 021A,Violence and sexual offences,Investigation complete; no suspect identified,
86c06b2d4689684af3cc24fae61be177eaf4cafd32960e394b17e3c1d983f09e,2024-03,Hampshire Constabulary,Hampshire Constabulary,-1.423421,50.914555,On or near Shirley Road,E01017192,Southampton 021A,Violence and sexual offences,Unable to prosecute suspect,
,2024-03,Hampshire Constabulary,Hampshire Constabulary,-1.422538,50.918111,On or near Malmesbury Road,E01017192,Southampton 021A,Anti-social behaviour,,
,2024-03,Hampshire Constabulary,Hampshire Constabulary,-1.423124,50.915605,On or near Western District Cut,E01017192,Southampton 021A,Anti-social behaviour,,
ed8510f0d6417fa4be78fec8a6068acacaec93ac2d09dd78fc40911c967bed14,2024-03,Hampshire Constabulary,Hampshire Constabulary,-1.425263,50.915202,On or near Nightingale Grove,E01017192,Southampton 021A,Bicycle theft,Investigation complete; no suspect identified,
c12111fff372fa286f5f0795432117fec755ff82e42de0eae7e627fb99eec631,2024-03,Hampshire Constabulary,Hampshire Constabulary,-1.426664,50.915794,On or near Dyer Road,E01017192,Southampton 021A,Other theft,Investigation complete; no suspect identified,
8c08a32b4b51483404829c19636c4253e7009dd0019b48d9ee7a8fd18c160251,2024-03,Hampshire Constabulary,Hampshire Constabulary,-1.423421,50.914555,On or near Shirley Road,E01017192,Southampton 021A,Shoplifting,Investigation complete; no suspect identified,
0599e4756387b1409d0309ae24161d3784660345b6ba5559583391c6a68891a8,2024-03,Hampshire Constabulary,Hampshire Constabulary,-1.423421,50.914555,On or near Shirley Road,E01017192,Southampton 021A,Shoplifting,Unable to prosecute suspect,
ad2ee2b2e9e7d45ab165ef7b008dbf5d8f979ea8f25c8a7fac2e42378ea71715,2024-03,Hampshire Constabulary,Hampshire Constabulary,-1.423421,50.914555,On or near Shirley Road,E01017192,Southampton 021A,Shoplifting,Status update unavailable,
ec1ec448c53a70ab2dc309198d53eefa4081a7e3d1a0efcacfd5c22850a8515e,2024-03,Hampshire Constabulary,Hampshire Constabulary,-1.423421,50.914555,On or near Shirley Road,E01017192,Southampton 021A,Shoplifting,Investigation complete; no suspect identified,
5dd3d8a7053c6a6f2009c959d95627463f082a3d51c1737c553175ef2ec7ed1d,2024-03,Hampshire Constabulary,Hampshire Constabulary,-1.424872,50.914571,On or near Cawte Road,E01017192,Southampton 021A,Vehicle crime,Investigation complete; no suspect identified,
c7b7b458e6b9b2cd0cc07d0012dd028dbd47e929c9495bc683673ae71967b54f,2024-03,Hampshire Constabulary,Hampshire Constabulary,-1.426484,50.915325,On or near Nightingale Road,E01017192,Southampton 021A,Vehicle crime,Investigation complete; no suspect identified,
6708533c9d669bb18e2a1e54a5d147df9ba2c7055e2755163c82e1d623e50fd7,2024-03,Hampshire Constabulary,Hampshire Constabulary,-1.424872,50.914571,On or near Cawte Road,E01017192,Southampton 021A,Violence and sexual offences,Investigation complete; no suspect identified,
e8d5879eb093f9f6ee7df4af6b93636675a64a0189c879167c78a87462141597,2024-03,Hampshire Constabulary,Hampshire Constabulary,-1.423421,50.914555,On or near Shirley Road,E01017192,Southampton 021A,Violence and sexual offences,Status update unavailable,
c9565704c3f005d2c82d9536435216e8230e3c7dc1c0c29dcb8090bba37c67a9,2024-03,Hampshire Constabulary,Hampshire Constabulary,-1.427721,50.915430,On or near Firgrove Road,E01017192,Southampton 021A,Violence and sexual offences,Unable to prosecute suspect,
00c2f9ae6b08bb6f1b0c3fab104b08f2425c64b8219cb6ddd8b89693b39ca66f,2024-03,Hampshire Constabulary,Hampshire Constabulary,-1.424118,50.916860,On or near Malmesbury Place,E01017192,Southampton 021A,Violence and sexual offences,Unable to prosecute suspect,
5c97b50b70daeccc5245894e47aa2df352bd9ea59d69a6a64571aa6e552a4814,2024-03,Hampshire Constabulary,Hampshire Constabulary,-1.423421,50.914555,On or near Shirley Road,E01017192,Southampton 021A,Violence and sexual offences,Investigation complete; no suspect identified,
ee1b60f88747fb625e2e4da95fb05d7e8693db8014a419e276242406a9dc8e42,2024-03,Hampshire Constabulary,Hampshire Constabulary,-1.423421,50.914555,On or near Shirley Road,E01017192,Southampton 021A,Violence and sexual offences,Investigation complete; no suspect identified,
2c6b1f9c8e31024b93ab50cb0e37f39a73e2c2027a1dc441b58bcde2e1a95e0e,2024-03,Hampshire Constabulary,Hampshire Constabulary,-1.424118,50.916860,On or near Malmesbury Place,E01017192,Southampton 021A,Violence and sexual offences,Unable to prosecute suspect,
202bc87698439ce99635343e85d4c1a056a83eff8d6564ef76b331c76cf46e23,2024-03,Hampshire Constabulary,Hampshire Constabulary,-1.429227,50.913234,On or near Richmond Road,E01017193,Southampton 021B,Possession of weapons,Unable to prosecute suspect,
c6162f3b3931b76471fadcb85b761b653855a78e8a64c510c5c67bc9533d7164,2024-03,Hampshire Constabulary,Hampshire Constabulary,-1.432508,50.912450,On or near Lakelands Drive,E01017193,Southampton 021B,Vehicle crime,Unable to prosecute suspect,
9cd31b8ce3bcdf398cf95cfb95dee423281d82d7535e701789a880d531925d23,2024-03,Hampshire Constabulary,Hampshire Constabulary,-1.428735,50.915066,On or near Albany Road,E01017193,Southampton 021B,Violence and sexual offences,Unable to prosecute suspect,
007d81ad5b1c9d62f078135878d47d2a8b09f5260aa5cf49fe34239b710422a1,2024-03,Hampshire Constabulary,Hampshire Constabulary,-1.429227,50.913234,On or near Richmond Road,E01017193,Southampton 021B,Violence and sexual offences,Unable to prosecute suspect,
01c83c5c4c1f7b46c78638cf01f7ceeca25a5f68fc9fa911b71026314f187c47,2024-03,Hampshire Constabulary,Hampshire Constabulary,-1.432508,50.912450,On or near Lakelands Drive,E01017193,Southampton 021B,Other crime,Local resolution,
,2024-03,Hampshire Constabulary,Hampshire Constabulary,-1.430097,50.911836,On or near Payne'S Road,E01017193,Southampton 021B,Anti-social behaviour,,
,2024-03,Hampshire Constabulary,Hampshire Constabulary,-1.427065,50.913224,On or near Pitt Road,E01017193,Southampton 021B,Anti-social behaviour,,
75587c0869a502b1ef7c45cfbae8470ee83bf00563a936e43db4cd961803ec4d,2024-03,Hampshire Constabulary,Hampshire Constabulary,-1.427065,50.913224,On or near Pitt Road,E01017193,Southampton 021B,Burglary,Investigation complete; no suspect identified,
5d704a1063c114c24a5d7028532e630b062aaed2658d80bd15662ebd3c6a3a9c,2024-03,Hampshire Constabulary,Hampshire Constabulary,-1.432508,50.912450,On or near Lakelands Drive,E01017193,Southampton 021B,Public order,Investigation complete; no suspect identified,
2444f43c0fce37d4be6276bf5155ed08406951ce50bc4c78e579ad28a8ef006a,2024-03,Hampshire Constabulary,Hampshire Constabulary,-1.427065,50.913224,On or near Pitt Road,E01017193,Southampton 021B,Vehicle crime,Investigation complete; no suspect identified,
ec9e54e3fb2294a333f808da2333b94efc555444cfe0508458f108c67685d8bb,2024-03,Hampshire Constabulary,Hampshire Constabulary,-1.429227,50.913234,On or near Richmond Road,E01017193,Southampton 021B,Violence and sexual offences,Unable to prosecute suspect,
8dfbe5abf7fe3d36e858c66bfd4d98de0a78ce02ee2bae8fa410ec9957e6d28a,2024-03,Hampshire Constabulary,Hampshire Constabulary,-1.427065,50.913224,On or near Pitt Road,E01017193,Southampton 021B,Violence and sexual offences,Unable to prosecute suspect,
a98967a534f185e7973311820279941bf05c609bf1eea7e648219d3d3a7e5d52,2024-03,Hampshire Constabulary,Hampshire Constabulary,-1.427065,50.913224,On or near Pitt Road,E01017193,Southampton 021B,Violence and sexual offences,Unable to prosecute suspect,
08a61ce7f1c312b13f9eb0a47dbb82f38808cba3770678f20f4a8c31960d38ad,2024-03,Hampshire Constabulary,Hampshire Constabulary,-1.416613,50.907264,On or near Parking Area,E01017194,Southampton 021C,Burglary,Unable to prosecute suspect,
2450f2b101ed6d99a765b12d6fe4af43fb0656dd3e0ebe173efa67a8d9328be4,2024-03,Hampshire Constabulary,Hampshire Constabulary,-1.419206,50.909237,On or near Edith Haisman Close,E01017194,Southampton 021C,Burglary,Investigation complete; no suspect identified,
ec0f70c6c287fcb0adaa4ef71184c12caa050537b749d8f204945f1d8cc7e452,2024-03,Hampshire Constabulary,Hampshire Constabulary,-1.416613,50.907264,On or near Parking Area,E01017194,Southampton 021C,Criminal damage and arson,Further investigation is not in the public interest,
bbd494a68bc950b4d60b664a342990efc3c2c0ad0a9f22e05901c28985f253be,2024-03,Hampshire Constabulary,Hampshire Constabulary,-1.416613,50.907264,On or near Parking Area,E01017194,Southampton 021C,Criminal damage and arson,Court result unavailable,
c230c997ac44c605496ffbcc617cd612fc710925a6757001d90b04335261224a,2024-03,Hampshire Constabulary,Hampshire Constabulary,-1.416613,50.907264,On or near Parking Area,E01017194,Southampton 021C,Drugs,Local resolution,
d4226558f6c68590321ba4b0b71968d1c472da5025b723cc7728a17ac43b4e5e,2024-03,Hampshire Constabulary,Hampshire Constabulary,-1.416613,50.907264,On or near Parking Area,E01017194,Southampton 021C,Drugs,Local resolution,
0ffac1f5217b2e5199aaa777a0519902d874d269a8121959f6047e91cc224e07,2024-03,Hampshire Constabulary,Hampshire Constabulary,-1.416613,50.907264,On or near Parking Area,E01017194,Southampton 021C,Drugs,Further investigation is not in the public interest,
4322b896c52576bf400ff10ddd7e208a3f960e5ba7302dcd72e2207e595baa83,2024-03,Hampshire Constabulary,Hampshire Constabulary,-1.416613,50.907264,On or near Parking Area,E01017194,Southampton 021C,Drugs,Court result unavailable,
03300d4d20c62f364231296d2f3328e057132c4b66f647d1b08b3c9fe996ab16,2024-03,Hampshire Constabulary,Hampshire Constabulary,-1.416613,50.907264,On or near Parking Area,E01017194,Southampton 021C,Drugs,Court result unavailable,
eed49092f4937d4a58df58113fa6b3f04c1d0bf272bf9b2cb5a1bdbb26abaeb8,2024-03,Hampshire Constabulary,Hampshire Constabulary,-1.416613,50.907264,On or near Parking Area,E01017194,Southampton 021C,Drugs,Local resolution,
d2152476bdc058f956f134787cffa0e6f0f4eb079e81edf97b2ba046d50c6b83,2024-03,Hampshire Constabulary,Hampshire Constabulary,-1.416613,50.907264,On or near Parking Area,E01017194,Southampton 021C,Drugs,Unable to prosecute suspect,
eaf662248f3589ae80e0408918ccb9a6e8783ce7f132e25e25020287625f4f08,2024-03,Hampshire Constabulary,Hampshire Constabulary,-1.416613,50.907264,On or near Parking Area,E01017194,Southampton 021C,Drugs,Further investigation is not in the public interest,
4048705a0b77dd54b5b441d7944de037498968273a3a5e5d846f3c60ce217234,2024-03,Hampshire Constabulary,Hampshire Constabulary,-1.416613,50.907264,On or near Parking Area,E01017194,Southampton 021C,Drugs,Local resolution,
52971055f03b65a0ce077fde8caf8063fb7aae08c8a15d3161e6a91b7db5d2bf,2024-03,Hampshire Constabulary,Hampshire Constabulary,-1.416613,50.907264,On or near Parking Area,E01017194,Southampton 021C,Drugs,Court result unavailable,
d67eaa14d1f87add13fa71856842c7af6ebc94ef725e64d51f73396cde29f529,2024-03,Hampshire Constabulary,Hampshire Constabulary,-1.416613,50.907264,On or near Parking Area,E01017194,Southampton 021C,Drugs,Local resolution,
497c47e0f7ddaf75c60c1f8b689c9da441dbdb8155b5fdcc57109775cae4cc33,2024-03,Hampshire Constabulary,Hampshire Constabulary,-1.416613,50.907264,On or near Parking Area,E01017194,Southampton 021C,Other theft,Unable to prosecute suspect,
54c9b2bc17623efbd7015c5fb703a937bd8399b101e90a79775f416ef52d4528,2024-03,Hampshire Constabulary,Hampshire Constabulary,-1.416613,50.907264,On or near Parking Area,E01017194,Southampton 021C,Other theft,Unable to prosecute suspect,
22e7f77ea715bff39ca2e9eaa25834dfe1e0b86a56f617902ee13f1431cd1d06,2024-03,Hampshire Constabulary,Hampshire Constabulary,-1.416613,50.907264,On or near Parking Area,E01017194,Southampton 021C,Possession of weapons,Court result unavailable,
fcbae3f2f19003c3901eea74cd0fa4d9052006843e37c9484ec01ee2e00fbd57,2024-03,Hampshire Constabulary,Hampshire Constabulary,-1.416613,50.907264,On or near Parking Area,E01017194,Southampton 021C,Public order,Unable to prosecute suspect,
690b12c62beca1e9484a301545d2c49308279bc3ad5c9deb4d0d2b3a14447351,2024-03,Hampshire Constabulary,Hampshire Constabulary,-1.416613,50.907264,On or near Parking Area,E01017194,Southampton 021C,Public order,Offender given a caution,
b4d9f14ac4a6e1e99ed605bb90ec15758b6e3cc1e4535118ace46036d56de853,2024-03,Hampshire Constabulary,Hampshire Constabulary,-1.416613,50.907264,On or near Parking Area,E01017194,Southampton 021C,Public order,Court result unavailable,
2481a7199dd477efb534caefe92eb2c944503196941e635de312e8e36d459dbe,2024-03,Hampshire Constabulary,Hampshire Constabulary,-1.416613,50.907264,On or near Parking Area,E01017194,Southampton 021C,Shoplifting,Local resolution,
0f9f04aeed54133176a6b10dc0f5794872ed0e36d1a27a462740b9396d9f2cd7,2024-03,Hampshire Constabulary,Hampshire Constabulary,-1.443614,50.912728,On or near Millbrook Point Road,E01017194,Southampton 021C,Shoplifting,Investigation complete; no suspect identified,
41d671e5e012621766c943f0f06704d3e182ba8c3f97388746bfe220e2a8a131,2024-03,Hampshire Constabulary,Hampshire Constabulary,-1.443614,50.912728,On or near Millbrook Point Road,E01017194,Southampton 021C,Shoplifting,Unable to prosecute suspect,
908fa9ee0661c2891b15c752d18a140d04dd016d37c220f244eb7ea8362814e3,2024-03,Hampshire Constabulary,Hampshire Constabulary,-1.443614,50.912728,On or near Millbrook Point Road,E01017194,Southampton 021C,Shoplifting,Court result unavailable,
c8405e047940f3cb3ed89ace2531f8192a79b8126dc5c4a6ca4ede4e760c2ad0,2024-03,Hampshire Constabulary,Hampshire Constabulary,-1.443614,50.912728,On or near Millbrook Point Road,E01017194,Southampton 021C,Shoplifting,Court result unavailable,
6e62f5437932fad456ea40652400c15dfbf675ee08b9123d67d882388afe4f25,2024-03,Hampshire Constabulary,Hampshire Constabulary,-1.416613,50.907264,On or near Parking Area,E01017194,Southampton 021C,Shoplifting,Court result unavailable,
f5e5e86fd504cb69977fb1dcb3c42f2ba30895a48473b206ce840e8998580ee2,2024-03,Hampshire Constabulary,Hampshire Constabulary,-1.416613,50.907264,On or near Parking Area,E01017194,Southampton 021C,Vehicle crime,Court result unavailable,
0d8c309d8b702ff9426c10633611ce9033c8df57bfc5e37764681235facd8fd6,2024-03,Hampshire Constabulary,Hampshire Constabulary,-1.415258,50.908696,On or near Fourposts Hill,E01017194,Southampton 021C,Violence and sexual offences,Unable to prosecute suspect,
b4cd4ed185056cea1936b146746ac921ca873777adbff3cb1db5552779ffb981,2024-03,Hampshire Constabulary,Hampshire Constabulary,-1.416131,50.909429,On or near Mandela Way,E01017194,Southampton 021C,Violence and sexual offences,Unable to prosecute suspect,
634edc996df377b31e51f4d47ca59dd8626472f79c7e3d0652d9d6764de0e7f9,2024-03,Hampshire Constabulary,Hampshire Constabulary,-1.417000,50.910485,On or near Roberts Road,E01017194,Southampton 021C,Violence and sexual offences,Unable to prosecute suspect,
0bba3abc0a9a2458306ab214aa06e896faf0b5fc78abde209e5133c70852c135,2024-03,Hampshire Constabulary,Hampshire Constabulary,-1.416613,50.907264,On or near Parking Area,E01017194,Southampton 021C,Violence and sexual offences,Unable to prosecute suspect,
10d5200c826497349c22eb718e461f44cdfcc2388ebbc041d64ea69fee3f047e,2024-03,Hampshire Constabulary,Hampshire Constabulary,-1.416613,50.907264,On or near Parking Area,E01017194,Southampton 021C,Violence and sexual offences,Unable to prosecute suspect,
8884f83ef161af280375859ae25be33fb9899d962787a58ca437019bf370ee73,2024-03,Hampshire Constabulary,Hampshire Constabulary,-1.416613,50.907264,On or near Parking Area,E01017194,Southampton 021C,Violence and sexual offences,Local resolution,
0e8ab686b23b92c90d2649f8f602c949b13b25cc7b1ae2cf66a9b28de7262d4c,2024-03,Hampshire Constabulary,Hampshire Constabulary,-1.421583,50.911407,On or near Sir George'S Road,E01017194,Southampton 021C,Violence and sexual offences,Unable to prosecute suspect,
a5eb17a024fcd80e95705fbbb58a3a48631ee9dcb442c52ec16e2f0a4d1d15bb,2024-03,Hampshire Constabulary,Hampshire Constabulary,-1.415258,50.908696,On or near Fourposts Hill,E01017194,Southampton 021C,Violence and sexual offences,Unable to prosecute suspect,
0fe0ffa3d40273764a86846b291ee6ed193026da4a7e30f3b7f14ff1e0673739,2024-03,Hampshire Constabulary,Hampshire Constabulary,-1.418269,50.909053,On or near Bourne Road,E01017194,Southampton 021C,Violence and sexual offences,Unable to prosecute suspect,
e5ec69e8a81d93ae83333c4f9e82f4c81f7d7902512c9413e1f2e06fe5743969,2024-03,Hampshire Constabulary,Hampshire Constabulary,-1.421930,50.912065,On or near Andover Road,E01017194,Southampton 021C,Violence and sexual offences,Unable to prosecute suspect,
31eab9252b0dabfd5ae417330d958cb69d32a12e0c9f1be5f51497e7ad2106a2,2024-03,Hampshire Constabulary,Hampshire Constabulary,-1.416613,50.907264,On or near Parking Area,E01017194,Southampton 021C,Violence and sexual offences,Unable to prosecute suspect,
73274250c1a69df9b8659a505d62ddea2dcceec7044f91d56b12babd001eef0b,2024-03,Hampshire Constabulary,Hampshire Constabulary,-1.416613,50.907264,On or near Parking Area,E01017194,Southampton 021C,Violence and sexual offences,Unable to prosecute suspect,
492ca96e22d5af694022fcb29551de6972b13352307dc605d053dd09c240ce76,2024-03,Hampshire Constabulary,Hampshire Constabulary,-1.416613,50.907264,On or near Parking Area,E01017194,Southampton 021C,Violence and sexual offences,Unable to prosecute suspect,
,2024-03,Hampshire Constabulary,Hampshire Constabulary,-1.419206,50.909237,On or near Edith Haisman Close,E01017194,Southampton 021C,Anti-social behaviour,,
,2024-03,Hampshire Constabulary,Hampshire Constabulary,-1.417000,50.910485,On or near Roberts Road,E01017194,Southampton 021C,Anti-social behaviour,,
,2024-03,Hampshire Constabulary,Hampshire Constabulary,-1.417000,50.910485,On or near Roberts Road,E01017194,Southampton 021C,Anti-social behaviour,,
,2024-03,Hampshire Constabulary,Hampshire Constabulary,-1.416613,50.907264,On or near Parking Area,E01017194,Southampton 021C,Anti-social behaviour,,
b5a966994d50a6b879920c04ea1116a8b476d0dbaf149dd8d315db302bb63b6e,2024-03,Hampshire Constabulary,Hampshire Constabulary,-1.416613,50.907264,On or near Parking Area,E01017194,Southampton 021C,Criminal damage and arson,Unable to prosecute suspect,
edae61214bf1903b2f103feedc9bede6e359e666cf8705243adc79c3d2bbed94,2024-03,Hampshire Constabulary,Hampshire Constabulary,-1.416613,50.907264,On or near Parking Area,E01017194,Southampton 021C,Drugs,Status update unavailable,
7e570855cf0dd14002d974e2659232df01a3e728302f8ab99c5bb5d8456c228c,2024-03,Hampshire Constabulary,Hampshire Constabulary,-1.418269,50.909053,On or near Bourne Road,E01017194,Southampton 021C,Drugs,Status update unavailable,
5ff2c0fbbf789f5d54b6496deeb035e64bbd11ba32a162e55e090ce3ae4f5f27,2024-03,Hampshire Constabulary,Hampshire Constabulary,-1.416613,50.907264,On or near Parking Area,E01017194,Southampton 021C,Drugs,Offender given a caution,
545523d7f92bdc1984d7ad7189a238cc49742a63b84c3a482b4d0537495f563f,2024-03,Hampshire Constabulary,Hampshire Constabulary,-1.416613,50.907264,On or near Parking Area,E01017194,Southampton 021C,Drugs,Unable to prosecute suspect,
f01b485b96545a0cbd6965130d2d61288daf64081354ece85fb52cacd1eac5ba,2024-03,Hampshire Constabulary,Hampshire Constabulary,-1.416613,50.907264,On or near Parking Area,E01017194,Southampton 021C,Drugs,Further investigation is not in the public interest,
6df4a2b8be650b281cbbd2ca473fdab55aaddb7426a11d6a7cee2cc222ed1eb7,2024-03,Hampshire Constabulary,Hampshire Constabulary,-1.417140,50.907231,On or near Southampton Central,E01017194,Southampton 021C,Drugs,Local resolution,
df63d62fac675d64032ed4f9eb85dace160ba9e02e4c16be42ec07806999d160,2024-03,Hampshire Constabulary,Hampshire Constabulary,-1.416613,50.907264,On or near Parking Area,E01017194,Southampton 021C,Other theft,Status update unavailable,
bc8fabec5c8afee3ba6ad33346dcebb7b69792f93727b747d8c1dbfdd329ed69,2024-03,Hampshire Constabulary,Hampshire Constabulary,-1.416613,50.907264,On or near Parking Area,E01017194,Southampton 021C,Other theft,Investigation complete; no suspect identified,
9ed8df5f07f2c28d166179cd06523510af04e45851be9b67aca4b53c503e7cfc,2024-03,Hampshire Constabulary,Hampshire Constabulary,-1.415258,50.908696,On or near Fourposts Hill,E01017194,Southampton 021C,Other theft,Investigation complete; no suspect identified,
44f48b2e61bf269468dae76ee965bbcb0b97ce1dbd72a9e2ce582678855be443,2024-03,Hampshire Constabulary,Hampshire Constabulary,-1.416613,50.907264,On or near Parking Area,E01017194,Southampton 021C,Public order,Status update unavailable,
69d797cf7a5caac301b2a00096847811ae2eb389f40de6c003aceee7c0a67e0b,2024-03,Hampshire Constabulary,Hampshire Constabulary,-1.416613,50.907264,On or near Parking Area,E01017194,Southampton 021C,Public order,Unable to prosecute suspect,
070e6e7c9d2c68519368cef764b694b1b304e970e4521c676db121868724740e,2024-03,Hampshire Constabulary,Hampshire Constabulary,-1.419206,50.909237,On or near Edith Haisman Close,E01017194,Southampton 021C,Public order,Investigation complete; no suspect identified,
a1b1731fb1baa6c1f38bd41c6547ff761f766e219bab59ceec0676b984a1c035,2024-03,Hampshire Constabulary,Hampshire Constabulary,-1.416613,50.907264,On or near Parking Area,E01017194,Southampton 021C,Public order,Unable to prosecute suspect,
bc47ecd86cb41576b31b33edc91815415573195d683bed6328a47de36dba27c3,2024-03,Hampshire Constabulary,Hampshire Constabulary,-1.417000,50.910485,On or near Roberts Road,E01017194,Southampton 021C,Vehicle crime,Investigation complete; no suspect identified,
db95bdd5965a7610091244a79c98e8402c308d1546ffbb61546c803c1ce95f72,2024-03,Hampshire Constabulary,Hampshire Constabulary,-1.416131,50.909429,On or near Mandela Way,E01017194,Southampton 021C,Vehicle crime,Investigation complete; no suspect identified,
ae8b3d45c7f8b11fb0fc1304bced34a2df68771d88e597c256884ff623b9ef57,2024-03,Hampshire Constabulary,Hampshire Constabulary,-1.415258,50.908696,On or near Fourposts Hill,E01017194,Southampton 021C,Vehicle crime,Investigation complete; no suspect identified,
5fb7aa5cea87fd19eacc37ddedf02f7c6dc988398f13de390f90a4351d3f5671,2024-03,Hampshire Constabulary,Hampshire Constabulary,-1.421583,50.911407,On or near Sir George'S Road,E01017194,Southampton 021C,Violence and sexual offences,Status update unavailable,
a8efb6c104ee08998e740111b619a52b5c255095d60b62591a7de7c4206bd480,2024-03,Hampshire Constabulary,Hampshire Constabulary,-1.415258,50.908696,On or near Fourposts Hill,E01017194,Southampton 021C,Violence and sexual offences,Investigation complete; no suspect identified,
c7142549d984d74ada8c48dbce32ca1f7aabe8873e9f56627034a06e9367e050,2024-03,Hampshire Constabulary,Hampshire Constabulary,-1.416613,50.907264,On or near Parking Area,E01017194,Southampton 021C,Violence and sexual offences,Unable to prosecute suspect,
681ba47e67bbd0cf6252469646acfb814d483eb982acb7b4eb2eba78a8b63fde,2024-03,Hampshire Constabulary,Hampshire Constabulary,-1.416613,50.907264,On or near Parking Area,E01017194,Southampton 021C,Violence and sexual offences,Investigation complete; no suspect identified,
91551788e129d45eae133ed786adab8127e585a2d2625b4ff49ac75689109da0,2024-03,Hampshire Constabulary,Hampshire Constabulary,-1.416613,50.907264,On or near Parking Area,E01017194,Southampton 021C,Violence and sexual offences,Unable to prosecute suspect,
4625eb282bd70a17fa8c6305014a509b5def7c3cd58b4b6886824b6d27bc2644,2024-03,Hampshire Constabulary,Hampshire Constabulary,-1.423214,50.909446,On or near Millbrook Road East,E01017195,Southampton 021D,Burglary,Awaiting court outcome,
b4c283e6821b8094ed78998b676fe6dcbe4ea91f90f389ba7777bf180ec65fda,2024-03,Hampshire Constabulary,Hampshire Constabulary,-1.427197,50.910563,On or near Varna Road,E01017195,Southampton 021D,Burglary,Investigation complete; no suspect identified,
bf1b2f5c3a8d53f73b4ffba58f440ba5379b46a37e4637485975d9e331c92f22,2024-03,Hampshire Constabulary,Hampshire Constabulary,-1.422353,50.907778,On or near Saxon Road,E01017195,Southampton 021D,Other theft,Investigation complete; no suspect identified,
4a4dc2aa5269c2c38d6aba3682cc215426f0a43837c83dc420a82bbf8d758341,2024-03,Hampshire Constabulary,Hampshire Constabulary,-1.427197,50.910563,On or near Varna Road,E01017195,Southampton 021D,Public order,Court result unavailable,
388ca83014ef698efe4bd82dbab57d9cd6aecf87b827f5b6fee88ce63fb3566e,2024-03,Hampshire Constabulary,Hampshire Constabulary,-1.423214,50.909446,On or near Millbrook Road East,E01017195,Southampton 021D,Shoplifting,Unable to prosecute suspect,
84f6225bc41a7b441f157633a70b06e14a1225a619736f1f47aa2704444b8984,2024-03,Hampshire Constabulary,Hampshire Constabulary,-1.423214,50.909446,On or near Millbrook Road East,E01017195,Southampton 021D,Shoplifting,Court result unavailable,
4b11c10a0ab746795ce47b27de27738515b6af98834aeec4728febd57f469fec,2024-03,Hampshire Constabulary,Hampshire Constabulary,-1.423214,50.909446,On or near Millbrook Road East,E01017195,Southampton 021D,Shoplifting,Court result unavailable,
ca78f1dc832bc5415c34e6b5deb839a424ee4e10d98ab84d8b0dda1bd411fdb4,2024-03,Hampshire Constabulary,Hampshire Constabulary,-1.423214,50.909446,On or near Millbrook Road East,E01017195,Southampton 021D,Shoplifting,Investigation complete; no suspect identified,
47b38b152e4e9efe3492c5c9e833da80048df7212beaa71037fec17c58d1b4cd,2024-03,Hampshire Constabulary,Hampshire Constabulary,-1.423214,50.909446,On or near Millbrook Road East,E01017195,Southampton 021D,Shoplifting,Investigation complete; no suspect identified,
df19d81b0221cbb970420cbbc429f491387bf92a312e045127e4c5fcc90c6438,2024-03,Hampshire Constabulary,Hampshire Constabulary,-1.423214,50.909446,On or near Millbrook Road East,E01017195,Southampton 021D,Shoplifting,Court result unavailable,
1918801efa0f7e7deb8c09a75adcaa7ff1dc62c3fcdcf159d26c8f8207d89d6b,2024-03,Hampshire Constabulary,Hampshire Constabulary,-1.423214,50.909446,On or near Millbrook Road East,E01017195,Southampton 021D,Shoplifting,Investigation complete; no suspect identified,
b229dccc52874d18d5d4a1588c3d4220163a95af2ce5f4862162703e5fd7ba74,2024-03,Hampshire Constabulary,Hampshire Constabulary,-1.423214,50.909446,On or near Millbrook Road East,E01017195,Southampton 021D,Shoplifting,Court result unavailable,
06f2fe2e694fd68eb53fdd092132cef5563809b3d810e016f190e28606a89249,2024-03,Hampshire Constabulary,Hampshire Constabulary,-1.423214,50.909446,On or near Millbrook Road East,E01017195,Southampton 021D,Shoplifting,Investigation complete; no suspect identified,
78df93a42c60edd0c5070886d64bdd77240995342b82fb58bcbd75ac2d215f6f,2024-03,Hampshire Constabulary,Hampshire Constabulary,-1.423214,50.909446,On or near Millbrook Road East,E01017195,Southampton 021D,Shoplifting,Investigation complete; no suspect identified,
183a463369de3233e31278062e14c1f5667914865e671f7247678a19710cfb43,2024-03,Hampshire Constabulary,Hampshire Constabulary,-1.423214,50.909446,On or near Millbrook Road East,E01017195,Southampton 021D,Shoplifting,Unable to prosecute suspect,
d2a9aaef58310d0abb9eafd2ecccf66b001e7bb16a27a333151e286fe834a895,2024-03,Hampshire Constabulary,Hampshire Constabulary,-1.425033,50.911928,On or near Mansion Road,E01017195,Southampton 021D,Violence and sexual offences,Unable to prosecute suspect,
ad077e43be43273b45d9f953f08c3f1b6c21a47d0c38468216bf359950192bf4,2024-03,Hampshire Constabulary,Hampshire Constabulary,-1.427197,50.910563,On or near Varna Road,E01017195,Southampton 021D,Violence and sexual offences,Unable to prosecute suspect,
37037ff9b6e0cfc902a7ae2d55ccdf47d13b57177574e06af082b3acc3c6cdb6,2024-03,Hampshire Constabulary,Hampshire Constabulary,-1.427197,50.910563,On or near Varna Road,E01017195,Southampton 021D,Violence and sexual offences,Unable to prosecute suspect,
4cf1848425659049419ccb9f89c237c7a5d029f8ff39d4968619eb0572919b5c,2024-03,Hampshire Constabulary,Hampshire Constabulary,-1.425152,50.909150,On or near Cliff Road,E01017195,Southampton 021D,Violence and sexual offences,Unable to prosecute suspect,
e719299b08b786cbfdd7c085575deea75dc6520c8fd194f692869645a90b1045,2024-03,Hampshire Constabulary,Hampshire Constabulary,-1.423252,50.912144,On or near Park Road,E01017195,Southampton 021D,Violence and sexual offences,Unable to prosecute suspect,
b744c5a67eaf4895fd0cb380c4f462aac070a3e1012e23c0aa7b1f96a5f01ec0,2024-03,Hampshire Constabulary,Hampshire Constabulary,-1.424505,50.913184,On or near Petrol Station,E01017195,Southampton 021D,Violence and sexual offences,Unable to prosecute suspect,
e61dcd67d13660727a96263492fae6b2a8d58e98de0d929a223cf21d8e198ad7,2024-03,Hampshire Constabulary,Hampshire Constabulary,-1.427197,50.910563,On or near Varna Road,E01017195,Southampton 021D,Burglary,Investigation complete; no suspect identified,
13a5a6bbb563f37f6108d49c09f6d11b7d81027d8b8b6d79592bdc57f051f690,2024-03,Hampshire Constabulary,Hampshire Constabulary,-1.427197,50.910563,On or near Varna Road,E01017195,Southampton 021D,Burglary,Investigation complete; no suspect identified,
e79cdf11546f12fc185889bf75851f72a5c63e254d7971d37256bd82681a6217,2024-03,Hampshire Constabulary,Hampshire Constabulary,-1.428461,50.910749,On or near Almond Road,E01017195,Southampton 021D,Criminal damage and arson,Investigation complete; no suspect identified,
4ac8098235a932c274ba2b96546c2f8dee46d7e2abd74d53369930d5fd1e6edd,2024-03,Hampshire Constabulary,Hampshire Constabulary,-1.428461,50.910749,On or near Almond Road,E01017195,Southampton 021D,Other theft,Investigation complete; no suspect identified,
6fc6bcf7cbd81a17b0e90c2f1246620ac65e9b4bba4eecb3bc5e28e81af5a90e,2024-03,Hampshire Constabulary,Hampshire Constabulary,-1.427197,50.910563,On or near Varna Road,E01017195,Southampton 021D,Other theft,Investigation complete; no suspect identified,
78cf25079ff5df8b6af84783a29260e32b4258d78158cb65f0b7c743d6d74f78,2024-03,Hampshire Constabulary,Hampshire Constabulary,-1.424505,50.913184,On or near Petrol Station,E01017195,Southampton 021D,Other theft,Investigation complete; no suspect identified,
d9f530490d66e5e77ba1100be0c379daafb5922edbd66699668c1a1ac03ccec6,2024-03,Hampshire Constabulary,Hampshire Constabulary,-1.423214,50.909446,On or near Millbrook Road East,E01017195,Southampton 021D,Shoplifting,Investigation complete; no suspect identified,
8b857770c679bbd88bae83fcdf0e840e63a3d1d0769715c03410e1bb036dfe5f,2024-03,Hampshire Constabulary,Hampshire Constabulary,-1.423214,50.909446,On or near Millbrook Road East,E01017195,Southampton 021D,Shoplifting,Investigation complete; no suspect identified,
d09d69bd38882bcab2cdd8f6b6b2b9d6b4963010063a93ac0e72d501349cd56a,2024-03,Hampshire Constabulary,Hampshire Constabulary,-1.423214,50.909446,On or near Millbrook Road East,E01017195,Southampton 021D,Shoplifting,Investigation complete; no suspect identified,
6f944ce085c25cc3433e23e8d8d149c6e08512935fd707f20a881e125065a072,2024-03,Hampshire Constabulary,Hampshire Constabulary,-1.423214,50.909446,On or near Millbrook Road East,E01017195,Southampton 021D,Shoplifting,Investigation complete; no suspect identified,
aac886d67938f257d43540b82450edfacee818409af270057d5073d29494c232,2024-03,Hampshire Constabulary,Hampshire Constabulary,-1.423214,50.909446,On or near Millbrook Road East,E01017195,Southampton 021D,Shoplifting,Investigation complete; no suspect identified,
3c784b9e3ac5ed006dbbb3a2bf296590e1adc34a5938bfe72107909d745d6d1f,2024-03,Hampshire Constabulary,Hampshire Constabulary,-1.423214,50.909446,On or near Millbrook Road East,E01017195,Southampton 021D,Shoplifting,Investigation complete; no suspect identified,
5cc914fc0fbfcecbebb6d20f0dfa32f4f3c4d03745e9b405d94bd24cca4952aa,2024-03,Hampshire Constabulary,Hampshire Constabulary,-1.423214,50.909446,On or near Millbrook Road East,E01017195,Southampton 021D,Shoplifting,Investigation complete; no suspect identified,
fd87c75804aba26c52fec2ee07f2c87d778c1617be056845dd681d80b94f8cbc,2024-03,Hampshire Constabulary,Hampshire Constabulary,-1.423214,50.909446,On or near Millbrook Road East,E01017195,Southampton 021D,Shoplifting,Investigation complete; no suspect identified,
2f3db210f8c3d5265d27f42e52d8ca33333150e400d3a22130d65288d0b170b2,2024-03,Hampshire Constabulary,Hampshire Constabulary,-1.423214,50.909446,On or near Millbrook Road East,E01017195,Southampton 021D,Shoplifting,Investigation complete; no suspect identified,
e5f6420453c4005744df9196dbcfeeddaf047ef933c855af848270d46db062dc,2024-03,Hampshire Constabulary,Hampshire Constabulary,-1.423214,50.909446,On or near Millbrook Road East,E01017195,Southampton 021D,Shoplifting,Investigation complete; no suspect identified,
66e7da2c913f8bd4ab4eecd0a64ae392360db99584a172cc73f4d6620d1ad45d,2024-03,Hampshire Constabulary,Hampshire Constabulary,-1.423214,50.909446,On or near Millbrook Road East,E01017195,Southampton 021D,Shoplifting,Investigation complete; no suspect identified,
bc4c148c2a7c97384d472e4311c19a098a251856556383eb39c09b0ef9835875,2024-03,Hampshire Constabulary,Hampshire Constabulary,-1.423214,50.909446,On or near Millbrook Road East,E01017195,Southampton 021D,Shoplifting,Investigation complete; no suspect identified,
1f93ce1999d96c9f22c6724d7c01cc23760ddafaf10f854ea8c48e5708eeba6e,2024-03,Hampshire Constabulary,Hampshire Constabulary,-1.423214,50.909446,On or near Millbrook Road East,E01017195,Southampton 021D,Shoplifting,Investigation complete; no suspect identified,
3b6102b4b57aeee0c0420bcd6a2ec9b82a3bc34a3e4a13896d2d3359b84b7841,2024-03,Hampshire Constabulary,Hampshire Constabulary,-1.423214,50.909446,On or near Millbrook Road East,E01017195,Southampton 021D,Shoplifting,Investigation complete; no suspect identified,
8df9325237d09a6d8c64f31648b164bf793f901b9178732d11a6f0d2a411b7d4,2024-03,Hampshire Constabulary,Hampshire Constabulary,-1.427197,50.910563,On or near Varna Road,E01017195,Southampton 021D,Vehicle crime,Investigation complete; no suspect identified,
ec967658e758708880963250dfba3b15e64fee391fa95ab8cc11774c4b2a9bc6,2024-03,Hampshire Constabulary,Hampshire Constabulary,-1.427197,50.910563,On or near Varna Road,E01017195,Southampton 021D,Vehicle crime,Investigation complete; no suspect identified,
d74a4d22975593768f331fb4bb387a669502ec85ee77a27f98ba5ce7d3e0d391,2024-03,Hampshire Constabulary,Hampshire Constabulary,-1.427197,50.910563,On or near Varna Road,E01017195,Southampton 021D,Vehicle crime,Investigation complete; no suspect identified,
0b483ec4fc479d00d1e86323806b75028404df884ffddbf93bb6325e3c3921e6,2024-03,Hampshire Constabulary,Hampshire Constabulary,-1.422882,50.908680,On or near Cracknore Road,E01017195,Southampton 021D,Vehicle crime,Investigation complete; no suspect identified,
95312332b0f2d305226ae0795b210b6ab5279518cb803e75cb94ea5d7dec059e,2024-03,Hampshire Constabulary,Hampshire Constabulary,-1.427197,50.910563,On or near Varna Road,E01017195,Southampton 021D,Vehicle crime,Investigation complete; no suspect identified,
80f3e1d6a1c073ca8d2ca4af1aa51783c7bb882e9df8678cb143264acb3a4ba7,2024-03,Hampshire Constabulary,Hampshire Constabulary,-1.423214,50.909446,On or near Millbrook Road East,E01017195,Southampton 021D,Violence and sexual offences,Investigation complete; no suspect identified,
b1d87b576ac50c2ff53f7e1ebee32365459122c1fe5bf2f83b08e1797c00ca49,2024-03,Hampshire Constabulary,Hampshire Constabulary,-1.425152,50.909150,On or near Cliff Road,E01017195,Southampton 021D,Violence and sexual offences,Unable to prosecute suspect,
20fcd089815877741cb5ed3376c21f6765a7802dda0ce4949982653a23235b9a,2024-03,Hampshire Constabulary,Hampshire Constabulary,-1.421690,50.908494,On or near Waverley Road,E01017195,Southampton 021D,Violence and sexual offences,Unable to prosecute suspect,
2963aab8c58d812cedec7f890034a447690496c2a7a04db5f3f6e087284cc7fe,2024-03,Hampshire Constabulary,Hampshire Constabulary,-1.427197,50.910563,On or near Varna Road,E01017195,Southampton 021D,Other crime,Status update unavailable,
394607bbcbf54e71eafeeb19d4356aaf8bd3affa357cbed58a7b36f778872d07,2024-03,Hampshire Constabulary,Hampshire Constabulary,-1.397422,50.908794,On or near Trinity Road,E01017153,Southampton 022A,Criminal damage and arson,Investigation complete; no suspect identified,
996aa1425220126e656d8cb4d1cad4704bb901d685cf26b92ffa445603f7c6a2,2024-03,Hampshire Constabulary,Hampshire Constabulary,-1.397443,50.908219,On or near Parking Area,E01017153,Southampton 022A,Drugs,Local resolution,
4a73509fa5d1925ffc6f567c5bc81121b890c482fc574e1885bad321f2f5cacd,2024-03,Hampshire Constabulary,Hampshire Constabulary,-1.395917,50.908544,On or near St Marks Road,E01017153,Southampton 022A,Drugs,Local resolution,
323b78360813c04f10f0459c74aafdcda5c84fe6e123b148f76cfed9a6852fb3,2024-03,Hampshire Constabulary,Hampshire Constabulary,-1.395471,50.908964,On or near Northbrook Road,E01017153,Southampton 022A,Drugs,Formal action is not in the public interest,
984b57e06d753988cf7bae5c94cb5ac2d9ec8761a57f6fbef723a80b61ade468,2024-03,Hampshire Constabulary,Hampshire Constabulary,-1.397443,50.908219,On or near Parking Area,E01017153,Southampton 022A,Drugs,Awaiting court outcome,
82824b1a6abbbcf4a0f64e8ebe738f310c2b5b41258cbb603191d53628d4601f,2024-03,Hampshire Constabulary,Hampshire Constabulary,-1.399463,50.910423,On or near St Mary'S Road,E01017153,Southampton 022A,Other theft,Investigation complete; no suspect identified,
4f37dd5d7a2c5b7d178bfe47e27c2568bfed7e17d4331887873481328bf7dd26,2024-03,Hampshire Constabulary,Hampshire Constabulary,-1.397422,50.908794,On or near Trinity Road,E01017153,Southampton 022A,Violence and sexual offences,Unable to prosecute suspect,
fb9488e2c7d48cf7ce7d9a4fbcd27ddac9623c5d68775476121655fbf44752bd,2024-03,Hampshire Constabulary,Hampshire Constabulary,-1.396852,50.911039,On or near Exmoor Road,E01017153,Southampton 022A,Violence and sexual offences,Unable to prosecute suspect,
,2024-03,Hampshire Constabulary,Hampshire Constabulary,-1.397443,50.908219,On or near Parking Area,E01017153,Southampton 022A,Anti-social behaviour,,
,2024-03,Hampshire Constabulary,Hampshire Constabulary,-1.395917,50.908544,On or near St Marks Road,E01017153,Southampton 022A,Anti-social behaviour,,
,2024-03,Hampshire Constabulary,Hampshire Constabulary,-1.399651,50.910067,On or near Nightclub,E01017153,Southampton 022A,Anti-social behaviour,,
,2024-03,Hampshire Constabulary,Hampshire Constabulary,-1.395471,50.908964,On or near Northbrook Road,E01017153,Southampton 022A,Anti-social behaviour,,
d0777030665d8c912dc4ef25dea977a2c1e7d0c488607018423b8bda795e1178,2024-03,Hampshire Constabulary,Hampshire Constabulary,-1.399651,50.910067,On or near Nightclub,E01017153,Southampton 022A,Bicycle theft,Investigation complete; no suspect identified,
10b4ee88a5172a1084fe17ff870d4ec7491bd0dea117fbafa2d0222b792f06f0,2024-03,Hampshire Constabulary,Hampshire Constabulary,-1.399596,50.908913,On or near St Andrews Road,E01017153,Southampton 022A,Burglary,Investigation complete; no suspect identified,
701a8dd20d7ea837a481c471c13069f21e547fb75f5c2ee1ac923cc197701dd4,2024-03,Hampshire Constabulary,Hampshire Constabulary,-1.400340,50.910779,On or near Charlotte Place,E01017153,Southampton 022A,Criminal damage and arson,Investigation complete; no suspect identified,
78789d6c8e837775165f30cce4732bd77cbbad66af2a7bd84ef7df90185f1b70,2024-03,Hampshire Constabulary,Hampshire Constabulary,-1.397422,50.908794,On or near Trinity Road,E01017153,Southampton 022A,Drugs,Formal action is not in the public interest,
fd1c11dbab5953e3665093a837c4b69fc1462c33410f80874e513f6902c5b0bb,2024-03,Hampshire Constabulary,Hampshire Constabulary,-1.397422,50.908794,On or near Trinity Road,E01017153,Southampton 022A,Drugs,Status update unavailable,
6b1af2703ffc39ffaaaa1f27ae1f223ebffb0d830ba2f02e1e5322fbe0611c34,2024-03,Hampshire Constabulary,Hampshire Constabulary,-1.399596,50.908913,On or near St Andrews Road,E01017153,Southampton 022A,Drugs,Investigation complete; no suspect identified,
9afafb0e4501da4a8e815ac1af0a84be5151f135ff94ac938bcc684abb84b6d9,2024-03,Hampshire Constabulary,Hampshire Constabulary,-1.395917,50.908544,On or near St Marks Road,E01017153,Southampton 022A,Drugs,Unable to prosecute suspect,
538af9cb9437186c4977fe50f2b28b566863f6d8824e38971167caab67f10ed0,2024-03,Hampshire Constabulary,Hampshire Constabulary,-1.398322,50.908475,On or near Parking Area,E01017153,Southampton 022A,Possession of weapons,Unable to prosecute suspect,
14fca0f900cc3ae74c4a7a37a2e6c7bc7d49ec1ce78b9b645827a4876d375ed6,2024-03,Hampshire Constabulary,Hampshire Constabulary,-1.398322,50.908475,On or near Parking Area,E01017153,Southampton 022A,Public order,Investigation complete; no suspect identified,
cb030a320290f4b407b95457a0d0da366984a20616503c251035237dab42a118,2024-03,Hampshire Constabulary,Hampshire Constabulary,-1.398322,50.908475,On or near Parking Area,E01017153,Southampton 022A,Public order,Investigation complete; no suspect identified,
27cf6c553c764f375ab2304b625d6e7b6dfdb6ec99168152a9228b90ae893321,2024-03,Hampshire Constabulary,Hampshire Constabulary,-1.400340,50.910779,On or near Charlotte Place,E01017153,Southampton 022A,Public order,Investigation complete; no suspect identified,
b341d0c533f8b3e0a4647d6684441c90f2c585d91b294e169eb1f7f604780333,2024-03,Hampshire Constabulary,Hampshire Constabulary,-1.399463,50.910423,On or near St Mary'S Road,E01017153,Southampton 022A,Public order,Investigation complete; no suspect identified,
2fec581bdf5a0c741888312fd5e4b5874094ea903e39562c5f5236338e830535,2024-03,Hampshire Constabulary,Hampshire Constabulary,-1.399651,50.910067,On or near Nightclub,E01017153,Southampton 022A,Violence and sexual offences,Investigation complete; no suspect identified,
7ec7756b645d71752b180d72119d782f9f7e6bb936abc9fdccf6751f0496ce46,2024-03,Hampshire Constabulary,Hampshire Constabulary,-1.400340,50.910779,On or near Charlotte Place,E01017153,Southampton 022A,Violence and sexual offences,Unable to prosecute suspect,
72500f60a133b0149784991982fa0925eaf3256e6c5cf37dc228a1bf0b2c6745,2024-03,Hampshire Constabulary,Hampshire Constabulary,-1.400340,50.910779,On or near Charlotte Place,E01017153,Southampton 022A,Violence and sexual offences,Investigation complete; no suspect identified,
b3bcb4ed09b426180d3b275f751ec8e3086f445c833f438f0d85d025fc9d92c7,2024-03,Hampshire Constabulary,Hampshire Constabulary,-1.397422,50.908794,On or near Trinity Road,E01017153,Southampton 022A,Violence and sexual offences,Investigation complete; no suspect identified,
add8c39dbd6d60cab2c3f111868e7b17ad33e94947918074aefd6cf69e4a05e4,2024-03,Hampshire Constabulary,Hampshire Constabulary,-1.399463,50.910423,On or near St Mary'S Road,E01017153,Southampton 022A,Violence and sexual offences,Unable to prosecute suspect,
a059d089bd63b0fe22b316980aebc2231081d4e32eaf9b9a6b6ca2c71c4960c6,2024-03,Hampshire Constabulary,Hampshire Constabulary,-1.390222,50.905735,On or near Sports/Recreation Area,E01017154,Southampton 022B,Burglary,Awaiting court outcome,
e6142243e0d8e932d764da3e6c6ba4c8eb965fb2a8c4eb78b41eaa8659253cbd,2024-03,Hampshire Constabulary,Hampshire Constabulary,-1.381551,50.910771,On or near Lower William Street,E01017154,Southampton 022B,Criminal damage and arson,Unable to prosecute suspect,
44437fd04e1e97ca5f499b3ceae1c094534e14c90ef0c10889e5549947628b3b,2024-03,Hampshire Constabulary,Hampshire Constabulary,-1.388643,50.912256,On or near Parking Area,E01017154,Southampton 022B,Criminal damage and arson,Unable to prosecute suspect,
ed8a0b81fb7575daaa642c1f8a535fb17e837485447738ad72216a4f7bfe9b21,2024-03,Hampshire Constabulary,Hampshire Constabulary,-1.389231,50.913014,On or near Summers Street,E01017154,Southampton 022B,Criminal damage and arson,Investigation complete; no suspect identified,
593c1cad56a8b5449a53ae715ff2f3bf7818fc9c2efb7fcccf9f9aaad7de5c95,2024-03,Hampshire Constabulary,Hampshire Constabulary,-1.389231,50.913014,On or near Summers Street,E01017154,Southampton 022B,Criminal damage and arson,Investigation complete; no suspect identified,
3c421af49da2cb53caca7f26a04486f815d0b1e927a54aa955a69346f496482a,2024-03,Hampshire Constabulary,Hampshire Constabulary,-1.389374,50.909661,On or near Petrol Station,E01017154,Southampton 022B,Drugs,Local resolution,
ff2b083fdedf5e3939cbe23ec6e19533797e98a2b3efef7b8c46b178383c1690,2024-03,Hampshire Constabulary,Hampshire Constabulary,-1.390222,50.905735,On or near Sports/Recreation Area,E01017154,Southampton 022B,Drugs,Local resolution,
1a48141be861702681a002debd98bbcba3cd8d4813d4c7aa9c7288cd5fba3750,2024-03,Hampshire Constabulary,Hampshire Constabulary,-1.389644,50.908610,On or near Wilson Street,E01017154,Southampton 022B,Drugs,Unable to prosecute suspect,
f4bf32825fc80c723259ad86ac91912db9784583a5c1dab37f723b5497e2d31e,2024-03,Hampshire Constabulary,Hampshire Constabulary,-1.385656,50.911188,On or near York Close,E01017154,Southampton 022B,Drugs,Awaiting court outcome,
041345b9485e741ba23b374fb97e9426d7821818ea4cdd1dbd5165754f269c57,2024-03,Hampshire Constabulary,Hampshire Constabulary,-1.389413,50.911037,On or near Charliejoy Gardens,E01017154,Southampton 022B,Violence and sexual offences,Unable to prosecute suspect,
2d00f768b005ff9e4031a5f3aa7abbfae09056caecc670845148e359df6a458f,2024-03,Hampshire Constabulary,Hampshire Constabulary,-1.390222,50.905735,On or near Sports/Recreation Area,E01017154,Southampton 022B,Violence and sexual offences,Local resolution,
4332abc5941f19cb9b6ebd78b7bf9340f945f8e999e54b276151a195437a7f31,2024-03,Hampshire Constabulary,Hampshire Constabulary,-1.390222,50.905735,On or near Sports/Recreation Area,E01017154,Southampton 022B,Violence and sexual offences,Unable to prosecute suspect,
548eaab525d38935186f9605e5f18fd6fdd88d89431e9d4d1754cf3633431bc3,2024-03,Hampshire Constabulary,Hampshire Constabulary,-1.390222,50.905735,On or near Sports/Recreation Area,E01017154,Southampton 022B,Violence and sexual offences,Unable to prosecute suspect,
ecf1794ad38d171c3a697354cdbf180ced24ba6ab9ff839211bf82aa615e8fef,2024-03,Hampshire Constabulary,Hampshire Constabulary,-1.387286,50.911637,On or near Princes Court,E01017154,Southampton 022B,Violence and sexual offences,Unable to prosecute suspect,
34c0c2a355b188608968b815c09fa825d6119ff929a5eefbb701713321a4c921,2024-03,Hampshire Constabulary,Hampshire Constabulary,-1.387729,50.910362,On or near Kent Street,E01017154,Southampton 022B,Violence and sexual offences,Unable to prosecute suspect,
868c433c57eb294167b8a2057483dfb38cf75a76a409d36ad45a0235aaa7963d,2024-03,Hampshire Constabulary,Hampshire Constabulary,-1.387729,50.910362,On or near Kent Street,E01017154,Southampton 022B,Violence and sexual offences,Unable to prosecute suspect,
d6d2c31e580e5578cc713079d424d5dfda81759c327340cc29f3b9dbb5d1ce1d,2024-03,Hampshire Constabulary,Hampshire Constabulary,-1.387729,50.910362,On or near Kent Street,E01017154,Southampton 022B,Violence and sexual offences,Action to be taken by another organisation,
b144e960ca3f2ce30d6113dc544b930103e22fd308caa1c6a372134fc66bdc6a,2024-03,Hampshire Constabulary,Hampshire Constabulary,-1.387729,50.910362,On or near Kent Street,E01017154,Southampton 022B,Violence and sexual offences,Unable to prosecute suspect,
c2e9154e05f37ad795964373df8dac66c093e0526340e91ef8ce20d86c21f5e5,2024-03,Hampshire Constabulary,Hampshire Constabulary,-1.386593,50.911310,On or near Graham Street,E01017154,Southampton 022B,Violence and sexual offences,Investigation complete; no suspect identified,
32e31706d46bf76d8c350b843a1fe7c3bb9623d956a413a9790b63ec3d25c6f3,2024-03,Hampshire Constabulary,Hampshire Constabulary,-1.386593,50.911310,On or near Graham Street,E01017154,Southampton 022B,Violence and sexual offences,Unable to prosecute suspect,
e4a50524d808d4030d1d0c1085b3fbadc00f39cb5be099ebf3767f2a7c84a53f,2024-03,Hampshire Constabulary,Hampshire Constabulary,-1.390390,50.911402,On or near Radcliffe Road,E01017154,Southampton 022B,Violence and sexual offences,Awaiting court outcome,
422a9b0da625bd2d2e00b2ac1fa42b3dc050a2840c3a379f67a5f3e1d8367dbb,2024-03,Hampshire Constabulary,Hampshire Constabulary,-1.386593,50.911310,On or near Graham Street,E01017154,Southampton 022B,Violence and sexual offences,Court result unavailable,
94ef60798bff1648156838f9f84fe0a864d65244fcf60076b7bfed1328f37153,2024-03,Hampshire Constabulary,Hampshire Constabulary,-1.389498,50.912170,On or near Union Road,E01017154,Southampton 022B,Violence and sexual offences,Unable to prosecute suspect,
75739338430b2f7e18def0bfc29b18704f3f2e8915b7326fe6b1ff4e521cc0ff,2024-03,Hampshire Constabulary,Hampshire Constabulary,-1.389231,50.913014,On or near Summers Street,E01017154,Southampton 022B,Violence and sexual offences,Unable to prosecute suspect,
,2024-03,Hampshire Constabulary,Hampshire Constabulary,-1.383749,50.911232,On or near Parking Area,E01017154,Southampton 022B,Anti-social behaviour,,
,2024-03,Hampshire Constabulary,Hampshire Constabulary,-1.380933,50.910138,On or near Parking Area,E01017154,Southampton 022B,Anti-social behaviour,,
,2024-03,Hampshire Constabulary,Hampshire Constabulary,-1.387729,50.910362,On or near Kent Street,E01017154,Southampton 022B,Anti-social behaviour,,
,2024-03,Hampshire Constabulary,Hampshire Constabulary,-1.390174,50.910474,On or near Augustine Road,E01017154,Southampton 022B,Anti-social behaviour,,
,2024-03,Hampshire Constabulary,Hampshire Constabulary,-1.386593,50.911310,On or near Graham Street,E01017154,Southampton 022B,Anti-social behaviour,,
,2024-03,Hampshire Constabulary,Hampshire Constabulary,-1.386903,50.909351,On or near Howell Close,E01017154,Southampton 022B,Anti-social behaviour,,
,2024-03,Hampshire Constabulary,Hampshire Constabulary,-1.389039,50.913508,On or near Meridian Way,E01017154,Southampton 022B,Anti-social behaviour,,
03ad3013dcd81523e8d3a08211f90629eec04b817f5b5131080f81152372f24f,2024-03,Hampshire Constabulary,Hampshire Constabulary,-1.389644,50.908610,On or near Wilson Street,E01017154,Southampton 022B,Criminal damage and arson,Investigation complete; no suspect identified,
5dc9299e16a3ad675fa08f1478e7e3915d6b257747521d201a94fbfe3b3856e3,2024-03,Hampshire Constabulary,Hampshire Constabulary,-1.387729,50.910362,On or near Kent Street,E01017154,Southampton 022B,Criminal damage and arson,Investigation complete; no suspect identified,
1ee2724ec31019c47d674dcb3e31e76d9bd829352a4e5fc6eb7c82d2d464fdcc,2024-03,Hampshire Constabulary,Hampshire Constabulary,-1.389231,50.913014,On or near Summers Street,E01017154,Southampton 022B,Other theft,Investigation complete; no suspect identified,
64776c1dcdbb191a36ef23cd19f4f802b2347d588a609925711c13266e212c2b,2024-03,Hampshire Constabulary,Hampshire Constabulary,-1.386903,50.909351,On or near Howell Close,E01017154,Southampton 022B,Other theft,Investigation complete; no suspect identified,
6dfc61977674edd11b10900d918b712c401ee31217cbaf48c021cab4bdb2b8ea,2024-03,Hampshire Constabulary,Hampshire Constabulary,-1.386903,50.909351,On or near Howell Close,E01017154,Southampton 022B,Other theft,Investigation complete; no suspect identified,
0f47b3bb38a823fe4cd497a8e0e153d67df115e2bedf32b5a481ffdf0189b07b,2024-03,Hampshire Constabulary,Hampshire Constabulary,-1.389374,50.909661,On or near Petrol Station,E01017154,Southampton 022B,Other theft,Investigation complete; no suspect identified,
33418984480e6b16bc728f051a548b24bff43fe320a74ff75e38457a29cdac44,2024-03,Hampshire Constabulary,Hampshire Constabulary,-1.389231,50.913014,On or near Summers Street,E01017154,Southampton 022B,Other theft,Investigation complete; no suspect identified,
c4f6971770481a39d94610320072bde5c7c5312c16cf6bef6878bd827c79c145,2024-03,Hampshire Constabulary,Hampshire Constabulary,-1.389495,50.911307,On or near Parsonage Road,E01017154,Southampton 022B,Other theft,Investigation complete; no suspect identified,
1f65a28e63ac5a72dc427504e8b2796f98eebd837d16b7f0516d41e745dcf189,2024-03,Hampshire Constabulary,Hampshire Constabulary,-1.381658,50.911293,On or near Lower York Street,E01017154,Southampton 022B,Public order,Investigation complete; no suspect identified,
c6d72d1fb3710b3fb28fa5a885525799676a8b65064c6432b5dbdc3dc15a1498,2024-03,Hampshire Constabulary,Hampshire Constabulary,-1.389374,50.909661,On or near Petrol Station,E01017154,Southampton 022B,Shoplifting,Investigation complete; no suspect identified,
fb48d23f700c51c3aed025d34bc17308d6511840c4c8a7e8983fae80ffd2bfaa,2024-03,Hampshire Constabulary,Hampshire Constabulary,-1.390222,50.905735,On or near Sports/Recreation Area,E01017154,Southampton 022B,Theft from the person,Investigation complete; no suspect identified,
c4b25bf41a44f4ee00a9ce4800110f0c424823e3485860ce98b89a30195b9908,2024-03,Hampshire Constabulary,Hampshire Constabulary,-1.389498,50.912170,On or near Union Road,E01017154,Southampton 022B,Vehicle crime,Investigation complete; no suspect identified,
286c13be2e9947c659ce360ac4475f1958c191bbc618a5a64d2ec75caa3da5be,2024-03,Hampshire Constabulary,Hampshire Constabulary,-1.382646,50.910740,On or near Bond Street,E01017154,Southampton 022B,Violence and sexual offences,Unable to prosecute suspect,
9588c8c623b512d6ae3afd84c71ef6c13df38d7d5dbfef97809cdedc10515b3d,2024-03,Hampshire Constabulary,Hampshire Constabulary,-1.382646,50.910740,On or near Bond Street,E01017154,Southampton 022B,Violence and sexual offences,Unable to prosecute suspect,
2aaf96f3390d6c969c573f2e40d53a1743698c9e730ca67df0150a48735e6dab,2024-03,Hampshire Constabulary,Hampshire Constabulary,-1.389495,50.911307,On or near Parsonage Road,E01017154,Southampton 022B,Violence and sexual offences,Status update unavailable,
60eca37edf8025f3d251426eadc4578171af31be74cafc126e6f11295f07a20e,2024-03,Hampshire Constabulary,Hampshire Constabulary,-1.385656,50.911188,On or near York Close,E01017154,Southampton 022B,Violence and sexual offences,Status update unavailable,
ea82a993a85a3dd3bdc631aa614da86e6cbd69ad9e0a4d11e67cebc1e4c1fe1e,2024-03,Hampshire Constabulary,Hampshire Constabulary,-1.386593,50.911310,On or near Graham Street,E01017154,Southampton 022B,Violence and sexual offences,Unable to prosecute suspect,
9b8a252366ca361aeae93887730812b2740d9765cf638baf162e876765b3d564,2024-03,Hampshire Constabulary,Hampshire Constabulary,-1.386593,50.911310,On or near Graham Street,E01017154,Southampton 022B,Violence and sexual offences,Investigation complete; no suspect identified,
55f746e6ffca5e6b0f2f1b54c0cd268b565a459a8c000ecf4d7b32643b464c61,2024-03,Hampshire Constabulary,Hampshire Constabulary,-1.383749,50.911232,On or near Parking Area,E01017154,Southampton 022B,Violence and sexual offences,Unable to prosecute suspect,
a90240e1b4d89f6b0a77e67e08f8d8eae72b8b07435c6b26229b30ba29b6f326,2024-03,Hampshire Constabulary,Hampshire Constabulary,-1.388643,50.912256,On or near Parking Area,E01017154,Southampton 022B,Violence and sexual offences,Unable to prosecute suspect,
73a7cea5708f576eeac836668b39a28411f8a25590ff5c1702a14239b3e1efa1,2024-03,Hampshire Constabulary,Hampshire Constabulary,-1.388643,50.912256,On or near Parking Area,E01017154,Southampton 022B,Violence and sexual offences,Investigation complete; no suspect identified,
07d7c9ad2ad33af5d3ffac5cfd9945a5dbc7597d68c1afac1e80c527fcc4de42,2024-03,Hampshire Constabulary,Hampshire Constabulary,-1.389644,50.908610,On or near Wilson Street,E01017154,Southampton 022B,Other crime,Status update unavailable,
e4989571ebd9f195415254709025231a5dafade9eaa3fc8257977e34832560ef,2024-03,Hampshire Constabulary,Hampshire Constabulary,-1.396212,50.915469,On or near Blackberry Terrace,E01017155,Southampton 022C,Drugs,Local resolution,
3a7ad8947430fba31e261ea30378b2a82f664270d4bda810d86886defdd0dcc9,2024-03,Hampshire Constabulary,Hampshire Constabulary,-1.393025,50.911074,On or near Durnford Road,E01017155,Southampton 022C,Violence and sexual offences,Unable to prosecute suspect,
c76e97fab5b4209c6bb34667d3b075a529ad57619181ce500d70af3926794a8f,2024-03,Hampshire Constabulary,Hampshire Constabulary,-1.395222,50.913864,On or near Cranbury Avenue,E01017155,Southampton 022C,Violence and sexual offences,Unable to prosecute suspect,
bd426a71e5540a359f64c8c8fd4f94351c1495583e26163cae51b610aea7043d,2024-03,Hampshire Constabulary,Hampshire Constabulary,-1.397100,50.916103,On or near Peterborough Road,E01017155,Southampton 022C,Violence and sexual offences,Unable to prosecute suspect,
,2024-03,Hampshire Constabulary,Hampshire Constabulary,-1.397100,50.916103,On or near Peterborough Road,E01017155,Southampton 022C,Anti-social behaviour,,
f3d9c7f8e78f7c090a297fd70d4cf2d9bf7a072c57234d39196dc6be64a6d7f9,2024-03,Hampshire Constabulary,Hampshire Constabulary,-1.397154,50.915231,On or near Parking Area,E01017155,Southampton 022C,Burglary,Investigation complete; no suspect identified,
93898de821e132e6944c1d748a62537ca99a54875918521a390c40dcee415f7e,2024-03,Hampshire Constabulary,Hampshire Constabulary,-1.395222,50.913864,On or near Cranbury Avenue,E01017155,Southampton 022C,Criminal damage and arson,Status update unavailable,
4af189bbe8e50da37dfa45c6630364585d49ab7c40ead4dc6b32402d4c2cc707,2024-03,Hampshire Constabulary,Hampshire Constabulary,-1.395222,50.913864,On or near Cranbury Avenue,E01017155,Southampton 022C,Possession of weapons,Status update unavailable,
5412dcbbabf4c2d9b079b4cfc1e97f14c7ca151c3d1e859277882f4409f73054,2024-03,Hampshire Constabulary,Hampshire Constabulary,-1.395222,50.913864,On or near Cranbury Avenue,E01017155,Southampton 022C,Public order,Status update unavailable,
1e86bd68db33cb4b3ae2828e2d43546cb75880a542670bd948f28c7bdee98f28,2024-03,Hampshire Constabulary,Hampshire Constabulary,-1.392608,50.912555,On or near Lower Alfred Street,E01017155,Southampton 022C,Public order,Investigation complete; no suspect identified,
e1507761fb294124944ba417e15563bf142f8b806b645488add21e4e3d67b869,2024-03,Hampshire Constabulary,Hampshire Constabulary,-1.394142,50.912698,On or near Alfred Street,E01017155,Southampton 022C,Violence and sexual offences,Unable to prosecute suspect,
f279b3d03d706c56cec68eec819688fbe1baa5f1caf610b0b92a2a958100610f,2024-03,Hampshire Constabulary,Hampshire Constabulary,-1.394142,50.912698,On or near Alfred Street,E01017155,Southampton 022C,Violence and sexual offences,Unable to prosecute suspect,
0e971d6b636d886b59dacf201a58a25568ac42401bce332b7cff7d4737075ebd,2024-03,Hampshire Constabulary,Hampshire Constabulary,-1.394142,50.912698,On or near Alfred Street,E01017155,Southampton 022C,Violence and sexual offences,Unable to prosecute suspect,
1b644951b33534229b1dd752984f8f9fe58e53b7e9488da27cea542e4167b6ec,2024-03,Hampshire Constabulary,Hampshire Constabulary,-1.395222,50.913864,On or near Cranbury Avenue,E01017155,Southampton 022C,Violence and sexual offences,Unable to prosecute suspect,
9db3b296e3b00bcd87f63204042b2146562481cbf21fbcad03fb6c0322a0c792,2024-03,Hampshire Constabulary,Hampshire Constabulary,-1.393234,50.914726,On or near Mount Pleasant Road,E01017155,Southampton 022C,Violence and sexual offences,Unable to prosecute suspect,
9459e7f4373d829ab4854a968f7042519595e94d5a0528953b19d8597adc31e7,2024-03,Hampshire Constabulary,Hampshire Constabulary,-1.393025,50.911074,On or near Durnford Road,E01017155,Southampton 022C,Violence and sexual offences,Status update unavailable,
e8a422200c004eb6fdec80c059ba2a03f04c518c3fb8951ff2723432d7cb364b,2024-03,Hampshire Constabulary,Hampshire Constabulary,-1.393025,50.911074,On or near Durnford Road,E01017155,Southampton 022C,Violence and sexual offences,Status update unavailable,
62d71d175faf117e43b72ac5f5c16b5ec098345045258cb82c276c0e77b2d50a,2024-03,Hampshire Constabulary,Hampshire Constabulary,-1.393234,50.914726,On or near Mount Pleasant Road,E01017155,Southampton 022C,Violence and sexual offences,Unable to prosecute suspect,
8c578f6e83177dc8f7348d96cbbce4ef200ba833a50da0e95ccd66411abf474c,2024-03,Hampshire Constabulary,Hampshire Constabulary,-1.395222,50.913864,On or near Cranbury Avenue,E01017155,Southampton 022C,Violence and sexual offences,Unable to prosecute suspect,
38919d547ef315ac95e0cf6757e96a6f020079e6db6d7dea2d50b280b48d2d00,2024-03,Hampshire Constabulary,Hampshire Constabulary,-1.394142,50.912698,On or near Alfred Street,E01017155,Southampton 022C,Violence and sexual offences,Investigation complete; no suspect identified,
60fcdc7b038231645752cf2ff48627efdb53f84bd640f36cdc4f0899e05d6025,2024-03,Hampshire Constabulary,Hampshire Constabulary,-1.395222,50.913864,On or near Cranbury Avenue,E01017155,Southampton 022C,Violence and sexual offences,Unable to prosecute suspect,
e6ca04fa04d8965da5fe0d70be783c34a8500855afdfb50c33f2d80733786094,2024-03,Hampshire Constabulary,Hampshire Constabulary,-1.395222,50.913864,On or near Cranbury Avenue,E01017155,Southampton 022C,Violence and sexual offences,Unable to prosecute suspect,
dc40a860a3a0284f44e92cc62b274603d1408d0a0146bc4b0977f969abe73c8b,2024-03,Hampshire Constabulary,Hampshire Constabulary,-1.393258,50.908512,On or near Wolverton Road,E01017156,Southampton 022D,Burglary,Court result unavailable,
ae73527ee4b08ad692daa5d1200cf3a6a4f22e5235424ef8cd65198c44539074,2024-03,Hampshire Constabulary,Hampshire Constabulary,-1.394996,50.909348,On or near Nichols Road,E01017156,Southampton 022D,Criminal damage and arson,Unable to prosecute suspect,
cc2689f6004ed1e11a16b69706cadd440bba616856c56250d533770b1bde8b9b,2024-03,Hampshire Constabulary,Hampshire Constabulary,-1.394996,50.909348,On or near Nichols Road,E01017156,Southampton 022D,Public order,Unable to prosecute suspect,
16639a12db070d26fb55cbd70a9ac99b55dd64898636966ef48976eab24313d4,2024-03,Hampshire Constabulary,Hampshire Constabulary,-1.393258,50.908512,On or near Wolverton Road,E01017156,Southampton 022D,Shoplifting,Court result unavailable,
71c5697409cb864bc0b60df2cfdf98519788fbe007eeac512e3b3b0af41a40f2,2024-03,Hampshire Constabulary,Hampshire Constabulary,-1.393862,50.911276,On or near Derby Road,E01017156,Southampton 022D,Violence and sexual offences,Unable to prosecute suspect,
9eaf4b790856229b2f1ff2d7f6f3f1215cc0d492205cb4a356eabdfa96be0c73,2024-03,Hampshire Constabulary,Hampshire Constabulary,-1.396817,50.910455,On or near Oxford Avenue,E01017156,Southampton 022D,Violence and sexual offences,Further investigation is not in the public interest,
b9f4de270419a0b1eb11fd8a31c7ead6d36520a3c078fb35d96240a7c3a62355,2024-03,Hampshire Constabulary,Hampshire Constabulary,-1.396884,50.909655,On or near Argyle Road,E01017156,Southampton 022D,Violence and sexual offences,Unable to prosecute suspect,
7d6faa7ead05fcadfca0b20c02a805b2990e960adeee8acf5db7a32fa083452f,2024-03,Hampshire Constabulary,Hampshire Constabulary,-1.396884,50.909655,On or near Argyle Road,E01017156,Southampton 022D,Violence and sexual offences,Unable to prosecute suspect,
ff655508684d10099a3136369d41dc088bd0ed9f1c33d954e75013266d48c0b9,2024-03,Hampshire Constabulary,Hampshire Constabulary,-1.396884,50.909655,On or near Argyle Road,E01017156,Southampton 022D,Violence and sexual offences,Investigation complete; no suspect identified,
caba6228107304afc6bc3e617381e647060f27d50a19af0cb486614187851600,2024-03,Hampshire Constabulary,Hampshire Constabulary,-1.396817,50.910455,On or near Oxford Avenue,E01017156,Southampton 022D,Violence and sexual offences,Further investigation is not in the public interest,
f4c8f407fe1c6a9ee2f491e909fb00872e49ca46d9154cfa6431a055e5c7eb84,2024-03,Hampshire Constabulary,Hampshire Constabulary,-1.393862,50.911276,On or near Derby Road,E01017156,Southampton 022D,Violence and sexual offences,Investigation complete; no suspect identified,
428247e79d41292def05d6d03ade99f86330e37d3b75267174eee9b1e0b57f64,2024-03,Hampshire Constabulary,Hampshire Constabulary,-1.396795,50.911075,On or near Clovelly Road,E01017156,Southampton 022D,Violence and sexual offences,Unable to prosecute suspect,
282b77d4e1798fc1eff8aa5a0ac9b459a7a00db7a8825d2a06dcbec05e1c96f2,2024-03,Hampshire Constabulary,Hampshire Constabulary,-1.396795,50.911075,On or near Clovelly Road,E01017156,Southampton 022D,Violence and sexual offences,Unable to prosecute suspect,
9570827f4e3f672767186b9217c587121a674ffaa6c7b9f8b6c54807e4d95422,2024-03,Hampshire Constabulary,Hampshire Constabulary,-1.393862,50.911276,On or near Derby Road,E01017156,Southampton 022D,Violence and sexual offences,Unable to prosecute suspect,
dca6537426eeea356bc621d34e95a26b6c33326d4a38ba259817a4d2d8084994,2024-03,Hampshire Constabulary,Hampshire Constabulary,-1.393862,50.911276,On or near Derby Road,E01017156,Southampton 022D,Violence and sexual offences,Unable to prosecute suspect,
,2024-03,Hampshire Constabulary,Hampshire Constabulary,-1.393862,50.911276,On or near Derby Road,E01017156,Southampton 022D,Anti-social behaviour,,
9ace10f97d0fa145cec5ea27dbd5321903a459ba2d152b326a499f565837f952,2024-03,Hampshire Constabulary,Hampshire Constabulary,-1.396795,50.911075,On or near Clovelly Road,E01017156,Southampton 022D,Criminal damage and arson,Investigation complete; no suspect identified,
e1f040357db9766aa3b0eb01d51537b13e674f723a2101bf65550321d936b90f,2024-03,Hampshire Constabulary,Hampshire Constabulary,-1.394996,50.909348,On or near Nichols Road,E01017156,Southampton 022D,Drugs,Status update unavailable,
c14c768bc283520a857d8162d9a5df556860fab19e15a9253e0f95ba86508117,2024-03,Hampshire Constabulary,Hampshire Constabulary,-1.396884,50.909655,On or near Argyle Road,E01017156,Southampton 022D,Other theft,Investigation complete; no suspect identified,
21858b46346a724bcd8534c066726b84e371e953980a3554b8a17f3d65e94d36,2024-03,Hampshire Constabulary,Hampshire Constabulary,-1.393258,50.908512,On or near Wolverton Road,E01017156,Southampton 022D,Other theft,Investigation complete; no suspect identified,
781a473d6543dbf402c514e882f6751270136380bf256a4501bcba13fe2e26b1,2024-03,Hampshire Constabulary,Hampshire Constabulary,-1.396817,50.910455,On or near Oxford Avenue,E01017156,Southampton 022D,Public order,Unable to prosecute suspect,
8ccaf141c1f3a2143c48759926da058d88ea4465c858d971a583cb3f74517bbc,2024-03,Hampshire Constabulary,Hampshire Constabulary,-1.393862,50.911276,On or near Derby Road,E01017156,Southampton 022D,Vehicle crime,Investigation complete; no suspect identified,
53bafb7383cca9779745edeced200906cf8888067b469cb95b8380d574d28f2e,2024-03,Hampshire Constabulary,Hampshire Constabulary,-1.393862,50.911276,On or near Derby Road,E01017156,Southampton 022D,Vehicle crime,Investigation complete; no suspect identified,
2c062bb32ef27e634ccc1e982652619246b6ebc434abf91dcff6fdd2aa371c05,2024-03,Hampshire Constabulary,Hampshire Constabulary,-1.394996,50.909348,On or near Nichols Road,E01017156,Southampton 022D,Violence and sexual offences,Investigation complete; no suspect identified,
1e69c7674a1f2100e0bb1be5f1471c8c0015a481bf1ed21715068d5474f48f31,2024-03,Hampshire Constabulary,Hampshire Constabulary,-1.394996,50.909348,On or near Nichols Road,E01017156,Southampton 022D,Violence and sexual offences,Unable to prosecute suspect,
afe3c430c87d01256e164537c12b59a3aea0d518e8152a528b459c6a3c4e3295,2024-03,Hampshire Constabulary,Hampshire Constabulary,-1.404961,50.913185,On or near Southampton Street,E01032738,Southampton 022F,Burglary,Court result unavailable,
24d0598e8aa04e5b683fc42447969b6e453b7f44f7846b444a778961ace042d8,2024-03,Hampshire Constabulary,Hampshire Constabulary,-1.405440,50.911254,On or near Waterloo Terrace,E01032738,Southampton 022F,Criminal damage and arson,Unable to prosecute suspect,
fd4f4305e313ab915bc72f6c95ca344473f6bfbe5f7798ae175c1f50372f2968,2024-03,Hampshire Constabulary,Hampshire Constabulary,-1.403319,50.912529,On or near London Road,E01032738,Southampton 022F,Criminal damage and arson,Court result unavailable,
5a2702d06b2bea518ad8117f985e7f2954ad5a844f52069287062e53e38a6ac4,2024-03,Hampshire Constabulary,Hampshire Constabulary,-1.404258,50.913667,On or near Carlton Crescent,E01032738,Southampton 022F,Criminal damage and arson,Local resolution,
f010f8922ed8c8b6988a25fb06d5a4644ee31b483d61bd562739e5309b3cf619,2024-03,Hampshire Constabulary,Hampshire Constabulary,-1.405255,50.913555,On or near Handford Place,E01032738,Southampton 022F,Criminal damage and arson,Unable to prosecute suspect,
f37f20bebcff1e6ab2a5a4ffe1af13bab7221b37e51fc3858df73acce045e2a3,2024-03,Hampshire Constabulary,Hampshire Constabulary,-1.405844,50.913082,On or near Upper Banister Street,E01032738,Southampton 022F,Drugs,Unable to prosecute suspect,
e4f8ad0ac1f38eed0c57d0ba2e7507ec3317d38c795dd7148ede8b2ee2fd9c8b,2024-03,Hampshire Constabulary,Hampshire Constabulary,-1.400299,50.912874,On or near Bellevue Terrace,E01032738,Southampton 022F,Drugs,Court result unavailable,
cd48a70c421f0a5115754753e5fbec9504a7929a0866a1000e1ac08891f7776b,2024-03,Hampshire Constabulary,Hampshire Constabulary,-1.405255,50.913555,On or near Handford Place,E01032738,Southampton 022F,Other theft,Unable to prosecute suspect,
8b339cc22f47f5542cdd362006154cfc0ed45bba1fd2e8ce5e0cae386993ad1b,2024-03,Hampshire Constabulary,Hampshire Constabulary,-1.405780,50.913648,On or near Parking Area,E01032738,Southampton 022F,Other theft,Investigation complete; no suspect identified,
966ec1bd2e57d310d0367e1ef36aa50f6282094104afff5bce8e0748c6c4a109,2024-03,Hampshire Constabulary,Hampshire Constabulary,-1.400299,50.912874,On or near Bellevue Terrace,E01032738,Southampton 022F,Possession of weapons,Court result unavailable,
83b1539fdbf23234858d6b675f8eb003136825f400e851a63cbda160f1acc813,2024-03,Hampshire Constabulary,Hampshire Constabulary,-1.405440,50.911254,On or near Waterloo Terrace,E01032738,Southampton 022F,Public order,Unable to prosecute suspect,
6d4337234f706ca88c836681aee86d36be899c99eb2d35239b8b285988a6928a,2024-03,Hampshire Constabulary,Hampshire Constabulary,-1.405440,50.911254,On or near Waterloo Terrace,E01032738,Southampton 022F,Public order,Court result unavailable,
566967020ba835f594953e365498201b5d870d3fa8163118feb2439049192400,2024-03,Hampshire Constabulary,Hampshire Constabulary,-1.403950,50.912164,On or near Nightclub,E01032738,Southampton 022F,Public order,Unable to prosecute suspect,
d14a0b914e10a2e0016af8a8f75dea299107d43701d374c604a753d0b2a04212,2024-03,Hampshire Constabulary,Hampshire Constabulary,-1.405440,50.911254,On or near Waterloo Terrace,E01032738,Southampton 022F,Public order,Unable to prosecute suspect,
bba3e25ca46ce03ba0122b2b8591bbdef40a3a0d087272efc01e42ba9862b078,2024-03,Hampshire Constabulary,Hampshire Constabulary,-1.405440,50.911254,On or near Waterloo Terrace,E01032738,Southampton 022F,Shoplifting,Court result unavailable,
dae148c5c76aafa86c90e98a3717588b4970812e834572977365b8e142c12147,2024-03,Hampshire Constabulary,Hampshire Constabulary,-1.405440,50.911254,On or near Waterloo Terrace,E01032738,Southampton 022F,Shoplifting,Court result unavailable,
f50b58bdcfcf398997e9023333b3568f8f16f0e1589caf5b6d3f982d14b387e4,2024-03,Hampshire Constabulary,Hampshire Constabulary,-1.403950,50.912164,On or near Nightclub,E01032738,Southampton 022F,Shoplifting,Unable to prosecute suspect,
c153a52f4e63ff4b7e8a1a516fbc3961436421ddf3f87c21602025f763c7d458,2024-03,Hampshire Constabulary,Hampshire Constabulary,-1.403950,50.912164,On or near Nightclub,E01032738,Southampton 022F,Shoplifting,Court result unavailable,
742119412065958c17bca7e40b5c839964caf98f5c09bd5de9e3ab62759e892e,2024-03,Hampshire Constabulary,Hampshire Constabulary,-1.401808,50.913915,On or near College Place,E01032738,Southampton 022F,Shoplifting,Court result unavailable,
c3ce9e94bfe61517493f6c54f26abde17071ff033a415ed95bed4f9fc7865b2f,2024-03,Hampshire Constabulary,Hampshire Constabulary,-1.405440,50.911254,On or near Waterloo Terrace,E01032738,Southampton 022F,Shoplifting,Local resolution,
9ef95a896dcbdc3e82bc332020202ed18e187d82e99e2b196b37d28cf0e98e68,2024-03,Hampshire Constabulary,Hampshire Constabulary,-1.404951,50.912843,On or near Carlton Place,E01032738,Southampton 022F,Violence and sexual offences,Local resolution,
431f6c376cc7942f2115f69c407b047d7b718509b1560250d4ceabc7fe4dbf97,2024-03,Hampshire Constabulary,Hampshire Constabulary,-1.406297,50.915476,On or near Carlton Road,E01032738,Southampton 022F,Violence and sexual offences,Unable to prosecute suspect,
54cba5fb035ca6bed72b81ba59894cfb8f2e5232aeb28888a9325edd91605352,2024-03,Hampshire Constabulary,Hampshire Constabulary,-1.405440,50.911254,On or near Waterloo Terrace,E01032738,Southampton 022F,Violence and sexual offences,Unable to prosecute suspect,
bcbe67b80bd1b068610c802c4b50dd4159a4f83bdb4cdaf2ebab8a49089fd6bd,2024-03,Hampshire Constabulary,Hampshire Constabulary,-1.405440,50.911254,On or near Waterloo Terrace,E01032738,Southampton 022F,Violence and sexual offences,Investigation complete; no suspect identified,
28932403e3eda350ea4158963c01a695c7ecdd720340964c0e8383834a31e2b1,2024-03,Hampshire Constabulary,Hampshire Constabulary,-1.405440,50.911254,On or near Waterloo Terrace,E01032738,Southampton 022F,Violence and sexual offences,Court result unavailable,
56b1abd90eda3ab151d8169738a407887ffef99c1efada6b0dac23fd92a51e70,2024-03,Hampshire Constabulary,Hampshire Constabulary,-1.405440,50.911254,On or near Waterloo Terrace,E01032738,Southampton 022F,Violence and sexual offences,Unable to prosecute suspect,
d32074852d775b6213993fd853ab93f01ba2c176ffe0e7bebebf7a29fae0dd4a,2024-03,Hampshire Constabulary,Hampshire Constabulary,-1.405440,50.911254,On or near Waterloo Terrace,E01032738,Southampton 022F,Violence and sexual offences,Unable to prosecute suspect,
abd7076015af8767341309bab0a24fdc1513881be2293b46d7c855306305c815,2024-03,Hampshire Constabulary,Hampshire Constabulary,-1.404965,50.911719,On or near Salisbury Street,E01032738,Southampton 022F,Violence and sexual offences,Investigation complete; no suspect identified,
f78ebfa47f44b34ee792afd43828238e04fbe6bdb8344981b1d93e027d20df2b,2024-03,Hampshire Constabulary,Hampshire Constabulary,-1.403950,50.912164,On or near Nightclub,E01032738,Southampton 022F,Violence and sexual offences,Unable to prosecute suspect,
86b30b3940b3d32490e30e9720ee3dc2a3abc0e47779eef96368bf111f9fdeba,2024-03,Hampshire Constabulary,Hampshire Constabulary,-1.402013,50.912307,On or near Bellevue Road,E01032738,Southampton 022F,Violence and sexual offences,Unable to prosecute suspect,
c2539b518cde99c38fe45c754419eaa0673aa005621a3bfc3ff731addafc4403,2024-03,Hampshire Constabulary,Hampshire Constabulary,-1.402013,50.912307,On or near Bellevue Road,E01032738,Southampton 022F,Violence and sexual offences,Investigation complete; no suspect identified,
17a0ccb3c19f6e3bae55e78c94fbeb96cf0dc8c751362c176764259378f8a8d7,2024-03,Hampshire Constabulary,Hampshire Constabulary,-1.405613,50.912208,On or near Lower Banister Street,E01032738,Southampton 022F,Violence and sexual offences,Court result unavailable,
958e3f88ccef5ad0708b8d50da03135074bd2e36654061d4bea6a6cf7ff563ae,2024-03,Hampshire Constabulary,Hampshire Constabulary,-1.404201,50.912561,On or near Winchester Street,E01032738,Southampton 022F,Violence and sexual offences,Investigation complete; no suspect identified,
7ce7eb7e96bf2de6fa41e6a0f4a41a8b3760322fc31e2cee5e2a2fb2d2e02fa3,2024-03,Hampshire Constabulary,Hampshire Constabulary,-1.404951,50.912843,On or near Carlton Place,E01032738,Southampton 022F,Violence and sexual offences,Local resolution,
fd8553d545d2b704dff85c925384c84d4974271ec8f180e111a686a1222ef639,2024-03,Hampshire Constabulary,Hampshire Constabulary,-1.404951,50.912843,On or near Carlton Place,E01032738,Southampton 022F,Violence and sexual offences,Unable to prosecute suspect,
58edfc588a3fa7099d8bfc56917b62ea634c3b8a76d56c2a2bd41c6e3c6ab8ee,2024-03,Hampshire Constabulary,Hampshire Constabulary,-1.404961,50.913185,On or near Southampton Street,E01032738,Southampton 022F,Violence and sexual offences,Offender given a caution,
5ecf9c7597be74b3a3f8d8af4de97df19905e3aa8661192ffd8513e52e0d3afe,2024-03,Hampshire Constabulary,Hampshire Constabulary,-1.401808,50.913915,On or near College Place,E01032738,Southampton 022F,Violence and sexual offences,Unable to prosecute suspect,
62ef431b5ef9b16d478d7bce2fb38a44e827433b667bae64022ca309443916d0,2024-03,Hampshire Constabulary,Hampshire Constabulary,-1.402013,50.912307,On or near Bellevue Road,E01032738,Southampton 022F,Violence and sexual offences,Court result unavailable,
6ee7b44c0c36e71aed39981b477b6496178a18e3d0b7b7dda349760b22ea66f7,2024-03,Hampshire Constabulary,Hampshire Constabulary,-1.406297,50.915476,On or near Carlton Road,E01032738,Southampton 022F,Violence and sexual offences,Unable to prosecute suspect,
959d7e86adaf79106a214944f309239b57b8631ef0a78352f90ae190a2d85809,2024-03,Hampshire Constabulary,Hampshire Constabulary,-1.405844,50.913082,On or near Upper Banister Street,E01032738,Southampton 022F,Violence and sexual offences,Unable to prosecute suspect,
5b567252cffe229eb7fb9ed7dc361886c9f3f4f4459b747c0c6020e6c661ba5c,2024-03,Hampshire Constabulary,Hampshire Constabulary,-1.403319,50.912529,On or near London Road,E01032738,Southampton 022F,Violence and sexual offences,Court result unavailable,
,2024-03,Hampshire Constabulary,Hampshire Constabulary,-1.405440,50.911254,On or near Waterloo Terrace,E01032738,Southampton 022F,Anti-social behaviour,,
,2024-03,Hampshire Constabulary,Hampshire Constabulary,-1.405440,50.911254,On or near Waterloo Terrace,E01032738,Southampton 022F,Anti-social behaviour,,
,2024-03,Hampshire Constabulary,Hampshire Constabulary,-1.404965,50.911719,On or near Salisbury Street,E01032738,Southampton 022F,Anti-social behaviour,,
,2024-03,Hampshire Constabulary,Hampshire Constabulary,-1.403950,50.912164,On or near Nightclub,E01032738,Southampton 022F,Anti-social behaviour,,
,2024-03,Hampshire Constabulary,Hampshire Constabulary,-1.401808,50.913915,On or near College Place,E01032738,Southampton 022F,Anti-social behaviour,,
,2024-03,Hampshire Constabulary,Hampshire Constabulary,-1.405440,50.911254,On or near Waterloo Terrace,E01032738,Southampton 022F,Anti-social behaviour,,
,2024-03,Hampshire Constabulary,Hampshire Constabulary,-1.406297,50.915476,On or near Carlton Road,E01032738,Southampton 022F,Anti-social behaviour,,
,2024-03,Hampshire Constabulary,Hampshire Constabulary,-1.406297,50.915476,On or near Carlton Road,E01032738,Southampton 022F,Anti-social behaviour,,
,2024-03,Hampshire Constabulary,Hampshire Constabulary,-1.406297,50.915476,On or near Carlton Road,E01032738,Southampton 022F,Anti-social behaviour,,
,2024-03,Hampshire Constabulary,Hampshire Constabulary,-1.405613,50.912208,On or near Lower Banister Street,E01032738,Southampton 022F,Anti-social behaviour,,
,2024-03,Hampshire Constabulary,Hampshire Constabulary,-1.406297,50.915476,On or near Carlton Road,E01032738,Southampton 022F,Anti-social behaviour,,
4c336d73279416b8e6630bc10dd8929ea6207745b576b808c513a61170faf712,2024-03,Hampshire Constabulary,Hampshire Constabulary,-1.405780,50.913648,On or near Parking Area,E01032738,Southampton 022F,Bicycle theft,Investigation complete; no suspect identified,
856be009cc9058c0e6b705f4f7273526492572324766cda1ca274f3a6eab5cc8,2024-03,Hampshire Constabulary,Hampshire Constabulary,-1.404965,50.911719,On or near Salisbury Street,E01032738,Southampton 022F,Bicycle theft,Investigation complete; no suspect identified,
51072dcf48fabc6dd33dad0762d4e6cabd7b98e3da4161affc542a0a5d41bbe1,2024-03,Hampshire Constabulary,Hampshire Constabulary,-1.404965,50.911719,On or near Salisbury Street,E01032738,Southampton 022F,Criminal damage and arson,Investigation complete; no suspect identified,
9a5166d16f104b44e6399013b8d8e417dc8821d6f5d59f7aea2090f30832a9f6,2024-03,Hampshire Constabulary,Hampshire Constabulary,-1.406297,50.915476,On or near Carlton Road,E01032738,Southampton 022F,Criminal damage and arson,Investigation complete; no suspect identified,
b074440e43e16c7da18b0de3e8a2487c729d6247c466f5ea81a588c1dad03332,2024-03,Hampshire Constabulary,Hampshire Constabulary,-1.405106,50.911801,On or near Parking Area,E01032738,Southampton 022F,Drugs,Local resolution,
a6e759f7bb931bfe732acfebae139f0f54cbf933dbe5d5506bae9d8bc563110e,2024-03,Hampshire Constabulary,Hampshire Constabulary,-1.405613,50.912208,On or near Lower Banister Street,E01032738,Southampton 022F,Drugs,Local resolution,
1eb4d024a4c3ff17aef767814004a292eda517522d254a54b9f574970457add9,2024-03,Hampshire Constabulary,Hampshire Constabulary,-1.400299,50.912874,On or near Bellevue Terrace,E01032738,Southampton 022F,Other theft,Investigation complete; no suspect identified,
4829a46a6fc9c5c7a7d4fd9fa4b3e0c3271cc0545cafcc4cd72f7582095caf56,2024-03,Hampshire Constabulary,Hampshire Constabulary,-1.402013,50.912307,On or near Bellevue Road,E01032738,Southampton 022F,Other theft,Investigation complete; no suspect identified,
6ae35b043db1283bdb6f9981d0c805ad44df3fc3a0127dce956f66ab37876d1e,2024-03,Hampshire Constabulary,Hampshire Constabulary,-1.402013,50.912307,On or near Bellevue Road,E01032738,Southampton 022F,Other theft,Status update unavailable,
152b534036351ab59046d97f90963593e3b7937fa8212d9d4a2a61adfa734ed8,2024-03,Hampshire Constabulary,Hampshire Constabulary,-1.403950,50.912164,On or near Nightclub,E01032738,Southampton 022F,Other theft,Investigation complete; no suspect identified,
21a3ef8c3a9e5749a0bcf35ab23af7805205dd3e7d5c192515a60c6afb74c2d1,2024-03,Hampshire Constabulary,Hampshire Constabulary,-1.405613,50.912208,On or near Lower Banister Street,E01032738,Southampton 022F,Other theft,Investigation complete; no suspect identified,
31fac65c354a3765fbf8b1ffa66c99ad9a81a0b2f268285db305e426f5ade956,2024-03,Hampshire Constabulary,Hampshire Constabulary,-1.403950,50.912164,On or near Nightclub,E01032738,Southampton 022F,Other theft,Investigation complete; no suspect identified,
b3b3635a91bda3ae689d93e00359c5e50020053e6013d18d9722eaa40ac53558,2024-03,Hampshire Constabulary,Hampshire Constabulary,-1.405440,50.911254,On or near Waterloo Terrace,E01032738,Southampton 022F,Public order,Investigation complete; no suspect identified,
0dc012596379b969dab210288a11303718e287f61fa4c5e36f39c50f7199c015,2024-03,Hampshire Constabulary,Hampshire Constabulary,-1.405440,50.911254,On or near Waterloo Terrace,E01032738,Southampton 022F,Public order,Investigation complete; no suspect identified,
50063d160fd484a22fe31b6e63e7536a028c821329428b0d546a53ac730a387e,2024-03,Hampshire Constabulary,Hampshire Constabulary,-1.406297,50.915476,On or near Carlton Road,E01032738,Southampton 022F,Public order,Unable to prosecute suspect,
0fc2fde6524b10790ce42c0e614b91874c1eb1476d54a4e52e99ca34fab6f5f4,2024-03,Hampshire Constabulary,Hampshire Constabulary,-1.403950,50.912164,On or near Nightclub,E01032738,Southampton 022F,Shoplifting,Status update unavailable,
e8cc9ea1797848c44fc9b9c873db173c5303346116968618d1a1b6566116b7f3,2024-03,Hampshire Constabulary,Hampshire Constabulary,-1.403950,50.912164,On or near Nightclub,E01032738,Southampton 022F,Shoplifting,Investigation complete; no suspect identified,
273f6f409ea999c33179f06fd9bfd83b05cca7fb6adc4a0819c764a4d7a089c7,2024-03,Hampshire Constabulary,Hampshire Constabulary,-1.405440,50.911254,On or near Waterloo Terrace,E01032738,Southampton 022F,Shoplifting,Unable to prosecute suspect,
5969081344f28b3a70e06c4d4e2db7b53809b6dc11d4d05441412a8ea16089ec,2024-03,Hampshire Constabulary,Hampshire Constabulary,-1.403950,50.912164,On or near Nightclub,E01032738,Southampton 022F,Theft from the person,Investigation complete; no suspect identified,
286f96f9fb5a605976401182d4c5a069fde65c670a5020a97f450611aa19ac3e,2024-03,Hampshire Constabulary,Hampshire Constabulary,-1.405106,50.911801,On or near Parking Area,E01032738,Southampton 022F,Theft from the person,Investigation complete; no suspect identified,
1cbf487886c86820e5297805d0a0a5aa0ebb0c84473fecb56dd60c1ba8e33ee2,2024-03,Hampshire Constabulary,Hampshire Constabulary,-1.404258,50.913667,On or near Carlton Crescent,E01032738,Southampton 022F,Vehicle crime,Investigation complete; no suspect identified,
7e76af62cdbfbc3f8141085d3995c490d308e07d30fc557de3ac538c56276c25,2024-03,Hampshire Constabulary,Hampshire Constabulary,-1.405440,50.911254,On or near Waterloo Terrace,E01032738,Southampton 022F,Violence and sexual offences,Investigation complete; no suspect identified,
697ceeb069be6c4ab4ae4f2ad520f47334c8fc761513693fd7bcc307b4dd906e,2024-03,Hampshire Constabulary,Hampshire Constabulary,-1.406297,50.915476,On or near Carlton Road,E01032738,Southampton 022F,Violence and sexual offences,Investigation complete; no suspect identified,
903f5cd9718100dc9c7873ff370310e288e07055bcfadc5fc47ac20072aa1d18,2024-03,Hampshire Constabulary,Hampshire Constabulary,-1.405440,50.911254,On or near Waterloo Terrace,E01032738,Southampton 022F,Violence and sexual offences,Investigation complete; no suspect identified,
60fcc60fa54fd7bdaede4428bc4a3e16f2bef2d4e75b54c1b0251da168619225,2024-03,Hampshire Constabulary,Hampshire Constabulary,-1.404201,50.912561,On or near Winchester Street,E01032738,Southampton 022F,Violence and sexual offences,Investigation complete; no suspect identified,
637e68bfee75d9fa83568efad34e1d47d230267a78504e2d734eaf3c8f1edf77,2024-03,Hampshire Constabulary,Hampshire Constabulary,-1.405440,50.911254,On or near Waterloo Terrace,E01032738,Southampton 022F,Violence and sexual offences,Unable to prosecute suspect,
2b661543f206be6b50028edf8b413ffbcb1afbf0ac3684f45a088f631f248318,2024-03,Hampshire Constabulary,Hampshire Constabulary,-1.403319,50.912529,On or near London Road,E01032738,Southampton 022F,Violence and sexual offences,Investigation complete; no suspect identified,
eb90ba14e657fd230ddd2e5e8ae40f3437ff637a854d51f6619953e40bdf915d,2024-03,Hampshire Constabulary,Hampshire Constabulary,-1.403950,50.912164,On or near Nightclub,E01032738,Southampton 022F,Violence and sexual offences,Unable to prosecute suspect,
66bce90067faf5754f7946270c2386239c50bfa1a7fdebde04de38713ad2a912,2024-03,Hampshire Constabulary,Hampshire Constabulary,-1.403950,50.912164,On or near Nightclub,E01032738,Southampton 022F,Violence and sexual offences,Status update unavailable,
f62d6f1be895b50696389f8dfded9a6e8ff00cbec31e712c086fff4bdf8c4062,2024-03,Hampshire Constabulary,Hampshire Constabulary,-1.404951,50.912843,On or near Carlton Place,E01032738,Southampton 022F,Violence and sexual offences,Status update unavailable,
ff2e89e575691feccada1d666040f86e0c7667b38befc7a940b5fd503b9ef705,2024-03,Hampshire Constabulary,Hampshire Constabulary,-1.405255,50.913555,On or near Handford Place,E01032738,Southampton 022F,Violence and sexual offences,Status update unavailable,
bc38b1039acdc90844350994c6e5c96ad7a0cbf626929947820385ec93a49041,2024-03,Hampshire Constabulary,Hampshire Constabulary,-1.403950,50.912164,On or near Nightclub,E01032738,Southampton 022F,Violence and sexual offences,Unable to prosecute suspect,
4011184b36523b8f1a2e6e6b97206815b762d0ec7475c235fe3576f6f7d5f3c3,2024-03,Hampshire Constabulary,Hampshire Constabulary,-1.401808,50.913915,On or near College Place,E01032738,Southampton 022F,Violence and sexual offences,Investigation complete; no suspect identified,
33521c2792344e53b42441672c9ef2745b22e6fe9373ffa6a6088d9aae6ee57f,2024-03,Hampshire Constabulary,Hampshire Constabulary,-1.403319,50.912529,On or near London Road,E01032738,Southampton 022F,Violence and sexual offences,Investigation complete; no suspect identified,
bf17231001bc56758081107a94c994c64edf6ae3820a5f9d3dd1d2a4d847bf28,2024-03,Hampshire Constabulary,Hampshire Constabulary,-1.405613,50.912208,On or near Lower Banister Street,E01032738,Southampton 022F,Violence and sexual offences,Unable to prosecute suspect,
7d4280d83f5757217fd03c782c71429b4929788d30fc2aeb8ddf71015f4fac61,2024-03,Hampshire Constabulary,Hampshire Constabulary,-1.405440,50.911254,On or near Waterloo Terrace,E01032738,Southampton 022F,Violence and sexual offences,Investigation complete; no suspect identified,
4b639638d650bac298f8180177ac0ddd12fdd466b738c8631d717bd3587ef0ab,2024-03,Hampshire Constabulary,Hampshire Constabulary,-1.401892,50.912927,On or near Ordnance Road,E01032738,Southampton 022F,Violence and sexual offences,Unable to prosecute suspect,
2938cb5e5e0dd8d67fc5736ae9e444edb95056ca7b4d2da6d2ea6e70e93144f7,2024-03,Hampshire Constabulary,Hampshire Constabulary,-1.405613,50.912208,On or near Lower Banister Street,E01032738,Southampton 022F,Violence and sexual offences,Unable to prosecute suspect,
aaa5f4c93e95f958b86401a58cbd17aafb7672a96a0d506160ffebd9bdb32a98,2024-03,Hampshire Constabulary,Hampshire Constabulary,-1.401808,50.913915,On or near College Place,E01032738,Southampton 022F,Violence and sexual offences,Investigation complete; no suspect identified,
e3f2dcde87d1a006ba376335457f3a5bc6ce7df1c9b7b8fb1b96133594f76586,2024-03,Hampshire Constabulary,Hampshire Constabulary,-1.405440,50.911254,On or near Waterloo Terrace,E01032738,Southampton 022F,Violence and sexual offences,Unable to prosecute suspect,
ebe81d1ebf7e6124b365596948ed1cc1c70ef511be80f747d82dc2007f31f620,2024-03,Hampshire Constabulary,Hampshire Constabulary,-1.404201,50.912561,On or near Winchester Street,E01032738,Southampton 022F,Violence and sexual offences,Unable to prosecute suspect,
70ace3b1f4a33e01249d56f1f20fdb2214e370584a6ad07646a4fa788e7ad7af,2024-03,Hampshire Constabulary,Hampshire Constabulary,-1.404201,50.912561,On or near Winchester Street,E01032738,Southampton 022F,Violence and sexual offences,Unable to prosecute suspect,
dbabbf8378b14d3a2f276905deb19c5a2435f49c47358dcf886c0acd4ba7b824,2024-03,Hampshire Constabulary,Hampshire Constabulary,-1.396834,50.913521,On or near Lyon Street,E01032750,Southampton 022G,Criminal damage and arson,Court result unavailable,
ecf789ce2165d2eb9188c1ae6717d4458b15c9784688a858988f838094d0b551,2024-03,Hampshire Constabulary,Hampshire Constabulary,-1.399399,50.912060,On or near Brintons Terrace,E01032750,Southampton 022G,Criminal damage and arson,Further investigation is not in the public interest,
26671d5ebec863964477673cd6e358770225e92520231dcb9b3e126d6f1634cb,2024-03,Hampshire Constabulary,Hampshire Constabulary,-1.396458,50.914041,On or near Frederick Street,E01032750,Southampton 022G,Criminal damage and arson,Local resolution,
458e9d2d46e66946add09398df5a8aaa4dbde6807dbf784f890075e1ef8a3510,2024-03,Hampshire Constabulary,Hampshire Constabulary,-1.396237,50.914633,On or near Denzil Avenue,E01032750,Southampton 022G,Criminal damage and arson,Unable to prosecute suspect,
0c87875fc6e2c128407a9fa1a6fb3eea3f0b2655fc199873f5a38c1df6e12d45,2024-03,Hampshire Constabulary,Hampshire Constabulary,-1.396237,50.914633,On or near Denzil Avenue,E01032750,Southampton 022G,Possession of weapons,Unable to prosecute suspect,
dc5f84b047e47aa1bdb9d6ef064ffe2202e6c4770ab737d8683b361d52b54a56,2024-03,Hampshire Constabulary,Hampshire Constabulary,-1.399399,50.912060,On or near Brintons Terrace,E01032750,Southampton 022G,Public order,Investigation complete; no suspect identified,
82ea177fd29265c28aa8cfc14ace739b87d9b58ba7b3f05922dc96b4e1574d69,2024-03,Hampshire Constabulary,Hampshire Constabulary,-1.399399,50.912060,On or near Brintons Terrace,E01032750,Southampton 022G,Violence and sexual offences,Unable to prosecute suspect,
e6e17c5208d2d2504a63397e0528d91bb10544d5969a769c23e52517e1212810,2024-03,Hampshire Constabulary,Hampshire Constabulary,-1.399399,50.912060,On or near Brintons Terrace,E01032750,Southampton 022G,Violence and sexual offences,Unable to prosecute suspect,
c7ab3f074ec2202c06b484b1d9adf5209bbd517019a6c8c3df7912db518459db,2024-03,Hampshire Constabulary,Hampshire Constabulary,-1.399399,50.912060,On or near Brintons Terrace,E01032750,Southampton 022G,Violence and sexual offences,Unable to prosecute suspect,
b8ecc3bc8378719113e06cf06b29ff87116b7af31922467f8234aa9e77bd1c84,2024-03,Hampshire Constabulary,Hampshire Constabulary,-1.399399,50.912060,On or near Brintons Terrace,E01032750,Southampton 022G,Violence and sexual offences,Unable to prosecute suspect,
410ce455fd296fb21ffd3a3063e49902fd06d941f7a9e89c194be15a7eec8684,2024-03,Hampshire Constabulary,Hampshire Constabulary,-1.399399,50.912060,On or near Brintons Terrace,E01032750,Southampton 022G,Violence and sexual offences,Unable to prosecute suspect,
258c5bd2d4c0a685231c02bc21560ffd9e51485c5e680cb1050448c6237f1da9,2024-03,Hampshire Constabulary,Hampshire Constabulary,-1.396834,50.913521,On or near Lyon Street,E01032750,Southampton 022G,Violence and sexual offences,Unable to prosecute suspect,
21bd6c2aaa537c2b04bdf9d259b413ef4631ad94f4c41c0808053e09f7a8df3b,2024-03,Hampshire Constabulary,Hampshire Constabulary,-1.400141,50.914078,On or near Cranbury Place,E01032750,Southampton 022G,Violence and sexual offences,Investigation complete; no suspect identified,
a28f1ea7850c594cca4d2564b38f9ef44327dfb0e07de90c63c6bc7955d0a00d,2024-03,Hampshire Constabulary,Hampshire Constabulary,-1.400141,50.914078,On or near Cranbury Place,E01032750,Southampton 022G,Violence and sexual offences,Unable to prosecute suspect,
f11f554bb9db7a0d48d6490a2ef486e6c31eca1f92628e8c6d9a5f10ed7bfbaf,2024-03,Hampshire Constabulary,Hampshire Constabulary,-1.399257,50.914235,On or near Cranbury Terrace,E01032750,Southampton 022G,Violence and sexual offences,Unable to prosecute suspect,
655006a583c560b2c9f34b771750134de1e970cecc186d4a1fd559f3f2967275,2024-03,Hampshire Constabulary,Hampshire Constabulary,-1.396237,50.914633,On or near Denzil Avenue,E01032750,Southampton 022G,Violence and sexual offences,Unable to prosecute suspect,
53e3c35d8a4cebf47595a6c949a9a26d631c715b6913e6be447e8a790bb2b162,2024-03,Hampshire Constabulary,Hampshire Constabulary,-1.399257,50.914235,On or near Cranbury Terrace,E01032750,Southampton 022G,Violence and sexual offences,Unable to prosecute suspect,
d373a986bc8f239f691caf2bd6c799006eef3b2696a127d21135bb411edafd92,2024-03,Hampshire Constabulary,Hampshire Constabulary,-1.396237,50.914633,On or near Denzil Avenue,E01032750,Southampton 022G,Other crime,Unable to prosecute suspect,
,2024-03,Hampshire Constabulary,Hampshire Constabulary,-1.400141,50.914078,On or near Cranbury Place,E01032750,Southampton 022G,Anti-social behaviour,,
e7ca1597febbf557ddab581cd7e5d951640d8331e9fd0f7592b29a45fb7239c6,2024-03,Hampshire Constabulary,Hampshire Constabulary,-1.399399,50.912060,On or near Brintons Terrace,E01032750,Southampton 022G,Criminal damage and arson,Status update unavailable,
ef85fd758a19beff74006afe08fafd3f392776d5b3c0feaf8f171cc96fe03320,2024-03,Hampshire Constabulary,Hampshire Constabulary,-1.399399,50.912060,On or near Brintons Terrace,E01032750,Southampton 022G,Criminal damage and arson,Investigation complete; no suspect identified,
c53ddb2f0b99969e00618884362d3d72d558d59c018ad770d830f76b0cf61a59,2024-03,Hampshire Constabulary,Hampshire Constabulary,-1.399399,50.912060,On or near Brintons Terrace,E01032750,Southampton 022G,Criminal damage and arson,Further investigation is not in the public interest,
9337ff488ebc692541cfa221506b5b45e92cce4b4a34d4b99220f06e4eb7be2b,2024-03,Hampshire Constabulary,Hampshire Constabulary,-1.400141,50.914078,On or near Cranbury Place,E01032750,Southampton 022G,Other theft,Unable to prosecute suspect,
2ab8e19ac14c07a3e33593bcd36b48eb88848779ae77e14959ac3348dfef841f,2024-03,Hampshire Constabulary,Hampshire Constabulary,-1.400141,50.914078,On or near Cranbury Place,E01032750,Southampton 022G,Other theft,Status update unavailable,
fd87f6a45cb24dc91d1018ea6a568772f73fa5a2f823ea542aadf17bf51c046f,2024-03,Hampshire Constabulary,Hampshire Constabulary,-1.399399,50.912060,On or near Brintons Terrace,E01032750,Southampton 022G,Public order,Investigation complete; no suspect identified,
3b4b4c705c16bb013707d70e2f273954de86563f3aac071d5c9764b9188637bc,2024-03,Hampshire Constabulary,Hampshire Constabulary,-1.396458,50.914041,On or near Frederick Street,E01032750,Southampton 022G,Public order,Unable to prosecute suspect,
80509007e686c61b211a7bab694caccdddbded99a7a96456b556a64ad817a807,2024-03,Hampshire Constabulary,Hampshire Constabulary,-1.398318,50.914266,On or near Onslow Road,E01032750,Southampton 022G,Vehicle crime,Investigation complete; no suspect identified,
4280d571f1024cc09e581e170ebc82a945ffb855fcd16f1eddea17a274cee9b9,2024-03,Hampshire Constabulary,Hampshire Constabulary,-1.397076,50.912389,On or near Hospital,E01032750,Southampton 022G,Violence and sexual offences,Unable to prosecute suspect,
0dac9795d7efaa79269aa987df811da9e3878b076ff8a2af192a92ea829bd79c,2024-03,Hampshire Constabulary,Hampshire Constabulary,-1.399399,50.912060,On or near Brintons Terrace,E01032750,Southampton 022G,Violence and sexual offences,Investigation complete; no suspect identified,
b4b1cb4df23b7e86f14cf0b2f82672236bce8edcb1bf706076057eb900b9e116,2024-03,Hampshire Constabulary,Hampshire Constabulary,-1.398318,50.914266,On or near Onslow Road,E01032750,Southampton 022G,Violence and sexual offences,Unable to prosecute suspect,
d1422a95d42a8238478396483eb7dc1dc1eeac7df09b6001ed7f760e3b73358d,2024-03,Hampshire Constabulary,Hampshire Constabulary,-1.399399,50.912060,On or near Brintons Terrace,E01032750,Southampton 022G,Violence and sexual offences,Investigation complete; no suspect identified,
9368190bb74ac62c1fa25d96f0f676937d456c76e1648fe38d23209715eaf4ce,2024-03,Hampshire Constabulary,Hampshire Constabulary,-1.400141,50.914078,On or near Cranbury Place,E01032750,Southampton 022G,Violence and sexual offences,Unable to prosecute suspect,
eb0d8db747b806ed21b7f2c875ba86c0ad45c80997d473ed5c54659b4cbe9b43,2024-03,Hampshire Constabulary,Hampshire Constabulary,-1.399257,50.914235,On or near Cranbury Terrace,E01032750,Southampton 022G,Violence and sexual offences,Unable to prosecute suspect,
925a6ed984fdd7685958c10a927e853729d89c5f9a217b94ba368742807db808,2024-03,Hampshire Constabulary,Hampshire Constabulary,-1.399399,50.912060,On or near Brintons Terrace,E01032750,Southampton 022G,Violence and sexual offences,Status update unavailable,
b62b099a04338e9764929be22bfa0c457dae67215a518547d17d55de64a5b274,2024-03,Hampshire Constabulary,Hampshire Constabulary,-1.399399,50.912060,On or near Brintons Terrace,E01032750,Southampton 022G,Violence and sexual offences,Further investigation is not in the public interest,
da4af01c36ef2050826b4c777d681b5e5e0946cd159e694d94f2defdcc37d925,2024-03,Hampshire Constabulary,Hampshire Constabulary,-1.398318,50.914266,On or near Onslow Road,E01032750,Southampton 022G,Violence and sexual offences,Unable to prosecute suspect,
39574089427c1bb0349350e6af4e571335001926d45fc1af953388763ad3c074,2024-03,Hampshire Constabulary,Hampshire Constabulary,-1.399399,50.912060,On or near Brintons Terrace,E01032750,Southampton 022G,Violence and sexual offences,Further investigation is not in the public interest,
966af345463cc02dbbee0ca3eeff0088462a7acab05dfd34193a553359cb87dd,2024-03,Hampshire Constabulary,Hampshire Constabulary,-1.399257,50.914235,On or near Cranbury Terrace,E01032750,Southampton 022G,Violence and sexual offences,Status update unavailable,
0a215a2aac750e50b6494bf2a8f87ba23d1b37b50b4a13783c2e1ee5475b9b62,2024-03,Hampshire Constabulary,Hampshire Constabulary,-1.400141,50.914078,On or near Cranbury Place,E01032750,Southampton 022G,Violence and sexual offences,Unable to prosecute suspect,
c3d19e0aa3ccf1c8681a54d19fea3c2490af95514ee5bd6f40886395d01b0f88,2024-03,Hampshire Constabulary,Hampshire Constabulary,-1.399399,50.912060,On or near Brintons Terrace,E01032750,Southampton 022G,Violence and sexual offences,Unable to prosecute suspect,
31e48cc0d29da983762b47f4ead3679a7ecc8ff6a0f612a978d43f5b2935d062,2024-03,Hampshire Constabulary,Hampshire Constabulary,-1.397076,50.912389,On or near Hospital,E01032750,Southampton 022G,Violence and sexual offences,Investigation complete; no suspect identified,
cc817dd8591b3304996de4afd5676a4655eb68c7f179d6630d8ec2cd295b7c34,2024-03,Hampshire Constabulary,Hampshire Constabulary,-1.400141,50.914078,On or near Cranbury Place,E01032750,Southampton 022G,Violence and sexual offences,Unable to prosecute suspect,
8b4f1b820e7ba50b00e97a28bbb920ed4d3c83b7996b266cdeada52f6a11e1f1,2024-03,Hampshire Constabulary,Hampshire Constabulary,-1.396834,50.913521,On or near Lyon Street,E01032750,Southampton 022G,Violence and sexual offences,Status update unavailable,
63a4f0630c21cd7b0ddc583c44fe861834d3ebaaeccc66dfe2759ddf36c9f714,2024-03,Hampshire Constabulary,Hampshire Constabulary,-1.399399,50.912060,On or near Brintons Terrace,E01032750,Southampton 022G,Violence and sexual offences,Further investigation is not in the public interest,
1954a13ceef20beeebd2f6061059d7d2c366fa0fb1dfd3b3b3afa0e81093414d,2024-03,Hampshire Constabulary,Hampshire Constabulary,-1.399399,50.912060,On or near Brintons Terrace,E01032750,Southampton 022G,Other crime,Status update unavailable,
90bfffe31763ce4a3500b4c599fcc85d851b2ae63ccf89e376bd8638a6769b8c,2024-03,Hampshire Constabulary,Hampshire Constabulary,-1.406522,50.910109,On or near Cumberland Place,E01017136,Southampton 023A,Possession of weapons,Further investigation is not in the public interest,
ef0732958beccb343dfc3504a00739e819b661f98eca61a45022eddb58db14db,2024-03,Hampshire Constabulary,Hampshire Constabulary,-1.406339,50.912203,On or near Bedford Place,E01017136,Southampton 023A,Shoplifting,Investigation complete; no suspect identified,
a3120706ee1875f84f1da54397b127dcf17666065f6610764d54407e57ab7696,2024-03,Hampshire Constabulary,Hampshire Constabulary,-1.406339,50.912203,On or near Bedford Place,E01017136,Southampton 023A,Shoplifting,Court result unavailable,
088957e700fed5033e19f21c8e0f6da399e3513fd6f770efc87ed789e0e39856,2024-03,Hampshire Constabulary,Hampshire Constabulary,-1.406339,50.912203,On or near Bedford Place,E01017136,Southampton 023A,Shoplifting,Court result unavailable,
b194c14c8a15c026d22bb1bdbe85fd471c62a9daec92854d62c41b266410051f,2024-03,Hampshire Constabulary,Hampshire Constabulary,-1.407855,50.910403,On or near Park Lane,E01017136,Southampton 023A,Violence and sexual offences,Investigation complete; no suspect identified,
,2024-03,Hampshire Constabulary,Hampshire Constabulary,-1.410384,50.909490,On or near The Polygon,E01017136,Southampton 023A,Anti-social behaviour,,
,2024-03,Hampshire Constabulary,Hampshire Constabulary,-1.407855,50.910403,On or near Park Lane,E01017136,Southampton 023A,Anti-social behaviour,,
3e901e6442f7d95d0f7d9972a96bba756b253b7ac27769a2d38db7b020d6ecb1,2024-03,Hampshire Constabulary,Hampshire Constabulary,-1.407577,50.913261,On or near Parking Area,E01017136,Southampton 023A,Burglary,Investigation complete; no suspect identified,
4bd827e65f4552535ae05dbc4e8918f9edaa3558e8040328bbb29d7b0cb3b197,2024-03,Hampshire Constabulary,Hampshire Constabulary,-1.410605,50.912252,On or near Harborough Road,E01017136,Southampton 023A,Other theft,Investigation complete; no suspect identified,
c16f9198e9cb49a592d493237c172111cc6d51b6e697f30e63824ac575383f47,2024-03,Hampshire Constabulary,Hampshire Constabulary,-1.407855,50.910403,On or near Park Lane,E01017136,Southampton 023A,Possession of weapons,Court result unavailable,
523ef66dc07bd71d2bb339cacbcae722612c8edf84cc0fb020660ca2a56fe932,2024-03,Hampshire Constabulary,Hampshire Constabulary,-1.406522,50.910109,On or near Cumberland Place,E01017136,Southampton 023A,Public order,Status update unavailable,
ba6dca10f8dbc6d5a3c94fdded8b146686117d79b9a15aac0819bce768dcba4e,2024-03,Hampshire Constabulary,Hampshire Constabulary,-1.410272,50.910469,On or near Handel Road,E01017136,Southampton 023A,Public order,Investigation complete; no suspect identified,
3d7d752c1b2660358e4509ddbc28be1f5abf44c7f040210877ba7ba5fc49c04a,2024-03,Hampshire Constabulary,Hampshire Constabulary,-1.407855,50.910403,On or near Park Lane,E01017136,Southampton 023A,Robbery,Unable to prosecute suspect,
183ffdd2236ab75fc67faff6ee5ba05207cc82e063424fa1af5b8e9b28e413b4,2024-03,Hampshire Constabulary,Hampshire Constabulary,-1.406339,50.912203,On or near Bedford Place,E01017136,Southampton 023A,Shoplifting,Investigation complete; no suspect identified,
038164ae4c58ba9e04a192aa0f39c01844374be734e471417f5526231ba635f9,2024-03,Hampshire Constabulary,Hampshire Constabulary,-1.406339,50.912203,On or near Bedford Place,E01017136,Southampton 023A,Shoplifting,Unable to prosecute suspect,
886d385e63f5935a804f6c50faa24cb8d2e8e903ac5d967aa259d29c69897e53,2024-03,Hampshire Constabulary,Hampshire Constabulary,-1.410384,50.909490,On or near The Polygon,E01017136,Southampton 023A,Vehicle crime,Investigation complete; no suspect identified,
ee70c9640621755c6e035e237662991a27c367eb3ccec3d2b1ace0b6ff58b5a7,2024-03,Hampshire Constabulary,Hampshire Constabulary,-1.410384,50.909490,On or near The Polygon,E01017136,Southampton 023A,Vehicle crime,Court result unavailable,
a6b2e423af79f7b95fb927627562987ce710cb2bfeee194d4d51a219a751cfb1,2024-03,Hampshire Constabulary,Hampshire Constabulary,-1.407397,50.910653,On or near Parking Area,E01017136,Southampton 023A,Vehicle crime,Investigation complete; no suspect identified,
8d444041d0c56c32961ad84e121f95c35b14ebf119d69e154dd7f42b454bd599,2024-03,Hampshire Constabulary,Hampshire Constabulary,-1.410384,50.909490,On or near The Polygon,E01017136,Southampton 023A,Vehicle crime,Court result unavailable,
d5e728ef7fd39e1f7e2b945fc1914b4b195e0c264208766d4af40f0dc4bff4f5,2024-03,Hampshire Constabulary,Hampshire Constabulary,-1.406522,50.910109,On or near Cumberland Place,E01017136,Southampton 023A,Violence and sexual offences,Unable to prosecute suspect,
e17f08e4cf47992714d364bd26d187ea1bbc0011db213d528c85de0e77cf98ee,2024-03,Hampshire Constabulary,Hampshire Constabulary,-1.412320,50.912773,On or near Burlington Road,E01017137,Southampton 023B,Criminal damage and arson,Local resolution,
3db31685e109a37f75acf8e16850e5a4fc759b707635d4c05733a6c00b31a5fb,2024-03,Hampshire Constabulary,Hampshire Constabulary,-1.412320,50.912773,On or near Burlington Road,E01017137,Southampton 023B,Criminal damage and arson,Unable to prosecute suspect,
a3e587deed9a6ee589d6e4df9cea2499a170a2b6578a1c66bcfbe931ceab2c9b,2024-03,Hampshire Constabulary,Hampshire Constabulary,-1.412320,50.912773,On or near Burlington Road,E01017137,Southampton 023B,Other theft,Investigation complete; no suspect identified,
4078439450b7146ae14a3ca07eeeea546f7f3390ec5e7017e31b7438b8e6d28c,2024-03,Hampshire Constabulary,Hampshire Constabulary,-1.406774,50.913734,On or near Parking Area,E01017137,Southampton 023B,Robbery,Unable to prosecute suspect,
9d2234bf40b993d924f2ea00152b1b53e53d5e97414540c03171a40cc1db140e,2024-03,Hampshire Constabulary,Hampshire Constabulary,-1.409119,50.911651,On or near Devonshire Road,E01017137,Southampton 023B,Violence and sexual offences,Investigation complete; no suspect identified,
3ba6a4bf44456b56504406f847b96e2ddf9899539ce7fa408a212321ec83ba8e,2024-03,Hampshire Constabulary,Hampshire Constabulary,-1.412320,50.912773,On or near Burlington Road,E01017137,Southampton 023B,Violence and sexual offences,Unable to prosecute suspect,
ae7933c3eaef75d39b0bede1e50c153f531df4667e3ff3888d91f52b1e0733a6,2024-03,Hampshire Constabulary,Hampshire Constabulary,-1.412320,50.912773,On or near Burlington Road,E01017137,Southampton 023B,Other theft,Investigation complete; no suspect identified,
0e351df12da8b891db3d76bbc240baa6892b059d559b1f9d0f6412d717549c7b,2024-03,Hampshire Constabulary,Hampshire Constabulary,-1.409119,50.911651,On or near Devonshire Road,E01017137,Southampton 023B,Public order,Investigation complete; no suspect identified,
989e5b71649e881ee4e2188f55aab5c2440bf8c4fd0d6188a1f6457ba2942b1c,2024-03,Hampshire Constabulary,Hampshire Constabulary,-1.412320,50.912773,On or near Burlington Road,E01017137,Southampton 023B,Vehicle crime,Investigation complete; no suspect identified,
52c0bd935c513c4c502e6d4aa30991a1b21c384384431bba638412d516cfc0b1,2024-03,Hampshire Constabulary,Hampshire Constabulary,-1.408361,50.915343,On or near Cromwell Road,E01017138,Southampton 023C,Criminal damage and arson,Unable to prosecute suspect,
d869069294d8ba004fb4c13e841134c5a68ea79aef7f38affdb95763f51e0648,2024-03,Hampshire Constabulary,Hampshire Constabulary,-1.408361,50.915343,On or near Cromwell Road,E01017138,Southampton 023C,Other theft,Investigation complete; no suspect identified,
2fc1cd0fb8470a6a9a219f4e4873d7c0ab4d6f2113e9669dcc07f9fae0594450,2024-03,Hampshire Constabulary,Hampshire Constabulary,-1.408361,50.915343,On or near Cromwell Road,E01017138,Southampton 023C,Shoplifting,Court result unavailable,
a48532b5fbca461e3dce9492e07566a3007480b83588a600e4f350e164faf0f9,2024-03,Hampshire Constabulary,Hampshire Constabulary,-1.408361,50.915343,On or near Cromwell Road,E01017138,Southampton 023C,Shoplifting,Court result unavailable,
95ba85ec322ec71b99ef53fb98b27473cce6fafeb5e0581b3d581f08d130c61c,2024-03,Hampshire Constabulary,Hampshire Constabulary,-1.414975,50.912004,On or near Rollesbrook Gardens,E01017138,Southampton 023C,Violence and sexual offences,Local resolution,
8c62c33734eeb0d9b9a7bea56725559c9ae411a6454370091d20abdaf831b2c3,2024-03,Hampshire Constabulary,Hampshire Constabulary,-1.413365,50.914505,On or near The Dell,E01017138,Southampton 023C,Violence and sexual offences,Unable to prosecute suspect,
ba43997574cefcdabdf6eeabd8f48b226b86dae32c589e0a54b4243590dd8531,2024-03,Hampshire Constabulary,Hampshire Constabulary,-1.408361,50.915343,On or near Cromwell Road,E01017138,Southampton 023C,Violence and sexual offences,Unable to prosecute suspect,
980b03fe95310f56fac76cb567865d7e259f12048c2f842c9b838173478afabf,2024-03,Hampshire Constabulary,Hampshire Constabulary,-1.413953,50.914130,On or near Crossley Place,E01017138,Southampton 023C,Bicycle theft,Investigation complete; no suspect identified,
510d673e1d1177916554813b3a2e9b67561d29072a3cce55bc61b5e242ba07fe,2024-03,Hampshire Constabulary,Hampshire Constabulary,-1.413953,50.914130,On or near Crossley Place,E01017138,Southampton 023C,Burglary,Unable to prosecute suspect,
e9a97f9a3c53baac31e974d7c591d58b8c7e617470612e31ff2b32b49d9cf5c4,2024-03,Hampshire Constabulary,Hampshire Constabulary,-1.407690,50.915591,On or near Fitzhugh Place,E01017138,Southampton 023C,Criminal damage and arson,Status update unavailable,
02d21905e31154a82dd9a1e9d5c4b7f92636be7c76973203d539848b7cb3c513,2024-03,Hampshire Constabulary,Hampshire Constabulary,-1.413953,50.914130,On or near Crossley Place,E01017138,Southampton 023C,Criminal damage and arson,Investigation complete; no suspect identified,
46ce50fe50a083a605889bcc0fdc66a32fe63c783f09aa4fea06400648b76e66,2024-03,Hampshire Constabulary,Hampshire Constabulary,-1.413953,50.914130,On or near Crossley Place,E01017138,Southampton 023C,Drugs,Status update unavailable,
e395f2bb112f64def3275ca570a3462f91855f548f0adfa88fff8b05a91c6408,2024-03,Hampshire Constabulary,Hampshire Constabulary,-1.413365,50.914505,On or near The Dell,E01017138,Southampton 023C,Other theft,Investigation complete; no suspect identified,
49cc6dd548e734323153248e697592ba039b2d528da1b0501bdc4fc3086ec43f,2024-03,Hampshire Constabulary,Hampshire Constabulary,-1.413365,50.914505,On or near The Dell,E01017138,Southampton 023C,Public order,Unable to prosecute suspect,
be410ed5af33e52fe950789a6a5e93888a0103cf98fb052da92e4de59c19b19c,2024-03,Hampshire Constabulary,Hampshire Constabulary,-1.409903,50.914910,On or near Holt Road,E01017138,Southampton 023C,Violence and sexual offences,Unable to prosecute suspect,
4a087008dc02685ee67f5aa5c1e7c7709933e9fbb14266f3603f4731ca4efde2,2024-03,Hampshire Constabulary,Hampshire Constabulary,-1.414975,50.912004,On or near Rollesbrook Gardens,E01017138,Southampton 023C,Violence and sexual offences,Status update unavailable,
a7496d644f8200f6b39c1e546a59f2d0b956e5b2d2c106458b32615aa16d2d1a,2024-03,Hampshire Constabulary,Hampshire Constabulary,-1.413365,50.914505,On or near The Dell,E01017138,Southampton 023C,Violence and sexual offences,Unable to prosecute suspect,
186221b2f75a731d78c4af8ca2f6f4b7c8eeda4b27a1e06343e1b98b6fa7f792,2024-03,Hampshire Constabulary,Hampshire Constabulary,-1.407690,50.915591,On or near Fitzhugh Place,E01017138,Southampton 023C,Violence and sexual offences,Unable to prosecute suspect,
aba53eee14b13556de538aa6cb8fe2e6ee7716afd81e959681cf3992f7add091,2024-03,Hampshire Constabulary,Hampshire Constabulary,-1.405073,50.904382,On or near Scullards Lane,E01035444,Southampton 023E,Burglary,Investigation complete; no suspect identified,
c64fe4046c583180286f38b59f6834b50fa6213652866392bd95720dc13d869e,2024-03,Hampshire Constabulary,Hampshire Constabulary,-1.400122,50.901191,On or near Bell Street,E01035444,Southampton 023E,Burglary,Investigation complete; no suspect identified,
67d8f8299e07f492bf8d900156433054ce5cf170c817dd928a8c20048a7f3030,2024-03,Hampshire Constabulary,Hampshire Constabulary,-1.406478,50.907995,On or near Theatre/Concert Hall,E01035444,Southampton 023E,Burglary,Court result unavailable,
9daec5160d201bd10ef96f525ddb5f73374ed653ea72bc1966c1359b8c7bd21c,2024-03,Hampshire Constabulary,Hampshire Constabulary,-1.404260,50.902355,On or near High Street,E01035444,Southampton 023E,Burglary,Investigation complete; no suspect identified,
50633444889346d613f70bde9b938874bfa6099aed80ccd0c8e18ebf49c35878,2024-03,Hampshire Constabulary,Hampshire Constabulary,-1.401855,50.900247,On or near Parking Area,E01035444,Southampton 023E,Burglary,Unable to prosecute suspect,
8a80ad7ef3fd795772fa399b2ae86e3cca18227b3426aed27e0bf8fb82225faf,2024-03,Hampshire Constabulary,Hampshire Constabulary,-1.400122,50.901191,On or near Bell Street,E01035444,Southampton 023E,Criminal damage and arson,Unable to prosecute suspect,
6562c8258578c95d651b7d3b41d88dfa0ac9d24489553ae84461fd6bd291d155,2024-03,Hampshire Constabulary,Hampshire Constabulary,-1.406629,50.907286,On or near Parking Area,E01035444,Southampton 023E,Criminal damage and arson,Unable to prosecute suspect,
b4cc2ec6ac28ce1f79ace870490e065e7c8cead5836911ae491bcb9d74d36cdf,2024-03,Hampshire Constabulary,Hampshire Constabulary,-1.405073,50.904382,On or near Scullards Lane,E01035444,Southampton 023E,Criminal damage and arson,Further investigation is not in the public interest,
e1e0fb64572eb7115aabef9f3de225901fd9c0fa508858acb6880c49a614e7dc,2024-03,Hampshire Constabulary,Hampshire Constabulary,-1.405698,50.906696,On or near Windsor Terrace,E01035444,Southampton 023E,Drugs,Local resolution,
a7d52e9dc78a142ba36047bb7bc8b82160a44741b8c89867fada751bbbbdc5ff,2024-03,Hampshire Constabulary,Hampshire Constabulary,-1.404628,50.900234,On or near West Street,E01035444,Southampton 023E,Drugs,Investigation complete; no suspect identified,
59e898f93aa1cee211edb9a94e94d2ec3d0684f2419929862ce045e7ab7a1a1f,2024-03,Hampshire Constabulary,Hampshire Constabulary,-1.404628,50.900234,On or near West Street,E01035444,Southampton 023E,Drugs,Investigation complete; no suspect identified,
d72aeeb3822e5e79f2e1dcd9a68669bb4ab90ab6949db7458bb2d02e7f02e933,2024-03,Hampshire Constabulary,Hampshire Constabulary,-1.403848,50.907892,On or near Park Walk,E01035444,Southampton 023E,Drugs,Unable to prosecute suspect,
d73d903b4aebb8e4b9fad5cf56654f367452cb104894836cd2af1caf17eaf379,2024-03,Hampshire Constabulary,Hampshire Constabulary,-1.404647,50.907689,On or near Above Bar Street,E01035444,Southampton 023E,Drugs,Local resolution,
b40ceae0c02c08a174dc56e3770f31f517b045a65467ebc36964874492ac5418,2024-03,Hampshire Constabulary,Hampshire Constabulary,-1.407260,50.905733,On or near Supermarket,E01035444,Southampton 023E,Drugs,Unable to prosecute suspect,
f77ec35a37e7e82541edb661540537c7e6ebcefad17ac455fe77f1671c617770,2024-03,Hampshire Constabulary,Hampshire Constabulary,-1.405698,50.906696,On or near Windsor Terrace,E01035444,Southampton 023E,Drugs,Local resolution,
ca242fa9d907a644c410898f6b3c7f7ff69ab5d7c951888c8ae7ed4a77f042d7,2024-03,Hampshire Constabulary,Hampshire Constabulary,-1.406629,50.907286,On or near Parking Area,E01035444,Southampton 023E,Other theft,Further investigation is not in the public interest,
d2cd74c4c6f26983e71ef5b5c75a1466ddf12487d2aaf89e889e3a1b6fa00b53,2024-03,Hampshire Constabulary,Hampshire Constabulary,-1.403420,50.901316,On or near Supermarket,E01035444,Southampton 023E,Possession of weapons,Investigation complete; no suspect identified,
13babe20b3d473d45c0a70e9ebd648aa62d0bfb44cd5417939f3f29a52d7d128,2024-03,Hampshire Constabulary,Hampshire Constabulary,-1.402127,50.900078,On or near Back Of The Walls,E01035444,Southampton 023E,Public order,Unable to prosecute suspect,
5305b3ef33517dc266898f25809bbb90783a7d53e7320bdc3b0c0d8203337c68,2024-03,Hampshire Constabulary,Hampshire Constabulary,-1.403420,50.901316,On or near Supermarket,E01035444,Southampton 023E,Public order,Investigation complete; no suspect identified,
d310f456642c1f3bde4112a9a67d4f9ffeb04e51b411e9702f2320cd1dfed254,2024-03,Hampshire Constabulary,Hampshire Constabulary,-1.404670,50.901386,On or near Castle Lane,E01035444,Southampton 023E,Public order,Investigation complete; no suspect identified,
1fb22133ffada74bae1cac514d68935dc95b4c51e9c8ec9a0c7535de714f2561,2024-03,Hampshire Constabulary,Hampshire Constabulary,-1.404670,50.901386,On or near Castle Lane,E01035444,Southampton 023E,Public order,Investigation complete; no suspect identified,
5d14dc41fb42a8b742f16c225c9e17ce2e9efa677dfa01508c4fbd6986658c9b,2024-03,Hampshire Constabulary,Hampshire Constabulary,-1.400122,50.901191,On or near Bell Street,E01035444,Southampton 023E,Public order,Unable to prosecute suspect,
d44c6d6077beeb52e7a532536b235fbf55de87c28e0f0ef914d5a6ecdcc9c3a4,2024-03,Hampshire Constabulary,Hampshire Constabulary,-1.404260,50.902355,On or near High Street,E01035444,Southampton 023E,Public order,Unable to prosecute suspect,
70b6fc160520190f6c36e7f052ab764b18647197c5c6562ce9192030cd7511ae,2024-03,Hampshire Constabulary,Hampshire Constabulary,-1.405698,50.906696,On or near Windsor Terrace,E01035444,Southampton 023E,Public order,Unable to prosecute suspect,
21010d428a945ee312fdaa8834527e45b237e7b65a96b3b48b035b854a07086b,2024-03,Hampshire Constabulary,Hampshire Constabulary,-1.405698,50.906696,On or near Windsor Terrace,E01035444,Southampton 023E,Public order,Investigation complete; no suspect identified,
343b723e8c2e111594c01b9e63af6560f0d60c0f86c381753082ecee92e57a0d,2024-03,Hampshire Constabulary,Hampshire Constabulary,-1.404810,50.907145,On or near Nightclub,E01035444,Southampton 023E,Public order,Formal action is not in the public interest,
d4c90bf26bbe44ee83c2825b659fc84826ac2290e2fe5006a14cfb7f29ae778d,2024-03,Hampshire Constabulary,Hampshire Constabulary,-1.408107,50.906205,On or near Fitzhugh Street,E01035444,Southampton 023E,Robbery,Investigation complete; no suspect identified,
793e5904b54eac52f7b3913005f551ad4c8a5f1397b5c4a82c6c4b9456567ff4,2024-03,Hampshire Constabulary,Hampshire Constabulary,-1.408107,50.906205,On or near Fitzhugh Street,E01035444,Southampton 023E,Robbery,Investigation complete; no suspect identified,
81f6bd473683471c2eaa842cca12db59ac1a2706cfc6053a28d4f4ec3e44f101,2024-03,Hampshire Constabulary,Hampshire Constabulary,-1.408107,50.906205,On or near Fitzhugh Street,E01035444,Southampton 023E,Robbery,Investigation complete; no suspect identified,
75ca4655f34eab080ae4425fca87050d955aa6b771b545ce58731bd739eb42e1,2024-03,Hampshire Constabulary,Hampshire Constabulary,-1.403420,50.901316,On or near Supermarket,E01035444,Southampton 023E,Shoplifting,Local resolution,
b6804b09d170fc3e81e053e47ebc184ccc500eb8603ac7f993a49b26d1a5e668,2024-03,Hampshire Constabulary,Hampshire Constabulary,-1.405418,50.905238,On or near Ogle Road,E01035444,Southampton 023E,Shoplifting,Unable to prosecute suspect,
c726a255721b84db5d50368e04441c580f5d73d415724980bc443f046a23e4e9,2024-03,Hampshire Constabulary,Hampshire Constabulary,-1.407260,50.905733,On or near Supermarket,E01035444,Southampton 023E,Shoplifting,Unable to prosecute suspect,
90f65f9f6b2a9cf50e2874b00b893753ec17a8ab338fa710996e266268aafdd8,2024-03,Hampshire Constabulary,Hampshire Constabulary,-1.405073,50.904382,On or near Scullards Lane,E01035444,Southampton 023E,Shoplifting,Court result unavailable,
c3ef39d17e9547a2a1b476d4d75864bbc13b88035a7e2acec2f08cfc82f8be56,2024-03,Hampshire Constabulary,Hampshire Constabulary,-1.405073,50.904382,On or near Scullards Lane,E01035444,Southampton 023E,Shoplifting,Local resolution,
8451879f1eb7e16f5702a71816d1f283ce39acf5066c796d8f91607a8cf25a90,2024-03,Hampshire Constabulary,Hampshire Constabulary,-1.405073,50.904382,On or near Scullards Lane,E01035444,Southampton 023E,Shoplifting,Local resolution,
06eb6297f90bf693a69d6a1fe9abf80cba72b4294caa4906388ed6ece7ba6b91,2024-03,Hampshire Constabulary,Hampshire Constabulary,-1.405155,50.904616,On or near Portland Street,E01035444,Southampton 023E,Shoplifting,Local resolution,
1f0eaeca13f71b98bd6915491d53aef478a033e23a23b401d04e80465b2e48de,2024-03,Hampshire Constabulary,Hampshire Constabulary,-1.405155,50.904616,On or near Portland Street,E01035444,Southampton 023E,Shoplifting,Court result unavailable,
f19cd3cfbfbd48c22fee1ce53230b70026488004f618663e28918f579f951156,2024-03,Hampshire Constabulary,Hampshire Constabulary,-1.407260,50.905733,On or near Supermarket,E01035444,Southampton 023E,Shoplifting,Court result unavailable,
337c615f53e17faba73be3cbe8d0ec92bc868ffc425dfed0374f473ba364361e,2024-03,Hampshire Constabulary,Hampshire Constabulary,-1.407260,50.905733,On or near Supermarket,E01035444,Southampton 023E,Shoplifting,Local resolution,
310f7309770a9da160e63a04d40d8886e6ab8033f09ec9c115bcce24c9875649,2024-03,Hampshire Constabulary,Hampshire Constabulary,-1.407260,50.905733,On or near Supermarket,E01035444,Southampton 023E,Shoplifting,Local resolution,
05f2eb4f669b6ca20d052319da326b38dc78d0dece9a2288a53abdc80c1a70d2,2024-03,Hampshire Constabulary,Hampshire Constabulary,-1.407260,50.905733,On or near Supermarket,E01035444,Southampton 023E,Shoplifting,Court result unavailable,
4934c3326bffc0868c256f621f7263d9b76bd5b93794bfdbf4f15765ea094d05,2024-03,Hampshire Constabulary,Hampshire Constabulary,-1.407260,50.905733,On or near Supermarket,E01035444,Southampton 023E,Shoplifting,Court result unavailable,
10855ab0e284693e660358fa27942ff5ac31f2347bb2a2c726cd178600f5696c,2024-03,Hampshire Constabulary,Hampshire Constabulary,-1.404260,50.902355,On or near High Street,E01035444,Southampton 023E,Shoplifting,Unable to prosecute suspect,
9be2237d0ad1a4822d94cf9414d6cad11114e1205fafea67214b7085c1020c03,2024-03,Hampshire Constabulary,Hampshire Constabulary,-1.405073,50.904382,On or near Scullards Lane,E01035444,Southampton 023E,Shoplifting,Investigation complete; no suspect identified,
f83c0ab0e521f54b222dff8fee238da7b1c2bbe0725efeba2f80751d120110f3,2024-03,Hampshire Constabulary,Hampshire Constabulary,-1.404260,50.902355,On or near High Street,E01035444,Southampton 023E,Shoplifting,Court result unavailable,
81a0192ff6902c51342d95269197a976592963c955476392c83629d29b5a86cc,2024-03,Hampshire Constabulary,Hampshire Constabulary,-1.404260,50.902355,On or near High Street,E01035444,Southampton 023E,Shoplifting,Local resolution,
12d9b198c4cef3b6b94e7ad9dd357e08b474453fc66f80db8bb60e7e46b1e815,2024-03,Hampshire Constabulary,Hampshire Constabulary,-1.404260,50.902355,On or near High Street,E01035444,Southampton 023E,Shoplifting,Local resolution,
a2af4570e0633cc4d0035604300d6918af7383da755bbe54a85d656dbb8e2ba9,2024-03,Hampshire Constabulary,Hampshire Constabulary,-1.404260,50.902355,On or near High Street,E01035444,Southampton 023E,Shoplifting,Unable to prosecute suspect,
d8b504f197594bd2b75d41ac5c1d7654c19bc16145f7d99930906bdfc39cce9c,2024-03,Hampshire Constabulary,Hampshire Constabulary,-1.405073,50.904382,On or near Scullards Lane,E01035444,Southampton 023E,Shoplifting,Local resolution,
d740c265716cd4914e49da457fe0b3190cbc2eddbddb5000972ad27e9b6b70ad,2024-03,Hampshire Constabulary,Hampshire Constabulary,-1.405073,50.904382,On or near Scullards Lane,E01035444,Southampton 023E,Shoplifting,Court result unavailable,
0de7b3da34a418594400dcf5464ed238611b9a287959826fc73dc2443ab48962,2024-03,Hampshire Constabulary,Hampshire Constabulary,-1.404260,50.902355,On or near High Street,E01035444,Southampton 023E,Shoplifting,Unable to prosecute suspect,
43e8db1c6ea33c77b8921895dafaf0fba2209006da1eed94aedf7b9f1aa7bc38,2024-03,Hampshire Constabulary,Hampshire Constabulary,-1.405418,50.905238,On or near Ogle Road,E01035444,Southampton 023E,Shoplifting,Further investigation is not in the public interest,
5600a05055cd25bdd22c032d7d0910690c276fc580e5ea9306cd069ca722a203,2024-03,Hampshire Constabulary,Hampshire Constabulary,-1.402645,50.904091,On or near Vincents Walk,E01035444,Southampton 023E,Shoplifting,Investigation complete; no suspect identified,
0f45cadfd090b03ea7b6eac88413154dd157e10689174b905b2148f8e17a34f3,2024-03,Hampshire Constabulary,Hampshire Constabulary,-1.404647,50.907689,On or near Above Bar Street,E01035444,Southampton 023E,Violence and sexual offences,Investigation complete; no suspect identified,
32f4d91cf5ff49b546e5e076a79dea04af8216c5c4b4da901b76d1a0e9a45a11,2024-03,Hampshire Constabulary,Hampshire Constabulary,-1.401088,50.900189,On or near Queensway,E01035444,Southampton 023E,Violence and sexual offences,Unable to prosecute suspect,
9dfffd65ff904ba991b5da54f710f290a76f7feab61c22e5deff66abffa0a6a6,2024-03,Hampshire Constabulary,Hampshire Constabulary,-1.404628,50.900234,On or near West Street,E01035444,Southampton 023E,Violence and sexual offences,Unable to prosecute suspect,
9099ead68a6bc2ae6ba585f684c9931b8ff37a95dbfd7d8560007d0ea274f090,2024-03,Hampshire Constabulary,Hampshire Constabulary,-1.403848,50.907892,On or near Park Walk,E01035444,Southampton 023E,Violence and sexual offences,Investigation complete; no suspect identified,
58d5b5f7686528e8f5c1045750cef4443f56a3131f88fbd8adb946b7611232da,2024-03,Hampshire Constabulary,Hampshire Constabulary,-1.404628,50.900234,On or near West Street,E01035444,Southampton 023E,Violence and sexual offences,Investigation complete; no suspect identified,
0c7c2c5f578f76a968772cfe8a8cae8b80335701e8e8189ef07143685da95582,2024-03,Hampshire Constabulary,Hampshire Constabulary,-1.403848,50.907892,On or near Park Walk,E01035444,Southampton 023E,Violence and sexual offences,Unable to prosecute suspect,
bd5a46a9185440208b31924c1caa2e2e677de1c12a1ce8f2ecd073ad1057ca4f,2024-03,Hampshire Constabulary,Hampshire Constabulary,-1.400122,50.901191,On or near Bell Street,E01035444,Southampton 023E,Violence and sexual offences,Unable to prosecute suspect,
b8436bd4101cc3c8b1232a5e8503539778c333b34399a62381f44ec8e707fbe9,2024-03,Hampshire Constabulary,Hampshire Constabulary,-1.404647,50.907689,On or near Above Bar Street,E01035444,Southampton 023E,Violence and sexual offences,Unable to prosecute suspect,
7f83f239c53973dd4da500a1767ee16c0f0295d01c83b7fd5ee8691f78534506,2024-03,Hampshire Constabulary,Hampshire Constabulary,-1.400122,50.901191,On or near Bell Street,E01035444,Southampton 023E,Violence and sexual offences,Unable to prosecute suspect,
6708eabfd1dc1b01676d3976b9e1b33cddb5b85ee4d4d5b1cd99484e4b655481,2024-03,Hampshire Constabulary,Hampshire Constabulary,-1.404670,50.901386,On or near Castle Lane,E01035444,Southampton 023E,Violence and sexual offences,Unable to prosecute suspect,
4a8d0e10b6d360594b792b577f959114c409fc1e0fbacb3ff545d4f88e851b6c,2024-03,Hampshire Constabulary,Hampshire Constabulary,-1.404670,50.901386,On or near Castle Lane,E01035444,Southampton 023E,Violence and sexual offences,Unable to prosecute suspect,
e26d2e54c09daa56bebc2e95d9feb798bf3b2db7949e74f09965005ae043579c,2024-03,Hampshire Constabulary,Hampshire Constabulary,-1.405418,50.905238,On or near Ogle Road,E01035444,Southampton 023E,Violence and sexual offences,Investigation complete; no suspect identified,
50769f837730d54fd90a4cf4fe48456461d031e8ec89af78f53bcf29441b67dd,2024-03,Hampshire Constabulary,Hampshire Constabulary,-1.403848,50.907892,On or near Park Walk,E01035444,Southampton 023E,Violence and sexual offences,Unable to prosecute suspect,
e96c1b2144857886f41d2ac58c6060549e54e55f70707ab01cf1854eba0339cd,2024-03,Hampshire Constabulary,Hampshire Constabulary,-1.406478,50.907995,On or near Theatre/Concert Hall,E01035444,Southampton 023E,Violence and sexual offences,Unable to prosecute suspect,
744dba4916d16811eb7972cca79df0fecdcae9d857e1c900aea6a0be3606b75a,2024-03,Hampshire Constabulary,Hampshire Constabulary,-1.403848,50.907892,On or near Park Walk,E01035444,Southampton 023E,Violence and sexual offences,Investigation complete; no suspect identified,
9fc5acabd8088b0c0e0c8e3584aeb75fdb781dbb864dc7bcd81877bd7c3f0768,2024-03,Hampshire Constabulary,Hampshire Constabulary,-1.401429,50.900191,On or near Petrol Station,E01035444,Southampton 023E,Violence and sexual offences,Unable to prosecute suspect,
22fa8847fa7829935c8420fdde9d3d84af8c1a67eb57e67175db0dc5bcb88807,2024-03,Hampshire Constabulary,Hampshire Constabulary,-1.404628,50.900234,On or near West Street,E01035444,Southampton 023E,Violence and sexual offences,Investigation complete; no suspect identified,
bdff8e92377070784d592402e4a319b9fe6035e73b744b9e5093284e75d26996,2024-03,Hampshire Constabulary,Hampshire Constabulary,-1.405418,50.905238,On or near Ogle Road,E01035444,Southampton 023E,Violence and sexual offences,Unable to prosecute suspect,
ebab96c8bf09f0a7a4df11288281c1750520d572ba1e5395d52cfba28e0eff13,2024-03,Hampshire Constabulary,Hampshire Constabulary,-1.407260,50.905733,On or near Supermarket,E01035444,Southampton 023E,Violence and sexual offences,Court result unavailable,
8f67c39cbcd2ceb34d16992668c3b885cfd411bc59b5e5985f25dc18bf9d7d95,2024-03,Hampshire Constabulary,Hampshire Constabulary,-1.404647,50.907689,On or near Above Bar Street,E01035444,Southampton 023E,Violence and sexual offences,Investigation complete; no suspect identified,
8edf7685f68156cfe96357be14a280769f50699018ba78c520ccfc38594ba08b,2024-03,Hampshire Constabulary,Hampshire Constabulary,-1.404260,50.902355,On or near High Street,E01035444,Southampton 023E,Violence and sexual offences,Investigation complete; no suspect identified,
1403feef66f3bdf2b95c49ca5cd92ea0d3b199d9bb7ca1361c81eb4d37a67d2f,2024-03,Hampshire Constabulary,Hampshire Constabulary,-1.405073,50.904382,On or near Scullards Lane,E01035444,Southampton 023E,Violence and sexual offences,Investigation complete; no suspect identified,
08d812056e7c4c34281ba67657be20900bb6b23cf6415be0397048080e403b56,2024-03,Hampshire Constabulary,Hampshire Constabulary,-1.402127,50.900078,On or near Back Of The Walls,E01035444,Southampton 023E,Other crime,Formal action is not in the public interest,
0e2a8e9d94a2170942b8cf581943a224616d95a783d9da0f16837bcbdf2629d5,2024-03,Hampshire Constabulary,Hampshire Constabulary,-1.400122,50.901191,On or near Bell Street,E01035444,Southampton 023E,Other crime,Unable to prosecute suspect,
,2024-03,Hampshire Constabulary,Hampshire Constabulary,-1.405102,50.901001,On or near Lansdowne Hill,E01035444,Southampton 023E,Anti-social behaviour,,
,2024-03,Hampshire Constabulary,Hampshire Constabulary,-1.404670,50.901386,On or near Castle Lane,E01035444,Southampton 023E,Anti-social behaviour,,
,2024-03,Hampshire Constabulary,Hampshire Constabulary,-1.405073,50.904382,On or near Scullards Lane,E01035444,Southampton 023E,Anti-social behaviour,,
,2024-03,Hampshire Constabulary,Hampshire Constabulary,-1.403848,50.907892,On or near Park Walk,E01035444,Southampton 023E,Anti-social behaviour,,
,2024-03,Hampshire Constabulary,Hampshire Constabulary,-1.404260,50.902355,On or near High Street,E01035444,Southampton 023E,Anti-social behaviour,,
,2024-03,Hampshire Constabulary,Hampshire Constabulary,-1.404260,50.902355,On or near High Street,E01035444,Southampton 023E,Anti-social behaviour,,
,2024-03,Hampshire Constabulary,Hampshire Constabulary,-1.405698,50.906696,On or near Windsor Terrace,E01035444,Southampton 023E,Anti-social behaviour,,
6c574707b1f5e266a8142ef29b75fb7dcb5fb62883d9d45afe105f4ca0b533f1,2024-03,Hampshire Constabulary,Hampshire Constabulary,-1.407260,50.905733,On or near Supermarket,E01035444,Southampton 023E,Criminal damage and arson,Investigation complete; no suspect identified,
00f1d2888abc26f0f445acffff4811c84e41edd4d24e38ce69df2641dea5865b,2024-03,Hampshire Constabulary,Hampshire Constabulary,-1.400122,50.901191,On or near Bell Street,E01035444,Southampton 023E,Criminal damage and arson,Investigation complete; no suspect identified,
d49c089c698f3fdba081eac0387b4e7612fef393c13ce30fc3402b1d93da67d3,2024-03,Hampshire Constabulary,Hampshire Constabulary,-1.404260,50.902355,On or near High Street,E01035444,Southampton 023E,Drugs,Formal action is not in the public interest,
a7b6b78714fbb1db3f3f8422349879c60a14b43939cbef292083666d69a24e3d,2024-03,Hampshire Constabulary,Hampshire Constabulary,-1.404810,50.907145,On or near Nightclub,E01035444,Southampton 023E,Other theft,Investigation complete; no suspect identified,
c93b934756b099395428958e989c65f6d2e5dd4cb04a73166865a314ab93fe16,2024-03,Hampshire Constabulary,Hampshire Constabulary,-1.403848,50.907892,On or near Park Walk,E01035444,Southampton 023E,Other theft,Investigation complete; no suspect identified,
7f7a972bad0ffd53148aaef6d07491889bef78c84aa337839b4c4971f4ceaa40,2024-03,Hampshire Constabulary,Hampshire Constabulary,-1.404260,50.902355,On or near High Street,E01035444,Southampton 023E,Other theft,Investigation complete; no suspect identified,
d19431617627e2b5bcc986e7c909f6475b9ca3d37a5191b6fa3cc2726a2996f4,2024-03,Hampshire Constabulary,Hampshire Constabulary,-1.405698,50.906696,On or near Windsor Terrace,E01035444,Southampton 023E,Other theft,Status update unavailable,
36ece735f280a7cec3d13764cf46f6e5a24d76be55fc60eb3d04e8b941f4031f,2024-03,Hampshire Constabulary,Hampshire Constabulary,-1.404260,50.902355,On or near High Street,E01035444,Southampton 023E,Other theft,Investigation complete; no suspect identified,
7b9c11b6f1abe156527f86b16bcd5e6c4ab77cb27514b779ec57c2c1b7bc53b8,2024-03,Hampshire Constabulary,Hampshire Constabulary,-1.403420,50.901316,On or near Supermarket,E01035444,Southampton 023E,Other theft,Investigation complete; no suspect identified,
b4b90dbf12c9705b8b56865dccbc644729e9176180dd906333a73c3da9149cea,2024-03,Hampshire Constabulary,Hampshire Constabulary,-1.402127,50.900078,On or near Back Of The Walls,E01035444,Southampton 023E,Public order,Investigation complete; no suspect identified,
7ee41cfd31121420058128f209eeaaf4c002b0cda1e1a6d12ee87f8b259471fe,2024-03,Hampshire Constabulary,Hampshire Constabulary,-1.407260,50.905733,On or near Supermarket,E01035444,Southampton 023E,Public order,Unable to prosecute suspect,
72ebb497e7600c19a21901699d7d018f0c55ee66476fd063e119998844883c08,2024-03,Hampshire Constabulary,Hampshire Constabulary,-1.403255,50.910901,On or near Brunswick Place,E01035444,Southampton 023E,Public order,Investigation complete; no suspect identified,
9f6b47e4d5c0c9a4c33166bc5ab66f101e1e5674b1bbc951495e4a42ebfd32cd,2024-03,Hampshire Constabulary,Hampshire Constabulary,-1.403420,50.901316,On or near Supermarket,E01035444,Southampton 023E,Public order,Investigation complete; no suspect identified,
e0d5def53a89692ee0662bc4f1aeeeabe690252661a212fd361e23fb4b967a78,2024-03,Hampshire Constabulary,Hampshire Constabulary,-1.403420,50.901316,On or near Supermarket,E01035444,Southampton 023E,Public order,Unable to prosecute suspect,
3813153ec49bce8be8275ba5b805e6754b2f26593c3488fda0f1346c8a6f644b,2024-03,Hampshire Constabulary,Hampshire Constabulary,-1.402127,50.900078,On or near Back Of The Walls,E01035444,Southampton 023E,Public order,Unable to prosecute suspect,
b5e4016d11a0fbb5bd3717f815d5a7ea097620fcc8b8bc43baf27d1e1f23e990,2024-03,Hampshire Constabulary,Hampshire Constabulary,-1.406478,50.907995,On or near Theatre/Concert Hall,E01035444,Southampton 023E,Public order,Investigation complete; no suspect identified,
aeccf95dd59ebcd7b60a5237bdc0ef67b7cab88d85d18a59b67a658bbe11b13c,2024-03,Hampshire Constabulary,Hampshire Constabulary,-1.405698,50.906696,On or near Windsor Terrace,E01035444,Southampton 023E,Shoplifting,Investigation complete; no suspect identified,
69b8ce388710256be8697fbeab6a302edb8f9a29c0941c88133be230495886d9,2024-03,Hampshire Constabulary,Hampshire Constabulary,-1.405073,50.904382,On or near Scullards Lane,E01035444,Southampton 023E,Shoplifting,Investigation complete; no suspect identified,
caffce443e7cf1178242d42af27c1cd94b41a2c92ed05951044de60b7828c43e,2024-03,Hampshire Constabulary,Hampshire Constabulary,-1.405073,50.904382,On or near Scullards Lane,E01035444,Southampton 023E,Shoplifting,Unable to prosecute suspect,
1a5d23f0cdc90b85b43e44062cdad0aa99ee0ddb032087668fec88417db8364a,2024-03,Hampshire Constabulary,Hampshire Constabulary,-1.405418,50.905238,On or near Ogle Road,E01035444,Southampton 023E,Shoplifting,Investigation complete; no suspect identified,
5096d434ec484803d5ace3e3a75a287e958cdafe499b0d0fa5960acf788741aa,2024-03,Hampshire Constabulary,Hampshire Constabulary,-1.407260,50.905733,On or near Supermarket,E01035444,Southampton 023E,Shoplifting,Investigation complete; no suspect identified,
d61ff82119494c36fbbf6bb764383eb932a61fa95c1071e3121562d46c61b363,2024-03,Hampshire Constabulary,Hampshire Constabulary,-1.402645,50.904091,On or near Vincents Walk,E01035444,Southampton 023E,Shoplifting,Investigation complete; no suspect identified,
c351f31df89892db86e439b012feab9d846ba25c07e7c100d4f93dbd1d304671,2024-03,Hampshire Constabulary,Hampshire Constabulary,-1.402645,50.904091,On or near Vincents Walk,E01035444,Southampton 023E,Shoplifting,Investigation complete; no suspect identified,
0e691f4dc4a830f268b626a61802388bdac74dd0f7f9bed502268c3bee4edb70,2024-03,Hampshire Constabulary,Hampshire Constabulary,-1.405073,50.904382,On or near Scullards Lane,E01035444,Southampton 023E,Shoplifting,Investigation complete; no suspect identified,
0a1d247df9f3013e2959298ca5afc5735d5c06dcd8465e303838dbd787b29072,2024-03,Hampshire Constabulary,Hampshire Constabulary,-1.405073,50.904382,On or near Scullards Lane,E01035444,Southampton 023E,Shoplifting,Investigation complete; no suspect identified,
8d9e81a327228f52518b5cf91041916b5eb1cd0faafd221d99498686f8dde637,2024-03,Hampshire Constabulary,Hampshire Constabulary,-1.404260,50.902355,On or near High Street,E01035444,Southampton 023E,Shoplifting,Investigation complete; no suspect identified,
130472cc08e5faccbc1e18be117cf54c3a82785816c9c742bd204fac0eb365dd,2024-03,Hampshire Constabulary,Hampshire Constabulary,-1.405073,50.904382,On or near Scullards Lane,E01035444,Southampton 023E,Shoplifting,Status update unavailable,
d400a6e1dea624d74583e2b593be854ccc0c734e15fee25158a686dc63f0b523,2024-03,Hampshire Constabulary,Hampshire Constabulary,-1.405073,50.904382,On or near Scullards Lane,E01035444,Southampton 023E,Shoplifting,Unable to prosecute suspect,
ce0b2086585490d90578f94490e5d1f1e449447346f8d51c5c6ac4262d8bd7ed,2024-03,Hampshire Constabulary,Hampshire Constabulary,-1.405073,50.904382,On or near Scullards Lane,E01035444,Southampton 023E,Shoplifting,Investigation complete; no suspect identified,
b7cc0e146c5bdea09c3a0e38f8be28b3a90493c37d1da3428a0892f9c480d710,2024-03,Hampshire Constabulary,Hampshire Constabulary,-1.405073,50.904382,On or near Scullards Lane,E01035444,Southampton 023E,Shoplifting,Investigation complete; no suspect identified,
408fef38796fbac2d54286dcab0cf0e07eea3a792db3d30a5e7d191e79c0bcfb,2024-03,Hampshire Constabulary,Hampshire Constabulary,-1.405073,50.904382,On or near Scullards Lane,E01035444,Southampton 023E,Shoplifting,Investigation complete; no suspect identified,
64895a4a8b16c302802214368a06cfca906397215d2e0605cead50aa407e90a5,2024-03,Hampshire Constabulary,Hampshire Constabulary,-1.402645,50.904091,On or near Vincents Walk,E01035444,Southampton 023E,Shoplifting,Investigation complete; no suspect identified,
e4ae965913347c78bb72e76b66cc30d58a88e7824619725a520080787c9eeabf,2024-03,Hampshire Constabulary,Hampshire Constabulary,-1.405073,50.904382,On or near Scullards Lane,E01035444,Southampton 023E,Shoplifting,Investigation complete; no suspect identified,
71d5644b35a7785a6d56497a643195ddab61e0693d18a86c6dda68f5f9363d78,2024-03,Hampshire Constabulary,Hampshire Constabulary,-1.405073,50.904382,On or near Scullards Lane,E01035444,Southampton 023E,Shoplifting,Investigation complete; no suspect identified,
bba1017548aa8e93999b8e57c221f46faa13f9650a19d1fd887cf1a88a6f2068,2024-03,Hampshire Constabulary,Hampshire Constabulary,-1.404260,50.902355,On or near High Street,E01035444,Southampton 023E,Theft from the person,Unable to prosecute suspect,
4c8e52dff270bdb4442d6aa4286dffca33cfaa19961dd54e2d656c313f6aa40d,2024-03,Hampshire Constabulary,Hampshire Constabulary,-1.404810,50.907145,On or near Nightclub,E01035444,Southampton 023E,Theft from the person,Investigation complete; no suspect identified,
a38d97b852e318b5ff469da242122201fcc87f3d2c9b4d451efd612442417ba2,2024-03,Hampshire Constabulary,Hampshire Constabulary,-1.404260,50.902355,On or near High Street,E01035444,Southampton 023E,Theft from the person,Investigation complete; no suspect identified,
8864fcdf696b0c8755e1cff1b9c58361dcbbf34522deb7c65bf69b5263958f1b,2024-03,Hampshire Constabulary,Hampshire Constabulary,-1.404810,50.907145,On or near Nightclub,E01035444,Southampton 023E,Theft from the person,Investigation complete; no suspect identified,
06766f5114e499225953452c307aa4f4876d402b66d1b198847cc70e270bcba2,2024-03,Hampshire Constabulary,Hampshire Constabulary,-1.404810,50.907145,On or near Nightclub,E01035444,Southampton 023E,Violence and sexual offences,Investigation complete; no suspect identified,
1093d744a6bc7ae0dd9f439ec29a0d165308b448f89e396fc97a12b9bdfea918,2024-03,Hampshire Constabulary,Hampshire Constabulary,-1.405418,50.905238,On or near Ogle Road,E01035444,Southampton 023E,Violence and sexual offences,Status update unavailable,
432a7299d9f823060ab2a77d96c4f6a5d8887d564d8d9896f6bfcf8c0fcd285b,2024-03,Hampshire Constabulary,Hampshire Constabulary,-1.404647,50.907689,On or near Above Bar Street,E01035444,Southampton 023E,Violence and sexual offences,Unable to prosecute suspect,
d712777b9413d9650e2db25ccbcef473d6ed0eee6506a3f696c4af63b5d51030,2024-03,Hampshire Constabulary,Hampshire Constabulary,-1.405698,50.906696,On or near Windsor Terrace,E01035444,Southampton 023E,Violence and sexual offences,Status update unavailable,
66011a114c5d0ceda60a88556d3d583ede8d3052bab343c6ac1139a14245e9ae,2024-03,Hampshire Constabulary,Hampshire Constabulary,-1.404260,50.902355,On or near High Street,E01035444,Southampton 023E,Violence and sexual offences,Investigation complete; no suspect identified,
4ec9105f44adf5a2302fae15328aed36f339696183b8a5e40aa879d300ca0a5e,2024-03,Hampshire Constabulary,Hampshire Constabulary,-1.407260,50.905733,On or near Supermarket,E01035444,Southampton 023E,Violence and sexual offences,Investigation complete; no suspect identified,
cec8e1af6533ccef2c0a8621b3c6f0cb4a2661aec5afe0eca554213086bf0714,2024-03,Hampshire Constabulary,Hampshire Constabulary,-1.405073,50.904382,On or near Scullards Lane,E01035444,Southampton 023E,Violence and sexual offences,Investigation complete; no suspect identified,
1283299c50cb6651ef3cee0d0e9b478e2147a9517477985502471ec820ad6d20,2024-03,Hampshire Constabulary,Hampshire Constabulary,-1.404628,50.900234,On or near West Street,E01035444,Southampton 023E,Violence and sexual offences,Unable to prosecute suspect,
abf90a6a4252bc767f0c7bbcca520715cfec7338f938ef4fda4d0f4c5c636785,2024-03,Hampshire Constabulary,Hampshire Constabulary,-1.402127,50.900078,On or near Back Of The Walls,E01035444,Southampton 023E,Violence and sexual offences,Unable to prosecute suspect,
22daacd74aa462374d1752a69b51c1890ac8edfe32e01cff1441f19d3cc4123b,2024-03,Hampshire Constabulary,Hampshire Constabulary,-1.404810,50.907145,On or near Nightclub,E01035444,Southampton 023E,Violence and sexual offences,Investigation complete; no suspect identified,
be365d854a87036068ff9edf0e3dd80845e193ce41de948765e0a440f4f3f3d7,2024-03,Hampshire Constabulary,Hampshire Constabulary,-1.405698,50.906696,On or near Windsor Terrace,E01035444,Southampton 023E,Violence and sexual offences,Unable to prosecute suspect,
4c1c95356ff983d0a392fb3376d284b9640bc1b5ef296470071afc746c76bd31,2024-03,Hampshire Constabulary,Hampshire Constabulary,-1.405418,50.905238,On or near Ogle Road,E01035444,Southampton 023E,Violence and sexual offences,Status update unavailable,
9212110594901138aa54292a8a8e826e5800ecc6dc53698537eae201658474cd,2024-03,Hampshire Constabulary,Hampshire Constabulary,-1.400122,50.901191,On or near Bell Street,E01035444,Southampton 023E,Violence and sexual offences,Unable to prosecute suspect,
e52c4e5ba029b3635caa41f44322b2ab7a3ab4f7bbc7354a7b8da6ead795e7f4,2024-03,Hampshire Constabulary,Hampshire Constabulary,-1.407260,50.905733,On or near Supermarket,E01035444,Southampton 023E,Violence and sexual offences,Investigation complete; no suspect identified,
609003582f13c4f67c5940c356a119407e80839c1717a309db043fc467727960,2024-03,Hampshire Constabulary,Hampshire Constabulary,-1.402127,50.900078,On or near Back Of The Walls,E01035444,Southampton 023E,Violence and sexual offences,Unable to prosecute suspect,
c7901997bb9fa63399751e6f3dd6d105f96e1ab55e5d206f072b2c48dd455aac,2024-03,Hampshire Constabulary,Hampshire Constabulary,-1.401423,50.900650,On or near Canal Walk,E01035444,Southampton 023E,Other crime,Unable to prosecute suspect,
bc7dd1c51c093b189fb777438720c3ba0be390dcfc191d04c58ff2c13a9d5cfc,2024-03,Hampshire Constabulary,Hampshire Constabulary,-1.407260,50.905733,On or near Supermarket,E01035444,Southampton 023E,Other crime,Status update unavailable,
bd730542a60c5abce37eb0ae1a10cb7f22d53d10ee15318de98ea96170178da7,2024-03,Hampshire Constabulary,Hampshire Constabulary,-1.407182,50.903587,On or near Shopping Area,E01035445,Southampton 023F,Bicycle theft,Investigation complete; no suspect identified,
d10eaaec8d652c7a81b9040efd19a3adec97b763165a242e642a3fc5ff433702,2024-03,Hampshire Constabulary,Hampshire Constabulary,-1.405225,50.902450,On or near Parking Area,E01035445,Southampton 023F,Burglary,Unable to prosecute suspect,
87afd775f8a58815ec2e9d49f79762ed4bc9f6629810c969d829961609438d7b,2024-03,Hampshire Constabulary,Hampshire Constabulary,-1.411773,50.908777,On or near Parking Area,E01035445,Southampton 023F,Burglary,Unable to prosecute suspect,
f499a22928c81c51d4ee600eb1bc3d9fe8c078a5061a9da8f1e55b363164ce19,2024-03,Hampshire Constabulary,Hampshire Constabulary,-1.408097,50.904775,On or near Pirelli Street,E01035445,Southampton 023F,Burglary,Formal action is not in the public interest,
dd63d45be401f83f0bf2eddabf3462a2430556ef2135063797e2edce5a1adde6,2024-03,Hampshire Constabulary,Hampshire Constabulary,-1.407721,50.904153,On or near Parking Area,E01035445,Southampton 023F,Burglary,Investigation complete; no suspect identified,
a0bbf4046c7a67a0d30a1d67ba9dffd986109f919499f0ce41b519076b40810e,2024-03,Hampshire Constabulary,Hampshire Constabulary,-1.414588,50.907748,On or near Parking Area,E01035445,Southampton 023F,Burglary,Unable to prosecute suspect,
ac34d75247a8ca0224a3f67b007f0e7360bf72660b4c4f67afb7c44dcada58bd,2024-03,Hampshire Constabulary,Hampshire Constabulary,-1.408166,50.900459,On or near Parking Area,E01035445,Southampton 023F,Criminal damage and arson,Local resolution,
a9a167022f97d66b7123945a68bde4505ddb75c28290c665a1bfff54988ef6f9,2024-03,Hampshire Constabulary,Hampshire Constabulary,-1.411773,50.908777,On or near Parking Area,E01035445,Southampton 023F,Criminal damage and arson,Investigation complete; no suspect identified,
00a0c26a3434dd02e82844ba277ed8a692377b69440ac01aa1ce1a06b8f5c7f5,2024-03,Hampshire Constabulary,Hampshire Constabulary,-1.407182,50.903587,On or near Shopping Area,E01035445,Southampton 023F,Criminal damage and arson,Unable to prosecute suspect,
0a31f5defa25da3a95fb4d37e23c4fb95f5cbb4476406cab2ecdbc2c006dc517,2024-03,Hampshire Constabulary,Hampshire Constabulary,-1.406256,50.904154,On or near Shopping Area,E01035445,Southampton 023F,Criminal damage and arson,Court result unavailable,
8710945ecb5a45f733bd9b04c1840e02ec1aac8342ab2b0859b5121a7adef0ef,2024-03,Hampshire Constabulary,Hampshire Constabulary,-1.406256,50.904154,On or near Shopping Area,E01035445,Southampton 023F,Drugs,Court result unavailable,
e5f465b7837557d16944810d6a5801c5a6420e08e7ca42f854bcf99655876875,2024-03,Hampshire Constabulary,Hampshire Constabulary,-1.405225,50.902450,On or near Parking Area,E01035445,Southampton 023F,Drugs,Court result unavailable,
100569c078d30afe222d0ee9c5751bb6748081fc731d31b2d4e0244a026e55b9,2024-03,Hampshire Constabulary,Hampshire Constabulary,-1.409056,50.908782,On or near Supermarket,E01035445,Southampton 023F,Other theft,Unable to prosecute suspect,
f653c3ca0a7b373eb50f7a810c479e5427d770a7c979f533fbe5c8c0364602fe,2024-03,Hampshire Constabulary,Hampshire Constabulary,-1.407049,50.902225,On or near Parking Area,E01035445,Southampton 023F,Other theft,Unable to prosecute suspect,
7f92e78cd06c44fc7c7816c094cb1ef4f77b5fa0d44b91409d90c4678ddc1e51,2024-03,Hampshire Constabulary,Hampshire Constabulary,-1.407049,50.902225,On or near Parking Area,E01035445,Southampton 023F,Other theft,Unable to prosecute suspect,
06f198b56a617b98ac6755847828e261df47fa298a5c0fc1993e1dee572977ba,2024-03,Hampshire Constabulary,Hampshire Constabulary,-1.405225,50.902450,On or near Parking Area,E01035445,Southampton 023F,Possession of weapons,Investigation complete; no suspect identified,
732cf1c149eaff44e25f97faac294c802a8753f810f913f1d1989544beb9a268,2024-03,Hampshire Constabulary,Hampshire Constabulary,-1.408166,50.900459,On or near Parking Area,E01035445,Southampton 023F,Public order,Local resolution,
2ce503351e77b9c9226460d5c3e8141cb910068417f4c23834a7b8ee2f30ee69,2024-03,Hampshire Constabulary,Hampshire Constabulary,-1.414588,50.907748,On or near Parking Area,E01035445,Southampton 023F,Public order,Unable to prosecute suspect,
3add85eea6430c9838e5e7c67b012e12e0acb8f472810b356b88875a0b5fa250,2024-03,Hampshire Constabulary,Hampshire Constabulary,-1.411883,50.907951,On or near Blechynden Terrace,E01035445,Southampton 023F,Public order,Investigation complete; no suspect identified,
9513258f58f56c7ecd9333183e3e9b0990c2357f87e84a2fe99ea2113e80539e,2024-03,Hampshire Constabulary,Hampshire Constabulary,-1.414588,50.907748,On or near Parking Area,E01035445,Southampton 023F,Robbery,Investigation complete; no suspect identified,
c04a7b60d5bec25c3de29e9993c239f7c2135e2a929fe586a5384550b0a82739,2024-03,Hampshire Constabulary,Hampshire Constabulary,-1.407760,50.904423,On or near Shopping Area,E01035445,Southampton 023F,Shoplifting,Unable to prosecute suspect,
c9db681ab4eb54f824135c36af71889aa53fbdd7fa58bd72adc9415ee42b3297,2024-03,Hampshire Constabulary,Hampshire Constabulary,-1.407760,50.904423,On or near Shopping Area,E01035445,Southampton 023F,Shoplifting,Further investigation is not in the public interest,
b25e6a8d7b951f5114b0ab797d0721c01d81a7992d69bff03f95439ae5f4f73a,2024-03,Hampshire Constabulary,Hampshire Constabulary,-1.407760,50.904423,On or near Shopping Area,E01035445,Southampton 023F,Shoplifting,Local resolution,
a89081cde38027f97eab6113b8d1f262f57c4f886ed45959f03349da223a841e,2024-03,Hampshire Constabulary,Hampshire Constabulary,-1.407760,50.904423,On or near Shopping Area,E01035445,Southampton 023F,Shoplifting,Unable to prosecute suspect,
208fe5cbb0aad6f5d97a599d36e861d70a081a2a650d57860a4d59f30f1fa23f,2024-03,Hampshire Constabulary,Hampshire Constabulary,-1.408097,50.904775,On or near Pirelli Street,E01035445,Southampton 023F,Shoplifting,Court result unavailable,
0dd71a01292e31988d75ab7513bc0dbd3e2e4e54b5e78fe2c075165b5b4c0b20,2024-03,Hampshire Constabulary,Hampshire Constabulary,-1.410720,50.908781,On or near Theatre/Concert Hall,E01035445,Southampton 023F,Shoplifting,Court result unavailable,
3bd5623fefc639e8525502a1638b7486adce090ffa0ad62a7fe4d30fb23f7e01,2024-03,Hampshire Constabulary,Hampshire Constabulary,-1.409056,50.908782,On or near Supermarket,E01035445,Southampton 023F,Shoplifting,Local resolution,
0f35a6b9c3f1a6e2fe1a6c50ee0ec36e7b37fcde42e4b448d1feeab52b4bb128,2024-03,Hampshire Constabulary,Hampshire Constabulary,-1.407760,50.904423,On or near Shopping Area,E01035445,Southampton 023F,Shoplifting,Unable to prosecute suspect,
6792cd8c59b5cc880aff62aaf7b48ee72c535c61e6db521cfcb1dd23e93b28ea,2024-03,Hampshire Constabulary,Hampshire Constabulary,-1.407721,50.904153,On or near Parking Area,E01035445,Southampton 023F,Shoplifting,Unable to prosecute suspect,
114e7358dbcdb17ebd6aab08f00f0cd16c9b246f6ce85ac7cee5011916f7a64d,2024-03,Hampshire Constabulary,Hampshire Constabulary,-1.407182,50.903587,On or near Shopping Area,E01035445,Southampton 023F,Shoplifting,Court result unavailable,
fe07bd2e6fff43f6abd27ff0057d702d2e6be644a6fb8b37150399c057957eca,2024-03,Hampshire Constabulary,Hampshire Constabulary,-1.407721,50.904153,On or near Parking Area,E01035445,Southampton 023F,Shoplifting,Investigation complete; no suspect identified,
2e3cc0fde5a39c4955bf6caa0de68682e06acb9cc47d0dfdd3ebecb576395828,2024-03,Hampshire Constabulary,Hampshire Constabulary,-1.407182,50.903587,On or near Shopping Area,E01035445,Southampton 023F,Shoplifting,Unable to prosecute suspect,
6c5f0d71315497e3f2b7a835fb9615c6a5f0b8d5b13531710a44e4421644a7dd,2024-03,Hampshire Constabulary,Hampshire Constabulary,-1.406845,50.903726,On or near Shopping Area,E01035445,Southampton 023F,Shoplifting,Court result unavailable,
dfd8bb278bd5a254b1eb48f8d134cb3491f0ec940455b8496315db6147aedbf3,2024-03,Hampshire Constabulary,Hampshire Constabulary,-1.406845,50.903726,On or near Shopping Area,E01035445,Southampton 023F,Shoplifting,Investigation complete; no suspect identified,
5c85da02867f666c861ae57e2b3f0723e4eac54d76007fb06db8e113d5c6a200,2024-03,Hampshire Constabulary,Hampshire Constabulary,-1.407760,50.904423,On or near Shopping Area,E01035445,Southampton 023F,Shoplifting,Unable to prosecute suspect,
f96c6e2004537f4b943d8d26ceb1e1bdf7f133b20282a438bddd1d67b2f5ef2b,2024-03,Hampshire Constabulary,Hampshire Constabulary,-1.407760,50.904423,On or near Shopping Area,E01035445,Southampton 023F,Shoplifting,Local resolution,
90cf8fe6fa0fe1372312ecda12bfc9b1837e10c09800d379a42b1e8c10f93e72,2024-03,Hampshire Constabulary,Hampshire Constabulary,-1.408097,50.904775,On or near Pirelli Street,E01035445,Southampton 023F,Shoplifting,Unable to prosecute suspect,
5edefe02c9fb27dea7a0c265866c3c22cc3da05e9ca66ff217c5935e7f555449,2024-03,Hampshire Constabulary,Hampshire Constabulary,-1.407182,50.903587,On or near Shopping Area,E01035445,Southampton 023F,Shoplifting,Court result unavailable,
04986a65b3dc90177d167dd795402aeac1eb2b27f06f8f2982801870b92cfbab,2024-03,Hampshire Constabulary,Hampshire Constabulary,-1.407182,50.903587,On or near Shopping Area,E01035445,Southampton 023F,Shoplifting,Local resolution,
8b015c39d23199a7365b31ccd79628d1fb5e03a0c74e9f379c016d3af1d6ce7f,2024-03,Hampshire Constabulary,Hampshire Constabulary,-1.407760,50.904423,On or near Shopping Area,E01035445,Southampton 023F,Shoplifting,Local resolution,
613eb19e85a0be67e03552dcd0a2b38b40f7086a9e68c62282fc21fe77806a72,2024-03,Hampshire Constabulary,Hampshire Constabulary,-1.407760,50.904423,On or near Shopping Area,E01035445,Southampton 023F,Shoplifting,Unable to prosecute suspect,
0f9ac4fdd731fb80e1a77593aa89f9de61af4c7e9b0db2bdda870bc07918ba93,2024-03,Hampshire Constabulary,Hampshire Constabulary,-1.407760,50.904423,On or near Shopping Area,E01035445,Southampton 023F,Shoplifting,Local resolution,
31eb4bcb0080aa5be6223d146276fc63b12c63ae5c6f69a03c1f0ccfa7bad147,2024-03,Hampshire Constabulary,Hampshire Constabulary,-1.407049,50.902225,On or near Parking Area,E01035445,Southampton 023F,Shoplifting,Court result unavailable,
4dc85fff8629aec7162a8b873724608b11b81053dfc88f1f51a5d7690ea5194d,2024-03,Hampshire Constabulary,Hampshire Constabulary,-1.406256,50.904154,On or near Shopping Area,E01035445,Southampton 023F,Shoplifting,Court result unavailable,
6c1d74163854749c397675e0121eedb3d956f400beffb6d360672572978a8dd8,2024-03,Hampshire Constabulary,Hampshire Constabulary,-1.406845,50.903726,On or near Shopping Area,E01035445,Southampton 023F,Shoplifting,Unable to prosecute suspect,
be2ba19bc848bfeb070578fddbed8189ae69d0e43590fd6c854f7adcd36ac6a3,2024-03,Hampshire Constabulary,Hampshire Constabulary,-1.411773,50.908777,On or near Parking Area,E01035445,Southampton 023F,Theft from the person,Investigation complete; no suspect identified,
06ea88300074324807d9dc70f4fbab8ead42a63f81bb2ba756e90b07ccacbd15,2024-03,Hampshire Constabulary,Hampshire Constabulary,-1.409320,50.908199,On or near West Park Road,E01035445,Southampton 023F,Violence and sexual offences,Unable to prosecute suspect,
974b9d3fc29820d35ba4420589bdabea30149e5ec6f7370983f7853e21130fb8,2024-03,Hampshire Constabulary,Hampshire Constabulary,-1.411883,50.907951,On or near Blechynden Terrace,E01035445,Southampton 023F,Violence and sexual offences,Investigation complete; no suspect identified,
fb5731b8571a7f1cf7e40f32c5d82d6cb010924e2c02f522305b6531fec73b0f,2024-03,Hampshire Constabulary,Hampshire Constabulary,-1.414588,50.907748,On or near Parking Area,E01035445,Southampton 023F,Violence and sexual offences,Court result unavailable,
c33bf8e09d1c9670a543be337a53a5abad9ec53c9358d5a509a173706d0b0d4a,2024-03,Hampshire Constabulary,Hampshire Constabulary,-1.407182,50.903587,On or near Shopping Area,E01035445,Southampton 023F,Violence and sexual offences,Investigation complete; no suspect identified,
e451f2e002e6eb2be03b406c29b85ca1cad7acfcd442e0bfa4ad9bbd4ff6ec01,2024-03,Hampshire Constabulary,Hampshire Constabulary,-1.407049,50.902225,On or near Parking Area,E01035445,Southampton 023F,Violence and sexual offences,Unable to prosecute suspect,
79e87ecb051861b7dd74d6c2da282bbe0e06a42a55813e651a6a2f7573ccb08d,2024-03,Hampshire Constabulary,Hampshire Constabulary,-1.414588,50.907748,On or near Parking Area,E01035445,Southampton 023F,Violence and sexual offences,Court result unavailable,
8268ff41a42594362f3577800d5981796aa82355fd9d3a58db7f3c4a5504fd79,2024-03,Hampshire Constabulary,Hampshire Constabulary,-1.407049,50.902225,On or near Parking Area,E01035445,Southampton 023F,Violence and sexual offences,Unable to prosecute suspect,
2d2598e5319f75db96fb34eee549b896fd8e5cf68b107c42030f0bf8d9608037,2024-03,Hampshire Constabulary,Hampshire Constabulary,-1.405225,50.902450,On or near Parking Area,E01035445,Southampton 023F,Violence and sexual offences,Unable to prosecute suspect,
50dc1c426cc1e6c8464c3f344c57d1020dbe8512d98e1d9dba76a06a3738b58a,2024-03,Hampshire Constabulary,Hampshire Constabulary,-1.406256,50.904154,On or near Shopping Area,E01035445,Southampton 023F,Violence and sexual offences,Investigation complete; no suspect identified,
cb0add6ef181ee87b7aa02244d4eeb09fdff61bce337c50ea8c46b91822a894c,2024-03,Hampshire Constabulary,Hampshire Constabulary,-1.407049,50.902225,On or near Parking Area,E01035445,Southampton 023F,Violence and sexual offences,Unable to prosecute suspect,
,2024-03,Hampshire Constabulary,Hampshire Constabulary,-1.411883,50.907951,On or near Blechynden Terrace,E01035445,Southampton 023F,Anti-social behaviour,,
,2024-03,Hampshire Constabulary,Hampshire Constabulary,-1.407182,50.903587,On or near Shopping Area,E01035445,Southampton 023F,Anti-social behaviour,,
,2024-03,Hampshire Constabulary,Hampshire Constabulary,-1.409409,50.907902,On or near Parking Area,E01035445,Southampton 023F,Anti-social behaviour,,
,2024-03,Hampshire Constabulary,Hampshire Constabulary,-1.414588,50.907748,On or near Parking Area,E01035445,Southampton 023F,Anti-social behaviour,,
,2024-03,Hampshire Constabulary,Hampshire Constabulary,-1.414588,50.907748,On or near Parking Area,E01035445,Southampton 023F,Anti-social behaviour,,
,2024-03,Hampshire Constabulary,Hampshire Constabulary,-1.408097,50.904775,On or near Pirelli Street,E01035445,Southampton 023F,Anti-social behaviour,,
,2024-03,Hampshire Constabulary,Hampshire Constabulary,-1.407049,50.902225,On or near Parking Area,E01035445,Southampton 023F,Anti-social behaviour,,
,2024-03,Hampshire Constabulary,Hampshire Constabulary,-1.414588,50.907748,On or near Parking Area,E01035445,Southampton 023F,Anti-social behaviour,,
112b7df9c97562e67827be5fba9141b3979982d6821608722d496a4c5b7e6f55,2024-03,Hampshire Constabulary,Hampshire Constabulary,-1.408166,50.900459,On or near Parking Area,E01035445,Southampton 023F,Bicycle theft,Investigation complete; no suspect identified,
1f2fdfc99aa72e7e10c1f7318ca8cce7e922851e3d5e38c918c62750efac6bfa,2024-03,Hampshire Constabulary,Hampshire Constabulary,-1.414588,50.907748,On or near Parking Area,E01035445,Southampton 023F,Bicycle theft,Investigation complete; no suspect identified,
35fd592debf384a76d9a74e1b0e8b89121d3b6dbb46dcbe8408f3ce24690577b,2024-03,Hampshire Constabulary,Hampshire Constabulary,-1.408166,50.900459,On or near Parking Area,E01035445,Southampton 023F,Criminal damage and arson,Unable to prosecute suspect,
0e36d4b78146ca1edece245f10a07085a5fb2ca167e9f92e2220cd26bbcebfaa,2024-03,Hampshire Constabulary,Hampshire Constabulary,-1.411673,50.908831,On or near Parking Area,E01035445,Southampton 023F,Criminal damage and arson,Investigation complete; no suspect identified,
a324ea5197834727a3bb48141f8192fa8fdb75da12d1029e5b7320302a49a4cb,2024-03,Hampshire Constabulary,Hampshire Constabulary,-1.406256,50.904154,On or near Shopping Area,E01035445,Southampton 023F,Criminal damage and arson,Investigation complete; no suspect identified,
57480f0122bfa517da6ef879e0e1b8c50a0cdb6fc07ba6104889f9ca423a0527,2024-03,Hampshire Constabulary,Hampshire Constabulary,-1.411883,50.907951,On or near Blechynden Terrace,E01035445,Southampton 023F,Criminal damage and arson,Investigation complete; no suspect identified,
eac55dcf11ac4471cfa5f71d53c2fe28076239eb813cdaab0d1ed7f1086c192c,2024-03,Hampshire Constabulary,Hampshire Constabulary,-1.406845,50.903726,On or near Shopping Area,E01035445,Southampton 023F,Drugs,Offender given a caution,
ea2040fa2921ff577a832b011b27e5ff188f5a9059806da27fb2a4a6ebe4e43a,2024-03,Hampshire Constabulary,Hampshire Constabulary,-1.407049,50.902225,On or near Parking Area,E01035445,Southampton 023F,Other theft,Investigation complete; no suspect identified,
9c6e0a67e2130f3c537bf78d657ad3f9f460085810626b7bbe871653b0f2e24c,2024-03,Hampshire Constabulary,Hampshire Constabulary,-1.405867,50.900088,On or near Upper Bugle Street,E01035445,Southampton 023F,Other theft,Status update unavailable,
12aaa55ecdf56034eb22765a3fd1cc82abd00f6512536b56673cef50f6f11815,2024-03,Hampshire Constabulary,Hampshire Constabulary,-1.408166,50.900459,On or near Parking Area,E01035445,Southampton 023F,Other theft,Investigation complete; no suspect identified,
f2d02cee0edde8e4cb70c0071f45405947900b3ca8ebe6659a84b5a5e081ca47,2024-03,Hampshire Constabulary,Hampshire Constabulary,-1.407761,50.900997,On or near Parking Area,E01035445,Southampton 023F,Other theft,Investigation complete; no suspect identified,
5323459eda8add8809dad7d443ba767ce43e2999d34e1bb5f64cfc29bbeac97d,2024-03,Hampshire Constabulary,Hampshire Constabulary,-1.407049,50.902225,On or near Parking Area,E01035445,Southampton 023F,Other theft,Investigation complete; no suspect identified,
cd0136132a0547cdd57e81ab2bea33736414d279153b22063f5c078469ea2c3a,2024-03,Hampshire Constabulary,Hampshire Constabulary,-1.407049,50.902225,On or near Parking Area,E01035445,Southampton 023F,Other theft,Investigation complete; no suspect identified,
3757ffd030db21db3531cb2ba5037591a9e5eb3d66c25d213e26ff845bbdc952,2024-03,Hampshire Constabulary,Hampshire Constabulary,-1.405867,50.900088,On or near Upper Bugle Street,E01035445,Southampton 023F,Other theft,Investigation complete; no suspect identified,
29723b438b033518ef06b9673f64d9635804f3461775300453f22e8489dc7b26,2024-03,Hampshire Constabulary,Hampshire Constabulary,-1.414588,50.907748,On or near Parking Area,E01035445,Southampton 023F,Other theft,Investigation complete; no suspect identified,
68ef029799b55b59a93d589b845bb10f4f820248cb7dcb67eef1d2a3a2d2f547,2024-03,Hampshire Constabulary,Hampshire Constabulary,-1.411773,50.908777,On or near Parking Area,E01035445,Southampton 023F,Other theft,Investigation complete; no suspect identified,
2515e93f4c495bebb2c6d58b45a7aa6791bb3a5eb6713bf89cc61f7662f44cfb,2024-03,Hampshire Constabulary,Hampshire Constabulary,-1.407761,50.900997,On or near Parking Area,E01035445,Southampton 023F,Other theft,Investigation complete; no suspect identified,
37c048f4500f7015bed8a5b0250e0900f359209b6e33aa969df8d3feb90e506d,2024-03,Hampshire Constabulary,Hampshire Constabulary,-1.407182,50.903587,On or near Shopping Area,E01035445,Southampton 023F,Other theft,Investigation complete; no suspect identified,
422840011e55caac68da107eaba2fa5e0395827d421dc361d03cc83a9c4277c9,2024-03,Hampshire Constabulary,Hampshire Constabulary,-1.414588,50.907748,On or near Parking Area,E01035445,Southampton 023F,Other theft,Investigation complete; no suspect identified,
ffde1bb87dfd5bd8864932491fca437488a3d8ed2553ec862661d079eddfee1c,2024-03,Hampshire Constabulary,Hampshire Constabulary,-1.414588,50.907748,On or near Parking Area,E01035445,Southampton 023F,Other theft,Unable to prosecute suspect,
7c4b7487abbcc1afc5a809da7d1ae5dc16ecb07817a3933a5572c5438cfe6bbf,2024-03,Hampshire Constabulary,Hampshire Constabulary,-1.414588,50.907748,On or near Parking Area,E01035445,Southampton 023F,Possession of weapons,Status update unavailable,
af3e8e781dfb7249242592d310738c861f9fd79b4fe38bc3fca10f6be440f532,2024-03,Hampshire Constabulary,Hampshire Constabulary,-1.414588,50.907748,On or near Parking Area,E01035445,Southampton 023F,Public order,Investigation complete; no suspect identified,
fc6ace90870fe5cba4286588e768694cbdd8a5eb393b880bf64081fcd50ae6ec,2024-03,Hampshire Constabulary,Hampshire Constabulary,-1.407182,50.903587,On or near Shopping Area,E01035445,Southampton 023F,Public order,Investigation complete; no suspect identified,
f74adb4d021a03b3f9b52f8744c32adcb1f51f44ca30f884c82024bf2781692a,2024-03,Hampshire Constabulary,Hampshire Constabulary,-1.414588,50.907748,On or near Parking Area,E01035445,Southampton 023F,Public order,Unable to prosecute suspect,
3acb0458f6960aa74e420e44fdc5b647f7bc5ab01199ac7af993fcc7d50455f8,2024-03,Hampshire Constabulary,Hampshire Constabulary,-1.409056,50.908782,On or near Supermarket,E01035445,Southampton 023F,Public order,Investigation complete; no suspect identified,
df263b2e6516007ef41ab0328e7a30b6645692d689aafbd2d863678d7ad91d6b,2024-03,Hampshire Constabulary,Hampshire Constabulary,-1.414588,50.907748,On or near Parking Area,E01035445,Southampton 023F,Public order,Investigation complete; no suspect identified,
597c8da56c6f083eae1819471651cfb2c2f0772c7d0f4ddc3e788132ed2d119c,2024-03,Hampshire Constabulary,Hampshire Constabulary,-1.407049,50.902225,On or near Parking Area,E01035445,Southampton 023F,Public order,Investigation complete; no suspect identified,
0d1b934c1b7360e73444f501891057a4a31aefb2abac99dc946dc22a93a0a26c,2024-03,Hampshire Constabulary,Hampshire Constabulary,-1.407760,50.904423,On or near Shopping Area,E01035445,Southampton 023F,Shoplifting,Investigation complete; no suspect identified,
33b98a4fbafe8c0e32ce5d1a9aed75690518d58061d0517a507453c5cec3b4dd,2024-03,Hampshire Constabulary,Hampshire Constabulary,-1.407760,50.904423,On or near Shopping Area,E01035445,Southampton 023F,Shoplifting,Investigation complete; no suspect identified,
d334552efc0685e827055d452464b9640d8313c05d5a5736e8d69b4adf3ed7f0,2024-03,Hampshire Constabulary,Hampshire Constabulary,-1.407760,50.904423,On or near Shopping Area,E01035445,Southampton 023F,Shoplifting,Investigation complete; no suspect identified,
5a472b23b540aeae389911f818d43e2b6142e797231f37688e24b20c1831861e,2024-03,Hampshire Constabulary,Hampshire Constabulary,-1.407760,50.904423,On or near Shopping Area,E01035445,Southampton 023F,Shoplifting,Investigation complete; no suspect identified,
790f51af0b0bfc0703e162bbdb7a283740f4ff5775cbb7aacd612cce2d1747d5,2024-03,Hampshire Constabulary,Hampshire Constabulary,-1.411773,50.908777,On or near Parking Area,E01035445,Southampton 023F,Shoplifting,Investigation complete; no suspect identified,
e8226427e446d7b907a9cc8bf1e55c3226d6e8b48f3848e13ef4c215c6f0c726,2024-03,Hampshire Constabulary,Hampshire Constabulary,-1.410720,50.908781,On or near Theatre/Concert Hall,E01035445,Southampton 023F,Shoplifting,Formal action is not in the public interest,
88cf0352102032e492b82ab6191510caf859cd61b9befea5d8dad23d83dceaa2,2024-03,Hampshire Constabulary,Hampshire Constabulary,-1.408097,50.904775,On or near Pirelli Street,E01035445,Southampton 023F,Shoplifting,Investigation complete; no suspect identified,
9a77fa0db849ae1cc038afbf7b690a1a8b21b2cb136e735c6d15cd8106fd6b05,2024-03,Hampshire Constabulary,Hampshire Constabulary,-1.405225,50.902450,On or near Parking Area,E01035445,Southampton 023F,Shoplifting,Unable to prosecute suspect,
848189fa87c5e7dd9817540faf6172b7f201ccd3fe71169c5c87d92d543f6928,2024-03,Hampshire Constabulary,Hampshire Constabulary,-1.406845,50.903726,On or near Shopping Area,E01035445,Southampton 023F,Shoplifting,Status update unavailable,
33154dcb60aba09ea60aa3adb673abf8c5fdf83e086ed8cfed7bdb58b9092cf3,2024-03,Hampshire Constabulary,Hampshire Constabulary,-1.414588,50.907748,On or near Parking Area,E01035445,Southampton 023F,Shoplifting,Investigation complete; no suspect identified,
eb09b60bdfae4077c3f5f105edb69fee6de467ffcf14354c9504c6e134331bb0,2024-03,Hampshire Constabulary,Hampshire Constabulary,-1.408097,50.904775,On or near Pirelli Street,E01035445,Southampton 023F,Shoplifting,Investigation complete; no suspect identified,
d89ef503cd2e1859caaabb520a41d480c5ebb80cb04c18bcc910b42fe74bc9d3,2024-03,Hampshire Constabulary,Hampshire Constabulary,-1.407721,50.904153,On or near Parking Area,E01035445,Southampton 023F,Shoplifting,Investigation complete; no suspect identified,
0a2af0e0b7c93291be6c49f94a59d9ed0ff9e1228fd08f19b540eb0b5cf1512f,2024-03,Hampshire Constabulary,Hampshire Constabulary,-1.407760,50.904423,On or near Shopping Area,E01035445,Southampton 023F,Shoplifting,Unable to prosecute suspect,
b08f8826b50c371c73f1803c64da99c9611403d5d71454a422f26bdf9c13c93f,2024-03,Hampshire Constabulary,Hampshire Constabulary,-1.408097,50.904775,On or near Pirelli Street,E01035445,Southampton 023F,Shoplifting,Investigation complete; no suspect identified,
7710e7ffa3060b833f111f330b8961964932aa0e0441adef91e4a4bd0a1d21b4,2024-03,Hampshire Constabulary,Hampshire Constabulary,-1.408097,50.904775,On or near Pirelli Street,E01035445,Southampton 023F,Shoplifting,Investigation complete; no suspect identified,
1e42d5a1b27caf54c960e7b777c5a3d5e384294f1ced36bfa72eda7f671a470b,2024-03,Hampshire Constabulary,Hampshire Constabulary,-1.407760,50.904423,On or near Shopping Area,E01035445,Southampton 023F,Shoplifting,Status update unavailable,
6bfd060bff1271b4f5b367f0bf15b373f50f3150e66fb0d5e03858ffe42f3487,2024-03,Hampshire Constabulary,Hampshire Constabulary,-1.408097,50.904775,On or near Pirelli Street,E01035445,Southampton 023F,Shoplifting,Investigation complete; no suspect identified,
fd7db9099d5f61dd9218b2b05e6d84b52d45c1a6a489c6f26c963d3dd71c2cd7,2024-03,Hampshire Constabulary,Hampshire Constabulary,-1.407760,50.904423,On or near Shopping Area,E01035445,Southampton 023F,Shoplifting,Investigation complete; no suspect identified,
7f7fc981d99dd10862cc3745e5a9fa3cbf0396e3d238719390241c46a275d8c3,2024-03,Hampshire Constabulary,Hampshire Constabulary,-1.408097,50.904775,On or near Pirelli Street,E01035445,Southampton 023F,Shoplifting,Investigation complete; no suspect identified,
7d80aed9b3ca00e4b41714574b145cf26dd534fd2265a51077ab9e4da75729a7,2024-03,Hampshire Constabulary,Hampshire Constabulary,-1.407760,50.904423,On or near Shopping Area,E01035445,Southampton 023F,Shoplifting,Investigation complete; no suspect identified,
aa4499170a87fc9ab86af0c5da4831a1328685f1d4d786d4e234b57c5fe6676d,2024-03,Hampshire Constabulary,Hampshire Constabulary,-1.407760,50.904423,On or near Shopping Area,E01035445,Southampton 023F,Shoplifting,Investigation complete; no suspect identified,
ab8d3f4665fdc476e96963d00fb89ccf7d37ec009d643a9a75168232cfab11d0,2024-03,Hampshire Constabulary,Hampshire Constabulary,-1.408097,50.904775,On or near Pirelli Street,E01035445,Southampton 023F,Shoplifting,Investigation complete; no suspect identified,
492891b0d639ff692f30d10ab9d09e7dbcdd434dc1c8bb050aa8720788a7587a,2024-03,Hampshire Constabulary,Hampshire Constabulary,-1.407760,50.904423,On or near Shopping Area,E01035445,Southampton 023F,Shoplifting,Investigation complete; no suspect identified,
743cbc1bbb08c87e8eba5e91667a68471be7067930c4085ef09082929c02e89f,2024-03,Hampshire Constabulary,Hampshire Constabulary,-1.407760,50.904423,On or near Shopping Area,E01035445,Southampton 023F,Shoplifting,Investigation complete; no suspect identified,
2c9a5a2624a04be419b3440532a5f555e5c9a8fe820962f000dc862fe662216e,2024-03,Hampshire Constabulary,Hampshire Constabulary,-1.407760,50.904423,On or near Shopping Area,E01035445,Southampton 023F,Shoplifting,Investigation complete; no suspect identified,
7a78fcca8cd6fe18fd9b3e9fe2dce11af6899eecfa3f4a787a85d54d0fb89a2d,2024-03,Hampshire Constabulary,Hampshire Constabulary,-1.407760,50.904423,On or near Shopping Area,E01035445,Southampton 023F,Shoplifting,Investigation complete; no suspect identified,
12701b03e471b13af4fe2fb3f9dbc508c4bffbb570790be7ed4b292867008eb7,2024-03,Hampshire Constabulary,Hampshire Constabulary,-1.407760,50.904423,On or near Shopping Area,E01035445,Southampton 023F,Shoplifting,Investigation complete; no suspect identified,
f53439dcc798e8969985b2f028d4109ee88a94a2bee56c000f7e5c8587be6afe,2024-03,Hampshire Constabulary,Hampshire Constabulary,-1.407182,50.903587,On or near Shopping Area,E01035445,Southampton 023F,Theft from the person,Investigation complete; no suspect identified,
2fcd1d7d07cd0e22fe5d322edf6d41a84f65a87ad81342aa6be624cc33ed271f,2024-03,Hampshire Constabulary,Hampshire Constabulary,-1.407182,50.903587,On or near Shopping Area,E01035445,Southampton 023F,Theft from the person,Investigation complete; no suspect identified,
3ba38cddb39e4e922763df31f623ac56d81ba86ecd0b9760e71466344bcb573d,2024-03,Hampshire Constabulary,Hampshire Constabulary,-1.411883,50.907951,On or near Blechynden Terrace,E01035445,Southampton 023F,Theft from the person,Investigation complete; no suspect identified,
3f46ec078008d4fa2297278e75b59d451a75efc6e333af346211852296ae151a,2024-03,Hampshire Constabulary,Hampshire Constabulary,-1.410267,50.908635,On or near Theatre/Concert Hall,E01035445,Southampton 023F,Vehicle crime,Unable to prosecute suspect,
50b8e6b3df0606ce4dfe6c133baea0a8789efdb2a742de7038cf77e7fb762143,2024-03,Hampshire Constabulary,Hampshire Constabulary,-1.409409,50.907902,On or near Parking Area,E01035445,Southampton 023F,Vehicle crime,Investigation complete; no suspect identified,
7a500bff3d9862bdb3a3a1e7485b69027c4e74669daffd664b52bb429f51a8e9,2024-03,Hampshire Constabulary,Hampshire Constabulary,-1.407721,50.904153,On or near Parking Area,E01035445,Southampton 023F,Vehicle crime,Status update unavailable,
8e1d68e53928179065a5efbf9645f381fce12b88a8de0e810ce276081a741915,2024-03,Hampshire Constabulary,Hampshire Constabulary,-1.405225,50.902450,On or near Parking Area,E01035445,Southampton 023F,Vehicle crime,Investigation complete; no suspect identified,
ffc576ecf9312ee757097db34f4dd9a4f729b2b36b8ee9c9cdfdbf7da14ded10,2024-03,Hampshire Constabulary,Hampshire Constabulary,-1.405225,50.902450,On or near Parking Area,E01035445,Southampton 023F,Vehicle crime,Investigation complete; no suspect identified,
bafb67847f2249cde32589e8c5d0f6943e680e906a25364e0f3b1bbe965a9039,2024-03,Hampshire Constabulary,Hampshire Constabulary,-1.405225,50.902450,On or near Parking Area,E01035445,Southampton 023F,Vehicle crime,Investigation complete; no suspect identified,
43a7582db56f9adbc0aea8dd26819d34a6593262be79b930bf94f0dce51198b9,2024-03,Hampshire Constabulary,Hampshire Constabulary,-1.411883,50.907951,On or near Blechynden Terrace,E01035445,Southampton 023F,Vehicle crime,Investigation complete; no suspect identified,
dd2c1be682b19dc7b5dcb767d9ec8ccec02e9cf2d1cb7de0be54cc33eb41e451,2024-03,Hampshire Constabulary,Hampshire Constabulary,-1.407049,50.902225,On or near Parking Area,E01035445,Southampton 023F,Violence and sexual offences,Investigation complete; no suspect identified,
1b124672c3b85ef7b4ef4096485b311db6624d83a56d99b426c7882c6289b446,2024-03,Hampshire Constabulary,Hampshire Constabulary,-1.407049,50.902225,On or near Parking Area,E01035445,Southampton 023F,Violence and sexual offences,Status update unavailable,
d90688f6f28e0e84f0b5385c632758bca2dcd8d542757686e3b67db5864f85b7,2024-03,Hampshire Constabulary,Hampshire Constabulary,-1.414588,50.907748,On or near Parking Area,E01035445,Southampton 023F,Violence and sexual offences,Investigation complete; no suspect identified,
0909a57d3bc8bd27db2f597fa602af2ee5a48ff9af2fbe1e85315ef995c420cd,2024-03,Hampshire Constabulary,Hampshire Constabulary,-1.411673,50.908831,On or near Parking Area,E01035445,Southampton 023F,Violence and sexual offences,Investigation complete; no suspect identified,
8de1b8170ad4e2d45b3db057c20728b66befaec7907761245fb8f33d2334d8a7,2024-03,Hampshire Constabulary,Hampshire Constabulary,-1.407761,50.900997,On or near Parking Area,E01035445,Southampton 023F,Violence and sexual offences,Status update unavailable,
bb93266a2bf30a46261b30339234151cee720bcd162af9b9f3939fc9ed104bd3,2024-03,Hampshire Constabulary,Hampshire Constabulary,-1.408166,50.900459,On or near Parking Area,E01035445,Southampton 023F,Violence and sexual offences,Status update unavailable,
60ef2a81402a3d8302944fafbd226f6ba9ede45b70425d40d3f05d3be66a5d26,2024-03,Hampshire Constabulary,Hampshire Constabulary,-1.405225,50.902450,On or near Parking Area,E01035445,Southampton 023F,Violence and sexual offences,Status update unavailable,
eb57f9a3d2789d44bfaeb9033ab52e8f9e5a947594ffb9db057df10b3089814e,2024-03,Hampshire Constabulary,Hampshire Constabulary,-1.407721,50.904153,On or near Parking Area,E01035445,Southampton 023F,Violence and sexual offences,Unable to prosecute suspect,
c35596b5995c561e481a3e3d99058d79d2b83067a5d0d61545c40aaf45051f65,2024-03,Hampshire Constabulary,Hampshire Constabulary,-1.407721,50.904153,On or near Parking Area,E01035445,Southampton 023F,Violence and sexual offences,Investigation complete; no suspect identified,
d4a07184bc28bb8c9c84213b281327564b0f103ed2f4c452b50af1e2541df254,2024-03,Hampshire Constabulary,Hampshire Constabulary,-1.414588,50.907748,On or near Parking Area,E01035445,Southampton 023F,Violence and sexual offences,Unable to prosecute suspect,
73852a7d39bfd483f7c9c6092fd74461098a96eedb47948bf09fc481b648655b,2024-03,Hampshire Constabulary,Hampshire Constabulary,-1.407721,50.904153,On or near Parking Area,E01035445,Southampton 023F,Other crime,Investigation complete; no suspect identified,
41178a24ea769ed0c0a68bb09badfa1a54177cc84e8f8c204addb0220dd34086,2024-03,Hampshire Constabulary,Hampshire Constabulary,-1.373470,50.907715,On or near Gainsford Road,E01017217,Southampton 024A,Violence and sexual offences,Unable to prosecute suspect,
f7279a4bd105ac5453c7bcf5f34819182ee88478ee0b4f0d9457260f39a851c4,2024-03,Hampshire Constabulary,Hampshire Constabulary,-1.370694,50.905776,On or near Elstree Road,E01017217,Southampton 024A,Violence and sexual offences,Unable to prosecute suspect,
f106f0ada1c8692df10b7ebb04bf9b3e7a3c1712d665dd3030cc73f8063ec139,2024-03,Hampshire Constabulary,Hampshire Constabulary,-1.370694,50.905776,On or near Elstree Road,E01017217,Southampton 024A,Violence and sexual offences,Unable to prosecute suspect,
f7c9a59ae41885200058018a9c007b1528af059bef0496a0ad9c5a8286187050,2024-03,Hampshire Constabulary,Hampshire Constabulary,-1.370694,50.905776,On or near Elstree Road,E01017217,Southampton 024A,Violence and sexual offences,Unable to prosecute suspect,
52f98aa256b73da5a9be2eee9485f61a0014cfa10b240fd67db3d4a408836f52,2024-03,Hampshire Constabulary,Hampshire Constabulary,-1.373470,50.907715,On or near Gainsford Road,E01017217,Southampton 024A,Violence and sexual offences,Unable to prosecute suspect,
118e63ae51a54ef4638e4805c3a5e6a8ea068e297ded423a0f368aee478e65bd,2024-03,Hampshire Constabulary,Hampshire Constabulary,-1.370694,50.905776,On or near Elstree Road,E01017217,Southampton 024A,Public order,Status update unavailable,
347a19288d847da4dfddcd77f489db6a199df18199cc45183137bfe80b5f9387,2024-03,Hampshire Constabulary,Hampshire Constabulary,-1.370694,50.905776,On or near Elstree Road,E01017217,Southampton 024A,Violence and sexual offences,Unable to prosecute suspect,
0cbfef30a58cde383dadd0036f825fe4d4499e11f4d7eb69306781ee6cf8b0b2,2024-03,Hampshire Constabulary,Hampshire Constabulary,-1.368379,50.913991,On or near Chessel Avenue,E01017223,Southampton 024B,Burglary,Investigation complete; no suspect identified,
c00230dfe5cb0e14b0bbfd374426b46e0520f5a180de2c839df1e3bbbf698b50,2024-03,Hampshire Constabulary,Hampshire Constabulary,-1.368379,50.913991,On or near Chessel Avenue,E01017223,Southampton 024B,Burglary,Investigation complete; no suspect identified,
4040d6e56e973ce85ded6b7baf64f1b6bd3fd35512d8aab07395dcbda8cdd383,2024-03,Hampshire Constabulary,Hampshire Constabulary,-1.374505,50.917558,On or near Bitterne Road West,E01017223,Southampton 024B,Criminal damage and arson,Investigation complete; no suspect identified,
fb41f1c64d0289bd0d0d73c8fb95c6449bf7d1972077be7c475c51b398c747f3,2024-03,Hampshire Constabulary,Hampshire Constabulary,-1.371756,50.915700,On or near Cross Road,E01017223,Southampton 024B,Possession of weapons,Court result unavailable,
f83c8cc071d6e4cf133af4afccbb95b84f5da87d6e5e6bff3d07cb9be92fa7c4,2024-03,Hampshire Constabulary,Hampshire Constabulary,-1.374505,50.917558,On or near Bitterne Road West,E01017223,Southampton 024B,Violence and sexual offences,Unable to prosecute suspect,
1703a1e0afa0ab856593f922e5017b267fb7f43de1f7440ca6a0396c1a51b2c4,2024-03,Hampshire Constabulary,Hampshire Constabulary,-1.374505,50.917558,On or near Bitterne Road West,E01017223,Southampton 024B,Violence and sexual offences,Unable to prosecute suspect,
0fc1300c6d9585f789627f886fbe2ed412a851344da501ef7f6cc3c1837a8406,2024-03,Hampshire Constabulary,Hampshire Constabulary,-1.368379,50.913991,On or near Chessel Avenue,E01017223,Southampton 024B,Burglary,Investigation complete; no suspect identified,
f1c7ff971cb0408474b2eead85d9263a5bbdb6efc5eb702b23b1f680291d6287,2024-03,Hampshire Constabulary,Hampshire Constabulary,-1.368356,50.915682,On or near Chessel Crescent,E01017223,Southampton 024B,Burglary,Investigation complete; no suspect identified,
47a709df6af71c07bb7a15ceb838c2dbcd2dd82052695752d60699e047d664f9,2024-03,Hampshire Constabulary,Hampshire Constabulary,-1.368356,50.915682,On or near Chessel Crescent,E01017223,Southampton 024B,Burglary,Investigation complete; no suspect identified,
24a8e7545016729cc8d42829352635cac034c2010347e37be13968d8d54d4534,2024-03,Hampshire Constabulary,Hampshire Constabulary,-1.368356,50.915682,On or near Chessel Crescent,E01017223,Southampton 024B,Criminal damage and arson,Investigation complete; no suspect identified,
4925fac64420bfb4a0072560838775214aba5950ea3a9a3cfc7c1bc7c41e6286,2024-03,Hampshire Constabulary,Hampshire Constabulary,-1.371756,50.915700,On or near Cross Road,E01017223,Southampton 024B,Criminal damage and arson,Investigation complete; no suspect identified,
3db23e7d9b9812038ee1f4a671183b1152be0684c604747408977f7395a89a3c,2024-03,Hampshire Constabulary,Hampshire Constabulary,-1.374505,50.917558,On or near Bitterne Road West,E01017223,Southampton 024B,Shoplifting,Local resolution,
baf3b0a01050c7ab7063fe64169007b2b949304f0230ddce186fd46be37b289e,2024-03,Hampshire Constabulary,Hampshire Constabulary,-1.374505,50.917558,On or near Bitterne Road West,E01017223,Southampton 024B,Vehicle crime,Status update unavailable,
b7e2347e151158639fc435e2dc317b675f48ecdab5bb356a9a9dd5c3ccfb829e,2024-03,Hampshire Constabulary,Hampshire Constabulary,-1.374505,50.917558,On or near Bitterne Road West,E01017223,Southampton 024B,Violence and sexual offences,Status update unavailable,
76a6ce618582efbae16a18fbc06db96c43b3d3840c9ee51191d95e5ecb202e3e,2024-03,Hampshire Constabulary,Hampshire Constabulary,-1.374505,50.917558,On or near Bitterne Road West,E01017223,Southampton 024B,Violence and sexual offences,Status update unavailable,
d5df71be77875483254ffb1640297724ff9825351aa94d1d25e3a8011a39ae8e,2024-03,Hampshire Constabulary,Hampshire Constabulary,-1.374505,50.917558,On or near Bitterne Road West,E01017223,Southampton 024B,Violence and sexual offences,Status update unavailable,
5a0e29c3fd3bbf47a14f64573dd0c08f7362032705000ba046de10d394933a09,2024-03,Hampshire Constabulary,Hampshire Constabulary,-1.368379,50.913991,On or near Chessel Avenue,E01017223,Southampton 024B,Violence and sexual offences,Status update unavailable,
f1e7b37aef573d60ee09fab6f239d4c0439951dd965ae59bea19374747bf20c6,2024-03,Hampshire Constabulary,Hampshire Constabulary,-1.374505,50.917558,On or near Bitterne Road West,E01017223,Southampton 024B,Violence and sexual offences,Unable to prosecute suspect,
8a9e884549fe0285cab38049f060256f04814cba88b5df494f6ceaa923e355ff,2024-03,Hampshire Constabulary,Hampshire Constabulary,-1.371309,50.914025,On or near Athelstan Road,E01017223,Southampton 024B,Violence and sexual offences,Unable to prosecute suspect,
19b8d57f32c24e4d950c9aa82fb72749571e73bc3fc3379d1db2ae39a350e947,2024-03,Hampshire Constabulary,Hampshire Constabulary,-1.359436,50.914725,On or near Angel Crescent,E01017224,Southampton 024C,Bicycle theft,Investigation complete; no suspect identified,
62728621eb58d899223729379f3ce3307fafefafd5a02a17f99a0760ca1d3d8c,2024-03,Hampshire Constabulary,Hampshire Constabulary,-1.359436,50.914725,On or near Angel Crescent,E01017224,Southampton 024C,Criminal damage and arson,Unable to prosecute suspect,
cab518ab1923a117f5adf71edc05b3487e5588c7e2329dfc97cf1a959e29636b,2024-03,Hampshire Constabulary,Hampshire Constabulary,-1.359436,50.914725,On or near Angel Crescent,E01017224,Southampton 024C,Public order,Investigation complete; no suspect identified,
129483df1665bfa8092599931f2f9f678a4aaf8dac25441f3527757b0896c8f8,2024-03,Hampshire Constabulary,Hampshire Constabulary,-1.359436,50.914725,On or near Angel Crescent,E01017224,Southampton 024C,Public order,Court result unavailable,
026131a900f909e033530e60aae32d80e500c6c09e5a2118b56894c051a46764,2024-03,Hampshire Constabulary,Hampshire Constabulary,-1.359971,50.909944,On or near Deacon Close,E01017224,Southampton 024C,Shoplifting,Court result unavailable,
d3eaac3bde153de9fa22ab0eb0298b1a82e30abde9b26737a0ce2acabc613561,2024-03,Hampshire Constabulary,Hampshire Constabulary,-1.360332,50.913678,On or near Parking Area,E01017224,Southampton 024C,Shoplifting,Unable to prosecute suspect,
61a99b8a7855dabeb96c8a75f63d519f3bdf638b2cb30da64081e4f8c8bdfad4,2024-03,Hampshire Constabulary,Hampshire Constabulary,-1.360332,50.913678,On or near Parking Area,E01017224,Southampton 024C,Shoplifting,Court result unavailable,
d6dd5b9b0934e91e9e15bbc8f0bbafe08dbd9ffdacf97da26ff8e68d3658b83d,2024-03,Hampshire Constabulary,Hampshire Constabulary,-1.359436,50.914725,On or near Angel Crescent,E01017224,Southampton 024C,Shoplifting,Unable to prosecute suspect,
3b5f44d0f204da31d4c0ebb694e7bdd926e66f1ff23dc2cbd0cae45995bbd805,2024-03,Hampshire Constabulary,Hampshire Constabulary,-1.359971,50.909944,On or near Deacon Close,E01017224,Southampton 024C,Shoplifting,Formal action is not in the public interest,
30d52976a074ebff4812cc4e13a8ba0acee9bd1cd9002a671c7e0e05d4ba07ac,2024-03,Hampshire Constabulary,Hampshire Constabulary,-1.362490,50.911891,On or near Carisbrooke Drive,E01017224,Southampton 024C,Violence and sexual offences,Court result unavailable,
5a2c6bc02031c516dc544055388ed4404d90541b5eb9f0e50349b28bb16404a0,2024-03,Hampshire Constabulary,Hampshire Constabulary,-1.359668,50.912316,On or near Brownlow Gardens,E01017224,Southampton 024C,Violence and sexual offences,Unable to prosecute suspect,
d019c3fb4498ce0f39d254fad20a29b39d978f1c940234e29a486bcbff32d9fa,2024-03,Hampshire Constabulary,Hampshire Constabulary,-1.359436,50.914725,On or near Angel Crescent,E01017224,Southampton 024C,Violence and sexual offences,Unable to prosecute suspect,
,2024-03,Hampshire Constabulary,Hampshire Constabulary,-1.359971,50.909944,On or near Deacon Close,E01017224,Southampton 024C,Anti-social behaviour,,
,2024-03,Hampshire Constabulary,Hampshire Constabulary,-1.362582,50.912431,On or near Redlands Drive,E01017224,Southampton 024C,Anti-social behaviour,,
,2024-03,Hampshire Constabulary,Hampshire Constabulary,-1.362582,50.912431,On or near Redlands Drive,E01017224,Southampton 024C,Anti-social behaviour,,
,2024-03,Hampshire Constabulary,Hampshire Constabulary,-1.359436,50.914725,On or near Angel Crescent,E01017224,Southampton 024C,Anti-social behaviour,,
,2024-03,Hampshire Constabulary,Hampshire Constabulary,-1.359436,50.914725,On or near Angel Crescent,E01017224,Southampton 024C,Anti-social behaviour,,
0578c9ec8dd1fd3405d1df99a329fa9fade5d71544e39289f0cdc20e48bf6dd1,2024-03,Hampshire Constabulary,Hampshire Constabulary,-1.359436,50.914725,On or near Angel Crescent,E01017224,Southampton 024C,Other theft,Unable to prosecute suspect,
290f1d0e76eb51ff48d44b40837704fd792be7af99d73ad3f573c8f872911900,2024-03,Hampshire Constabulary,Hampshire Constabulary,-1.359971,50.909944,On or near Deacon Close,E01017224,Southampton 024C,Public order,Investigation complete; no suspect identified,
9e9ff4d0d7b34c52341b9fa3596003af25f1593a7561618dd1eb32fc2f135572,2024-03,Hampshire Constabulary,Hampshire Constabulary,-1.359436,50.914725,On or near Angel Crescent,E01017224,Southampton 024C,Public order,Investigation complete; no suspect identified,
05949db8d2388d8145767c14a7a058c99ca873d48c732db24fb43744d248cf34,2024-03,Hampshire Constabulary,Hampshire Constabulary,-1.359971,50.909944,On or near Deacon Close,E01017224,Southampton 024C,Shoplifting,Investigation complete; no suspect identified,
d9a44a9e77c7afdc17f1b731649a59f215513325ac64dba0b263b3c652b7890d,2024-03,Hampshire Constabulary,Hampshire Constabulary,-1.359436,50.914725,On or near Angel Crescent,E01017224,Southampton 024C,Shoplifting,Investigation complete; no suspect identified,
6825f8a7826e3eeae7c3a3073ec04a8f946f06f1f2f1a372b4fd70cc201243b5,2024-03,Hampshire Constabulary,Hampshire Constabulary,-1.360332,50.913678,On or near Parking Area,E01017224,Southampton 024C,Vehicle crime,Investigation complete; no suspect identified,
67762cf34bf3121bd459ddaf852d71de5c7375197aa0b7ba3f2bb031ad42bf80,2024-03,Hampshire Constabulary,Hampshire Constabulary,-1.360332,50.913678,On or near Parking Area,E01017224,Southampton 024C,Violence and sexual offences,Unable to prosecute suspect,
72e8fd3c03941a21616e54cc9eb36e78740e241697b6bd555cba8357e1d5a0d1,2024-03,Hampshire Constabulary,Hampshire Constabulary,-1.367009,50.912176,On or near Stoddart Avenue,E01017225,Southampton 024D,Burglary,Investigation complete; no suspect identified,
fcf5ce9e1032d06ddf12487b668fb2ee8fb7a7232c45c32eefb14ab5649b9f78,2024-03,Hampshire Constabulary,Hampshire Constabulary,-1.370965,50.911011,On or near Bronte Way,E01017225,Southampton 024D,Public order,Unable to prosecute suspect,
66119136a3c3e2a0373df6798186cea0ccebce1f3fdd8a81e4a7af39c077ab59,2024-03,Hampshire Constabulary,Hampshire Constabulary,-1.370212,50.910962,On or near Langbar Close,E01017225,Southampton 024D,Violence and sexual offences,Action to be taken by another organisation,
cd75b6cf2a786b34952c3448e1c9b280d26cec277682894c070b550863fe458f,2024-03,Hampshire Constabulary,Hampshire Constabulary,-1.364625,50.909709,On or near Blackthorn Close,E01017225,Southampton 024D,Violence and sexual offences,Unable to prosecute suspect,
bd33cc7c1491f6438c09bf140fb53e0b90a8d909d442736fa0cf1ff5673aabea,2024-03,Hampshire Constabulary,Hampshire Constabulary,-1.370212,50.910962,On or near Langbar Close,E01017225,Southampton 024D,Violence and sexual offences,Unable to prosecute suspect,
c25c651b9983fe29bcb0b90592d76bade0dbf4d688412a45c84636d84c086fd8,2024-03,Hampshire Constabulary,Hampshire Constabulary,-1.367009,50.912176,On or near Stoddart Avenue,E01017225,Southampton 024D,Violence and sexual offences,Investigation complete; no suspect identified,
f1ed3f362cf010fdccd15eb8387b0ff929be4df47248613a5a8c8e042aaab406,2024-03,Hampshire Constabulary,Hampshire Constabulary,-1.370212,50.910962,On or near Langbar Close,E01017225,Southampton 024D,Violence and sexual offences,Investigation complete; no suspect identified,
4319b46d0a092d5df1889d0de1d98d6d22327c363ccfb9b6392f5600d7529353,2024-03,Hampshire Constabulary,Hampshire Constabulary,-1.363210,50.910231,On or near Poplar Road,E01017225,Southampton 024D,Other theft,Unable to prosecute suspect,
f9fe0365da997eb1138d6c5f8ecc8415ae310e926090164b2b5e010d2dc1329a,2024-03,Hampshire Constabulary,Hampshire Constabulary,-1.360855,50.907665,On or near Pycroft Close,E01017225,Southampton 024D,Vehicle crime,Investigation complete; no suspect identified,
6bed0525f2df539269269aa2035af680921c9464b2f15b493d5ce2b1690fc966,2024-03,Hampshire Constabulary,Hampshire Constabulary,-1.360855,50.907665,On or near Pycroft Close,E01017225,Southampton 024D,Violence and sexual offences,Status update unavailable,
42e3d49def2b28c4539115cd7b8c0a26b7147429673747da09d55b3774431fe4,2024-03,Hampshire Constabulary,Hampshire Constabulary,-1.362576,50.908726,On or near Cypress Avenue,E01017225,Southampton 024D,Violence and sexual offences,Investigation complete; no suspect identified,
53c87cae7da56884456e1fea6d3f83b065a8f67b8f72adf6d45365cbb744542d,2024-03,Hampshire Constabulary,Hampshire Constabulary,-1.364625,50.909709,On or near Blackthorn Close,E01017225,Southampton 024D,Violence and sexual offences,Unable to prosecute suspect,
4f43da71da874d81f1fd9687621e9da8e22110acea41c566fb87ad17e260cfda,2024-03,Hampshire Constabulary,Hampshire Constabulary,-1.363210,50.910231,On or near Poplar Road,E01017225,Southampton 024D,Violence and sexual offences,Investigation complete; no suspect identified,
3f2606414170cb2862c962768fe8fc77003bdb96a43cc2e6bcc511b83f3c4673,2024-03,Hampshire Constabulary,Hampshire Constabulary,-1.337350,50.914359,On or near Supermarket,E01017162,Southampton 025A,Burglary,Unable to prosecute suspect,
f1917fb2436da0d7813432e3ee5dde5ae044333eb1ebc7d08f0169c7809f021d,2024-03,Hampshire Constabulary,Hampshire Constabulary,-1.341452,50.911954,On or near Ash Close,E01017162,Southampton 025A,Violence and sexual offences,Unable to prosecute suspect,
a0ae27ee97d2c947149cc5e71cda1279368414a5d923574befe3c3c4f767c058,2024-03,Hampshire Constabulary,Hampshire Constabulary,-1.337913,50.909740,On or near Burke Drive,E01017162,Southampton 025A,Violence and sexual offences,Unable to prosecute suspect,
28735a35c436430cf9dd790294e57203be9970b9a98a4580e248eeff55949a75,2024-03,Hampshire Constabulary,Hampshire Constabulary,-1.334289,50.910556,On or near Spencer Road,E01017162,Southampton 025A,Criminal damage and arson,Unable to prosecute suspect,
0e4652b98038507b929ae14c7b4db31de614041e5f13d3159c3a3f3808d1d0c8,2024-03,Hampshire Constabulary,Hampshire Constabulary,-1.341452,50.911954,On or near Ash Close,E01017162,Southampton 025A,Violence and sexual offences,Unable to prosecute suspect,
0ecc571e38e9072f5ff358f161d6cb7861213fd10e365d5c70bd80d90a04430b,2024-03,Hampshire Constabulary,Hampshire Constabulary,-1.337814,50.910693,On or near Gerard Crescent,E01017162,Southampton 025A,Violence and sexual offences,Unable to prosecute suspect,
72e450b7b38968356b57846bd1815b664e031af5cada4994e205f37082c252c9,2024-03,Hampshire Constabulary,Hampshire Constabulary,-1.330512,50.910049,On or near Lindsay Road,E01017163,Southampton 025B,Criminal damage and arson,Unable to prosecute suspect,
6aca054b24493c43a5467686aae8bfefe2106091f25943fe391349d701c2a9fe,2024-03,Hampshire Constabulary,Hampshire Constabulary,-1.333966,50.905284,On or near Lydgate Close,E01017163,Southampton 025B,Shoplifting,Court result unavailable,
788258c109bc459279072605acabae549f67afa3bad71ba9e8937ac955df0431,2024-03,Hampshire Constabulary,Hampshire Constabulary,-1.333966,50.905284,On or near Lydgate Close,E01017163,Southampton 025B,Violence and sexual offences,Unable to prosecute suspect,
66bfc00c005d496c15465f9d36087a97a865983bddc2b808f199477d5e0552b1,2024-03,Hampshire Constabulary,Hampshire Constabulary,-1.331351,50.908131,On or near Sports/Recreation Area,E01017163,Southampton 025B,Violence and sexual offences,Unable to prosecute suspect,
763f8273b1a0ada32d6cd5f089dab5ddef1193573530fbb8fd811a07ff1133e0,2024-03,Hampshire Constabulary,Hampshire Constabulary,-1.332227,50.908476,On or near Napier Road,E01017163,Southampton 025B,Violence and sexual offences,Unable to prosecute suspect,
ff6699b54ed316da42e25b8d9136b144e61cd8a665d0ea15d7d59141a8716b97,2024-03,Hampshire Constabulary,Hampshire Constabulary,-1.335138,50.906838,On or near Proctor Close,E01017163,Southampton 025B,Violence and sexual offences,Unable to prosecute suspect,
dc5b3ba0ac12ebf130ea6b09b04b5f3c0e33523a66319a40239541f7bc8f172a,2024-03,Hampshire Constabulary,Hampshire Constabulary,-1.335138,50.906838,On or near Proctor Close,E01017163,Southampton 025B,Violence and sexual offences,Investigation complete; no suspect identified,
22109fb63392b7377b7d74431b8a96006291c80e20cfba2d2b471fa2ac6a4746,2024-03,Hampshire Constabulary,Hampshire Constabulary,-1.331351,50.908131,On or near Sports/Recreation Area,E01017163,Southampton 025B,Other theft,Investigation complete; no suspect identified,
4c3bb76f3a95e4d74901ebeb5c28a07e6f207aebb71ff589e4bf5db7c4106d71,2024-03,Hampshire Constabulary,Hampshire Constabulary,-1.333966,50.905284,On or near Lydgate Close,E01017163,Southampton 025B,Public order,Investigation complete; no suspect identified,
d2120366395c2983b8c28dda82e36ce44d4b8da58203fb413cb921a4f82ac10f,2024-03,Hampshire Constabulary,Hampshire Constabulary,-1.335138,50.906838,On or near Proctor Close,E01017163,Southampton 025B,Violence and sexual offences,Investigation complete; no suspect identified,
da8ce4bf2450a767c207465a26beecd7af121a942c0497f4bea36c8603ba442d,2024-03,Hampshire Constabulary,Hampshire Constabulary,-1.335138,50.906838,On or near Proctor Close,E01017163,Southampton 025B,Violence and sexual offences,Investigation complete; no suspect identified,
5a1802d3bad1ab8b2d22c9e5f41644d9235c72768f0259e64f9f5372f6d6099e,2024-03,Hampshire Constabulary,Hampshire Constabulary,-1.347792,50.914265,On or near Exleigh Close,E01017164,Southampton 025C,Burglary,Unable to prosecute suspect,
bcdd6da9a877a2e01a5292c6b053246ed61754bf2235efdf52531796dcabee73,2024-03,Hampshire Constabulary,Hampshire Constabulary,-1.352790,50.912872,On or near Sanctuary Close,E01017164,Southampton 025C,Violence and sexual offences,Unable to prosecute suspect,
d49980574058747ee5db4f88b8b8b41fe77fb3f93a5b6cbc0eedbc100bb649ce,2024-03,Hampshire Constabulary,Hampshire Constabulary,-1.348003,50.912387,On or near Caxton Avenue,E01017164,Southampton 025C,Violence and sexual offences,Investigation complete; no suspect identified,
2d04b289c80473efc4cdbcbd8b06a3e6e6cf40f66e6709fed0c385fd28c4602f,2024-03,Hampshire Constabulary,Hampshire Constabulary,-1.346552,50.913422,On or near Eynham Avenue,E01017164,Southampton 025C,Other crime,Unable to prosecute suspect,
bef933da360170f16096beecdef7699ab088ba4bf66119037f70b4565244e4aa,2024-03,Hampshire Constabulary,Hampshire Constabulary,-1.347792,50.914265,On or near Exleigh Close,E01017164,Southampton 025C,Criminal damage and arson,Unable to prosecute suspect,
090417fffba0ac7fd9166b0d6162f6db3df210ae6048e0a710aae384167d9ca7,2024-03,Hampshire Constabulary,Hampshire Constabulary,-1.345255,50.913621,On or near Keats Road,E01017164,Southampton 025C,Public order,Investigation complete; no suspect identified,
d4ee3eadf4b55b30d4e1bd40879ddcd056b267168c343bf707703e5bcab9a683,2024-03,Hampshire Constabulary,Hampshire Constabulary,-1.347006,50.911500,On or near Caerleon Drive,E01017164,Southampton 025C,Vehicle crime,Investigation complete; no suspect identified,
24f31040f35c9e7686684df7baeaa761be76c8909974bcb99c5d6e7c757a62a9,2024-03,Hampshire Constabulary,Hampshire Constabulary,-1.345194,50.911867,On or near Caerleon Avenue,E01017164,Southampton 025C,Violence and sexual offences,Status update unavailable,
41a4240a7ab760bd6349830324915c8b19579407c3e6e356666cf1786451d438,2024-03,Hampshire Constabulary,Hampshire Constabulary,-1.350508,50.913327,On or near Keynsham Road,E01017164,Southampton 025C,Violence and sexual offences,Unable to prosecute suspect,
a25ac02c76cb0df45a63593edfb39b2e4d85a168d5071740631b641904ea02c8,2024-03,Hampshire Constabulary,Hampshire Constabulary,-1.329924,50.909389,On or near Ellwood Avenue,E01017165,Southampton 025D,Violence and sexual offences,Unable to prosecute suspect,
4ed4b0f6f83240df6337205cb4ceb8c1385a86676a5637b6d97a2b482b0d17a7,2024-03,Hampshire Constabulary,Hampshire Constabulary,-1.329924,50.909389,On or near Ellwood Avenue,E01017165,Southampton 025D,Violence and sexual offences,Unable to prosecute suspect,
41c2487b920b9a7ff54c85311bcaeec8fd0130c8b044bc2c5943b0e92eebd61a,2024-03,Hampshire Constabulary,Hampshire Constabulary,-1.328246,50.909433,On or near Heywood Green,E01017165,Southampton 025D,Violence and sexual offences,Awaiting court outcome,
19417ad45f7993e8d9a5ad81a46ff04bea2e6f42e8f9b6a09bc873724c6811f6,2024-03,Hampshire Constabulary,Hampshire Constabulary,-1.328246,50.909433,On or near Heywood Green,E01017165,Southampton 025D,Violence and sexual offences,Local resolution,
,2024-03,Hampshire Constabulary,Hampshire Constabulary,-1.330206,50.911575,On or near Solent Avenue,E01017165,Southampton 025D,Anti-social behaviour,,
e4010ca7754bc61bc25281d94a3ead8517a42b4ed25c5f469d8e4ef806c84c70,2024-03,Hampshire Constabulary,Hampshire Constabulary,-1.329924,50.909389,On or near Ellwood Avenue,E01017165,Southampton 025D,Burglary,Investigation complete; no suspect identified,
8d13104444fdae06cb44b2a0815d38e18d109eb85d50610dbd16b1417bf72aac,2024-03,Hampshire Constabulary,Hampshire Constabulary,-1.329924,50.909389,On or near Ellwood Avenue,E01017165,Southampton 025D,Violence and sexual offences,Status update unavailable,
e245d573949a84d6528407c78826a83ac615b369aefce426dd671678bd85695f,2024-03,Hampshire Constabulary,Hampshire Constabulary,-1.328246,50.909433,On or near Heywood Green,E01017165,Southampton 025D,Violence and sexual offences,Investigation complete; no suspect identified,
28ffc195dccc63cf91f88efcfe9c82f8b6918689190d66c1572a8ff870fa68a9,2024-03,Hampshire Constabulary,Hampshire Constabulary,-1.329499,50.914251,On or near Simon Way,E01017165,Southampton 025D,Violence and sexual offences,Investigation complete; no suspect identified,
5ff61a6fdbaa2f1b03975149d9325cefcfd2cf6c2537380278bc14643dd37b45,2024-03,Hampshire Constabulary,Hampshire Constabulary,-1.334023,50.908243,On or near Supermarket,E01017166,Southampton 025E,Possession of weapons,Court result unavailable,
63c9a99bd895f615fb2b0c3452a3feccba13c6fe7fb9d9f4b9672eb21ad0969b,2024-03,Hampshire Constabulary,Hampshire Constabulary,-1.334023,50.908243,On or near Supermarket,E01017166,Southampton 025E,Public order,Investigation complete; no suspect identified,
5db0b18b7f8be060c1191eb5a2e3b0b1acb49d17ac66236b3badc9f935721c24,2024-03,Hampshire Constabulary,Hampshire Constabulary,-1.334023,50.908243,On or near Supermarket,E01017166,Southampton 025E,Shoplifting,Court result unavailable,
dfc10ffa73551cbcf7760487def13ccf62d7f93c849959ae991720e8174daa46,2024-03,Hampshire Constabulary,Hampshire Constabulary,-1.338077,50.906798,On or near Supermarket,E01017166,Southampton 025E,Shoplifting,Investigation complete; no suspect identified,
5509c1e116fd5d508f7ad19a8f52e7f025fa2e0b5ea8bea5fe2d46e9c8af5ac1,2024-03,Hampshire Constabulary,Hampshire Constabulary,-1.338077,50.906798,On or near Supermarket,E01017166,Southampton 025E,Shoplifting,Local resolution,
4a8fa6e189ad3755431f62b92dba94a649b4f860d7148a60ebde8e4a4d9f4a92,2024-03,Hampshire Constabulary,Hampshire Constabulary,-1.338077,50.906798,On or near Supermarket,E01017166,Southampton 025E,Shoplifting,Unable to prosecute suspect,
ebe72eaf0272cccdbeb4243ae94469981525369bf4894f6d84bee2f2911ec213,2024-03,Hampshire Constabulary,Hampshire Constabulary,-1.334023,50.908243,On or near Supermarket,E01017166,Southampton 025E,Violence and sexual offences,Unable to prosecute suspect,
5523842aa9c394e12eddf68df7acb5ad07fa2d2ffc8bc15a3fe0800a5de961a2,2024-03,Hampshire Constabulary,Hampshire Constabulary,-1.335239,50.907728,On or near Medwall Green,E01017166,Southampton 025E,Violence and sexual offences,Unable to prosecute suspect,
90de715ce08802a483239ebf5a2524584cee40c2d3c6bec5227fa52fa5131522,2024-03,Hampshire Constabulary,Hampshire Constabulary,-1.334023,50.908243,On or near Supermarket,E01017166,Southampton 025E,Violence and sexual offences,Local resolution,
8b4374866e49e724a50d8b29dc7fc6711948d6da1924038520583ffe68194cf2,2024-03,Hampshire Constabulary,Hampshire Constabulary,-1.340522,50.909323,On or near Brinsley Close,E01017166,Southampton 025E,Violence and sexual offences,Unable to prosecute suspect,
6453cee67d5890dddb0841d8310c135062718fdc30a7d1371a19396186ccc2bf,2024-03,Hampshire Constabulary,Hampshire Constabulary,-1.339967,50.911316,On or near Boswell Close,E01017166,Southampton 025E,Violence and sexual offences,Unable to prosecute suspect,
3d7380fbbb517985d6a104cc5fb17c625cb59a5449a76ec8da17123b2972ae53,2024-03,Hampshire Constabulary,Hampshire Constabulary,-1.339967,50.911316,On or near Boswell Close,E01017166,Southampton 025E,Violence and sexual offences,Awaiting court outcome,
69476f74b5b132f2808c73d31960a59a9ec335c216e017e4e1e804dcb6aa4fb0,2024-03,Hampshire Constabulary,Hampshire Constabulary,-1.339502,50.909030,On or near Sheridan Close,E01017166,Southampton 025E,Violence and sexual offences,Investigation complete; no suspect identified,
4b47c41f034070d1867da1ce2e3ae3fda4a53647c3897b77489d68bcfbb0bb4e,2024-03,Hampshire Constabulary,Hampshire Constabulary,-1.341196,50.906899,On or near Carey Road,E01017166,Southampton 025E,Violence and sexual offences,Unable to prosecute suspect,
80ba7fc207b8361942b20bb0840ea9fa604f52c9501ed2aabcea30cfec789af6,2024-03,Hampshire Constabulary,Hampshire Constabulary,-1.338077,50.906798,On or near Supermarket,E01017166,Southampton 025E,Violence and sexual offences,Unable to prosecute suspect,
2630987c1dc45cb2718ffa317dcc095b4a78834d5f438076ae82383af5d634c2,2024-03,Hampshire Constabulary,Hampshire Constabulary,-1.339369,50.905315,On or near Bursledon Road,E01017166,Southampton 025E,Violence and sexual offences,Offender given a caution,
,2024-03,Hampshire Constabulary,Hampshire Constabulary,-1.338077,50.906798,On or near Supermarket,E01017166,Southampton 025E,Anti-social behaviour,,
cf06abd9cc8f12b4c1b7900e19f73a8a93e558d29d3e0aa582934f5c0d4c7d2a,2024-03,Hampshire Constabulary,Hampshire Constabulary,-1.339369,50.905315,On or near Bursledon Road,E01017166,Southampton 025E,Burglary,Investigation complete; no suspect identified,
27de0febdafff2dab1bad4ce104a62b3633f384a5005bf3d1b19d4abc121d4e2,2024-03,Hampshire Constabulary,Hampshire Constabulary,-1.340522,50.909323,On or near Brinsley Close,E01017166,Southampton 025E,Criminal damage and arson,Unable to prosecute suspect,
40c215da9e0514268ba009ee3b20b9f585222ec5c4c01185c6a171d34c08c804,2024-03,Hampshire Constabulary,Hampshire Constabulary,-1.334023,50.908243,On or near Supermarket,E01017166,Southampton 025E,Public order,Status update unavailable,
50aee60645def3f3a2a2b5371306772f0cc2243482486551eaf43a842e0ada3b,2024-03,Hampshire Constabulary,Hampshire Constabulary,-1.340522,50.909323,On or near Brinsley Close,E01017166,Southampton 025E,Violence and sexual offences,Unable to prosecute suspect,
1330e94c0e035a63d64e9ebd843468f5a316271368a40a9f5fde238a3ea5b86a,2024-03,Hampshire Constabulary,Hampshire Constabulary,-1.336256,50.907249,On or near Tatwin Crescent,E01017166,Southampton 025E,Violence and sexual offences,Investigation complete; no suspect identified,
9e09cede69dfc3c2679579858283ca2f3a04ff2562c0696ecc422fce6a503199,2024-03,Hampshire Constabulary,Hampshire Constabulary,-1.338678,50.908917,On or near Campion Road,E01017166,Southampton 025E,Violence and sexual offences,Investigation complete; no suspect identified,
5789dae8ba04db8e31b62d6ae2e998e3deb524d7bf80c30d5cdf7249da985f8c,2024-03,Hampshire Constabulary,Hampshire Constabulary,-1.339502,50.909030,On or near Sheridan Close,E01017166,Southampton 025E,Violence and sexual offences,Unable to prosecute suspect,
b30be1fab5fddad859627dabab13b6748f8e8961020bed631d8aab473b6dde2f,2024-03,Hampshire Constabulary,Hampshire Constabulary,-1.355673,50.913176,On or near A3024,E01017256,Southampton 026A,Possession of weapons,Court result unavailable,
75af4d105223cf8fb52d9d43c8a4b40614ad7d3b4161b71e700975dc3e2fa911,2024-03,Hampshire Constabulary,Hampshire Constabulary,-1.355673,50.913176,On or near A3024,E01017256,Southampton 026A,Possession of weapons,Court result unavailable,
85dba86fbe88d37a4755a6d8f9a1f79bd7cb9a9ab7febe4cf2d13fd5244923f0,2024-03,Hampshire Constabulary,Hampshire Constabulary,-1.351743,50.906311,On or near Vokes Close,E01017256,Southampton 026A,Public order,Unable to prosecute suspect,
b81674f39f30713ff0572dadf87aa341b1d929f590ece51047c8eb9f1d2c101b,2024-03,Hampshire Constabulary,Hampshire Constabulary,-1.351743,50.906311,On or near Vokes Close,E01017256,Southampton 026A,Public order,Local resolution,
a65badd060cc89d6364410e2b7ee3fe92bdd971fadf96f6aedfcb6dce5ad6541,2024-03,Hampshire Constabulary,Hampshire Constabulary,-1.356203,50.910876,On or near Chatsworth Road,E01017256,Southampton 026A,Violence and sexual offences,Unable to prosecute suspect,
,2024-03,Hampshire Constabulary,Hampshire Constabulary,-1.351743,50.906311,On or near Vokes Close,E01017256,Southampton 026A,Anti-social behaviour,,
4c527b1c2b8acb5fa9248de4f666033dadfb3d3faed4be26df75b72ad1ebc292,2024-03,Hampshire Constabulary,Hampshire Constabulary,-1.355673,50.913176,On or near A3024,E01017256,Southampton 026A,Burglary,Investigation complete; no suspect identified,
d2631f0bd6e614b880915935cdb2669b7b72ed8a6c6b4efaa38efeb3c6028f9a,2024-03,Hampshire Constabulary,Hampshire Constabulary,-1.355673,50.913176,On or near A3024,E01017256,Southampton 026A,Criminal damage and arson,Investigation complete; no suspect identified,
89c9dbfa74b58f825bf4c171fab7887c40a2e329f3e643f4b468c64383498c7a,2024-03,Hampshire Constabulary,Hampshire Constabulary,-1.353996,50.908994,On or near St Aubin'S Avenue,E01017256,Southampton 026A,Vehicle crime,Investigation complete; no suspect identified,
15ad34f92bd6d02385d874a83d85dddc5a1bf08e10b23828a6a57a66ee5b3dd8,2024-03,Hampshire Constabulary,Hampshire Constabulary,-1.355464,50.909775,On or near Deacon Road,E01017256,Southampton 026A,Vehicle crime,Investigation complete; no suspect identified,
6af8e074c66768061049824b49c11cfcd28a328d5be7130b696e2930806312af,2024-03,Hampshire Constabulary,Hampshire Constabulary,-1.355464,50.909775,On or near Deacon Road,E01017256,Southampton 026A,Vehicle crime,Investigation complete; no suspect identified,
cb26adf64c3d3e61ccad637dab5917bb5695175bdc5344b94760e5928223819b,2024-03,Hampshire Constabulary,Hampshire Constabulary,-1.351743,50.906311,On or near Vokes Close,E01017256,Southampton 026A,Violence and sexual offences,Status update unavailable,
a7b5dbb4b1a4894b7bf4035f802b258d4bb2237b0bea0e4a8b4961b28a01e273,2024-03,Hampshire Constabulary,Hampshire Constabulary,-1.346684,50.906022,On or near Balfour Road,E01017257,Southampton 026B,Criminal damage and arson,Unable to prosecute suspect,
501d426d455f01b02a91e518e661dd7395011848b73289a4106ec034061def1a,2024-03,Hampshire Constabulary,Hampshire Constabulary,-1.346684,50.906022,On or near Balfour Road,E01017257,Southampton 026B,Vehicle crime,Investigation complete; no suspect identified,
3b3387e0970f09adb36fc60e3c4b1ac0b1aa1f34a7559e67ee6defeb627da65b,2024-03,Hampshire Constabulary,Hampshire Constabulary,-1.342054,50.905537,On or near Anson Drive,E01017257,Southampton 026B,Violence and sexual offences,Unable to prosecute suspect,
6b16f7722dcdd751794fae051e4dabfe8abed5d33afdb5434044dd3a10bd031d,2024-03,Hampshire Constabulary,Hampshire Constabulary,-1.342054,50.905537,On or near Anson Drive,E01017257,Southampton 026B,Violence and sexual offences,Further action is not in the public interest,
411a61b4c0d6b6892d2321700c933d1d9fb7918e215ce798501354a6cde97290,2024-03,Hampshire Constabulary,Hampshire Constabulary,-1.347132,50.907571,On or near North East Close,E01017257,Southampton 026B,Violence and sexual offences,Unable to prosecute suspect,
58891205248ddbc652ee3d00b2eb6b693cc0274985e7aff69b2716d4f9b29ce9,2024-03,Hampshire Constabulary,Hampshire Constabulary,-1.342054,50.905537,On or near Anson Drive,E01017257,Southampton 026B,Violence and sexual offences,Unable to prosecute suspect,
623eebba0dfc07b46d3705621a8fe8bf80220d7009e0489dc47e7e8b2836b1bf,2024-03,Hampshire Constabulary,Hampshire Constabulary,-1.342054,50.905537,On or near Anson Drive,E01017257,Southampton 026B,Violence and sexual offences,Unable to prosecute suspect,
c3a1e4692dc24f9c544db8cd7e702bc569a986010e2f2dcb100e5846d31d075f,2024-03,Hampshire Constabulary,Hampshire Constabulary,-1.347132,50.907571,On or near North East Close,E01017257,Southampton 026B,Criminal damage and arson,Unable to prosecute suspect,
d668557058b098f2b5a103ec0630ff4f524177aeb73c94459aa58585eb8b4212,2024-03,Hampshire Constabulary,Hampshire Constabulary,-1.345370,50.907426,On or near Sedgewick Road,E01017257,Southampton 026B,Theft from the person,Unable to prosecute suspect,
dcb16b7fa75d3be709f387d202349ca2d889f178cc935c6b5dd50b9e5422d73a,2024-03,Hampshire Constabulary,Hampshire Constabulary,-1.342903,50.906891,On or near Bursledon Road,E01017257,Southampton 026B,Vehicle crime,Investigation complete; no suspect identified,
f74fa93025da56d6645f166bce5f5997b9df3d931d0516c7adc5669a7f6ef8c5,2024-03,Hampshire Constabulary,Hampshire Constabulary,-1.342054,50.905537,On or near Anson Drive,E01017257,Southampton 026B,Violence and sexual offences,Status update unavailable,
237c2cbac18390932096df92fced40e11c50051c525387f9808aaa90bfa16cee,2024-03,Hampshire Constabulary,Hampshire Constabulary,-1.342054,50.905537,On or near Anson Drive,E01017257,Southampton 026B,Violence and sexual offences,Unable to prosecute suspect,
7f8c7176d808ff61921d95f8fd94d4e33101cd3f3d5f0ba5459292a46646925d,2024-03,Hampshire Constabulary,Hampshire Constabulary,-1.347132,50.907571,On or near North East Close,E01017257,Southampton 026B,Violence and sexual offences,Investigation complete; no suspect identified,
03160f32c2f22d6c4946882004fed69fa8b7b8e9724188aab7ef816e44511f58,2024-03,Hampshire Constabulary,Hampshire Constabulary,-1.342054,50.905537,On or near Anson Drive,E01017257,Southampton 026B,Violence and sexual offences,Unable to prosecute suspect,
3c625c956baaec7fd3d91bc4356f3898890ab1eda08cfd52bde97c01e30f5040,2024-03,Hampshire Constabulary,Hampshire Constabulary,-1.343939,50.901960,On or near Dragoon Close,E01017259,Southampton 026C,Violence and sexual offences,Offender given a caution,
d323223d456871ed0b58a0d032b950f9a7378c656bfbe1b66d777e12cf4a72f5,2024-03,Hampshire Constabulary,Hampshire Constabulary,-1.344468,50.902763,On or near Imber Way,E01017259,Southampton 026C,Violence and sexual offences,Unable to prosecute suspect,
43e38ee3bc26416c275e2036bbee8536f452098f2d501e59edd7571bca41c3d1,2024-03,Hampshire Constabulary,Hampshire Constabulary,-1.347509,50.905019,On or near Mowbray Road,E01017259,Southampton 026C,Violence and sexual offences,Unable to prosecute suspect,
0c58f2de7b66c59e1448cf8f0f867baeccf6243c81c5a60dd23da035491436e0,2024-03,Hampshire Constabulary,Hampshire Constabulary,-1.349400,50.905030,On or near Drove Road,E01017259,Southampton 026C,Vehicle crime,Investigation complete; no suspect identified,
6fd9d3f4b1c5b8924d16da7f66f6d18599b5d1315c2901363c711d42467c61f9,2024-03,Hampshire Constabulary,Hampshire Constabulary,-1.347140,50.902868,On or near Silver Birch Close,E01017259,Southampton 026C,Vehicle crime,Investigation complete; no suspect identified,
6147fb1b1e440a7aad7321dca85836c11174a1ebafc813bd7d3a972ae5473b79,2024-03,Hampshire Constabulary,Hampshire Constabulary,-1.349336,50.902457,On or near Chadwell Avenue,E01017259,Southampton 026C,Vehicle crime,Unable to prosecute suspect,
8622aedd4350d2289b3ac77e6efdc67f4e9146f734a143c825716fe7c7a711e4,2024-03,Hampshire Constabulary,Hampshire Constabulary,-1.349400,50.905030,On or near Drove Road,E01017259,Southampton 026C,Violence and sexual offences,Unable to prosecute suspect,
8f8a5d003b8336ed8609872bc2385c85534d5adacd18f5b29efba7dc96772c5f,2024-03,Hampshire Constabulary,Hampshire Constabulary,-1.349400,50.905030,On or near Drove Road,E01017259,Southampton 026C,Violence and sexual offences,Unable to prosecute suspect,
4004ec1e46136e35c21d74e871cfd8f6ca3817a2436bfe87513a17bf47a5c7f6,2024-03,Hampshire Constabulary,Hampshire Constabulary,-1.347063,50.898245,On or near Heathfield Close,E01017260,Southampton 026D,Possession of weapons,Unable to prosecute suspect,
1ef1af45ffcfc63a79b71d1431fca4548d5afb147cb3a72d02e9ecbe70385dcb,2024-03,Hampshire Constabulary,Hampshire Constabulary,-1.347249,50.899190,On or near Swanmore Avenue,E01017260,Southampton 026D,Shoplifting,Unable to prosecute suspect,
5cf3d69f2365432d37cb177fa2308402bc5f5f413c008f8b8e3bfaf49c7b757c,2024-03,Hampshire Constabulary,Hampshire Constabulary,-1.347249,50.899190,On or near Swanmore Avenue,E01017260,Southampton 026D,Shoplifting,Unable to prosecute suspect,
91f531b2ed4ea0fd5ec98b80fe8c2ca237276e1ab9228e3161a278a2cf8de2d6,2024-03,Hampshire Constabulary,Hampshire Constabulary,-1.347009,50.900079,On or near Butt'S Road,E01017260,Southampton 026D,Vehicle crime,Investigation complete; no suspect identified,
1fd65e47650dd518dba9f2ac9753ff2086ed4dd1a5dffd846ec34d1a6c3733b7,2024-03,Hampshire Constabulary,Hampshire Constabulary,-1.347009,50.900079,On or near Butt'S Road,E01017260,Southampton 026D,Violence and sexual offences,Unable to prosecute suspect,
2037922e9444cd082bd909d3fd5c686aad13d6437586eadd573b926019b92736,2024-03,Hampshire Constabulary,Hampshire Constabulary,-1.347063,50.898245,On or near Heathfield Close,E01017260,Southampton 026D,Violence and sexual offences,Unable to prosecute suspect,
cd0e2c9b51f12ebba00a6592a834bbef2f2c3b8c9311619706732aa678195527,2024-03,Hampshire Constabulary,Hampshire Constabulary,-1.347249,50.899190,On or near Swanmore Avenue,E01017260,Southampton 026D,Burglary,Unable to prosecute suspect,
844cbd641e9daae789a596a048c4e5cc52554753d6d62576011b16d5bd139aff,2024-03,Hampshire Constabulary,Hampshire Constabulary,-1.347063,50.898245,On or near Heathfield Close,E01017260,Southampton 026D,Burglary,Unable to prosecute suspect,
7ac2bad1c59a11031280b285a61f849022e6b9fe22ec321ef72a258dd269d99f,2024-03,Hampshire Constabulary,Hampshire Constabulary,-1.344592,50.900012,On or near Landseer Road,E01017260,Southampton 026D,Criminal damage and arson,Investigation complete; no suspect identified,
616e345455ba9294c84bcf02cac4659643c014fb869df7e4abaee08197a1f3bd,2024-03,Hampshire Constabulary,Hampshire Constabulary,-1.347269,50.897761,On or near Belton Road,E01017260,Southampton 026D,Violence and sexual offences,Unable to prosecute suspect,
0ab80c14bcd20b24c02ce09088baeceb25d785ce4b6b2ff344cec6aed8fa9833,2024-03,Hampshire Constabulary,Hampshire Constabulary,-1.345029,50.893234,On or near Portsmouth Road,E01017262,Southampton 026E,Criminal damage and arson,Investigation complete; no suspect identified,
1c6706631ba44a91c42df0add2a972d890fd38d85764810ca6f728f55e03479f,2024-03,Hampshire Constabulary,Hampshire Constabulary,-1.341884,50.897452,On or near Valentine Avenue,E01017262,Southampton 026E,Public order,Action to be taken by another organisation,
e323d9b8cfc7cf45035d6882ee6d92c6e5a298bc325f5193ecbdc22d3c1681d4,2024-03,Hampshire Constabulary,Hampshire Constabulary,-1.341884,50.897452,On or near Valentine Avenue,E01017262,Southampton 026E,Public order,Action to be taken by another organisation,
0e623a44e6cd62739558897a40a6c171efca30bd655441f5888abbcde8411345,2024-03,Hampshire Constabulary,Hampshire Constabulary,-1.343002,50.897800,On or near Finzi Close,E01017262,Southampton 026E,Robbery,Unable to prosecute suspect,
30cbf1fa7c68dbded127186b3e9c48b3a4bf3caf80ce2c065ea6431aa2b8be36,2024-03,Hampshire Constabulary,Hampshire Constabulary,-1.344547,50.897161,On or near Whistler Road,E01017262,Southampton 026E,Vehicle crime,Unable to prosecute suspect,
f53f2d1a3bf9cfe70edf87c1cac785233d1394d058071721f7ff1b9fdfd7b5f7,2024-03,Hampshire Constabulary,Hampshire Constabulary,-1.345173,50.896121,On or near Constable Close,E01017262,Southampton 026E,Vehicle crime,Unable to prosecute suspect,
11049be00a7968ef5e1b2a0c1feb99f770555ff7f948ea4b8a647126c3a5f5d5,2024-03,Hampshire Constabulary,Hampshire Constabulary,-1.341884,50.897452,On or near Valentine Avenue,E01017262,Southampton 026E,Violence and sexual offences,Action to be taken by another organisation,
7f740e1078eada66f9f31e4e2149cdf9a368b0f3b09e6e5ce5c07c5cdc44b460,2024-03,Hampshire Constabulary,Hampshire Constabulary,-1.347430,50.893337,On or near Dairy Close,E01017262,Southampton 026E,Violence and sexual offences,Unable to prosecute suspect,
2e96a27a8139f8f6567339e7d5805f55a4b3123ceaaa78113b85afea989625ce,2024-03,Hampshire Constabulary,Hampshire Constabulary,-1.341884,50.897452,On or near Valentine Avenue,E01017262,Southampton 026E,Violence and sexual offences,Action to be taken by another organisation,
f057147c4b28209d93a6ab38f23eb66f7d36373e78b7cccf6ce6ceb63d914a92,2024-03,Hampshire Constabulary,Hampshire Constabulary,-1.346979,50.895061,On or near Purvis Gardens,E01017262,Southampton 026E,Violence and sexual offences,Unable to prosecute suspect,
9d347a14b4aa067a73ff5f377754dd3d607b0880a3e66ee66c8161810dde54ed,2024-03,Hampshire Constabulary,Hampshire Constabulary,-1.347430,50.893337,On or near Dairy Close,E01017262,Southampton 026E,Other crime,Action to be taken by another organisation,
,2024-03,Hampshire Constabulary,Hampshire Constabulary,-1.347430,50.893337,On or near Dairy Close,E01017262,Southampton 026E,Anti-social behaviour,,
5603e6cda6fdff12438e98aaf9b88ae5b58ded2959b2c54916f980dcc21746ea,2024-03,Hampshire Constabulary,Hampshire Constabulary,-1.343630,50.893577,On or near Stubbs Road,E01017262,Southampton 026E,Burglary,Investigation complete; no suspect identified,
252fefdf70afe38808dc9c236c6fd30953a9114cbb872f478c1a10a1e255a7fc,2024-03,Hampshire Constabulary,Hampshire Constabulary,-1.347430,50.893337,On or near Dairy Close,E01017262,Southampton 026E,Public order,Unable to prosecute suspect,
eec899d8afb4f288c194e0a61ca8daf8511cfacd4bb1ec484c0cdef21ef91016,2024-03,Hampshire Constabulary,Hampshire Constabulary,-1.341884,50.897452,On or near Valentine Avenue,E01017262,Southampton 026E,Public order,Unable to prosecute suspect,
6251271aeb81e9ceed337fdcdaf24391a2079066a2d9eabc8e92bf2f613f5810,2024-03,Hampshire Constabulary,Hampshire Constabulary,-1.345782,50.895288,On or near Gainsborough Close,E01017262,Southampton 026E,Vehicle crime,Investigation complete; no suspect identified,
d168dd822a466dde2fda970a52495f9e5b7a278a8d53250275317bb307532305,2024-03,Hampshire Constabulary,Hampshire Constabulary,-1.346979,50.895061,On or near Purvis Gardens,E01017262,Southampton 026E,Violence and sexual offences,Status update unavailable,
606de1cd418362e4d2f83fd9374a1437d0ee3aa71529a7a62f6d972a9bc942d6,2024-03,Hampshire Constabulary,Hampshire Constabulary,-1.336047,50.904918,On or near Herrick Close,E01017167,Southampton 027A,Criminal damage and arson,Unable to prosecute suspect,
be5e743144c318d336d07113c09a724d5fc9f8bad685ab229acf365e0b019bae,2024-03,Hampshire Constabulary,Hampshire Constabulary,-1.330860,50.901687,On or near Conference/Exhibition Centre,E01017167,Southampton 027A,Drugs,Offender given a caution,
06d9bb82628d205b95d1d69a16e19298c7cad58f7f720ea2f283cc4d8799fbf1,2024-03,Hampshire Constabulary,Hampshire Constabulary,-1.332342,50.901480,On or near Petrol Station,E01017167,Southampton 027A,Shoplifting,Court result unavailable,
1b87159fd91d65dcf1b17ed0ed5202388077b64c9854f618265b25d238d9ba17,2024-03,Hampshire Constabulary,Hampshire Constabulary,-1.330860,50.901687,On or near Conference/Exhibition Centre,E01017167,Southampton 027A,Shoplifting,Court result unavailable,
ec84360d6716b4153844c894b413d2ba8a5290b4ef912abf37134841070260ce,2024-03,Hampshire Constabulary,Hampshire Constabulary,-1.332342,50.901480,On or near Petrol Station,E01017167,Southampton 027A,Shoplifting,Court result unavailable,
87d35e768f68ddb183477a7dd32adc70dca983b4553ee15e4aa9383b4b705e82,2024-03,Hampshire Constabulary,Hampshire Constabulary,-1.332342,50.901480,On or near Petrol Station,E01017167,Southampton 027A,Shoplifting,Court result unavailable,
a50a3a32cc4b3759b5e1cd7c4094cda588c8bef2dbe2b0830b4530712da5a6a0,2024-03,Hampshire Constabulary,Hampshire Constabulary,-1.332342,50.901480,On or near Petrol Station,E01017167,Southampton 027A,Shoplifting,Court result unavailable,
557c01bfa19e26a3dfebc3f892b0681ec4de135f0ad1156217c1b5d8b3e9c961,2024-03,Hampshire Constabulary,Hampshire Constabulary,-1.332342,50.901480,On or near Petrol Station,E01017167,Southampton 027A,Shoplifting,Court result unavailable,
90a40db0783253a82621715bde00bffc8cd6b4372cb4656a1d0a712dc925015f,2024-03,Hampshire Constabulary,Hampshire Constabulary,-1.333961,50.903621,On or near Lydgate Road,E01017167,Southampton 027A,Theft from the person,Unable to prosecute suspect,
c21258467f083905009a82c12d7bb6327ab1f9f4933354bbbc004e4244c0c64f,2024-03,Hampshire Constabulary,Hampshire Constabulary,-1.332342,50.901480,On or near Petrol Station,E01017167,Southampton 027A,Violence and sexual offences,Unable to prosecute suspect,
d18b8f2d4dcecf5072961da130d780d0ff40062f734d6876754fcdc97a678699,2024-03,Hampshire Constabulary,Hampshire Constabulary,-1.336047,50.904918,On or near Herrick Close,E01017167,Southampton 027A,Violence and sexual offences,Unable to prosecute suspect,
229dba84e97fe681c1c8f42d8ce993837b5c7b90dfabe5a935dc60e8869b6f99,2024-03,Hampshire Constabulary,Hampshire Constabulary,-1.336033,50.902940,On or near Ivy Dene,E01017167,Southampton 027A,Violence and sexual offences,Unable to prosecute suspect,
ec3d7d4ed64ee5cf492920d45196516acd0fcfda608f5b310abce0b86c930464,2024-03,Hampshire Constabulary,Hampshire Constabulary,-1.336047,50.904918,On or near Herrick Close,E01017167,Southampton 027A,Violence and sexual offences,Unable to prosecute suspect,
fb3ca6f2e4120a658c012c3746d5a5b96d6b8d840d2d00c5a28948e13697ba74,2024-03,Hampshire Constabulary,Hampshire Constabulary,-1.330860,50.901687,On or near Conference/Exhibition Centre,E01017167,Southampton 027A,Violence and sexual offences,Unable to prosecute suspect,
,2024-03,Hampshire Constabulary,Hampshire Constabulary,-1.330860,50.901687,On or near Conference/Exhibition Centre,E01017167,Southampton 027A,Anti-social behaviour,,
,2024-03,Hampshire Constabulary,Hampshire Constabulary,-1.330860,50.901687,On or near Conference/Exhibition Centre,E01017167,Southampton 027A,Anti-social behaviour,,
,2024-03,Hampshire Constabulary,Hampshire Constabulary,-1.334223,50.904162,On or near Lydgate Green,E01017167,Southampton 027A,Anti-social behaviour,,
,2024-03,Hampshire Constabulary,Hampshire Constabulary,-1.333961,50.903621,On or near Lydgate Road,E01017167,Southampton 027A,Anti-social behaviour,,
2459bbd030948b73c3d63cd17e80e8961e0c3c532ae65137c5662e34b12b4d8c,2024-03,Hampshire Constabulary,Hampshire Constabulary,-1.334335,50.901348,On or near Coates Road,E01017167,Southampton 027A,Burglary,Investigation complete; no suspect identified,
671be4b936037018c8cc84bad97697e6cc5982ff1307f224dd3901a95dfbf02f,2024-03,Hampshire Constabulary,Hampshire Constabulary,-1.330860,50.901687,On or near Conference/Exhibition Centre,E01017167,Southampton 027A,Burglary,Status update unavailable,
e3c759149ca269b919c527cfbed24ebfce72aa206c19c96d79813829f089166f,2024-03,Hampshire Constabulary,Hampshire Constabulary,-1.336047,50.904918,On or near Herrick Close,E01017167,Southampton 027A,Other theft,Investigation complete; no suspect identified,
f2c1e3e50a7c74ca9d6099628e191b72ad65c111fbf8d1f9bb3f1929c3913669,2024-03,Hampshire Constabulary,Hampshire Constabulary,-1.330860,50.901687,On or near Conference/Exhibition Centre,E01017167,Southampton 027A,Shoplifting,Investigation complete; no suspect identified,
bf2b2f497a3a6d1e73975735291323345f4cbc9a9a301c634066c0ee3ce333a5,2024-03,Hampshire Constabulary,Hampshire Constabulary,-1.330860,50.901687,On or near Conference/Exhibition Centre,E01017167,Southampton 027A,Shoplifting,Investigation complete; no suspect identified,
21725a58d61d2af90a92504d8568a5b99ad9ccbd236d2d1d1821814955d08c66,2024-03,Hampshire Constabulary,Hampshire Constabulary,-1.337228,50.901904,On or near Wesley Close,E01017167,Southampton 027A,Violence and sexual offences,Unable to prosecute suspect,
a50c7433c881c82b5f71f8f4cd73bf96405c453bc3631174c279618ab9542856,2024-03,Hampshire Constabulary,Hampshire Constabulary,-1.336033,50.902940,On or near Ivy Dene,E01017167,Southampton 027A,Violence and sexual offences,Unable to prosecute suspect,
aa0cf8f852c05f5145f5ad6a089cb12a69c1d9d791fb5f963feb75602c557f4a,2024-03,Hampshire Constabulary,Hampshire Constabulary,-1.336047,50.904918,On or near Herrick Close,E01017167,Southampton 027A,Violence and sexual offences,Status update unavailable,
192af605596efbf761cc66c4526854764e00b81532cb2c571763b3d628c04ae8,2024-03,Hampshire Constabulary,Hampshire Constabulary,-1.330860,50.901687,On or near Conference/Exhibition Centre,E01017167,Southampton 027A,Violence and sexual offences,Unable to prosecute suspect,
cdaf7479b2665059df311c38d98874574000a7d24ee9b099a7879c00691cc3a6,2024-03,Hampshire Constabulary,Hampshire Constabulary,-1.332342,50.901480,On or near Petrol Station,E01017167,Southampton 027A,Violence and sexual offences,Unable to prosecute suspect,
ce2a7c27030d8da3a7c9b4cf871b0f05d807dd945fbea2bf78cec43eb32573a6,2024-03,Hampshire Constabulary,Hampshire Constabulary,-1.336047,50.904918,On or near Herrick Close,E01017167,Southampton 027A,Violence and sexual offences,Unable to prosecute suspect,
87971163dde7bacb09bb6bbf41455727140062d0a9a28d8577cb0840a9d8f645,2024-03,Hampshire Constabulary,Hampshire Constabulary,-1.336033,50.902940,On or near Ivy Dene,E01017167,Southampton 027A,Violence and sexual offences,Unable to prosecute suspect,
,2024-03,Hampshire Constabulary,Hampshire Constabulary,-1.332219,50.904114,On or near Supermarket,E01017168,Southampton 027B,Anti-social behaviour,,
cd857767ca59a1fd649baa9876fbd0aaaf287ed974e16fbcd9fab7a935ed3d03,2024-03,Hampshire Constabulary,Hampshire Constabulary,-1.331403,50.903507,On or near Warburton Close,E01017168,Southampton 027B,Criminal damage and arson,Unable to prosecute suspect,
1a7e213c3b684c5eb1ff7e8018f7fa26a0c0b2b83817ca644a0edcb1e68f1306,2024-03,Hampshire Constabulary,Hampshire Constabulary,-1.332116,50.904365,On or near Warburton Road,E01017168,Southampton 027B,Violence and sexual offences,Unable to prosecute suspect,
1940882febe40e70d226afb762f6f9423173ad26b65d26ab87f8147b1fe9ab84,2024-03,Hampshire Constabulary,Hampshire Constabulary,-1.332219,50.904114,On or near Supermarket,E01017168,Southampton 027B,Violence and sexual offences,Unable to prosecute suspect,
83044acb5ae2783556a6b4ddb0c62bfe6d612c8fa2c2590166651e5cc65a94aa,2024-03,Hampshire Constabulary,Hampshire Constabulary,-1.332116,50.904365,On or near Warburton Road,E01017168,Southampton 027B,Violence and sexual offences,Unable to prosecute suspect,
804c1e2640abfd20991b376e466267ecfb6c08662cebe62f78697f333a19dd67,2024-03,Hampshire Constabulary,Hampshire Constabulary,-1.332219,50.904114,On or near Supermarket,E01017168,Southampton 027B,Violence and sexual offences,Unable to prosecute suspect,
da1c0d4193fbcef82328517c1a84ef88c1db05536e06bc1ce5d1c8d4b964095d,2024-03,Hampshire Constabulary,Hampshire Constabulary,-1.328580,50.901989,On or near Burgoyne Road,E01017168,Southampton 027B,Violence and sexual offences,Unable to prosecute suspect,
c53ae6dea977becfb2b7fea7c7ef9bdc1ae241672d037159fb6a852d5203d16f,2024-03,Hampshire Constabulary,Hampshire Constabulary,-1.332116,50.904365,On or near Warburton Road,E01017168,Southampton 027B,Violence and sexual offences,Awaiting court outcome,
0dbf67b09f03a7b877b11ce206e4dc64c9716d7e648a6df26887dc8a83eb102e,2024-03,Hampshire Constabulary,Hampshire Constabulary,-1.331403,50.903507,On or near Warburton Close,E01017168,Southampton 027B,Burglary,Status update unavailable,
60066811c006b69493ce53928fd1a2c53afa2303733d2a4fc2572c1a02d5e516,2024-03,Hampshire Constabulary,Hampshire Constabulary,-1.324701,50.901760,On or near Mosaic Close,E01017168,Southampton 027B,Other theft,Investigation complete; no suspect identified,
005a5941cf88ed91fae8a8c031abb45d08e7ed680ae6e8960be56a1ba811d315,2024-03,Hampshire Constabulary,Hampshire Constabulary,-1.326912,50.902294,On or near Flint Close,E01017168,Southampton 027B,Other theft,Investigation complete; no suspect identified,
d870c9849d37cf368f00f86a90ad55362e24f2e234f51b923d064c6fc1c6b715,2024-03,Hampshire Constabulary,Hampshire Constabulary,-1.332219,50.904114,On or near Supermarket,E01017168,Southampton 027B,Possession of weapons,Unable to prosecute suspect,
c996b3f8c8a716d828fb81e44bb919d373c3249cc3096eb78948cbffce6a4820,2024-03,Hampshire Constabulary,Hampshire Constabulary,-1.332116,50.904365,On or near Warburton Road,E01017168,Southampton 027B,Public order,Unable to prosecute suspect,
fde1ceb52145a814aea958e91d44709e53e84b683eb53cf7b95b464060b05eac,2024-03,Hampshire Constabulary,Hampshire Constabulary,-1.332219,50.904114,On or near Supermarket,E01017168,Southampton 027B,Violence and sexual offences,Unable to prosecute suspect,
1941c0f8254836fc0e04d90eb0db25037087e5203365cefe9b2b2796740298e1,2024-03,Hampshire Constabulary,Hampshire Constabulary,-1.332219,50.904114,On or near Supermarket,E01017168,Southampton 027B,Other crime,Status update unavailable,
ffb767cb3f6a9ef889e545b2ea502006330798a04684b69906611880f2ecf49a,2024-03,Hampshire Constabulary,Hampshire Constabulary,-1.338695,50.900707,On or near Warlock Close,E01017169,Southampton 027C,Criminal damage and arson,Court result unavailable,
28344de5af08420ce38ab5cf362fd0f1cce580499df6316994f4b6fe04b8c0a9,2024-03,Hampshire Constabulary,Hampshire Constabulary,-1.340311,50.902119,On or near Butt'S Square,E01017169,Southampton 027C,Robbery,Unable to prosecute suspect,
2bb0463c9e3520ef3e0450902ec64da3d6c238812eb592248c8b4820d3d8c4f7,2024-03,Hampshire Constabulary,Hampshire Constabulary,-1.340311,50.902119,On or near Butt'S Square,E01017169,Southampton 027C,Shoplifting,Investigation complete; no suspect identified,
7d4e410353135e598794966e0129c08a07a4d0e0f68041012a3df31be0bd4c49,2024-03,Hampshire Constabulary,Hampshire Constabulary,-1.340311,50.902119,On or near Butt'S Square,E01017169,Southampton 027C,Shoplifting,Investigation complete; no suspect identified,
38a1f5306b5cece944e8bed6dc0088075ed00e986438106d9545780d074643e1,2024-03,Hampshire Constabulary,Hampshire Constabulary,-1.340034,50.899572,On or near Wood Close,E01017169,Southampton 027C,Violence and sexual offences,Unable to prosecute suspect,
c7539f40a661a5212e280725e1073cbd1499dfb0906ffe019e2a3cb20580677c,2024-03,Hampshire Constabulary,Hampshire Constabulary,-1.338695,50.900707,On or near Warlock Close,E01017169,Southampton 027C,Violence and sexual offences,Court result unavailable,
8c69a8ad3ad82a2db65b6511dafffe24fe70cf5aedadab1ba16a101251ff6de2,2024-03,Hampshire Constabulary,Hampshire Constabulary,-1.340699,50.900817,On or near Siddal Close,E01017169,Southampton 027C,Violence and sexual offences,Investigation complete; no suspect identified,
95ef9141d5cdf2cbc9e210d50e1793f26292550c62de884894a976eef4d63094,2024-03,Hampshire Constabulary,Hampshire Constabulary,-1.340034,50.899572,On or near Wood Close,E01017169,Southampton 027C,Violence and sexual offences,Unable to prosecute suspect,
,2024-03,Hampshire Constabulary,Hampshire Constabulary,-1.342592,50.900702,On or near Marie Road,E01017169,Southampton 027C,Anti-social behaviour,,
,2024-03,Hampshire Constabulary,Hampshire Constabulary,-1.339352,50.902563,On or near Butt'S Close,E01017169,Southampton 027C,Anti-social behaviour,,
,2024-03,Hampshire Constabulary,Hampshire Constabulary,-1.340102,50.901776,On or near Orpen Road,E01017169,Southampton 027C,Anti-social behaviour,,
59b15b67a8fb5f0b4d8aea83420bdc9c2583b350ed36977e517e7b0f2ff9d8bf,2024-03,Hampshire Constabulary,Hampshire Constabulary,-1.339528,50.900154,On or near Birch Lawn Close,E01017169,Southampton 027C,Criminal damage and arson,Investigation complete; no suspect identified,
31f6a7cf4a223b22c74d375f6937b55a0a69519545c95d5058c00a1599f419ae,2024-03,Hampshire Constabulary,Hampshire Constabulary,-1.338695,50.900707,On or near Warlock Close,E01017169,Southampton 027C,Public order,Status update unavailable,
ffcc1b833d8eb4e5c82808d80e635d4ece700964b1f4694aca38279faa0788a9,2024-03,Hampshire Constabulary,Hampshire Constabulary,-1.338695,50.900707,On or near Warlock Close,E01017169,Southampton 027C,Public order,Status update unavailable,
6d939d036f58acbd83308f376aaff2967dd07c37730c23ab2f0299bddf3cc65f,2024-03,Hampshire Constabulary,Hampshire Constabulary,-1.338695,50.900707,On or near Warlock Close,E01017169,Southampton 027C,Violence and sexual offences,Investigation complete; no suspect identified,
6f4a0e94ec7dbc79fc0bb58370630ffa52a1eb55e708d9daaf50633ee47e271e,2024-03,Hampshire Constabulary,Hampshire Constabulary,-1.342020,50.898873,On or near Grainger Gardens,E01017170,Southampton 027D,Criminal damage and arson,Unable to prosecute suspect,
93e37d23b16ce05231dd6e6d16e9d46c00625f557af7bfa84b962aab598df24f,2024-03,Hampshire Constabulary,Hampshire Constabulary,-1.336502,50.899957,On or near Sullivan Road,E01017170,Southampton 027D,Shoplifting,Unable to prosecute suspect,
00286babb4c3ccd766aac0ba977a788d16cd08a4ab1a3c5a3224b480a746fb6c,2024-03,Hampshire Constabulary,Hampshire Constabulary,-1.336502,50.899957,On or near Sullivan Road,E01017170,Southampton 027D,Shoplifting,Unable to prosecute suspect,
cf27c6eee47e0bfa9d62f6cc2375adf2e1b929273cbed67a9ebaf24f8d126921,2024-03,Hampshire Constabulary,Hampshire Constabulary,-1.336502,50.899957,On or near Sullivan Road,E01017170,Southampton 027D,Shoplifting,Court result unavailable,
9c375550b9eeed7ebc651247ab00068db92f58fabc348c017017971fcc7e8d26,2024-03,Hampshire Constabulary,Hampshire Constabulary,-1.334116,50.898757,On or near Smythe Road,E01017170,Southampton 027D,Other crime,Unable to prosecute suspect,
,2024-03,Hampshire Constabulary,Hampshire Constabulary,-1.336502,50.899957,On or near Sullivan Road,E01017170,Southampton 027D,Anti-social behaviour,,
,2024-03,Hampshire Constabulary,Hampshire Constabulary,-1.338159,50.897377,On or near Daintree Close,E01017170,Southampton 027D,Anti-social behaviour,,
23971e36d758b5141953dfda3d3acec7027d42ae90f6581765354af8a1d6bb15,2024-03,Hampshire Constabulary,Hampshire Constabulary,-1.340825,50.897904,On or near Elgar Close,E01017170,Southampton 027D,Criminal damage and arson,Unable to prosecute suspect,
377b4223db1efb0f57c61f2fee495dd0148173e166c63cb6075a5008d2879539,2024-03,Hampshire Constabulary,Hampshire Constabulary,-1.333098,50.898301,On or near Botley Road,E01017170,Southampton 027D,Public order,Unable to prosecute suspect,
79b36b0c98338a05c2f8a88d95e1baf7ca369a3e121f737ff8a8cc3a5248a415,2024-03,Hampshire Constabulary,Hampshire Constabulary,-1.338159,50.897377,On or near Daintree Close,E01017170,Southampton 027D,Public order,Investigation complete; no suspect identified,
859dd7a356f88137dec5f90cbbea5d4c5365dc74b9198864bd4767e0c9710b6b,2024-03,Hampshire Constabulary,Hampshire Constabulary,-1.336502,50.899957,On or near Sullivan Road,E01017170,Southampton 027D,Shoplifting,Investigation complete; no suspect identified,
48ae520eb0347b438ee5b361d7b96afdcd293b514759b96e43e4f7e4494ca318,2024-03,Hampshire Constabulary,Hampshire Constabulary,-1.336502,50.899957,On or near Sullivan Road,E01017170,Southampton 027D,Shoplifting,Investigation complete; no suspect identified,
2d2fccf6916f5ddc91f1787325f045a550bab73b73f0cf8e77905c0775fee4bb,2024-03,Hampshire Constabulary,Hampshire Constabulary,-1.336502,50.899957,On or near Sullivan Road,E01017170,Southampton 027D,Shoplifting,Investigation complete; no suspect identified,
00f7cff84dc15d59648092d02cbd0d6ac11078bbe3322d484abce6bc0cfe2935,2024-03,Hampshire Constabulary,Hampshire Constabulary,-1.336502,50.899957,On or near Sullivan Road,E01017170,Southampton 027D,Shoplifting,Investigation complete; no suspect identified,
d3b48332cf9083cde76fc8531752014e292b38dce40024fe41172538a02a679b,2024-03,Hampshire Constabulary,Hampshire Constabulary,-1.336502,50.899957,On or near Sullivan Road,E01017170,Southampton 027D,Shoplifting,Investigation complete; no suspect identified,
a2b513a35f063a27c4319f96f84fe4d9fa13049cfcd5a007a96f3ce068d643f7,2024-03,Hampshire Constabulary,Hampshire Constabulary,-1.336502,50.899957,On or near Sullivan Road,E01017170,Southampton 027D,Shoplifting,Investigation complete; no suspect identified,
8b2cc5c055c2737392479662f5941b8dd5930c94649d6ec61d3e766b30e5da83,2024-03,Hampshire Constabulary,Hampshire Constabulary,-1.336502,50.899957,On or near Sullivan Road,E01017170,Southampton 027D,Violence and sexual offences,Unable to prosecute suspect,
0c263c33482ca03c3e4a7225309b2925e6d366b0cf5b86896e174556480e12a8,2024-03,Hampshire Constabulary,Hampshire Constabulary,-1.340825,50.897904,On or near Elgar Close,E01017170,Southampton 027D,Violence and sexual offences,Unable to prosecute suspect,
ec1c7b2591eea1aba1e3f793760b84a325da9a95d5212d1af1fbe7f98354dff2,2024-03,Hampshire Constabulary,Hampshire Constabulary,-1.340153,50.898197,On or near Elgar Road,E01017170,Southampton 027D,Violence and sexual offences,Investigation complete; no suspect identified,
113e2666326132fe6f29ed402752d1ee5dfc0c051f219013f27e01aa6cd8a4ce,2024-03,Hampshire Constabulary,Hampshire Constabulary,-1.368473,50.904936,On or near Sholing Road,E01017218,Southampton 028A,Burglary,Unable to prosecute suspect,
bbdd6cf5572ebb9d34c73cd40632f545c26f16878eb29ab5d4ff26e68834f0c3,2024-03,Hampshire Constabulary,Hampshire Constabulary,-1.366998,50.906745,On or near Cornel Road,E01017218,Southampton 028A,Criminal damage and arson,Court result unavailable,
d27f672835d59a9cbe82040643d6366c2b08fcd02ddbc3111b4efdb2145dcb0b,2024-03,Hampshire Constabulary,Hampshire Constabulary,-1.366998,50.906745,On or near Cornel Road,E01017218,Southampton 028A,Violence and sexual offences,Court result unavailable,
428563b112db9871117c22ae32050d81caf0cb18ae052aa15ac365ef5875b7fb,2024-03,Hampshire Constabulary,Hampshire Constabulary,-1.363239,50.905506,On or near Sports/Recreation Area,E01017218,Southampton 028A,Violence and sexual offences,Unable to prosecute suspect,
,2024-03,Hampshire Constabulary,Hampshire Constabulary,-1.363239,50.905506,On or near Sports/Recreation Area,E01017218,Southampton 028A,Anti-social behaviour,,
,2024-03,Hampshire Constabulary,Hampshire Constabulary,-1.365022,50.907723,On or near Merryoak Green,E01017218,Southampton 028A,Anti-social behaviour,,
,2024-03,Hampshire Constabulary,Hampshire Constabulary,-1.363239,50.905506,On or near Sports/Recreation Area,E01017218,Southampton 028A,Anti-social behaviour,,
5e03acdcc0e71bf4ac1a05bb563f1e03609636d48fe51ab2a1127901ec636449,2024-03,Hampshire Constabulary,Hampshire Constabulary,-1.363239,50.905506,On or near Sports/Recreation Area,E01017218,Southampton 028A,Other theft,Unable to prosecute suspect,
81ab313ee9b004a90c058d1a230c2f165fcc5ab1f8e6f088551a3094a4944f0e,2024-03,Hampshire Constabulary,Hampshire Constabulary,-1.363239,50.905506,On or near Sports/Recreation Area,E01017218,Southampton 028A,Public order,Unable to prosecute suspect,
13e5468a30fe09db7c770b8cf8ae65713d9fcbd4e05da1b3195c65501c178893,2024-03,Hampshire Constabulary,Hampshire Constabulary,-1.366998,50.906745,On or near Cornel Road,E01017218,Southampton 028A,Public order,Unable to prosecute suspect,
fb435d72fbfca6a318e21ec1c58ee31f90357301216ed67446bfcc5262cc1695,2024-03,Hampshire Constabulary,Hampshire Constabulary,-1.363728,50.903490,On or near Spring Close,E01017218,Southampton 028A,Theft from the person,Investigation complete; no suspect identified,
cf87e358c6b656debd47942b26853bb7ac7db07fd1d7252c54783f63c88a3209,2024-03,Hampshire Constabulary,Hampshire Constabulary,-1.365926,50.907099,On or near Lavender Close,E01017218,Southampton 028A,Violence and sexual offences,Unable to prosecute suspect,
a917a54cb1a04c7ca20e801ad91099117003866498a976e5c6f5a488d4c83fd7,2024-03,Hampshire Constabulary,Hampshire Constabulary,-1.365926,50.907099,On or near Lavender Close,E01017218,Southampton 028A,Violence and sexual offences,Unable to prosecute suspect,
9b2f584d237b259f57cf6050c6d479a17401d48958c1b8db97e7d872d83f4f0a,2024-03,Hampshire Constabulary,Hampshire Constabulary,-1.365926,50.907099,On or near Lavender Close,E01017218,Southampton 028A,Violence and sexual offences,Unable to prosecute suspect,
3574ab428b18a8a8837c162090c078eefc8c48015f689e6beec68342433b64ba,2024-03,Hampshire Constabulary,Hampshire Constabulary,-1.365926,50.907099,On or near Lavender Close,E01017218,Southampton 028A,Violence and sexual offences,Unable to prosecute suspect,
b861dfd763fc66813b565ec30d7ded396f9c47b5e95b25e95c75e827a316f0c5,2024-03,Hampshire Constabulary,Hampshire Constabulary,-1.365926,50.907099,On or near Lavender Close,E01017218,Southampton 028A,Violence and sexual offences,Unable to prosecute suspect,
5f809b379dd33bb6d65cc40fa6bfd517a11fa0eaaf4d6827811f2452f4cd04b6,2024-03,Hampshire Constabulary,Hampshire Constabulary,-1.365926,50.907099,On or near Lavender Close,E01017218,Southampton 028A,Violence and sexual offences,Unable to prosecute suspect,
4a985cb9df707d73deec5281bf733e3df833f00fe10291967047cb0818b8f5ec,2024-03,Hampshire Constabulary,Hampshire Constabulary,-1.366998,50.906745,On or near Cornel Road,E01017218,Southampton 028A,Other crime,Unable to prosecute suspect,
03864339c188524436705c5a2281ba4931bd1a4d272082aea0bd67510bf80ffa,2024-03,Hampshire Constabulary,Hampshire Constabulary,-1.377235,50.900532,On or near Bridge Road,E01017219,Southampton 028B,Bicycle theft,Unable to prosecute suspect,
6883d8e5c2d80b543ebca3dd50cec72b53f84e16f3fe1f986b0da81a396fcad2,2024-03,Hampshire Constabulary,Hampshire Constabulary,-1.381521,50.900114,On or near Lower Vicarage Road,E01017219,Southampton 028B,Burglary,Unable to prosecute suspect,
789887e90cf597196ba1cc41e97f531fe24be5494a7bbab603a5dcf9ad0c8ae6,2024-03,Hampshire Constabulary,Hampshire Constabulary,-1.382200,50.901503,On or near Hazel Road,E01017219,Southampton 028B,Drugs,Investigation complete; no suspect identified,
bf95e4c46bb96f98b54cecb812becd03b816a2ebf8b78697902a08bf0fec6378,2024-03,Hampshire Constabulary,Hampshire Constabulary,-1.379823,50.900537,On or near Wharncliffe Road,E01017219,Southampton 028B,Other theft,Unable to prosecute suspect,
e4e8529f71f86c09b5fb5bcf1a753d56ebdace7ac645df264dee9c757fbc2b30,2024-03,Hampshire Constabulary,Hampshire Constabulary,-1.380643,50.898770,On or near Parking Area,E01017219,Southampton 028B,Possession of weapons,Investigation complete; no suspect identified,
9c9758240cb93beac6d4d893d0df39eb336b3d924f3b02554a6872b30fcb88a8,2024-03,Hampshire Constabulary,Hampshire Constabulary,-1.379823,50.900537,On or near Wharncliffe Road,E01017219,Southampton 028B,Public order,Unable to prosecute suspect,
d9de959fde08e5747af4783cef6a0c737580178960bd3d01fbede5f5da4e6f9b,2024-03,Hampshire Constabulary,Hampshire Constabulary,-1.377521,50.900435,On or near Supermarket,E01017219,Southampton 028B,Shoplifting,Court result unavailable,
1de0320f5469650755d354bd07ab709639734afe2a498cbc3a95a0314b571746,2024-03,Hampshire Constabulary,Hampshire Constabulary,-1.377521,50.900435,On or near Supermarket,E01017219,Southampton 028B,Shoplifting,Court result unavailable,
153155a47ae2d1efafe86f7f7380fe573516539dbd1cfa4bb379d25b06362c74,2024-03,Hampshire Constabulary,Hampshire Constabulary,-1.377521,50.900435,On or near Supermarket,E01017219,Southampton 028B,Shoplifting,Court result unavailable,
d33bd6791004f974101be413efd0abaaf962d46a334ef6558af7d9682713c318,2024-03,Hampshire Constabulary,Hampshire Constabulary,-1.377521,50.900435,On or near Supermarket,E01017219,Southampton 028B,Shoplifting,Court result unavailable,
64862a9ab89386670da5d236a7a0ac2da5bef069a08acbe4a96c84e45e423692,2024-03,Hampshire Constabulary,Hampshire Constabulary,-1.377521,50.900435,On or near Supermarket,E01017219,Southampton 028B,Shoplifting,Court result unavailable,
9d437ae0b7001e6bf43bbbd33f880cc88a06fdf87bd00bd12b90b27919640ddb,2024-03,Hampshire Constabulary,Hampshire Constabulary,-1.377521,50.900435,On or near Supermarket,E01017219,Southampton 028B,Shoplifting,Court result unavailable,
dbe8f340b715d36f1399c3bce60af7819502b87ec1db5cdf3cd55e6e12c15426,2024-03,Hampshire Constabulary,Hampshire Constabulary,-1.377521,50.900435,On or near Supermarket,E01017219,Southampton 028B,Shoplifting,Court result unavailable,
7ad6958eae4cbd2d6f217cf9d1a709c481e85b71657a99a09957955c557db798,2024-03,Hampshire Constabulary,Hampshire Constabulary,-1.377521,50.900435,On or near Supermarket,E01017219,Southampton 028B,Shoplifting,Court result unavailable,
d1e5f9e7e02912f451e860940b70c50351f0162674e95876efd6f49f92f6885a,2024-03,Hampshire Constabulary,Hampshire Constabulary,-1.377521,50.900435,On or near Supermarket,E01017219,Southampton 028B,Shoplifting,Court result unavailable,
da458fea2a58bcc9e347ba98170e119295b4f13d9cb51e96e1fc75d637770fbc,2024-03,Hampshire Constabulary,Hampshire Constabulary,-1.377521,50.900435,On or near Supermarket,E01017219,Southampton 028B,Shoplifting,Unable to prosecute suspect,
efa333fc37371d0b734e593d8977572832a0999910051c0de68946fb9d763f1a,2024-03,Hampshire Constabulary,Hampshire Constabulary,-1.377521,50.900435,On or near Supermarket,E01017219,Southampton 028B,Shoplifting,Court result unavailable,
6d5a51adde609e8dc309d5e1b0966d5e9212a79a7e9a11557c60ce048892f206,2024-03,Hampshire Constabulary,Hampshire Constabulary,-1.377521,50.900435,On or near Supermarket,E01017219,Southampton 028B,Shoplifting,Court result unavailable,
0a895e5f5b65955d51839dfec48c87baa2bf5f44e9b799dec20700bb9e3f40aa,2024-03,Hampshire Constabulary,Hampshire Constabulary,-1.381521,50.900114,On or near Lower Vicarage Road,E01017219,Southampton 028B,Vehicle crime,Unable to prosecute suspect,
04be73bcbbf7660239e82efaac0d791552bca278868bace92bea072dea1072e0,2024-03,Hampshire Constabulary,Hampshire Constabulary,-1.376034,50.901047,On or near Lower Mortimer Road,E01017219,Southampton 028B,Violence and sexual offences,Unable to prosecute suspect,
1abb7c792a13bf158cf9b9a4bd2a59bcdece4cedd952e790e05f9697de0c893a,2024-03,Hampshire Constabulary,Hampshire Constabulary,-1.379823,50.900537,On or near Wharncliffe Road,E01017219,Southampton 028B,Violence and sexual offences,Unable to prosecute suspect,
a10a42577e66a5d88f84bf735d0fbd4962edd8a86733305219c056e72fc0f1de,2024-03,Hampshire Constabulary,Hampshire Constabulary,-1.377961,50.900536,On or near Tankerville Road,E01017219,Southampton 028B,Violence and sexual offences,Unable to prosecute suspect,
6e2e7fa45a117a833c67f3dfdc39cb33c588127716d4bdf407ea0e8fa2a2eb2e,2024-03,Hampshire Constabulary,Hampshire Constabulary,-1.379823,50.900537,On or near Wharncliffe Road,E01017219,Southampton 028B,Violence and sexual offences,Unable to prosecute suspect,
a23d2897a33b95e1802cdb8d52cc14e0843caeaa4369484a366744344c6ac286,2024-03,Hampshire Constabulary,Hampshire Constabulary,-1.379823,50.900537,On or near Wharncliffe Road,E01017219,Southampton 028B,Violence and sexual offences,Unable to prosecute suspect,
ba4b860cca923d9b000f14fbb8848b89acc241417ebb3dd72b207931d05d239e,2024-03,Hampshire Constabulary,Hampshire Constabulary,-1.376034,50.901047,On or near Lower Mortimer Road,E01017219,Southampton 028B,Violence and sexual offences,Unable to prosecute suspect,
edd05964ac03b67ec715a55c037238efd40f682c6059bccdc30631bc4cdfee2f,2024-03,Hampshire Constabulary,Hampshire Constabulary,-1.377961,50.900536,On or near Tankerville Road,E01017219,Southampton 028B,Violence and sexual offences,Unable to prosecute suspect,
5506d9ef4b0f220b35f10c8108d4424d2f14a363fc5e5053f4f8838d117a567b,2024-03,Hampshire Constabulary,Hampshire Constabulary,-1.377821,50.898179,On or near Parking Area,E01017219,Southampton 028B,Violence and sexual offences,Unable to prosecute suspect,
18d6172645985fc74b4e3b86f360fa8ea113a7f208b7805cc9037007fe544f32,2024-03,Hampshire Constabulary,Hampshire Constabulary,-1.374199,50.902180,On or near Poole Road,E01017219,Southampton 028B,Violence and sexual offences,Unable to prosecute suspect,
c4ca1d9220f00564ab00f2e44bdac06075b8671cd1b728cadeaa861aefd1397b,2024-03,Hampshire Constabulary,Hampshire Constabulary,-1.377172,50.903131,On or near Peartree Close,E01017219,Southampton 028B,Violence and sexual offences,Unable to prosecute suspect,
cce67f394fb56eab7bb986de6547e1666e20f489d8aa8c2d70723db5f0002602,2024-03,Hampshire Constabulary,Hampshire Constabulary,-1.377961,50.900536,On or near Tankerville Road,E01017219,Southampton 028B,Other crime,Investigation complete; no suspect identified,
,2024-03,Hampshire Constabulary,Hampshire Constabulary,-1.379594,50.898548,On or near Parking Area,E01017219,Southampton 028B,Anti-social behaviour,,
,2024-03,Hampshire Constabulary,Hampshire Constabulary,-1.379594,50.898548,On or near Parking Area,E01017219,Southampton 028B,Anti-social behaviour,,
,2024-03,Hampshire Constabulary,Hampshire Constabulary,-1.378821,50.901053,On or near Defender Road,E01017219,Southampton 028B,Anti-social behaviour,,
68e6cd147738f7fb6fad3398d259403b98dc5309719d336aad409bf496eea4f0,2024-03,Hampshire Constabulary,Hampshire Constabulary,-1.378821,50.901053,On or near Defender Road,E01017219,Southampton 028B,Bicycle theft,Investigation complete; no suspect identified,
b4d946c2646f8310e57436e4bf7866522a5ec41ab49b182fb7c1d0732e170040,2024-03,Hampshire Constabulary,Hampshire Constabulary,-1.382200,50.901503,On or near Hazel Road,E01017219,Southampton 028B,Burglary,Investigation complete; no suspect identified,
c4ca1e5b41de86bb8957cab4db99a7b1e05d934a2e54105c807998d77a9fb653,2024-03,Hampshire Constabulary,Hampshire Constabulary,-1.377521,50.900435,On or near Supermarket,E01017219,Southampton 028B,Burglary,Investigation complete; no suspect identified,
5c24e4e085685c6bc9378890a1fe0c6751baf72b2265775c3df7e0619b448e53,2024-03,Hampshire Constabulary,Hampshire Constabulary,-1.377961,50.900536,On or near Tankerville Road,E01017219,Southampton 028B,Other theft,Unable to prosecute suspect,
3f53697980e014c03dc7f4eff2eaca5549097d0d9fa72d629aa42485c9c00818,2024-03,Hampshire Constabulary,Hampshire Constabulary,-1.375738,50.902997,On or near Peartree Road,E01017219,Southampton 028B,Public order,Investigation complete; no suspect identified,
37471340509938e91390105f05ccdadfe808833acbe26272c8f08194c35b6fad,2024-03,Hampshire Constabulary,Hampshire Constabulary,-1.375738,50.902997,On or near Peartree Road,E01017219,Southampton 028B,Public order,Unable to prosecute suspect,
2b14029f760904ea3434d062eba91ceb96508464bdd4c9fdc5a073b20c642638,2024-03,Hampshire Constabulary,Hampshire Constabulary,-1.377521,50.900435,On or near Supermarket,E01017219,Southampton 028B,Shoplifting,Status update unavailable,
4245aaeae01fc9e765fedb4cc923ab454f839ceaa5f38e906d8fba19247d8061,2024-03,Hampshire Constabulary,Hampshire Constabulary,-1.377521,50.900435,On or near Supermarket,E01017219,Southampton 028B,Shoplifting,Unable to prosecute suspect,
9311bdffb3cf59cb143b1506df2d78b42d5b97b781a9e11d950f115a877cfc4c,2024-03,Hampshire Constabulary,Hampshire Constabulary,-1.377521,50.900435,On or near Supermarket,E01017219,Southampton 028B,Shoplifting,Court result unavailable,
f1c6a6e72515557295c74250cbc6bcb69226a6cd13c8663db9bcd2b5a4ce324d,2024-03,Hampshire Constabulary,Hampshire Constabulary,-1.377521,50.900435,On or near Supermarket,E01017219,Southampton 028B,Shoplifting,Unable to prosecute suspect,
c6861953c062dbc32a4f35cc3f90733566c831fd1f68f7f339b8a5a2fd7b43dd,2024-03,Hampshire Constabulary,Hampshire Constabulary,-1.377521,50.900435,On or near Supermarket,E01017219,Southampton 028B,Shoplifting,Investigation complete; no suspect identified,
9dd680f1bbcc7db11350048decc94240990e4f2bebe53d85b96ee6f17990cc9c,2024-03,Hampshire Constabulary,Hampshire Constabulary,-1.377821,50.898179,On or near Parking Area,E01017219,Southampton 028B,Violence and sexual offences,Unable to prosecute suspect,
53e086ed757ae27a2ad92f8a5eb76cdee123ff42e96191354e1a9f9440387772,2024-03,Hampshire Constabulary,Hampshire Constabulary,-1.377521,50.900435,On or near Supermarket,E01017219,Southampton 028B,Violence and sexual offences,Investigation complete; no suspect identified,
d7a2efef16372997f79e70c0debae8ea7bda5f8f73dc3c513c06c491f34c6902,2024-03,Hampshire Constabulary,Hampshire Constabulary,-1.378821,50.901053,On or near Defender Road,E01017219,Southampton 028B,Violence and sexual offences,Status update unavailable,
11668f22324fcd4cc259c89cd0218bd742605a8fca3a9d7b76951ace9bd5c7d6,2024-03,Hampshire Constabulary,Hampshire Constabulary,-1.378821,50.901053,On or near Defender Road,E01017219,Southampton 028B,Violence and sexual offences,Unable to prosecute suspect,
9a13220926312c1b56416c7c19b98a5c1db36f96150a1ac54ed0b08c16a550d7,2024-03,Hampshire Constabulary,Hampshire Constabulary,-1.379823,50.900537,On or near Wharncliffe Road,E01017219,Southampton 028B,Violence and sexual offences,Unable to prosecute suspect,
53645ad9651de97d442ec2f415bb44a04c7102ec31a5697f91c3cce50adc26c1,2024-03,Hampshire Constabulary,Hampshire Constabulary,-1.363215,50.897336,On or near Station Road,E01017220,Southampton 028C,Burglary,Investigation complete; no suspect identified,
e4b20fca8fef72563d99ec93f0d92af9aa8b15b9a77473e43e15bc79960a24a2,2024-03,Hampshire Constabulary,Hampshire Constabulary,-1.366614,50.901455,On or near Knighton Road,E01017220,Southampton 028C,Vehicle crime,Investigation complete; no suspect identified,
e06c6bf959f4894f424f29f72a9013e631dc280d7ad7640d8ea87a28f36fac6e,2024-03,Hampshire Constabulary,Hampshire Constabulary,-1.362487,50.899616,On or near Bracklesham Close,E01017220,Southampton 028C,Violence and sexual offences,Unable to prosecute suspect,
709f2e760d8d90a9e20211472fc60a2b4379f934a5e8a4d6eef7553039e17977,2024-03,Hampshire Constabulary,Hampshire Constabulary,-1.362487,50.899616,On or near Bracklesham Close,E01017220,Southampton 028C,Violence and sexual offences,Unable to prosecute suspect,
c51b01fe5254e36ad309a6d6b232f10f27015743cf28ba542d16e7433ce77928,2024-03,Hampshire Constabulary,Hampshire Constabulary,-1.362487,50.899616,On or near Bracklesham Close,E01017220,Southampton 028C,Violence and sexual offences,Unable to prosecute suspect,
9276e55d99311083fdb22dcc7f55c4f98fdb930baabaa82ded4f57af37a2b5f1,2024-03,Hampshire Constabulary,Hampshire Constabulary,-1.362487,50.899616,On or near Bracklesham Close,E01017220,Southampton 028C,Violence and sexual offences,Court result unavailable,
,2024-03,Hampshire Constabulary,Hampshire Constabulary,-1.363215,50.897336,On or near Station Road,E01017220,Southampton 028C,Anti-social behaviour,,
,2024-03,Hampshire Constabulary,Hampshire Constabulary,-1.363215,50.897336,On or near Station Road,E01017220,Southampton 028C,Anti-social behaviour,,
360ca6dcaa38ef93a44df753a68897321129f391c94c880bd8a5f1178dd4bf4f,2024-03,Hampshire Constabulary,Hampshire Constabulary,-1.367092,50.902924,On or near Bishops Crescent,E01017220,Southampton 028C,Vehicle crime,Investigation complete; no suspect identified,
5970f68dd9b7fa895a2e020445be240da9ccf0edb03065ad7f15a3d8511741ae,2024-03,Hampshire Constabulary,Hampshire Constabulary,-1.363215,50.897336,On or near Station Road,E01017220,Southampton 028C,Vehicle crime,Investigation complete; no suspect identified,
f46bbf63eeebcf612a1c5023c4ef42df61d9fdf1df42876ff54c05af2672b720,2024-03,Hampshire Constabulary,Hampshire Constabulary,-1.363215,50.897336,On or near Station Road,E01017220,Southampton 028C,Vehicle crime,Investigation complete; no suspect identified,
4f51bc25fda97698e28ce82b001092de4586260ea3cb1c69da4c9bcd03432b37,2024-03,Hampshire Constabulary,Hampshire Constabulary,-1.361457,50.900033,On or near Loane Road,E01017220,Southampton 028C,Violence and sexual offences,Status update unavailable,
e7c30ef360eb48ebae6cd3b9e5a076cb056d6ae8856caf915b6deead01232dc5,2024-03,Hampshire Constabulary,Hampshire Constabulary,-1.370582,50.903527,On or near Manor Road North,E01017221,Southampton 028D,Violence and sexual offences,Formal action is not in the public interest,
,2024-03,Hampshire Constabulary,Hampshire Constabulary,-1.370582,50.903527,On or near Manor Road North,E01017221,Southampton 028D,Anti-social behaviour,,
1437341d00aab665e38c4c641835fbeb50c1f890a89d8aa86adfa2859f3045d5,2024-03,Hampshire Constabulary,Hampshire Constabulary,-1.373168,50.903766,On or near Seaward Gardens,E01017221,Southampton 028D,Burglary,Investigation complete; no suspect identified,
b22d8680c871f9569f0de2b5eba1f702576ce4c741cf0d6ba82a05dd3d1b43f9,2024-03,Hampshire Constabulary,Hampshire Constabulary,-1.370582,50.903527,On or near Manor Road North,E01017221,Southampton 028D,Vehicle crime,Investigation complete; no suspect identified,
dfa9636b2f24fc7dffd5c8970fc9b36ae96ed2015f77f4e39d31bf6a43691700,2024-03,Hampshire Constabulary,Hampshire Constabulary,-1.373168,50.903766,On or near Seaward Gardens,E01017221,Southampton 028D,Violence and sexual offences,Unable to prosecute suspect,
5f18677591153dcf486439a0b56ade42dfa2bf873389ef290fc376f602fab62d,2024-03,Hampshire Constabulary,Hampshire Constabulary,-1.376669,50.899288,On or near Vineyard Close,E01017222,Southampton 028E,Burglary,Unable to prosecute suspect,
6700f896dfa738e612b99e1f613f3c9ccbd072b96d8b1687156968bf5a732268,2024-03,Hampshire Constabulary,Hampshire Constabulary,-1.369404,50.901317,On or near Peveril Road,E01017222,Southampton 028E,Possession of weapons,Unable to prosecute suspect,
eb19545c3059f6209769811c2713c4175d69aa37dfc019fd0bb01d41cf1f668c,2024-03,Hampshire Constabulary,Hampshire Constabulary,-1.368228,50.898838,On or near Cecil Road,E01017222,Southampton 028E,Violence and sexual offences,Unable to prosecute suspect,
031a533e18dd8c7abb5e198949ffc1619ed88931920a33b86c1ca57a572ecfef,2024-03,Hampshire Constabulary,Hampshire Constabulary,-1.376669,50.899288,On or near Vineyard Close,E01017222,Southampton 028E,Violence and sexual offences,Unable to prosecute suspect,
bb715851ba383a60489ddaaa8af104ee3b509c078f520982ce7f1a9703085448,2024-03,Hampshire Constabulary,Hampshire Constabulary,-1.376669,50.899288,On or near Vineyard Close,E01017222,Southampton 028E,Violence and sexual offences,Unable to prosecute suspect,
3265aff537d7719bb132c1ac718a1f8ef3a417474bcd3c840b8d84be6ef8666f,2024-03,Hampshire Constabulary,Hampshire Constabulary,-1.369240,50.900813,On or near Millais Road,E01017222,Southampton 028E,Violence and sexual offences,Unable to prosecute suspect,
a363d43f391b0431a88ea187e8e3c4ca90b6dc9d55f296a6b4b9ce977005aec6,2024-03,Hampshire Constabulary,Hampshire Constabulary,-1.368228,50.898838,On or near Cecil Road,E01017222,Southampton 028E,Criminal damage and arson,Unable to prosecute suspect,
701bc9ccdbe5e6da3c62913fa0fac75324a921f60944a639e87f2bd0a03ada52,2024-03,Hampshire Constabulary,Hampshire Constabulary,-1.368228,50.898838,On or near Cecil Road,E01017222,Southampton 028E,Public order,Unable to prosecute suspect,
00a6e667e36b3b16f6bea6d49781c4f42d5a35a8ee7c63e9f2001db1685d8491,2024-03,Hampshire Constabulary,Hampshire Constabulary,-1.367964,50.900482,On or near Leighton Road,E01017222,Southampton 028E,Vehicle crime,Investigation complete; no suspect identified,
a1cf4c75a4ff6cb1ebba83d8f127f75f74e20876fca93d26c5a08ada3fe8559a,2024-03,Hampshire Constabulary,Hampshire Constabulary,-1.374611,50.898980,On or near Manor Road South,E01017222,Southampton 028E,Vehicle crime,Investigation complete; no suspect identified,
829497336ddfde734707c542bb737783d7165e076ebcb0311b1a28e99b19af14,2024-03,Hampshire Constabulary,Hampshire Constabulary,-1.376669,50.899288,On or near Vineyard Close,E01017222,Southampton 028E,Violence and sexual offences,Unable to prosecute suspect,
f1cbd17c793a153d21427ed7655135e601ef7e7c82424794d4b7c914d5679e18,2024-03,Hampshire Constabulary,Hampshire Constabulary,-1.376669,50.899288,On or near Vineyard Close,E01017222,Southampton 028E,Violence and sexual offences,Status update unavailable,
16008e859bdc3c1a55e27d6f8c95f45e91e7bac31426c17893a670cbef35ab95,2024-03,Hampshire Constabulary,Hampshire Constabulary,-1.368228,50.898838,On or near Cecil Road,E01017222,Southampton 028E,Violence and sexual offences,Unable to prosecute suspect,
2fe33af1451e1462d78cbb588f0e955be1e696df7603a51f43e0bee707ed3ff2,2024-03,Hampshire Constabulary,Hampshire Constabulary,-1.361169,50.902442,On or near Kenson Gardens,E01017255,Southampton 030A,Other theft,Investigation complete; no suspect identified,
e9ca5e3e4736ff183159bdb1976b1c20c67d98e8264d301bcba32458d4aa1f79,2024-03,Hampshire Constabulary,Hampshire Constabulary,-1.362185,50.904429,On or near Supermarket,E01017255,Southampton 030A,Shoplifting,Court result unavailable,
b006e05330a057815d339e16f9e2b7f2d98f357eb0d14f11b845f46737f693ce,2024-03,Hampshire Constabulary,Hampshire Constabulary,-1.362828,50.901731,On or near Pinegrove Road,E01017255,Southampton 030A,Theft from the person,Unable to prosecute suspect,
33250d312657e6905e0fcc4559088a7ada479f3575caee4682cfe80036386d29,2024-03,Hampshire Constabulary,Hampshire Constabulary,-1.358640,50.904289,On or near Calderwood Drive,E01017255,Southampton 030A,Violence and sexual offences,Unable to prosecute suspect,
9bd48800c20fcb87544455e3cb44640cd4eb3b15970cf6ad2950b613f4c59412,2024-03,Hampshire Constabulary,Hampshire Constabulary,-1.362185,50.904429,On or near Supermarket,E01017255,Southampton 030A,Violence and sexual offences,Unable to prosecute suspect,
949868fb4006648e13a5fe6870a814e1b3d5f8b24e2739c3a45d859bd0bd071a,2024-03,Hampshire Constabulary,Hampshire Constabulary,-1.358640,50.904289,On or near Calderwood Drive,E01017255,Southampton 030A,Burglary,Status update unavailable,
6b9bab1f4f899a10a27019d1fd7de376338c430ac612e5c158654f3b426c0dff,2024-03,Hampshire Constabulary,Hampshire Constabulary,-1.358640,50.904289,On or near Calderwood Drive,E01017255,Southampton 030A,Criminal damage and arson,Status update unavailable,
5d22e40e1ff8b7927922cff6858583f40efdd3c3e3741d81f3cb196ccabc3746,2024-03,Hampshire Constabulary,Hampshire Constabulary,-1.359011,50.906252,On or near Heath Road,E01017255,Southampton 030A,Public order,Unable to prosecute suspect,
1cae391574a1e069e575a7f15a2d22eac381d3b3e790614cbf43c73ea6edd7fc,2024-03,Hampshire Constabulary,Hampshire Constabulary,-1.354452,50.904788,On or near Old School Close,E01017255,Southampton 030A,Vehicle crime,Investigation complete; no suspect identified,
6ba7e84a4acbec49e8c33082469baf84903788150752d995dd062ba14eb4f7d1,2024-03,Hampshire Constabulary,Hampshire Constabulary,-1.362823,50.904177,On or near Spring Road,E01017255,Southampton 030A,Violence and sexual offences,Investigation complete; no suspect identified,
2faf03e6ddc7b3832d4b1234c7881516af03f098276d0e8711b333ccc5257481,2024-03,Hampshire Constabulary,Hampshire Constabulary,-1.357110,50.899740,On or near Maxwell Road,E01017258,Southampton 030B,Burglary,Investigation complete; no suspect identified,
8f188aba3a2ed446724a5244b45cdecd1e7e154be8895cc5101246d8e28b603a,2024-03,Hampshire Constabulary,Hampshire Constabulary,-1.356846,50.899307,On or near St Monica Road,E01017258,Southampton 030B,Vehicle crime,Investigation complete; no suspect identified,
8236169bb1475a91a3ec9ed92e8945406b369976ea3080bf5cafd8bc86562c49,2024-03,Hampshire Constabulary,Hampshire Constabulary,-1.355863,50.901513,On or near South East Road,E01017258,Southampton 030B,Vehicle crime,Investigation complete; no suspect identified,
f62abd820c3210b3f41cb91d42383f760e279574cb6ff97daacf7650b939b8f1,2024-03,Hampshire Constabulary,Hampshire Constabulary,-1.355136,50.900574,On or near Lynden Gate,E01017258,Southampton 030B,Violence and sexual offences,Unable to prosecute suspect,
fa35b9f2a0d623e439bd55204daec62de79969687ab5f9069b27862afae21806,2024-03,Hampshire Constabulary,Hampshire Constabulary,-1.357470,50.898393,On or near Viceroy Road,E01017261,Southampton 030C,Criminal damage and arson,Unable to prosecute suspect,
620d6c4f0741a5e09fd599766a471493c0ff6ded390c8b24838970b00e2263d1,2024-03,Hampshire Constabulary,Hampshire Constabulary,-1.357470,50.898393,On or near Viceroy Road,E01017261,Southampton 030C,Possession of weapons,Unable to prosecute suspect,
e1535bb17dbfbd15c7398fee055c38dbc371aa06aa77d381396a4b00076da4f0,2024-03,Hampshire Constabulary,Hampshire Constabulary,-1.351393,50.898746,On or near Sunvale Close,E01017261,Southampton 030C,Violence and sexual offences,Unable to prosecute suspect,
,2024-03,Hampshire Constabulary,Hampshire Constabulary,-1.351393,50.898746,On or near Sunvale Close,E01017261,Southampton 030C,Anti-social behaviour,,
72acd2cd6051e921c774788bd9bf5dc1f271c70fc460aa4d7a05212474e32670,2024-03,Hampshire Constabulary,Hampshire Constabulary,-1.360373,50.898256,On or near Squirrel Drive,E01017261,Southampton 030C,Criminal damage and arson,Investigation complete; no suspect identified,
0d730bbdf2c49b99903b06bafff1fe6a6f40b75570b121e0c7eeb960564cb22d,2024-03,Hampshire Constabulary,Hampshire Constabulary,-1.354603,50.897981,On or near Botany Bay Road,E01017261,Southampton 030C,Criminal damage and arson,Investigation complete; no suspect identified,
7bf333294babaed5618c58aeaebd5b11bab3c5fe2fa7c2302b284f7c0ce50880,2024-03,Hampshire Constabulary,Hampshire Constabulary,-1.352809,50.896415,On or near Sports/Recreation Area,E01017261,Southampton 030C,Criminal damage and arson,Investigation complete; no suspect identified,
c59b21082dffaa24fed49beb563c6a369e97b676ba536733d77e50bc093a066f,2024-03,Hampshire Constabulary,Hampshire Constabulary,-1.357470,50.898393,On or near Viceroy Road,E01017261,Southampton 030C,Other theft,Unable to prosecute suspect,
2b5b0616491260931e9bff300cf055367f9fc64444064a576b829d738c012a43,2024-03,Hampshire Constabulary,Hampshire Constabulary,-1.357470,50.898393,On or near Viceroy Road,E01017261,Southampton 030C,Public order,Status update unavailable,
7b3d66e6c2b4c7651e62f6d2669b05464e1320377b900779c2b67c50d436b5ab,2024-03,Hampshire Constabulary,Hampshire Constabulary,-1.357470,50.898393,On or near Viceroy Road,E01017261,Southampton 030C,Violence and sexual offences,Unable to prosecute suspect,
6f4811e5690abbd13a69a7228985b032767cf513104464b5b78f33441075541c,2024-03,Hampshire Constabulary,Hampshire Constabulary,-1.357470,50.898393,On or near Viceroy Road,E01017261,Southampton 030C,Violence and sexual offences,Unable to prosecute suspect,
b6dd09e71f829661c6a931d2f686ab68d8541ca4976050ba28fd6f0aa1aa8dd2,2024-03,Hampshire Constabulary,Hampshire Constabulary,-1.357470,50.898393,On or near Viceroy Road,E01017261,Southampton 030C,Violence and sexual offences,Unable to prosecute suspect,
99b8511b3397a33ea68932efc82c383d769d17da5dfdeffb8ef88e61c33fb262,2024-03,Hampshire Constabulary,Hampshire Constabulary,-1.357470,50.898393,On or near Viceroy Road,E01017261,Southampton 030C,Violence and sexual offences,Investigation complete; no suspect identified,
72a6a0bce07e2389e5853e91c2b6b8d59dc5611d5908ac5140ff124d90006ecf,2024-03,Hampshire Constabulary,Hampshire Constabulary,-1.357470,50.898393,On or near Viceroy Road,E01017261,Southampton 030C,Violence and sexual offences,Unable to prosecute suspect,
a503619a0774a5dd2e5cf0e1cdade391bd0ec9701f1064c54d043e2b1e66881f,2024-03,Hampshire Constabulary,Hampshire Constabulary,-1.357470,50.898393,On or near Viceroy Road,E01017261,Southampton 030C,Violence and sexual offences,Status update unavailable,
72cae4ec9721a6603d9bfb7ecddaa8299bab27d41ba2339fb4f1a39fe1b48f23,2024-03,Hampshire Constabulary,Hampshire Constabulary,-1.357470,50.898393,On or near Viceroy Road,E01017261,Southampton 030C,Violence and sexual offences,Unable to prosecute suspect,
e9a3b1ef7d899a788400ef0fec5493cf90d089d732990caab134e9a072ed2eff,2024-03,Hampshire Constabulary,Hampshire Constabulary,-1.357470,50.898393,On or near Viceroy Road,E01017261,Southampton 030C,Violence and sexual offences,Investigation complete; no suspect identified,
2a1b7331abab0d247d5309a20ae59c3a89a33879d6b8049e77ca119949c61cef,2024-03,Hampshire Constabulary,Hampshire Constabulary,-1.357470,50.898393,On or near Viceroy Road,E01017261,Southampton 030C,Violence and sexual offences,Unable to prosecute suspect,
236b467c2465cde1e0ed65329d8efb81709cd0eeab953083d2ec73a3f1fca944,2024-03,Hampshire Constabulary,Hampshire Constabulary,-1.352190,50.893607,On or near Worcester Place,E01017263,Southampton 030D,Criminal damage and arson,Unable to prosecute suspect,
d1991662a29ebb21ae9712b3ac9cbe8e933b98f9fe4b165c4a9ca3bf0d445c85,2024-03,Hampshire Constabulary,Hampshire Constabulary,-1.352190,50.893607,On or near Worcester Place,E01017263,Southampton 030D,Violence and sexual offences,Unable to prosecute suspect,
b4ce5b719a09a046ecc88dd256a9d140125e90cc2469795da1f72117595839ae,2024-03,Hampshire Constabulary,Hampshire Constabulary,-1.352190,50.893607,On or near Worcester Place,E01017263,Southampton 030D,Violence and sexual offences,Awaiting court outcome,
f385ca59fe821158a896b8b10ec734d4a34d21bbf68fef6ac0941a7158eb65ec,2024-03,Hampshire Constabulary,Hampshire Constabulary,-1.351449,50.892685,On or near Cox'S Drive,E01017263,Southampton 030D,Violence and sexual offences,Unable to prosecute suspect,
3531f54f2e72548afe4f7cca333524687dc727ff276b77e57a7c0604987f07e8,2024-03,Hampshire Constabulary,Hampshire Constabulary,-1.349670,50.894834,On or near Adey Close,E01017263,Southampton 030D,Violence and sexual offences,Action to be taken by another organisation,
07071edad12d7c0ff559ff695b1978cfbb02f8a319414bcf9b64413f481f86c2,2024-03,Hampshire Constabulary,Hampshire Constabulary,-1.351449,50.892685,On or near Cox'S Drive,E01017263,Southampton 030D,Violence and sexual offences,Unable to prosecute suspect,
3d647ddbe65151363641db96bf870f7555a4ed5a077517a5f632724b2e5564ea,2024-03,Hampshire Constabulary,Hampshire Constabulary,-1.352190,50.893607,On or near Worcester Place,E01017263,Southampton 030D,Violence and sexual offences,Unable to prosecute suspect,
69ebd9b2faad0d6a7fd991d7f668f01d6d96d46b58c3bde5473094c3e2539cd4,2024-03,Hampshire Constabulary,Hampshire Constabulary,-1.352190,50.893607,On or near Worcester Place,E01017263,Southampton 030D,Criminal damage and arson,Unable to prosecute suspect,
39d034340444584887da2dd00c48d10df86a358235936ba422917a17ed4e9089,2024-03,Hampshire Constabulary,Hampshire Constabulary,-1.349233,50.893509,On or near Grove Place,E01017263,Southampton 030D,Public order,Investigation complete; no suspect identified,
226ae80b738591569e6c1f9d9e6672a57ec070ec8917153b9ded574f0c8b9e30,2024-03,Hampshire Constabulary,Hampshire Constabulary,-1.352190,50.893607,On or near Worcester Place,E01017263,Southampton 030D,Shoplifting,Investigation complete; no suspect identified,
6905ec4d4f2e772a5b0682d976db564f82c2a0c4608aa2abfc0babb40d4967cb,2024-03,Hampshire Constabulary,Hampshire Constabulary,-1.352662,50.892368,On or near Bramley Crescent,E01017263,Southampton 030D,Violence and sexual offences,Unable to prosecute suspect,
cd69ed05086415a32252167d5453cf31ed07db2a7c4d2955a34a6baf85d9e869,2024-03,Hampshire Constabulary,Hampshire Constabulary,-1.352190,50.893607,On or near Worcester Place,E01017263,Southampton 030D,Violence and sexual offences,Status update unavailable,
84d5f4eeeee238daaf18db1449083a65daa8265a8982032f52fc8479bec61a5b,2024-03,Hampshire Constabulary,Hampshire Constabulary,-1.349670,50.894834,On or near Adey Close,E01017263,Southampton 030D,Violence and sexual offences,Unable to prosecute suspect,
0f89d3203a6b58a38007e0fab7eac09b94377c9717e2bfb6d9598eda5ed41679,2024-03,Hampshire Constabulary,Hampshire Constabulary,-1.352662,50.892368,On or near Bramley Crescent,E01017263,Southampton 030D,Violence and sexual offences,Unable to prosecute suspect,
bf9ada6e14e052e79afbc51178793c344ab8ecbff7112283e52d47579df8b3d4,2024-03,Hampshire Constabulary,Hampshire Constabulary,-1.352662,50.892368,On or near Bramley Crescent,E01017263,Southampton 030D,Violence and sexual offences,Unable to prosecute suspect,
37114d7f46200a2446118197c1d2600d4bd7d3e02a6beba19238be509cd3720e,2024-03,Hampshire Constabulary,Hampshire Constabulary,-1.352190,50.893607,On or near Worcester Place,E01017263,Southampton 030D,Violence and sexual offences,Unable to prosecute suspect,
ef141277aa1964e229e97d1e26c756f866e39bd881ade32db8108befe06facbf,2024-03,Hampshire Constabulary,Hampshire Constabulary,-1.368844,50.896431,On or near A3025,E01017273,Southampton 031A,Burglary,Investigation complete; no suspect identified,
0c847ea1187052ef34f2e8d6f7c982fa935a165439e87acb5656548a97f4f854,2024-03,Hampshire Constabulary,Hampshire Constabulary,-1.368844,50.896431,On or near A3025,E01017273,Southampton 031A,Violence and sexual offences,Unable to prosecute suspect,
e99c0f1458048c1a86caf382711ed11952ecf60577dcbd9aad07e6c242c0b5ef,2024-03,Hampshire Constabulary,Hampshire Constabulary,-1.370794,50.895201,On or near Canada Road,E01017273,Southampton 031A,Violence and sexual offences,Unable to prosecute suspect,
7bfb2483f1cb590f78670603299a5dd49367cc4e212e29af7c47c180310d41e3,2024-03,Hampshire Constabulary,Hampshire Constabulary,-1.367304,50.896729,On or near Ashton Walk,E01017273,Southampton 031A,Violence and sexual offences,Investigation complete; no suspect identified,
0ecc1f9ac0aaf873f794717e4a4aa80c1ea26bf7289ed19f47c19772d08ea990,2024-03,Hampshire Constabulary,Hampshire Constabulary,-1.369845,50.894953,On or near St Annes Gardens,E01017273,Southampton 031A,Burglary,Investigation complete; no suspect identified,
55b7580f5651e4123e0386a1aefa6e726bcec99cef077b374d9a94cc0f369fc7,2024-03,Hampshire Constabulary,Hampshire Constabulary,-1.367304,50.896729,On or near Ashton Walk,E01017273,Southampton 031A,Possession of weapons,Court result unavailable,
f913e0ed40cdc65b514381deff456614a4cd7660a5d44bab6e8d74b5ea231dc9,2024-03,Hampshire Constabulary,Hampshire Constabulary,-1.367304,50.896729,On or near Ashton Walk,E01017273,Southampton 031A,Vehicle crime,Investigation complete; no suspect identified,
deb4a9606d60720dca5876b5d18d0567ce0965c47a9ecccdc1d04e92f5dc1915,2024-03,Hampshire Constabulary,Hampshire Constabulary,-1.372832,50.893836,On or near Bedford Avenue,E01017273,Southampton 031A,Vehicle crime,Investigation complete; no suspect identified,
4c60b425ba8b74524e3ec1f390a35027eaea9f6cb559c06391a15b8efb3c688e,2024-03,Hampshire Constabulary,Hampshire Constabulary,-1.372832,50.893836,On or near Bedford Avenue,E01017273,Southampton 031A,Vehicle crime,Investigation complete; no suspect identified,
db4b479a437ec6ac66990276e44f7655f00943271f9589ee59e5916d7a514fa9,2024-03,Hampshire Constabulary,Hampshire Constabulary,-1.374822,50.894908,On or near Obelisk Road,E01017273,Southampton 031A,Violence and sexual offences,Investigation complete; no suspect identified,
d239b5ea5eaba80275d7b3caad38edd8fd3af9a4b2cde2d3881865ed0e2ce99f,2024-03,Hampshire Constabulary,Hampshire Constabulary,-1.370794,50.895201,On or near Canada Road,E01017273,Southampton 031A,Violence and sexual offences,Unable to prosecute suspect,
139d8e7b54e65f9993bbcba749bd56b7f27370bd3ff95571e16217099ee0305f,2024-03,Hampshire Constabulary,Hampshire Constabulary,-1.367304,50.896729,On or near Ashton Walk,E01017273,Southampton 031A,Other crime,Court result unavailable,
28001bb5fba45f8e6d293ee602a8c866d2e570eff06b5011d300c3299eec285f,2024-03,Hampshire Constabulary,Hampshire Constabulary,-1.365433,50.896296,On or near Fern Road,E01017275,Southampton 031B,Criminal damage and arson,Investigation complete; no suspect identified,
b30b15ebf8de1c3ef82f5d427ee990f8d1a2cf252b8bcf17e68a027b281a42ed,2024-03,Hampshire Constabulary,Hampshire Constabulary,-1.360439,50.894434,On or near Gordon Terrace,E01017275,Southampton 031B,Violence and sexual offences,Unable to prosecute suspect,
e6cf3427389b7c045b0489b812e9d641c1e45517aab051b1d7024015a95cf5bc,2024-03,Hampshire Constabulary,Hampshire Constabulary,-1.369186,50.890067,On or near Barnfield Close,E01017275,Southampton 031B,Violence and sexual offences,Unable to prosecute suspect,
e619ec2bfb0fa5edb106a879c0538e04dc88fa6d7559e8c4c2728a4bcae6c8b5,2024-03,Hampshire Constabulary,Hampshire Constabulary,-1.365974,50.889977,On or near Weston Lane,E01017275,Southampton 031B,Violence and sexual offences,Court result unavailable,
0437e7f7d6dae6f5a66d60df5f8e453209db8110822c4a5d485f24732b02739d,2024-03,Hampshire Constabulary,Hampshire Constabulary,-1.366426,50.890196,On or near Barnfield Court,E01017275,Southampton 031B,Burglary,Unable to prosecute suspect,
35774b687888b4000bcc64142ecbf9ef6f1de55ad67ca1ffe68b5f91d70837c9,2024-03,Hampshire Constabulary,Hampshire Constabulary,-1.360439,50.894434,On or near Gordon Terrace,E01017275,Southampton 031B,Burglary,Investigation complete; no suspect identified,
fd29da1cf5594f0ee9f951f547904b9f7d4073b4db9e174f864217a3847633bd,2024-03,Hampshire Constabulary,Hampshire Constabulary,-1.368640,50.894686,On or near St Anne'S Road,E01017275,Southampton 031B,Criminal damage and arson,Unable to prosecute suspect,
55e9b2b4762363e41f6a44fc84ccfeb65ca69615e90bbdc1b93aab0a63680840,2024-03,Hampshire Constabulary,Hampshire Constabulary,-1.360340,50.894407,On or near Wright'S Hill,E01017275,Southampton 031B,Other theft,Investigation complete; no suspect identified,
c3c41069d10470f3c046c94ec42cd7b6595efe2f36da916d9f60763debadc7a1,2024-03,Hampshire Constabulary,Hampshire Constabulary,-1.363631,50.895290,On or near Petrol Station,E01017275,Southampton 031B,Violence and sexual offences,Unable to prosecute suspect,
fee19c56d958156ea3ce65b97237996db45fcad42717b628a31e42db6dc52e0b,2024-03,Hampshire Constabulary,Hampshire Constabulary,-1.369081,50.893618,On or near Torcross Close,E01017275,Southampton 031B,Violence and sexual offences,Investigation complete; no suspect identified,
497dcdd6d01321332ea34d8b565ca1e741e69f14d4b5e472da1ac2f097025a49,2024-03,Hampshire Constabulary,Hampshire Constabulary,-1.380205,50.897499,On or near Woodley Road,E01017276,Southampton 031C,Burglary,Unable to prosecute suspect,
4b846c35fc4463a4d3eb194cdad488a6b88e7e39840d640d8339e8fe8322b640,2024-03,Hampshire Constabulary,Hampshire Constabulary,-1.375624,50.897700,On or near Westcliff Mews,E01017276,Southampton 031C,Criminal damage and arson,Unable to prosecute suspect,
1cc745fc731b5d0962eaf6b8d6aa434335e35b21ba0bfa1ca2ef0da111c1b72e,2024-03,Hampshire Constabulary,Hampshire Constabulary,-1.379495,50.895364,On or near Supermarket,E01017276,Southampton 031C,Possession of weapons,Awaiting court outcome,
2c4f444d066dfba32cd1b921c89ce258126c8c191a3717831fe9c0d49eb9c3ec,2024-03,Hampshire Constabulary,Hampshire Constabulary,-1.377842,50.897794,On or near Supermarket,E01017276,Southampton 031C,Possession of weapons,Offender given a caution,
14153b26e75ddf66e94a977bef78369a8a0a6021641b530175858367e301e68b,2024-03,Hampshire Constabulary,Hampshire Constabulary,-1.379288,50.896973,On or near Cox'S Lane,E01017276,Southampton 031C,Public order,Local resolution,
76fbe663a7733393e5a9671d4447cb4cd47ef6b641f6a7920d641b3c1382c054,2024-03,Hampshire Constabulary,Hampshire Constabulary,-1.377842,50.897794,On or near Supermarket,E01017276,Southampton 031C,Robbery,Court result unavailable,
b6f18717af606094e0d72265c314855c644182b2fd0cc3dbe5a000d2f0706d44,2024-03,Hampshire Constabulary,Hampshire Constabulary,-1.377842,50.897794,On or near Supermarket,E01017276,Southampton 031C,Shoplifting,Court result unavailable,
62fd173059f2d56ff092c7cf1ec14d41f9b75f5f67ccad7d56081e6d0fe1dc02,2024-03,Hampshire Constabulary,Hampshire Constabulary,-1.377842,50.897794,On or near Supermarket,E01017276,Southampton 031C,Shoplifting,Court result unavailable,
4367b1afc0065aeb0e2e3c5ead30daa8ee779eba96ba64bcaab6e8728003f6e3,2024-03,Hampshire Constabulary,Hampshire Constabulary,-1.379288,50.896973,On or near Cox'S Lane,E01017276,Southampton 031C,Shoplifting,Unable to prosecute suspect,
f1241e28cf030f0a7a816acd40339139940a64b67bdab20f92b2106a4f371099,2024-03,Hampshire Constabulary,Hampshire Constabulary,-1.377842,50.897794,On or near Supermarket,E01017276,Southampton 031C,Shoplifting,Court result unavailable,
b6b5ee4c187f09a69dcc839d0ee7aee4869aa41c2f754011458b93341adba627,2024-03,Hampshire Constabulary,Hampshire Constabulary,-1.379288,50.896973,On or near Cox'S Lane,E01017276,Southampton 031C,Shoplifting,Court result unavailable,
6f09974f803b9bdfb48882cfd0f9f4fc9784678bc1633a2f95f419825e64b95b,2024-03,Hampshire Constabulary,Hampshire Constabulary,-1.377842,50.897794,On or near Supermarket,E01017276,Southampton 031C,Shoplifting,Unable to prosecute suspect,
d1d64a917c89254b665d559c0338144a7c9e9f2f7fc97f2fa4a33d78601d3e75,2024-03,Hampshire Constabulary,Hampshire Constabulary,-1.381553,50.897722,On or near Jackmans Close,E01017276,Southampton 031C,Vehicle crime,Unable to prosecute suspect,
3797085239a45c6c2e066e2430a195502a437ad279ffa6c7205ce9eb8a9a0c58,2024-03,Hampshire Constabulary,Hampshire Constabulary,-1.378849,50.893643,On or near Surrey Road,E01017276,Southampton 031C,Vehicle crime,Investigation complete; no suspect identified,
9b03877230c00f493b213fb3e9ecbd757017902c6fee31b5a9848089722cd0d2,2024-03,Hampshire Constabulary,Hampshire Constabulary,-1.379495,50.895364,On or near Supermarket,E01017276,Southampton 031C,Violence and sexual offences,Unable to prosecute suspect,
af34c06d3b769563e5e5f0fff9505850970fd9dd39aa523127d16a185bcef021,2024-03,Hampshire Constabulary,Hampshire Constabulary,-1.377842,50.897794,On or near Supermarket,E01017276,Southampton 031C,Violence and sexual offences,Unable to prosecute suspect,
d994ec0eedf839326f4370316601ae21003a45b5b9a4bc576687fcaf360c5f55,2024-03,Hampshire Constabulary,Hampshire Constabulary,-1.377842,50.897794,On or near Supermarket,E01017276,Southampton 031C,Violence and sexual offences,Investigation complete; no suspect identified,
2181c7f3349f4fc60c6ba753bd161cf55649f4d05173b57a7735234e775524d0,2024-03,Hampshire Constabulary,Hampshire Constabulary,-1.381562,50.897066,On or near Condor Close,E01017276,Southampton 031C,Violence and sexual offences,Unable to prosecute suspect,
ce83598b494d76f224a91033c489e23370a2c5a22d0a786cc77614461ce00359,2024-03,Hampshire Constabulary,Hampshire Constabulary,-1.379288,50.896973,On or near Cox'S Lane,E01017276,Southampton 031C,Violence and sexual offences,Court result unavailable,
0349a4062ffdf052a94017970aa573361a1d9c7ffcf89ea0ec14c5f554d8a510,2024-03,Hampshire Constabulary,Hampshire Constabulary,-1.379495,50.895364,On or near Supermarket,E01017276,Southampton 031C,Violence and sexual offences,Unable to prosecute suspect,
69ec70357f9fa0fdab2078136ab622cf8cee06362cc39de0edac3e56ba1c7c52,2024-03,Hampshire Constabulary,Hampshire Constabulary,-1.377842,50.897794,On or near Supermarket,E01017276,Southampton 031C,Violence and sexual offences,Unable to prosecute suspect,
93c87246ccb3b38761f3a9b744b05df71125025d528049cf981fe70c2c5be91b,2024-03,Hampshire Constabulary,Hampshire Constabulary,-1.377842,50.897794,On or near Supermarket,E01017276,Southampton 031C,Violence and sexual offences,Investigation complete; no suspect identified,
c3c9cda0ae24bbba1acdd58e2e8898a5923a65b7a7d0fc0bfc6492e13dd75538,2024-03,Hampshire Constabulary,Hampshire Constabulary,-1.377842,50.897794,On or near Supermarket,E01017276,Southampton 031C,Violence and sexual offences,Investigation complete; no suspect identified,
da3de95ae79fff9a74c7422e831118571f79da4072c59fd85cf857b928bde7ad,2024-03,Hampshire Constabulary,Hampshire Constabulary,-1.377635,50.895103,On or near Garnock Road,E01017276,Southampton 031C,Violence and sexual offences,Unable to prosecute suspect,
80bbfd04d49ad4adbc02cc582678aca84639ad13799db08c216fc7394dbf30d0,2024-03,Hampshire Constabulary,Hampshire Constabulary,-1.379495,50.895364,On or near Supermarket,E01017276,Southampton 031C,Violence and sexual offences,Investigation complete; no suspect identified,
322d2039c70eec564f64ecc6918236735d79473eaeaced2a51d92ee52bba3acb,2024-03,Hampshire Constabulary,Hampshire Constabulary,-1.377842,50.897794,On or near Supermarket,E01017276,Southampton 031C,Violence and sexual offences,Unable to prosecute suspect,
4b40397580f4d0d99fc2a2f8d2b731ac648aafb232b1237de27339b916c46c0a,2024-03,Hampshire Constabulary,Hampshire Constabulary,-1.377842,50.897794,On or near Supermarket,E01017276,Southampton 031C,Violence and sexual offences,Investigation complete; no suspect identified,
9809a359880a4f6db19cea61b8e5b4248f04caccaff1d1262f17044504c0b577,2024-03,Hampshire Constabulary,Hampshire Constabulary,-1.379495,50.895364,On or near Supermarket,E01017276,Southampton 031C,Violence and sexual offences,Unable to prosecute suspect,
b1700c17610a26333775ffb8b0059307493881d00ed6afcdda0ea2057443b1e5,2024-03,Hampshire Constabulary,Hampshire Constabulary,-1.379495,50.895364,On or near Supermarket,E01017276,Southampton 031C,Other crime,Unable to prosecute suspect,
,2024-03,Hampshire Constabulary,Hampshire Constabulary,-1.381562,50.897066,On or near Condor Close,E01017276,Southampton 031C,Anti-social behaviour,,
,2024-03,Hampshire Constabulary,Hampshire Constabulary,-1.379495,50.895364,On or near Supermarket,E01017276,Southampton 031C,Anti-social behaviour,,
,2024-03,Hampshire Constabulary,Hampshire Constabulary,-1.379495,50.895364,On or near Supermarket,E01017276,Southampton 031C,Anti-social behaviour,,
,2024-03,Hampshire Constabulary,Hampshire Constabulary,-1.379673,50.894700,On or near Thornycroft Avenue,E01017276,Southampton 031C,Anti-social behaviour,,
,2024-03,Hampshire Constabulary,Hampshire Constabulary,-1.381210,50.896785,On or near Keswick Road,E01017276,Southampton 031C,Anti-social behaviour,,
,2024-03,Hampshire Constabulary,Hampshire Constabulary,-1.379288,50.896973,On or near Cox'S Lane,E01017276,Southampton 031C,Anti-social behaviour,,
,2024-03,Hampshire Constabulary,Hampshire Constabulary,-1.379495,50.895364,On or near Supermarket,E01017276,Southampton 031C,Anti-social behaviour,,
,2024-03,Hampshire Constabulary,Hampshire Constabulary,-1.379495,50.895364,On or near Supermarket,E01017276,Southampton 031C,Anti-social behaviour,,
,2024-03,Hampshire Constabulary,Hampshire Constabulary,-1.381553,50.897722,On or near Jackmans Close,E01017276,Southampton 031C,Anti-social behaviour,,
67d9d3f66ccac53522c44f42f2be2184c85fb90563d2d40859810383a7cffac6,2024-03,Hampshire Constabulary,Hampshire Constabulary,-1.374280,50.897162,On or near Enfield Grove,E01017276,Southampton 031C,Other theft,Investigation complete; no suspect identified,
e6aee8bf6724e71eaf81e21a3b816b748f1893e35ac9309bad3ab235f077a833,2024-03,Hampshire Constabulary,Hampshire Constabulary,-1.373151,50.897588,On or near Fort Road,E01017276,Southampton 031C,Possession of weapons,Investigation complete; no suspect identified,
19db374658785b79ba969abc5fe2c3c933372e8cbc5e091dd1954e1bcedd3ebd,2024-03,Hampshire Constabulary,Hampshire Constabulary,-1.377842,50.897794,On or near Supermarket,E01017276,Southampton 031C,Possession of weapons,Status update unavailable,
eaa1d081b3b6431e76e7f00b82cb265fdcc5c075d1c7197534d8174f544e8c5e,2024-03,Hampshire Constabulary,Hampshire Constabulary,-1.379495,50.895364,On or near Supermarket,E01017276,Southampton 031C,Public order,Investigation complete; no suspect identified,
69c938919176611e2cb7e57e79d720f47b7792b5fb295bc974ce727a13ae5742,2024-03,Hampshire Constabulary,Hampshire Constabulary,-1.379288,50.896973,On or near Cox'S Lane,E01017276,Southampton 031C,Public order,Unable to prosecute suspect,
6e80e857be45bc2ae4853843d58a2edbd121b27bdae4eccd199a140ca72a1ad0,2024-03,Hampshire Constabulary,Hampshire Constabulary,-1.379495,50.895364,On or near Supermarket,E01017276,Southampton 031C,Public order,Unable to prosecute suspect,
c4397ac7521932f930b0dd3429578582fe7c50ed4be9e9879caec6931e63adb4,2024-03,Hampshire Constabulary,Hampshire Constabulary,-1.377635,50.895103,On or near Garnock Road,E01017276,Southampton 031C,Public order,Investigation complete; no suspect identified,
d1fa1c52c82e1448b4ff3977229fa81c033f393e7bff5a86c2911d46c711939c,2024-03,Hampshire Constabulary,Hampshire Constabulary,-1.377842,50.897794,On or near Supermarket,E01017276,Southampton 031C,Shoplifting,Status update unavailable,
52d49bfd4199b029e82d9f1623b89d5444af811a0d8a3746a1ddf23c5ae7cfdd,2024-03,Hampshire Constabulary,Hampshire Constabulary,-1.379288,50.896973,On or near Cox'S Lane,E01017276,Southampton 031C,Shoplifting,Investigation complete; no suspect identified,
a5a656bb8cb14ed0d310b50f505b6eae0340e87d5c54b3cdd3dc30b0ca52a648,2024-03,Hampshire Constabulary,Hampshire Constabulary,-1.379495,50.895364,On or near Supermarket,E01017276,Southampton 031C,Violence and sexual offences,Investigation complete; no suspect identified,
1c18b6b9b7bcaff6e0af75da6fdd2f3d6ba8decd7d7c4dd431876112ed476a2e,2024-03,Hampshire Constabulary,Hampshire Constabulary,-1.369216,50.888880,On or near Camley Close,E01017279,Southampton 031E,Possession of weapons,Unable to prosecute suspect,
d77c6a42785a6b5aa8881ddb19a2db3f87f03ce92a2a6e08220b210e8497468f,2024-03,Hampshire Constabulary,Hampshire Constabulary,-1.369216,50.888880,On or near Camley Close,E01017279,Southampton 031E,Shoplifting,Court result unavailable,
ba4acc21249be80a4d26b440fca794e6c41a868936cfbb63848ebd57d0690f90,2024-03,Hampshire Constabulary,Hampshire Constabulary,-1.369216,50.888880,On or near Camley Close,E01017279,Southampton 031E,Shoplifting,Offender given a caution,
bf60b3576145637c38cc5e5a34c669fc79772681672a20e45f5072e792668a7b,2024-03,Hampshire Constabulary,Hampshire Constabulary,-1.369216,50.888880,On or near Camley Close,E01017279,Southampton 031E,Shoplifting,Court result unavailable,
675863850b3cf7682498ac5a9d6d71baa14ae947b026f47d9bf5aa26b1bf1983,2024-03,Hampshire Constabulary,Hampshire Constabulary,-1.369216,50.888880,On or near Camley Close,E01017279,Southampton 031E,Shoplifting,Court result unavailable,
fd0070e6d9e7a3a715ffa2b801d8583ca8ea7550afb37aa30e5984367e0c6af2,2024-03,Hampshire Constabulary,Hampshire Constabulary,-1.369216,50.888880,On or near Camley Close,E01017279,Southampton 031E,Shoplifting,Court result unavailable,
07af062b864228f408ae5465a486c655dcf86b2d44f3d9552c15159ca1455b31,2024-03,Hampshire Constabulary,Hampshire Constabulary,-1.369216,50.888880,On or near Camley Close,E01017279,Southampton 031E,Shoplifting,Offender given a caution,
ce610c8e5c7854653d8d7e1c4e61d3bcc34af2c123b8d39aaf3e233fa28e2704,2024-03,Hampshire Constabulary,Hampshire Constabulary,-1.369216,50.888880,On or near Camley Close,E01017279,Southampton 031E,Shoplifting,Court result unavailable,
38c413b451b7c76e9aa602cfd140cbff108618346b1197c1c412851d214ebef5,2024-03,Hampshire Constabulary,Hampshire Constabulary,-1.369216,50.888880,On or near Camley Close,E01017279,Southampton 031E,Shoplifting,Offender given a caution,
78d4452226134a71c2ee1efb589ff9d3a409cce2e07ee61fd93886fd294970b4,2024-03,Hampshire Constabulary,Hampshire Constabulary,-1.369216,50.888880,On or near Camley Close,E01017279,Southampton 031E,Shoplifting,Formal action is not in the public interest,
321fd2ae3fae867a7ce043f2848c8759b3e02a09aed6cd3f58789dc435524997,2024-03,Hampshire Constabulary,Hampshire Constabulary,-1.369216,50.888880,On or near Camley Close,E01017279,Southampton 031E,Shoplifting,Offender given a caution,
92101582aa44d40b6be186779cec30705a292fed33e285d2dd19c329873a7b9c,2024-03,Hampshire Constabulary,Hampshire Constabulary,-1.369216,50.888880,On or near Camley Close,E01017279,Southampton 031E,Shoplifting,Offender given a caution,
ee5ff9554172de7e915b6adda4612721ba17374b9562f44eec1f66bd8cc4aee3,2024-03,Hampshire Constabulary,Hampshire Constabulary,-1.369216,50.888880,On or near Camley Close,E01017279,Southampton 031E,Shoplifting,Offender given a caution,
47ea54fc6d267116d78f1b1aaa78fa0f5872128c250619e0e28cde8d4b21f600,2024-03,Hampshire Constabulary,Hampshire Constabulary,-1.369216,50.888880,On or near Camley Close,E01017279,Southampton 031E,Shoplifting,Formal action is not in the public interest,
,2024-03,Hampshire Constabulary,Hampshire Constabulary,-1.374888,50.893164,On or near College Road,E01017279,Southampton 031E,Anti-social behaviour,,
b48d03e3ab5f7e7e435a9139d677f4abb40b18cb3c94d2ab353300e7e59a27aa,2024-03,Hampshire Constabulary,Hampshire Constabulary,-1.369216,50.888880,On or near Camley Close,E01017279,Southampton 031E,Public order,Unable to prosecute suspect,
,2024-03,Hampshire Constabulary,Hampshire Constabulary,-1.382727,50.895004,On or near Capstan Road,E01035446,Southampton 031F,Anti-social behaviour,,
,2024-03,Hampshire Constabulary,Hampshire Constabulary,-1.382704,50.893502,On or near Oswald Road,E01035446,Southampton 031F,Anti-social behaviour,,
,2024-03,Hampshire Constabulary,Hampshire Constabulary,-1.381475,50.889629,On or near Dundonald Close,E01035446,Southampton 031F,Anti-social behaviour,,
59eae7afe0d25e7ffa7791c865c399c811c1125ed5de75880f01b0daad48b73c,2024-03,Hampshire Constabulary,Hampshire Constabulary,-1.382727,50.895004,On or near Capstan Road,E01035446,Southampton 031F,Burglary,Investigation complete; no suspect identified,
3df2be9c991457dd7a803f62209d35282de62a22fda3e9a3614775d2cdcbed54,2024-03,Hampshire Constabulary,Hampshire Constabulary,-1.382704,50.893502,On or near Oswald Road,E01035446,Southampton 031F,Other theft,Investigation complete; no suspect identified,
c7556c21b305bd087f2e0c5ec587ba5848380659aa234d76b89d33999486b3ca,2024-03,Hampshire Constabulary,Hampshire Constabulary,-1.382727,50.895004,On or near Capstan Road,E01035446,Southampton 031F,Vehicle crime,Status update unavailable,
025a982e849f2010bf89f266110d3941c3324c31edd496d5ab43b8d9dafb9ec3,2024-03,Hampshire Constabulary,Hampshire Constabulary,-1.382727,50.895004,On or near Capstan Road,E01035446,Southampton 031F,Vehicle crime,Investigation complete; no suspect identified,
eb1ac08e5998c21e797112308986eca777928b117e964b9b74a5335c615c3e14,2024-03,Hampshire Constabulary,Hampshire Constabulary,-1.381475,50.889629,On or near Dundonald Close,E01035446,Southampton 031F,Vehicle crime,Investigation complete; no suspect identified,
3e0797475c0ef3a8292b70413e1674fa99e6294397b8da3823e32b0b60529895,2024-03,Hampshire Constabulary,Hampshire Constabulary,-1.380795,50.893735,On or near Victoria Road,E01035447,Southampton 031G,Drugs,Local resolution,
,2024-03,Hampshire Constabulary,Hampshire Constabulary,-1.381241,50.894474,On or near Foundry Court,E01035447,Southampton 031G,Anti-social behaviour,,
,2024-03,Hampshire Constabulary,Hampshire Constabulary,-1.381241,50.894474,On or near Foundry Court,E01035447,Southampton 031G,Anti-social behaviour,,
8012e5dfb6ed22f9a738865cf5981d96f98d88c639cdb1865b6c0840ee28aa38,2024-03,Hampshire Constabulary,Hampshire Constabulary,-1.379292,50.891290,On or near Swift Hollow,E01035447,Southampton 031G,Criminal damage and arson,Investigation complete; no suspect identified,
a9e490612342a8ef78b41aab0c480a174534a246368fd2d54eec9a2832ffbfa1,2024-03,Hampshire Constabulary,Hampshire Constabulary,-1.380795,50.893735,On or near Victoria Road,E01035447,Southampton 031G,Other theft,Investigation complete; no suspect identified,
0418e31bfeacbbb9c0ddc6f2f35d23c04d203f4e455505ec9528fdb125205aab,2024-03,Hampshire Constabulary,Hampshire Constabulary,-1.380795,50.893735,On or near Victoria Road,E01035447,Southampton 031G,Public order,Investigation complete; no suspect identified,
0ef79bff8e473aabf4987676e5a43364e3a2daf8a0e6400df56095a65a42ac98,2024-03,Hampshire Constabulary,Hampshire Constabulary,-1.380711,50.892592,On or near Glen Road,E01035447,Southampton 031G,Public order,Unable to prosecute suspect,
b82ad540afffcdb49da406d28d5082d4da6edc5d330a3b2db899b2988deffd5d,2024-03,Hampshire Constabulary,Hampshire Constabulary,-1.380711,50.892592,On or near Glen Road,E01035447,Southampton 031G,Violence and sexual offences,Unable to prosecute suspect,
e6992ba59f16b19db15bf4e7dfeafa23a97909b0739108971b393aaae1636b0f,2024-03,Hampshire Constabulary,Hampshire Constabulary,-1.380711,50.892592,On or near Glen Road,E01035447,Southampton 031G,Violence and sexual offences,Unable to prosecute suspect,
4b767272d101d6f40cd8540ce88619b6ea7f6dbbeb63c8e3a13e4cdf198c6a17,2024-03,Hampshire Constabulary,Hampshire Constabulary,-1.358260,50.886392,On or near Supermarket,E01017274,Southampton 032A,Burglary,Investigation complete; no suspect identified,
ca2753cee21f97bbc65980f32316a5dc391b3846aa2af23d2f46ce84bf93a596,2024-03,Hampshire Constabulary,Hampshire Constabulary,-1.360303,50.887734,On or near Winchfield Close,E01017274,Southampton 032A,Drugs,Court result unavailable,
e36a05e3b96a9edc34aee83ad42301be16333747a5075889089842e043f29b79,2024-03,Hampshire Constabulary,Hampshire Constabulary,-1.360303,50.887734,On or near Winchfield Close,E01017274,Southampton 032A,Possession of weapons,Court result unavailable,
857952c8281e8cafe127d2548f9c4baf089dc22d03938fec8157d37f5dccadeb,2024-03,Hampshire Constabulary,Hampshire Constabulary,-1.360303,50.887734,On or near Winchfield Close,E01017274,Southampton 032A,Public order,Unable to prosecute suspect,
48046f0280a23fc3f8c3e3c7d994eb5fc1e7ce9066e85cde1b58044a79fba41f,2024-03,Hampshire Constabulary,Hampshire Constabulary,-1.358260,50.886392,On or near Supermarket,E01017274,Southampton 032A,Shoplifting,Unable to prosecute suspect,
963fdd4e4d8e802953d2693f170adeca6104ac87fbcbbc879b54762cf08249e9,2024-03,Hampshire Constabulary,Hampshire Constabulary,-1.360303,50.887734,On or near Winchfield Close,E01017274,Southampton 032A,Violence and sexual offences,Investigation complete; no suspect identified,
ca06d7ff602b10ab336d402273a64b20f72743f78502e85c917394f7ac518239,2024-03,Hampshire Constabulary,Hampshire Constabulary,-1.362498,50.887333,On or near Bramshott Road,E01017274,Southampton 032A,Violence and sexual offences,Unable to prosecute suspect,
045240c9d4dda5a674cb0f2954765a5dac9f64948aac3ed44aaae16d7bb1bd09,2024-03,Hampshire Constabulary,Hampshire Constabulary,-1.360303,50.887734,On or near Winchfield Close,E01017274,Southampton 032A,Violence and sexual offences,Court result unavailable,
71d3dc7efba5bb92ae6028c693093fdfb85303904cf67e4568145363d1a7c0bc,2024-03,Hampshire Constabulary,Hampshire Constabulary,-1.361065,50.886075,On or near Longstock Close,E01017274,Southampton 032A,Violence and sexual offences,Unable to prosecute suspect,
,2024-03,Hampshire Constabulary,Hampshire Constabulary,-1.360303,50.887734,On or near Winchfield Close,E01017274,Southampton 032A,Anti-social behaviour,,
0e818aa2b7720295c2325d846ea77382f840e602d1cd429393364a379bb9fa68,2024-03,Hampshire Constabulary,Hampshire Constabulary,-1.358260,50.886392,On or near Supermarket,E01017274,Southampton 032A,Criminal damage and arson,Investigation complete; no suspect identified,
792b5005f6cd58b3be90f85b6e1ee28a244ca9d34df2da343c838c8d0c15e32b,2024-03,Hampshire Constabulary,Hampshire Constabulary,-1.362130,50.888257,On or near Doyle Court,E01017274,Southampton 032A,Other theft,Investigation complete; no suspect identified,
18617dd294df57f6e8afa9aa59b85c5b09e3aee8f1ee0c5f2a5a719468c92ef3,2024-03,Hampshire Constabulary,Hampshire Constabulary,-1.361165,50.888126,On or near Poulner Close,E01017274,Southampton 032A,Public order,Unable to prosecute suspect,
ba939a567d3487babcf35cff43c803aaa715edabe07bd28cbfa8d8f0d8a45850,2024-03,Hampshire Constabulary,Hampshire Constabulary,-1.356619,50.888955,On or near Garrett Close,E01017274,Southampton 032A,Violence and sexual offences,Unable to prosecute suspect,
c2f5fbd01be1dd5bc6f0c451a250754c949def7a5828e9679f54fa8e3f1937d8,2024-03,Hampshire Constabulary,Hampshire Constabulary,-1.353636,50.887698,On or near Staplehurst Close,E01017277,Southampton 032B,Burglary,Investigation complete; no suspect identified,
a4b53dc81cd2d1606ffe9eee46fafb19f8d3b78ed5cb2d9419a2841767930e3a,2024-03,Hampshire Constabulary,Hampshire Constabulary,-1.352012,50.889010,On or near Wentworth Gardens,E01017277,Southampton 032B,Violence and sexual offences,Local resolution,
81530aec98c842d20d9621214f2436be49b53ae7a7bdb8fc055b4ce39a59c6bf,2024-03,Hampshire Constabulary,Hampshire Constabulary,-1.353636,50.887698,On or near Staplehurst Close,E01017277,Southampton 032B,Violence and sexual offences,Unable to prosecute suspect,
e0d8bbbc486784879aad9d3bd8c00fd9794095bbc5dc6d98aac79463c9930888,2024-03,Hampshire Constabulary,Hampshire Constabulary,-1.354864,50.889359,On or near Hawkhurst Close,E01017277,Southampton 032B,Violence and sexual offences,Court result unavailable,
,2024-03,Hampshire Constabulary,Hampshire Constabulary,-1.354864,50.889359,On or near Hawkhurst Close,E01017277,Southampton 032B,Anti-social behaviour,,
1556ae67269234cc5330067458e303cee7461c9c60b550f7fa6cdb8c00990b9e,2024-03,Hampshire Constabulary,Hampshire Constabulary,-1.354864,50.889359,On or near Hawkhurst Close,E01017277,Southampton 032B,Criminal damage and arson,Investigation complete; no suspect identified,
9b09a60f0b503d07a2f7807447de920b84f88fd20e959483ce065a14222dd74e,2024-03,Hampshire Constabulary,Hampshire Constabulary,-1.354864,50.889359,On or near Hawkhurst Close,E01017277,Southampton 032B,Criminal damage and arson,Investigation complete; no suspect identified,
deeb36a951787f04aa56cfae90b1436a41ffda66fdfeb86bdc132bcbdb24effc,2024-03,Hampshire Constabulary,Hampshire Constabulary,-1.354864,50.889359,On or near Hawkhurst Close,E01017277,Southampton 032B,Other theft,Investigation complete; no suspect identified,
6fef53175e48b46536fec7d98fb5a173fdda784e0326300175c9744909c10ce6,2024-03,Hampshire Constabulary,Hampshire Constabulary,-1.354864,50.889359,On or near Hawkhurst Close,E01017277,Southampton 032B,Other theft,Action to be taken by another organisation,
58e9b28b491c77befd36d53225d5e5cf47737d7c4c0fd63e891ee671b2ebc6dd,2024-03,Hampshire Constabulary,Hampshire Constabulary,-1.354864,50.889359,On or near Hawkhurst Close,E01017277,Southampton 032B,Public order,Investigation complete; no suspect identified,
08fafff1957aa7ae56db6861ff1ae4ad266702d09ebd3b502c928fe8df0ff018,2024-03,Hampshire Constabulary,Hampshire Constabulary,-1.352012,50.889010,On or near Wentworth Gardens,E01017277,Southampton 032B,Shoplifting,Investigation complete; no suspect identified,
1cb67ffbb29271b08f18669710d98b3e689930e65c2065f71f3fd17f477dfa08,2024-03,Hampshire Constabulary,Hampshire Constabulary,-1.354864,50.889359,On or near Hawkhurst Close,E01017277,Southampton 032B,Vehicle crime,Investigation complete; no suspect identified,
a0ac45054b928418283a9368ba7ba4af77dd15289e47d49711a1a3f2469423e4,2024-03,Hampshire Constabulary,Hampshire Constabulary,-1.353636,50.887698,On or near Staplehurst Close,E01017277,Southampton 032B,Violence and sexual offences,Status update unavailable,
4b9816fc2e9db3bd9370260c25a16413df97742cebed58d08d0696f3a3ba679e,2024-03,Hampshire Constabulary,Hampshire Constabulary,-1.356123,50.887765,On or near Tickleford Drive,E01017277,Southampton 032B,Violence and sexual offences,Unable to prosecute suspect,
5f27e91bbdb1b29574328d51973a7e77146c3f9379445c2141aa3046378e5c34,2024-03,Hampshire Constabulary,Hampshire Constabulary,-1.354864,50.889359,On or near Hawkhurst Close,E01017277,Southampton 032B,Other crime,Status update unavailable,
e2f7186671571ff6548c06e6241530bcf519f05cf03e149dd2176b23de460b2e,2024-03,Hampshire Constabulary,Hampshire Constabulary,-1.367546,50.889383,On or near Supermarket,E01017280,Southampton 032C,Burglary,Unable to prosecute suspect,
53d62b259477f2f5551ae1a3cdc90cbf837a055344a1c9a5d8bb0e6ad996b814,2024-03,Hampshire Constabulary,Hampshire Constabulary,-1.367546,50.889383,On or near Supermarket,E01017280,Southampton 032C,Robbery,Court result unavailable,
4970f72df979fd60eaaac007799a4214a465337012b1823103203cd10bfd34f6,2024-03,Hampshire Constabulary,Hampshire Constabulary,-1.367546,50.889383,On or near Supermarket,E01017280,Southampton 032C,Shoplifting,Court result unavailable,
5ecd20b12b2a0c2a142684d84967eba02880aa4c5b4d1822f9b42f60ba2f0de6,2024-03,Hampshire Constabulary,Hampshire Constabulary,-1.367546,50.889383,On or near Supermarket,E01017280,Southampton 032C,Shoplifting,Court result unavailable,
6c31dacd4a29cb09ffc143627078dbc2c71651489cda0b9740f82a8e180803c9,2024-03,Hampshire Constabulary,Hampshire Constabulary,-1.367546,50.889383,On or near Supermarket,E01017280,Southampton 032C,Shoplifting,Offender given a caution,
fa99a825418ea34c59bbcddb236da14cbb321b6c6039c2631ba14199eb2a3943,2024-03,Hampshire Constabulary,Hampshire Constabulary,-1.367546,50.889383,On or near Supermarket,E01017280,Southampton 032C,Shoplifting,Court result unavailable,
979fefe80aac5392b0a97c62058484a52d8e17365551650146e1ed49c5785712,2024-03,Hampshire Constabulary,Hampshire Constabulary,-1.360954,50.886973,On or near Mary Key Close,E01017280,Southampton 032C,Violence and sexual offences,Unable to prosecute suspect,
10af0d3cddb97c052f85a27215225dc4b31cfc0aec2604c6c07b83288d4e1824,2024-03,Hampshire Constabulary,Hampshire Constabulary,-1.368213,50.886276,On or near International Way,E01017280,Southampton 032C,Violence and sexual offences,Unable to prosecute suspect,
d637d6272e84f03343a8b961186829c40c64430dd6106e0f5587f17d84b2867e,2024-03,Hampshire Constabulary,Hampshire Constabulary,-1.367578,50.889087,On or near Cavell Place,E01017280,Southampton 032C,Violence and sexual offences,Unable to prosecute suspect,
333fbfe1760a04133ce2a275d6c56b21b30a047af3078d4fcf9e2e84cba7534f,2024-03,Hampshire Constabulary,Hampshire Constabulary,-1.367197,50.888878,On or near Kingsclere Close,E01017280,Southampton 032C,Violence and sexual offences,Unable to prosecute suspect,
50aa14bb4320640b8a3bd736bf7a306af73834065fe43b6b8a37628feb4e4890,2024-03,Hampshire Constabulary,Hampshire Constabulary,-1.368213,50.886276,On or near International Way,E01017280,Southampton 032C,Violence and sexual offences,Unable to prosecute suspect,
61232020780c30356c00f7f5088ff090d6fa0d583b935272e65a8b25d0f44027,2024-03,Hampshire Constabulary,Hampshire Constabulary,-1.368213,50.886276,On or near International Way,E01017280,Southampton 032C,Violence and sexual offences,Unable to prosecute suspect,
0f4b19572ba0ec133e8f3fbd5c420bee608f8a2bbfa9dc865276a692e64c0816,2024-03,Hampshire Constabulary,Hampshire Constabulary,-1.368213,50.886276,On or near International Way,E01017280,Southampton 032C,Violence and sexual offences,Unable to prosecute suspect,
82a828df6ece63ffe1708b397a3faa4bafe785cb522f5b58c8db7c2a2216255e,2024-03,Hampshire Constabulary,Hampshire Constabulary,-1.366416,50.887768,On or near Hawkley Green,E01017280,Southampton 032C,Violence and sexual offences,Unable to prosecute suspect,
4759e222a82fd830698c698595e1390dfd5163132e58a1ea3e6290679f1620ed,2024-03,Hampshire Constabulary,Hampshire Constabulary,-1.368213,50.886276,On or near International Way,E01017280,Southampton 032C,Violence and sexual offences,Unable to prosecute suspect,
36ce95572fe1ca3e316c39621ace53bb1db79e179486c875f09e1463739b84b1,2024-03,Hampshire Constabulary,Hampshire Constabulary,-1.367578,50.889087,On or near Cavell Place,E01017280,Southampton 032C,Criminal damage and arson,Unable to prosecute suspect,
500926d2984214ed928cb57f552fe353f556140d1c5a077bbea1b55b3fdf4b59,2024-03,Hampshire Constabulary,Hampshire Constabulary,-1.366416,50.887768,On or near Hawkley Green,E01017280,Southampton 032C,Other theft,Status update unavailable,
95dec34a79568ddb569dbc91b6ddcb1506facfbeb19837d19919ebea1fc5faed,2024-03,Hampshire Constabulary,Hampshire Constabulary,-1.366416,50.887768,On or near Hawkley Green,E01017280,Southampton 032C,Other theft,Investigation complete; no suspect identified,
15308a907fb8bcba4322441dea13bb9b0edd444b5a2fcb08265a24f9753d9ae5,2024-03,Hampshire Constabulary,Hampshire Constabulary,-1.368213,50.886276,On or near International Way,E01017280,Southampton 032C,Public order,Unable to prosecute suspect,
1e3f37d18904436e31f988455a2b525146bd0cbf51bdc65ab275283d9851625e,2024-03,Hampshire Constabulary,Hampshire Constabulary,-1.368213,50.886276,On or near International Way,E01017280,Southampton 032C,Public order,Unable to prosecute suspect,
1720295cd9a32e810dc7961132f507aea086b5a304df09895037a7f11e7b2b91,2024-03,Hampshire Constabulary,Hampshire Constabulary,-1.367546,50.889383,On or near Supermarket,E01017280,Southampton 032C,Shoplifting,Unable to prosecute suspect,
1a350d380b8179067d2e1132ee505a49f264447d2bb03bf25134f63e9bff6fdc,2024-03,Hampshire Constabulary,Hampshire Constabulary,-1.367546,50.889383,On or near Supermarket,E01017280,Southampton 032C,Shoplifting,Unable to prosecute suspect,
a33d1244f0e7a47cb1d67b40c77d04a3a6a7fe076e3af061df7813a3497cdf7e,2024-03,Hampshire Constabulary,Hampshire Constabulary,-1.367546,50.889383,On or near Supermarket,E01017280,Southampton 032C,Shoplifting,Unable to prosecute suspect,
9d2e6e26d7f19839317f2509c9351eb6d6cb450b203716f98658a64c3e56a318,2024-03,Hampshire Constabulary,Hampshire Constabulary,-1.367546,50.889383,On or near Supermarket,E01017280,Southampton 032C,Shoplifting,Unable to prosecute suspect,
4d3aab4fd7bacc0fccedb432f409c6b2fee315a5dd051789e324d85728c9b008,2024-03,Hampshire Constabulary,Hampshire Constabulary,-1.366416,50.887768,On or near Hawkley Green,E01017280,Southampton 032C,Violence and sexual offences,Unable to prosecute suspect,
caca98a44edf0549d2678c614997ff0b56035af0e3466754db37bf971e151381,2024-03,Hampshire Constabulary,Hampshire Constabulary,-1.368213,50.886276,On or near International Way,E01017280,Southampton 032C,Violence and sexual offences,Unable to prosecute suspect,
299f67b4ff6e1338ee4cc2bbe81675935eb12564655ee3f786b1d24400718376,2024-03,Hampshire Constabulary,Hampshire Constabulary,-1.368213,50.886276,On or near International Way,E01017280,Southampton 032C,Violence and sexual offences,Investigation complete; no suspect identified,
f1457bc7e581a9878ef5075c49454c2ab0d805d1ba1ab2cec00de63ac479dcbe,2024-03,Hampshire Constabulary,Hampshire Constabulary,-1.368213,50.886276,On or near International Way,E01017280,Southampton 032C,Violence and sexual offences,Unable to prosecute suspect,
613ab3e00dc150707551a8a84a3720ebb4d46c7c8719004b6b534037c8681af0,2024-03,Hampshire Constabulary,Hampshire Constabulary,-1.370297,50.887789,On or near Riversdale Close,E01017281,Southampton 032D,Criminal damage and arson,Investigation complete; no suspect identified,
2a390621af0a713965c5b78cef2af38feeba70c1bd8efe290ac3c26796e26e1d,2024-03,Hampshire Constabulary,Hampshire Constabulary,-1.370297,50.887789,On or near Riversdale Close,E01017281,Southampton 032D,Criminal damage and arson,Unable to prosecute suspect,
5d4a39aa92d1525a6dc71b7ac6166667b1393cf8c9af2cc161f146a6e52de6ba,2024-03,Hampshire Constabulary,Hampshire Constabulary,-1.363683,50.884920,On or near Foxcott Close,E01017281,Southampton 032D,Other theft,Investigation complete; no suspect identified,
ed066741967a6fcc2031213a9517525741dbadcf24940fc899a9661725bf1f13,2024-03,Hampshire Constabulary,Hampshire Constabulary,-1.370297,50.887789,On or near Riversdale Close,E01017281,Southampton 032D,Theft from the person,Unable to prosecute suspect,
8db6fc112122a84162f7cbeb73bf76e16f339948403f2e43dc75c556400018bc,2024-03,Hampshire Constabulary,Hampshire Constabulary,-1.370297,50.887789,On or near Riversdale Close,E01017281,Southampton 032D,Violence and sexual offences,Unable to prosecute suspect,
6436dca9df6b72fe07722794dfe5e49d5eccda62603e53cc071c39ddac6f4a4d,2024-03,Hampshire Constabulary,Hampshire Constabulary,-1.370297,50.887789,On or near Riversdale Close,E01017281,Southampton 032D,Violence and sexual offences,Unable to prosecute suspect,
b17dcda91f668c1c5a76a84f96b9eb8f66434437f04c3d49bb7286ec2b4621b8,2024-03,Hampshire Constabulary,Hampshire Constabulary,-1.366682,50.884268,On or near Sports/Recreation Area,E01017281,Southampton 032D,Violence and sexual offences,Unable to prosecute suspect,
a21fcd06192c0e751cdab26119431c6ec83be9e915b80a4aadd07f324a470ad6,2024-03,Hampshire Constabulary,Hampshire Constabulary,-1.366682,50.884268,On or near Sports/Recreation Area,E01017281,Southampton 032D,Violence and sexual offences,Unable to prosecute suspect,
16b4a255ec4abb4917ec6ff188109872cef485eb3bcf6a93c7b020e013860ff6,2024-03,Hampshire Constabulary,Hampshire Constabulary,-1.366682,50.884268,On or near Sports/Recreation Area,E01017281,Southampton 032D,Violence and sexual offences,Unable to prosecute suspect,
641321a02899d3b3d436210d05c0be13b539dd252d41502b53741ff86e4f039c,2024-03,Hampshire Constabulary,Hampshire Constabulary,-1.361487,50.885358,On or near Drayton Close,E01017281,Southampton 032D,Violence and sexual offences,Unable to prosecute suspect,
39a2782032c907ef8e19a1747314fe7801b38616cab8f4845ed79a6758309b83,2024-03,Hampshire Constabulary,Hampshire Constabulary,-1.362390,50.884877,On or near Fullerton Close,E01017281,Southampton 032D,Violence and sexual offences,Unable to prosecute suspect,
bad79475bcd57a507dfcea279ab09bac16193ef08fabf0dd587e2c836fbf6195,2024-03,Hampshire Constabulary,Hampshire Constabulary,-1.366682,50.884268,On or near Sports/Recreation Area,E01017281,Southampton 032D,Violence and sexual offences,Unable to prosecute suspect,
,2024-03,Hampshire Constabulary,Hampshire Constabulary,-1.366682,50.884268,On or near Sports/Recreation Area,E01017281,Southampton 032D,Anti-social behaviour,,
,2024-03,Hampshire Constabulary,Hampshire Constabulary,-1.362390,50.884877,On or near Fullerton Close,E01017281,Southampton 032D,Anti-social behaviour,,
,2024-03,Hampshire Constabulary,Hampshire Constabulary,-1.367634,50.882891,On or near Parking Area,E01017281,Southampton 032D,Anti-social behaviour,,
5b04d26492196c2bce256353cc818dbfb63031a7dcd2b789c48aa951cf548574,2024-03,Hampshire Constabulary,Hampshire Constabulary,-1.362390,50.884877,On or near Fullerton Close,E01017281,Southampton 032D,Criminal damage and arson,Investigation complete; no suspect identified,
ac6237ccc6c6c8cf8d0ebb95e9d15fd9cb77b167287203e48397bd2e33d4649a,2024-03,Hampshire Constabulary,Hampshire Constabulary,-1.363683,50.884920,On or near Foxcott Close,E01017281,Southampton 032D,Public order,Investigation complete; no suspect identified,
4937eb304363494098e8cf05a0039f3953f5e714641033bb990ecf1b486c8845,2024-03,Hampshire Constabulary,Hampshire Constabulary,-1.366682,50.884268,On or near Sports/Recreation Area,E01017281,Southampton 032D,Public order,Investigation complete; no suspect identified,
d08df2504764d867e79302e29898b9a9f334ec00d18ca7ebc1c1a9dea506c838,2024-03,Hampshire Constabulary,Hampshire Constabulary,-1.366682,50.884268,On or near Sports/Recreation Area,E01017281,Southampton 032D,Theft from the person,Unable to prosecute suspect,
98a43eced4c4cad6b90e19d0a181c0d43eafd095a57664e24e6fc41d66d6d229,2024-03,Hampshire Constabulary,Hampshire Constabulary,-1.394109,50.907626,On or near Parking Area,E01032755,Southampton 033A,Drugs,Local resolution,
6293c696b9445df0711e3f7c9536fbff7dd3e5e2387fdb3f8e6bd11d124ca3b9,2024-03,Hampshire Constabulary,Hampshire Constabulary,-1.394032,50.905845,On or near Golden Grove,E01032755,Southampton 033A,Drugs,Local resolution,
287fcba9359cc2d4db4d8f1bd0319efb1a5079f977ff3cffc7f09919c924eda0,2024-03,Hampshire Constabulary,Hampshire Constabulary,-1.394032,50.905845,On or near Golden Grove,E01032755,Southampton 033A,Violence and sexual offences,Local resolution,
1af5690fbca1620ab5af289c54b0e22dbfa2114ff9f6f8d7ced65b42b762a3b4,2024-03,Hampshire Constabulary,Hampshire Constabulary,-1.394032,50.905845,On or near Golden Grove,E01032755,Southampton 033A,Violence and sexual offences,Investigation complete; no suspect identified,
51afc4d5bebadd67c9cd713f6d6b72b5c47f4fa341d79f50ec872b11f45462fd,2024-03,Hampshire Constabulary,Hampshire Constabulary,-1.396407,50.905830,On or near Ascupart Street,E01032755,Southampton 033A,Violence and sexual offences,Unable to prosecute suspect,
e2d3ed8d17d1ea2ca029a164e2ec109bb504df1795147dbccd07f3ceffca873f,2024-03,Hampshire Constabulary,Hampshire Constabulary,-1.396407,50.905830,On or near Ascupart Street,E01032755,Southampton 033A,Violence and sexual offences,Further investigation is not in the public interest,
b2a415b16003ce678bd3d0738e8936bcc3da52548d98982d9ae149d71927dacd,2024-03,Hampshire Constabulary,Hampshire Constabulary,-1.396407,50.905830,On or near Ascupart Street,E01032755,Southampton 033A,Violence and sexual offences,Investigation complete; no suspect identified,
38bc6090afa469b4383143333b38256ebb5eb8ab91faebd0ba07d175fc8f318f,2024-03,Hampshire Constabulary,Hampshire Constabulary,-1.396407,50.905830,On or near Ascupart Street,E01032755,Southampton 033A,Violence and sexual offences,Further investigation is not in the public interest,
c65370b87f57c7ed1b6540a16f8b2caee7847fa1d67343782a422016d6b61e14,2024-03,Hampshire Constabulary,Hampshire Constabulary,-1.394032,50.905845,On or near Golden Grove,E01032755,Southampton 033A,Other crime,Further action is not in the public interest,
,2024-03,Hampshire Constabulary,Hampshire Constabulary,-1.396407,50.905830,On or near Ascupart Street,E01032755,Southampton 033A,Anti-social behaviour,,
,2024-03,Hampshire Constabulary,Hampshire Constabulary,-1.394032,50.905845,On or near Golden Grove,E01032755,Southampton 033A,Anti-social behaviour,,
,2024-03,Hampshire Constabulary,Hampshire Constabulary,-1.396407,50.905830,On or near Ascupart Street,E01032755,Southampton 033A,Anti-social behaviour,,
79d32c6cf77f9937219f971610c97144d8d5bd58af14a052153a6cc3449bdfb1,2024-03,Hampshire Constabulary,Hampshire Constabulary,-1.394032,50.905845,On or near Golden Grove,E01032755,Southampton 033A,Burglary,Status update unavailable,
bcfecfc7d8b12a6ec20b9634de0024d4e11997a07629fe3cfdf5c0938fe2f25b,2024-03,Hampshire Constabulary,Hampshire Constabulary,-1.394032,50.905845,On or near Golden Grove,E01032755,Southampton 033A,Burglary,Investigation complete; no suspect identified,
653ab3ecd187daf5d8c12152e8340fd0587e9ac72ee20c4491781de9b9797d84,2024-03,Hampshire Constabulary,Hampshire Constabulary,-1.396407,50.905830,On or near Ascupart Street,E01032755,Southampton 033A,Criminal damage and arson,Investigation complete; no suspect identified,
8229a78ea169c208956982d7a5365f36316bad42dbf7188ab7a80559e8e077f9,2024-03,Hampshire Constabulary,Hampshire Constabulary,-1.394109,50.907626,On or near Parking Area,E01032755,Southampton 033A,Drugs,Status update unavailable,
83f679983de3fa4f66337ecaa9f04b762fa58341b9a40d7ffb316acdde9f3cd9,2024-03,Hampshire Constabulary,Hampshire Constabulary,-1.394032,50.905845,On or near Golden Grove,E01032755,Southampton 033A,Drugs,Formal action is not in the public interest,
e7b025d1c477eb2eae920ae3f3718921a935b940976880fa3d3e73589906f7e7,2024-03,Hampshire Constabulary,Hampshire Constabulary,-1.394032,50.905845,On or near Golden Grove,E01032755,Southampton 033A,Public order,Investigation complete; no suspect identified,
4ad3269d482707d8d1a1d36551963b120db7820476559f371ad335aafb7bed39,2024-03,Hampshire Constabulary,Hampshire Constabulary,-1.394032,50.905845,On or near Golden Grove,E01032755,Southampton 033A,Public order,Unable to prosecute suspect,
0fbb053ada9450aaea936a9507bf4d3d641d00d3cbf3ae5b7d4d47f1e5290e40,2024-03,Hampshire Constabulary,Hampshire Constabulary,-1.394032,50.905845,On or near Golden Grove,E01032755,Southampton 033A,Violence and sexual offences,Unable to prosecute suspect,
6fa916541aad3e958ed09cfe4c377927b73df002cc0f9f4770c25551e5506586,2024-03,Hampshire Constabulary,Hampshire Constabulary,-1.394032,50.905845,On or near Golden Grove,E01032755,Southampton 033A,Violence and sexual offences,Unable to prosecute suspect,
9275c93e297165dc892abae467f4abfec2ed8dd1c1b48697ee54f319b94946da,2024-03,Hampshire Constabulary,Hampshire Constabulary,-1.400262,50.905769,On or near Cossack Green,E01017139,Southampton 033B,Burglary,Unable to prosecute suspect,
c67d9cf72778e6846fc591111ee4de4feec9e951c6d1ab1ee2764c59e4e8bf05,2024-03,Hampshire Constabulary,Hampshire Constabulary,-1.398936,50.906023,On or near Broad Green,E01017139,Southampton 033B,Drugs,Unable to prosecute suspect,
46d17d2f811ad39374676459e9bee5098bdb62b6207102133150a8782c9c9dac,2024-03,Hampshire Constabulary,Hampshire Constabulary,-1.400481,50.903934,On or near Sports/Recreation Area,E01017139,Southampton 033B,Drugs,Local resolution,
bb513c122810df9e90efe00f85d09819dd9519842afc7bd8d2558e334ce124b2,2024-03,Hampshire Constabulary,Hampshire Constabulary,-1.400481,50.903934,On or near Sports/Recreation Area,E01017139,Southampton 033B,Drugs,Local resolution,
e6698bd65db402c1166e69f1465415f2c5f1e67ce458f06d7112d26f79ff9bfc,2024-03,Hampshire Constabulary,Hampshire Constabulary,-1.396610,50.904492,On or near St Mary Street,E01017139,Southampton 033B,Drugs,Local resolution,
2a8941bbbfa17b4b5a368c5fc588ff168f735ca1936f6ed9995b0e117f2222cc,2024-03,Hampshire Constabulary,Hampshire Constabulary,-1.401110,50.901790,On or near East Street,E01017139,Southampton 033B,Drugs,Local resolution,
b12d4366ec5370b18dfa49bef6707319284baeba38a8654229d728830c3254a4,2024-03,Hampshire Constabulary,Hampshire Constabulary,-1.403281,50.905506,On or near Sussex Road,E01017139,Southampton 033B,Other theft,Unable to prosecute suspect,
bd976aecef4129e6e2a495be724f20088229645167e8be325aa492eb2ba7793d,2024-03,Hampshire Constabulary,Hampshire Constabulary,-1.399155,50.906744,On or near North Front,E01017139,Southampton 033B,Other theft,Investigation complete; no suspect identified,
b0b1b7d43427b24e5470f6d004236cd0d8aebc2568b1955f4bb607858fcb4d3d,2024-03,Hampshire Constabulary,Hampshire Constabulary,-1.400481,50.903934,On or near Sports/Recreation Area,E01017139,Southampton 033B,Possession of weapons,Unable to prosecute suspect,
26ffaafd0eba78cc27f8cc59fb72b0cb36c83d7acb4fef865116d8e59ad32382,2024-03,Hampshire Constabulary,Hampshire Constabulary,-1.399351,50.902572,On or near Houndwell Place,E01017139,Southampton 033B,Public order,Investigation complete; no suspect identified,
a34ac4ae4dd9762e0ee5c6fd92dc6d7829f4eccd1a6c8b40318e9aa756179479,2024-03,Hampshire Constabulary,Hampshire Constabulary,-1.403259,50.902736,On or near York Walk,E01017139,Southampton 033B,Public order,Local resolution,
e47a064aff448b8ee199d26d45c661945305e25a51f4ee778476e9f5265cfdb8,2024-03,Hampshire Constabulary,Hampshire Constabulary,-1.397251,50.906599,On or near Craven Street,E01017139,Southampton 033B,Public order,Unable to prosecute suspect,
918407682b88812f641eb31c027cd9423fd9e2df197d2aa0c14d95ee196b5300,2024-03,Hampshire Constabulary,Hampshire Constabulary,-1.403259,50.902736,On or near York Walk,E01017139,Southampton 033B,Public order,Investigation complete; no suspect identified,
87e7e95b6f13e17cfd5298841f3701bc85a17423be4fbff9ad3cd3710baf43cb,2024-03,Hampshire Constabulary,Hampshire Constabulary,-1.397251,50.906599,On or near Craven Street,E01017139,Southampton 033B,Robbery,Unable to prosecute suspect,
ecd949563e233808ab450339bc0eec066606b5b12e74387a9c8a4fd51ada8416,2024-03,Hampshire Constabulary,Hampshire Constabulary,-1.396837,50.906696,On or near Clifford Street,E01017139,Southampton 033B,Robbery,Unable to prosecute suspect,
2271ce7c75c79cfc843e98a921bda1a3b66ab8d1b555afd7b4675f8ad48d5d99,2024-03,Hampshire Constabulary,Hampshire Constabulary,-1.403259,50.902736,On or near York Walk,E01017139,Southampton 033B,Shoplifting,Court result unavailable,
9e4157eab65b6990658acce6a7adad4973b9fa0a2fc6393131a795eee363f1fa,2024-03,Hampshire Constabulary,Hampshire Constabulary,-1.402545,50.902993,On or near Hanover Buildings,E01017139,Southampton 033B,Shoplifting,Investigation complete; no suspect identified,
e5ec2de4fa1539edf6e0dc31e58e8fc457480d7fe17e405970c52ba2dc1cca07,2024-03,Hampshire Constabulary,Hampshire Constabulary,-1.400170,50.907750,On or near Further/Higher Educational Building,E01017139,Southampton 033B,Vehicle crime,Investigation complete; no suspect identified,
b27266a50c568e59f02b8a9a3aceeeb4d302f8ebc1aa553244eb96b775d760a5,2024-03,Hampshire Constabulary,Hampshire Constabulary,-1.403281,50.905506,On or near Sussex Road,E01017139,Southampton 033B,Vehicle crime,Unable to prosecute suspect,
971d8657ca1234d6c7d79ba6f6bdb3ee601702a181d33890f5c9e8d661a79cf0,2024-03,Hampshire Constabulary,Hampshire Constabulary,-1.403281,50.905506,On or near Sussex Road,E01017139,Southampton 033B,Vehicle crime,Investigation complete; no suspect identified,
07c815e0181af2e5dc2982675abb8ebcf3fdddb904bb90e15fdc882ce7174f17,2024-03,Hampshire Constabulary,Hampshire Constabulary,-1.396837,50.906696,On or near Clifford Street,E01017139,Southampton 033B,Violence and sexual offences,Unable to prosecute suspect,
0aecdc971a83a07b052f40b5e85b9ee407214a680cea17a49026c9e1e3167094,2024-03,Hampshire Constabulary,Hampshire Constabulary,-1.396837,50.906696,On or near Clifford Street,E01017139,Southampton 033B,Violence and sexual offences,Investigation complete; no suspect identified,
ea4605ad093385db85e550905cc70c811a20701a44769c770c50adc907139284,2024-03,Hampshire Constabulary,Hampshire Constabulary,-1.396837,50.906696,On or near Clifford Street,E01017139,Southampton 033B,Violence and sexual offences,Unable to prosecute suspect,
cc967de4d381b214ef196ad64486ddee2ebe7a517492b426839007e6644a5e77,2024-03,Hampshire Constabulary,Hampshire Constabulary,-1.397895,50.901854,On or near Evans Street,E01017139,Southampton 033B,Violence and sexual offences,Unable to prosecute suspect,
e1b97d6ab033f515038b6929c3fdf3373bfab759c723440ed4c95efcbd9256ca,2024-03,Hampshire Constabulary,Hampshire Constabulary,-1.396837,50.906696,On or near Clifford Street,E01017139,Southampton 033B,Violence and sexual offences,Local resolution,
c0d15e48c63da115879348d838e3622d439a1680efc96bbf6031123c76c39549,2024-03,Hampshire Constabulary,Hampshire Constabulary,-1.403259,50.902736,On or near York Walk,E01017139,Southampton 033B,Violence and sexual offences,Investigation complete; no suspect identified,
6edf48be1db14b776fe22d7c2e7b3dcfb90d8d2a6c55c0b225e4f2720b490534,2024-03,Hampshire Constabulary,Hampshire Constabulary,-1.403259,50.902736,On or near York Walk,E01017139,Southampton 033B,Violence and sexual offences,Unable to prosecute suspect,
d340bbc37dfeca1a4e2ebb5390ac1a9d5554dfb5fe2f510e9f8eda3e1dce6d1c,2024-03,Hampshire Constabulary,Hampshire Constabulary,-1.399351,50.902572,On or near Houndwell Place,E01017139,Southampton 033B,Violence and sexual offences,Unable to prosecute suspect,
859b1639864c456c6b47e48038aab3ed836ee92e20932c29788ae5f6d6c91cff,2024-03,Hampshire Constabulary,Hampshire Constabulary,-1.400170,50.907750,On or near Further/Higher Educational Building,E01017139,Southampton 033B,Violence and sexual offences,Investigation complete; no suspect identified,
64b7b24aa80b21c8c41da2eca6c95747b4eed0bd439fb587ee7fd124cf379b21,2024-03,Hampshire Constabulary,Hampshire Constabulary,-1.403281,50.905506,On or near Sussex Road,E01017139,Southampton 033B,Violence and sexual offences,Unable to prosecute suspect,
,2024-03,Hampshire Constabulary,Hampshire Constabulary,-1.397251,50.906599,On or near Craven Street,E01017139,Southampton 033B,Anti-social behaviour,,
,2024-03,Hampshire Constabulary,Hampshire Constabulary,-1.396610,50.904492,On or near St Mary Street,E01017139,Southampton 033B,Anti-social behaviour,,
,2024-03,Hampshire Constabulary,Hampshire Constabulary,-1.397251,50.906599,On or near Craven Street,E01017139,Southampton 033B,Anti-social behaviour,,
,2024-03,Hampshire Constabulary,Hampshire Constabulary,-1.396610,50.904492,On or near St Mary Street,E01017139,Southampton 033B,Anti-social behaviour,,
,2024-03,Hampshire Constabulary,Hampshire Constabulary,-1.403259,50.902736,On or near York Walk,E01017139,Southampton 033B,Anti-social behaviour,,
,2024-03,Hampshire Constabulary,Hampshire Constabulary,-1.403259,50.902736,On or near York Walk,E01017139,Southampton 033B,Anti-social behaviour,,
,2024-03,Hampshire Constabulary,Hampshire Constabulary,-1.398416,50.905562,On or near Johnson Street,E01017139,Southampton 033B,Anti-social behaviour,,
,2024-03,Hampshire Constabulary,Hampshire Constabulary,-1.398873,50.902147,On or near St Georges Street,E01017139,Southampton 033B,Anti-social behaviour,,
,2024-03,Hampshire Constabulary,Hampshire Constabulary,-1.397895,50.901854,On or near Evans Street,E01017139,Southampton 033B,Anti-social behaviour,,
,2024-03,Hampshire Constabulary,Hampshire Constabulary,-1.403259,50.902736,On or near York Walk,E01017139,Southampton 033B,Anti-social behaviour,,
,2024-03,Hampshire Constabulary,Hampshire Constabulary,-1.400262,50.905769,On or near Cossack Green,E01017139,Southampton 033B,Anti-social behaviour,,
,2024-03,Hampshire Constabulary,Hampshire Constabulary,-1.400262,50.905769,On or near Cossack Green,E01017139,Southampton 033B,Anti-social behaviour,,
,2024-03,Hampshire Constabulary,Hampshire Constabulary,-1.403259,50.902736,On or near York Walk,E01017139,Southampton 033B,Anti-social behaviour,,
d6b09d82e78434a8232bb174ad6a492dc9774867a2b34ac057d8c8e381a1fe9d,2024-03,Hampshire Constabulary,Hampshire Constabulary,-1.400170,50.907750,On or near Further/Higher Educational Building,E01017139,Southampton 033B,Bicycle theft,Investigation complete; no suspect identified,
704c46ecf952d1d2791b690bca348720beb511709f1db12309a671b186f9f66c,2024-03,Hampshire Constabulary,Hampshire Constabulary,-1.400170,50.907750,On or near Further/Higher Educational Building,E01017139,Southampton 033B,Burglary,Investigation complete; no suspect identified,
2ded6856ec696d2c58b028b2cd5fdfd116f20967b78872796eab9c657b309a20,2024-03,Hampshire Constabulary,Hampshire Constabulary,-1.403259,50.902736,On or near York Walk,E01017139,Southampton 033B,Criminal damage and arson,Investigation complete; no suspect identified,
9d306cbcde7c4be271ad25607be390c65f3fd6032036327285223599146c5699,2024-03,Hampshire Constabulary,Hampshire Constabulary,-1.399125,50.901276,On or near Lime Street,E01017139,Southampton 033B,Criminal damage and arson,Investigation complete; no suspect identified,
2daa8fed9a5c86822b7da426857a8d6dee003832616a29740ef9aa1414dcd644,2024-03,Hampshire Constabulary,Hampshire Constabulary,-1.401110,50.901790,On or near East Street,E01017139,Southampton 033B,Criminal damage and arson,Investigation complete; no suspect identified,
3b7c32e9a289ed50ad304116e397f7747c28896c50bbeac9a7707772b50071db,2024-03,Hampshire Constabulary,Hampshire Constabulary,-1.396837,50.906696,On or near Clifford Street,E01017139,Southampton 033B,Drugs,Status update unavailable,
0a690ad0a70f8aa8a9a75873edd5bc750ce6c7ccb4479fa673c8032a6451535c,2024-03,Hampshire Constabulary,Hampshire Constabulary,-1.396837,50.906696,On or near Clifford Street,E01017139,Southampton 033B,Drugs,Formal action is not in the public interest,
aac9873fa29f792f0505a46ff943e2fb6a2721b60d6af7e1eb687209b8c2f34d,2024-03,Hampshire Constabulary,Hampshire Constabulary,-1.396837,50.906696,On or near Clifford Street,E01017139,Southampton 033B,Other theft,Investigation complete; no suspect identified,
f9a06a5ec04b121c41b0f56e525c75db3019fc638251577a86f657e684d2f09c,2024-03,Hampshire Constabulary,Hampshire Constabulary,-1.403259,50.902736,On or near York Walk,E01017139,Southampton 033B,Possession of weapons,Investigation complete; no suspect identified,
e4a2e1813cc62fc1935cbb771ba5191e146754e6bb3d654c549ef5a0c4ae2bfb,2024-03,Hampshire Constabulary,Hampshire Constabulary,-1.400262,50.905769,On or near Cossack Green,E01017139,Southampton 033B,Possession of weapons,Status update unavailable,
71efca134567c73226c8eaefdedba13415873f4c8625ea485a12eeb99ab77406,2024-03,Hampshire Constabulary,Hampshire Constabulary,-1.397251,50.906599,On or near Craven Street,E01017139,Southampton 033B,Public order,Status update unavailable,
80dfecfe0cb6f1be99da54bbe652bf4152bfac9b71a62177cf6f67476599193f,2024-03,Hampshire Constabulary,Hampshire Constabulary,-1.399155,50.906744,On or near North Front,E01017139,Southampton 033B,Public order,Investigation complete; no suspect identified,
182025090eb4239db1a95bc5fc65fc353a6c10a71e1d9c7a7f1c8536c8e3a10a,2024-03,Hampshire Constabulary,Hampshire Constabulary,-1.396090,50.905046,On or near Parking Area,E01017139,Southampton 033B,Public order,Investigation complete; no suspect identified,
5519bd38505288ae14fc545786f9d8199ff2169808a6e13c57d65e62efae0392,2024-03,Hampshire Constabulary,Hampshire Constabulary,-1.398873,50.902147,On or near St Georges Street,E01017139,Southampton 033B,Public order,Investigation complete; no suspect identified,
d958731c2d04da5b0478d78cf28f18f8eb4c30cfe47a43897d7afd70cbdaeaba,2024-03,Hampshire Constabulary,Hampshire Constabulary,-1.400481,50.903934,On or near Sports/Recreation Area,E01017139,Southampton 033B,Robbery,Status update unavailable,
ccd03c4ad81eb5128a2c39a6978f3e2d271d1cf132ef4af3c5940f72cbb0bd5a,2024-03,Hampshire Constabulary,Hampshire Constabulary,-1.400262,50.905769,On or near Cossack Green,E01017139,Southampton 033B,Robbery,Investigation complete; no suspect identified,
9efbfb242e63b2d5eb25d8c1ac59af7354f10e45937ee04f4cb83a95d705eb7e,2024-03,Hampshire Constabulary,Hampshire Constabulary,-1.402545,50.902993,On or near Hanover Buildings,E01017139,Southampton 033B,Shoplifting,Investigation complete; no suspect identified,
8dc731e5e2483792324bc4043f3517157fae1ab9ccd8e7eb4eb20a872a0f4938,2024-03,Hampshire Constabulary,Hampshire Constabulary,-1.403259,50.902736,On or near York Walk,E01017139,Southampton 033B,Shoplifting,Investigation complete; no suspect identified,
e5616d0b16ad04839e3176fc90f45903ea404f085ea83074c60e16f74f0df63e,2024-03,Hampshire Constabulary,Hampshire Constabulary,-1.403259,50.902736,On or near York Walk,E01017139,Southampton 033B,Theft from the person,Investigation complete; no suspect identified,
d737430fe78d4e223a7d3381a321f1cfa9fccb050407263ccf383b46db59066e,2024-03,Hampshire Constabulary,Hampshire Constabulary,-1.397251,50.906599,On or near Craven Street,E01017139,Southampton 033B,Violence and sexual offences,Unable to prosecute suspect,
de140ddaba0e01a464dd35b36b25f02a1f56b76d9eb104dda8676b78729f69b9,2024-03,Hampshire Constabulary,Hampshire Constabulary,-1.396837,50.906696,On or near Clifford Street,E01017139,Southampton 033B,Violence and sexual offences,Investigation complete; no suspect identified,
cb98cf229d53df1435dbed9cd5bfc2e459c5e84972967c6810dcd811b4e4523c,2024-03,Hampshire Constabulary,Hampshire Constabulary,-1.403281,50.905506,On or near Sussex Road,E01017139,Southampton 033B,Violence and sexual offences,Status update unavailable,
9db320ee652cfdfce632ba58476adac109e0a977b9a4bf8b036f290f7ae4a048,2024-03,Hampshire Constabulary,Hampshire Constabulary,-1.400481,50.903934,On or near Sports/Recreation Area,E01017139,Southampton 033B,Violence and sexual offences,Unable to prosecute suspect,
70f25fb4dc0ee68d898c0f8886f8c49f118d9dd95e29374424871b0e57ee9bda,2024-03,Hampshire Constabulary,Hampshire Constabulary,-1.400481,50.903934,On or near Sports/Recreation Area,E01017139,Southampton 033B,Violence and sexual offences,Unable to prosecute suspect,
e45a14483f7683707c897389d8f26d5c9974933f74a175fc1d9fe5bc41bf90b9,2024-03,Hampshire Constabulary,Hampshire Constabulary,-1.396090,50.905046,On or near Parking Area,E01017139,Southampton 033B,Violence and sexual offences,Unable to prosecute suspect,
56bddc3bb0b29791baf98ebfe95456bfa193884aa0677cfe12b01e1af1d2d95e,2024-03,Hampshire Constabulary,Hampshire Constabulary,-1.403259,50.902736,On or near York Walk,E01017139,Southampton 033B,Violence and sexual offences,Investigation complete; no suspect identified,
fd6991cd5047ddb908f5375711aef5cd9fdb76ed34deb5c8f7804fa6bd634f64,2024-03,Hampshire Constabulary,Hampshire Constabulary,-1.396610,50.904492,On or near St Mary Street,E01017139,Southampton 033B,Violence and sexual offences,Investigation complete; no suspect identified,
bf9cf24b5c11334f701664b8f6458f41c9166cefc7e8d9ba5f91ce38a7658328,2024-03,Hampshire Constabulary,Hampshire Constabulary,-1.399155,50.906744,On or near North Front,E01017139,Southampton 033B,Violence and sexual offences,Unable to prosecute suspect,
b54971957b142f8af5f291efdbfcd814fef65fda0a916dc5505c9226ccf71201,2024-03,Hampshire Constabulary,Hampshire Constabulary,-1.399155,50.906744,On or near North Front,E01017139,Southampton 033B,Violence and sexual offences,Investigation complete; no suspect identified,
8ccd52df4d4845f962ace3ee618058be933d20c6f9335bd75168765d2a0f50d0,2024-03,Hampshire Constabulary,Hampshire Constabulary,-1.403259,50.902736,On or near York Walk,E01017139,Southampton 033B,Violence and sexual offences,Unable to prosecute suspect,
c72ad22008bd575791864cccf7d6829abcbb14a81f8924d9b263d08341f864a5,2024-03,Hampshire Constabulary,Hampshire Constabulary,-1.403281,50.905506,On or near Sussex Road,E01017139,Southampton 033B,Violence and sexual offences,Unable to prosecute suspect,
7ee0a7460af207d5d097d8672ec339521331a5c80514383ee31335c57f511b8f,2024-03,Hampshire Constabulary,Hampshire Constabulary,-1.396610,50.904492,On or near St Mary Street,E01017139,Southampton 033B,Violence and sexual offences,Investigation complete; no suspect identified,
2edb7759f48f396f65fe2bb49b437e210e1aef81a13f1300df711888817504aa,2024-03,Hampshire Constabulary,Hampshire Constabulary,-1.395130,50.903441,On or near Further/Higher Educational Building,E01032745,Southampton 033C,Criminal damage and arson,Unable to prosecute suspect,
014981fd207e331412a0047cf77608394a5536d7af378e2f8cf60db24b687ce9,2024-03,Hampshire Constabulary,Hampshire Constabulary,-1.394299,50.900622,On or near Carpathia Drive,E01032745,Southampton 033C,Drugs,Awaiting court outcome,
622ae460a56541cfc7ea5883dd4c0c34aa75e8011a9bd6c2ba31dc38a8b60222,2024-03,Hampshire Constabulary,Hampshire Constabulary,-1.395034,50.900940,On or near Whitestar Place,E01032745,Southampton 033C,Drugs,Offender given a caution,
8e6f32de5e2f44001d54316075539e97f18c14b307d83b3e7319b2f45f773a6d,2024-03,Hampshire Constabulary,Hampshire Constabulary,-1.394182,50.901943,On or near The Compass,E01032745,Southampton 033C,Drugs,Local resolution,
3f0d9a8e5368049e955c326e0206ba1877f49773187b1e82ba268bc57940f645,2024-03,Hampshire Constabulary,Hampshire Constabulary,-1.393709,50.902264,On or near Chapel Road,E01032745,Southampton 033C,Drugs,Formal action is not in the public interest,
5221e6ddc79dc86aae432560548b47b2aba1c25fc26dacaa14a45bfcb14f9771,2024-03,Hampshire Constabulary,Hampshire Constabulary,-1.397275,50.902535,On or near Cook Street,E01032745,Southampton 033C,Drugs,Unable to prosecute suspect,
2657ba236b8e7cd74ceb806e4a68b394400b27dcdbc63ca61df68ddaeb81ccec,2024-03,Hampshire Constabulary,Hampshire Constabulary,-1.396897,50.899880,On or near Richmond Street,E01032745,Southampton 033C,Public order,Unable to prosecute suspect,
fe54925331430dda0348fd416407dfbbcf0aa783bb89feb6b13157807dcd4d07,2024-03,Hampshire Constabulary,Hampshire Constabulary,-1.395804,50.901880,On or near Maryfield,E01032745,Southampton 033C,Public order,Local resolution,
18e336268d5b60054d3edd02dac5c0b90525987b074c346fd66ebdf2af7b26dd,2024-03,Hampshire Constabulary,Hampshire Constabulary,-1.395804,50.901880,On or near Maryfield,E01032745,Southampton 033C,Public order,Local resolution,
9ce0f94bead36917a1873430f4939d9d7888075e5e743da3fc6c95ffb75bb549,2024-03,Hampshire Constabulary,Hampshire Constabulary,-1.395130,50.903441,On or near Further/Higher Educational Building,E01032745,Southampton 033C,Violence and sexual offences,Investigation complete; no suspect identified,
8c36cb1605b47c16649ddd52ebecbcd5c2b596a033780e01f2910bbb2d789022,2024-03,Hampshire Constabulary,Hampshire Constabulary,-1.393971,50.900665,On or near Rudd Way,E01032745,Southampton 033C,Violence and sexual offences,Unable to prosecute suspect,
13b19f0fb3de5a53223d60da0207a4e486241d3bfaf046c4b2a84aaf289ec219,2024-03,Hampshire Constabulary,Hampshire Constabulary,-1.395130,50.903441,On or near Further/Higher Educational Building,E01032745,Southampton 033C,Violence and sexual offences,Investigation complete; no suspect identified,
33df8fac23df8e86c7546d744a3c8fceefb6c1d3c3a8945b605a86bc9782041a,2024-03,Hampshire Constabulary,Hampshire Constabulary,-1.395130,50.903441,On or near Further/Higher Educational Building,E01032745,Southampton 033C,Violence and sexual offences,Unable to prosecute suspect,
be1fc51eb6d51c69ce518039a17a4e74205a99aef11e1c589807c456ce58b2c7,2024-03,Hampshire Constabulary,Hampshire Constabulary,-1.395130,50.903441,On or near Further/Higher Educational Building,E01032745,Southampton 033C,Violence and sexual offences,Unable to prosecute suspect,
,2024-03,Hampshire Constabulary,Hampshire Constabulary,-1.394182,50.901943,On or near The Compass,E01032745,Southampton 033C,Anti-social behaviour,,
,2024-03,Hampshire Constabulary,Hampshire Constabulary,-1.395804,50.901880,On or near Maryfield,E01032745,Southampton 033C,Anti-social behaviour,,
,2024-03,Hampshire Constabulary,Hampshire Constabulary,-1.395804,50.901880,On or near Maryfield,E01032745,Southampton 033C,Anti-social behaviour,,
d46905d044f1c5f447add79748453d92c6bc31c8eb07a8328434214e4becc465,2024-03,Hampshire Constabulary,Hampshire Constabulary,-1.395804,50.901880,On or near Maryfield,E01032745,Southampton 033C,Bicycle theft,Investigation complete; no suspect identified,
0769a3a0dc4a6a6a10161561b983d02bb9cad084c9158abca3e29be67269c784,2024-03,Hampshire Constabulary,Hampshire Constabulary,-1.393709,50.902264,On or near Chapel Road,E01032745,Southampton 033C,Vehicle crime,Investigation complete; no suspect identified,
2bbbc23432298f6bd7d27e5e9e4154206b341ec2d137176878c0ceba2300d7be,2024-03,Hampshire Constabulary,Hampshire Constabulary,-1.395034,50.900940,On or near Whitestar Place,E01032745,Southampton 033C,Vehicle crime,Investigation complete; no suspect identified,
e2a0333868ff25f68c4eaf1554b3a550791a8408a3d87e3a174c54a368920e1f,2024-03,Hampshire Constabulary,Hampshire Constabulary,-1.391749,50.902020,On or near Granville Street,E01032745,Southampton 033C,Vehicle crime,Investigation complete; no suspect identified,
4ebf8951a395300bb3773fa6b672de5ceb32975ef7857dac61db8b308a5d95da,2024-03,Hampshire Constabulary,Hampshire Constabulary,-1.395804,50.901880,On or near Maryfield,E01032745,Southampton 033C,Violence and sexual offences,Formal action is not in the public interest,
ad853ba1352c188e5241314b53b3c99ceccee5f1e8cdefedeb98736a7e88775a,2024-03,Hampshire Constabulary,Hampshire Constabulary,-1.400807,50.898758,On or near Brunswick Square,E01032751,Southampton 033D,Burglary,Investigation complete; no suspect identified,
39a523050fd1f53b2fb34d588e4798fbe15060e6c4eb33f78a00ba3df313408c,2024-03,Hampshire Constabulary,Hampshire Constabulary,-1.398632,50.897668,On or near Queen'S Terrace,E01032751,Southampton 033D,Burglary,Investigation complete; no suspect identified,
9353dfb91ffdea9b91b6a8af17905ff0556ca2cbfd9726821bcf477a0e6adfba,2024-03,Hampshire Constabulary,Hampshire Constabulary,-1.398632,50.897668,On or near Queen'S Terrace,E01032751,Southampton 033D,Burglary,Investigation complete; no suspect identified,
55023d5d6a188d924acec595ec1abb06e60222ef17d3218369f0cbf5009475d6,2024-03,Hampshire Constabulary,Hampshire Constabulary,-1.398632,50.897668,On or near Queen'S Terrace,E01032751,Southampton 033D,Burglary,Investigation complete; no suspect identified,
93f85763d0fa8014fbadcbc302493791af92b146bf5977e6bc77f31b968c3ec8,2024-03,Hampshire Constabulary,Hampshire Constabulary,-1.398175,50.900030,On or near Chandos Street,E01032751,Southampton 033D,Drugs,Local resolution,
927231e4290562ac335958d3add3bec03ce6695530d4f057c20b9ed995af1bc0,2024-03,Hampshire Constabulary,Hampshire Constabulary,-1.400047,50.899312,On or near Bernard Street,E01032751,Southampton 033D,Drugs,Local resolution,
6e42a8085eb02bfcea64acc8a921c061a66334e4a0cebc7d44fe19f8bdccaf8b,2024-03,Hampshire Constabulary,Hampshire Constabulary,-1.395705,50.898552,On or near Captains Place,E01032751,Southampton 033D,Public order,Local resolution,
73acfb337ea80b38193bf4e8544210de18d53e091d318d1cc6dbf26175dd04f7,2024-03,Hampshire Constabulary,Hampshire Constabulary,-1.397410,50.898696,On or near John Street,E01032751,Southampton 033D,Public order,Unable to prosecute suspect,
e1e51a91c06a9c1cfeaed262c9b64ff2d6c8815fbea094e7a7a4bdbcf37b4556,2024-03,Hampshire Constabulary,Hampshire Constabulary,-1.397410,50.898696,On or near John Street,E01032751,Southampton 033D,Vehicle crime,Investigation complete; no suspect identified,
49645f5414bcab84c752e969552b67ec56d30973e0506b7ff60591d7314475c0,2024-03,Hampshire Constabulary,Hampshire Constabulary,-1.398781,50.898235,On or near Oxford Street,E01032751,Southampton 033D,Violence and sexual offences,Unable to prosecute suspect,
d209ef2757e11d6c44f2aa9e6b8e288cfe55e1cf8f55afb28a9ed2c8b11f0bdc,2024-03,Hampshire Constabulary,Hampshire Constabulary,-1.398781,50.898235,On or near Oxford Street,E01032751,Southampton 033D,Violence and sexual offences,Unable to prosecute suspect,
71c63ee1534079a6eeaa92deea4337498b4a432846fdbe97d706bcea443d90f5,2024-03,Hampshire Constabulary,Hampshire Constabulary,-1.397410,50.898696,On or near John Street,E01032751,Southampton 033D,Violence and sexual offences,Unable to prosecute suspect,
2e98542fea624819fe0a9862c3cb01165d9798c8b6e6f03a402572b0ff1aaecf,2024-03,Hampshire Constabulary,Hampshire Constabulary,-1.400047,50.899312,On or near Bernard Street,E01032751,Southampton 033D,Violence and sexual offences,Unable to prosecute suspect,
fd5d8268390187785e6012b85dfe8ece57b20dd4d99150f47318f824eac580d2,2024-03,Hampshire Constabulary,Hampshire Constabulary,-1.398632,50.897668,On or near Queen'S Terrace,E01032751,Southampton 033D,Violence and sexual offences,Offender given a caution,
e2493e21234806b8f93b7e5b575a8c31aa9dd0c5f4d8dc51b5077f564d58fe04,2024-03,Hampshire Constabulary,Hampshire Constabulary,-1.400047,50.899312,On or near Bernard Street,E01032751,Southampton 033D,Violence and sexual offences,Investigation complete; no suspect identified,
5b56409b6b8c323e435e771c7b74dd5ae2f76f6a2cda37f2790460c10290bee6,2024-03,Hampshire Constabulary,Hampshire Constabulary,-1.398175,50.900030,On or near Chandos Street,E01032751,Southampton 033D,Violence and sexual offences,Unable to prosecute suspect,
,2024-03,Hampshire Constabulary,Hampshire Constabulary,-1.398781,50.898235,On or near Oxford Street,E01032751,Southampton 033D,Anti-social behaviour,,
,2024-03,Hampshire Constabulary,Hampshire Constabulary,-1.400635,50.897759,On or near Orchard Place,E01032751,Southampton 033D,Anti-social behaviour,,
,2024-03,Hampshire Constabulary,Hampshire Constabulary,-1.400807,50.898758,On or near Brunswick Square,E01032751,Southampton 033D,Anti-social behaviour,,
296685847cbbf42433b5e40064f4007399c1f7d31a292151fe8ed9cb56203ba9,2024-03,Hampshire Constabulary,Hampshire Constabulary,-1.400527,50.898433,On or near Parking Area,E01032751,Southampton 033D,Burglary,Investigation complete; no suspect identified,
b6dcb4fd7bfca7ecaaaee71cddb5789ba4753278ee3385235b047ec91fd2e9d8,2024-03,Hampshire Constabulary,Hampshire Constabulary,-1.400807,50.898758,On or near Brunswick Square,E01032751,Southampton 033D,Burglary,Investigation complete; no suspect identified,
670374fbfe34cc72ad843fccbb2840a25cdfabfcc957be802ee54fa0111658d4,2024-03,Hampshire Constabulary,Hampshire Constabulary,-1.400527,50.898433,On or near Parking Area,E01032751,Southampton 033D,Criminal damage and arson,Status update unavailable,
7b86bfaf4cf0e824e69662402d7ac13b73eae4e9df271df9fa12f021b7d15159,2024-03,Hampshire Constabulary,Hampshire Constabulary,-1.400635,50.897759,On or near Orchard Place,E01032751,Southampton 033D,Criminal damage and arson,Investigation complete; no suspect identified,
5aa3bf91cdb36b7d17f7b435cec9887d389d38bea3eb3b69bcc838171bf537fc,2024-03,Hampshire Constabulary,Hampshire Constabulary,-1.400047,50.899312,On or near Bernard Street,E01032751,Southampton 033D,Possession of weapons,Status update unavailable,
17acee40819baa8255d358cf8ddcea8392fd61388441ae21a3e43766cc99e337,2024-03,Hampshire Constabulary,Hampshire Constabulary,-1.398781,50.898235,On or near Oxford Street,E01032751,Southampton 033D,Public order,Unable to prosecute suspect,
154250cee078a574927d0c3362109871d376e51643be791abb6725e0fc21c903,2024-03,Hampshire Constabulary,Hampshire Constabulary,-1.398781,50.898235,On or near Oxford Street,E01032751,Southampton 033D,Public order,Unable to prosecute suspect,
c3d3f5c8d5d754f305941c7b50d11ae3d2ef11997a0f45dd597539d679469a33,2024-03,Hampshire Constabulary,Hampshire Constabulary,-1.398781,50.898235,On or near Oxford Street,E01032751,Southampton 033D,Public order,Unable to prosecute suspect,
294cf4e16fe54f08c14e5f1be01f47a75bc59a4faae17705f245d252657543d7,2024-03,Hampshire Constabulary,Hampshire Constabulary,-1.398295,50.898367,On or near Latimer Street,E01032751,Southampton 033D,Theft from the person,Investigation complete; no suspect identified,
ef2789e9c48a11f5bc3774ed58cf36802c0d1e84412854e660160c933b09f887,2024-03,Hampshire Constabulary,Hampshire Constabulary,-1.400047,50.899312,On or near Bernard Street,E01032751,Southampton 033D,Violence and sexual offences,Unable to prosecute suspect,
bfcf9122ad96462c814b88ec5ed9f9ae8774b61176058dd45b67865d22257a50,2024-03,Hampshire Constabulary,Hampshire Constabulary,-1.400527,50.898433,On or near Parking Area,E01032751,Southampton 033D,Violence and sexual offences,Unable to prosecute suspect,
de6fd009090e2f0c0c763fe590d96234a26e76ca2157d31c1760d818a3e215fd,2024-03,Hampshire Constabulary,Hampshire Constabulary,-1.398781,50.898235,On or near Oxford Street,E01032751,Southampton 033D,Violence and sexual offences,Unable to prosecute suspect,
6ba05b692fd0e07bda9d8cab59231f6be6567178db264a973d222f33f1bfd498,2024-03,Hampshire Constabulary,Hampshire Constabulary,-1.397410,50.898696,On or near John Street,E01032751,Southampton 033D,Violence and sexual offences,Unable to prosecute suspect,
f7b31ffeed5ea42486b1496d53774641f5b7efe7a329825f402982eb1a8332a0,2024-03,Hampshire Constabulary,Hampshire Constabulary,-1.400047,50.899312,On or near Bernard Street,E01032751,Southampton 033D,Violence and sexual offences,Unable to prosecute suspect,
84fdb5254ac65391e66526229343cb1a33e00015850ff591a5435a3f3a15d9c4,2024-03,Hampshire Constabulary,Hampshire Constabulary,-1.400635,50.897759,On or near Orchard Place,E01032751,Southampton 033D,Violence and sexual offences,Unable to prosecute suspect,
e7739b4578369960ae3925d4ec80b3a1c6791497dd746040d2d7fb0af7326d33,2024-03,Hampshire Constabulary,Hampshire Constabulary,-1.398781,50.898235,On or near Oxford Street,E01032751,Southampton 033D,Violence and sexual offences,Unable to prosecute suspect,
c32fccb76d3648aad9dd50fa46a42b50a680bf9ca4d94d149326211c159f42ee,2024-03,Hampshire Constabulary,Hampshire Constabulary,-1.394813,50.897135,On or near St Lawrence Road,E01035448,Southampton 034A,Criminal damage and arson,Unable to prosecute suspect,
9352073c32db6fdc70d714f02e313c9e206cb308db9a15b471995b5b34042b78,2024-03,Hampshire Constabulary,Hampshire Constabulary,-1.394813,50.897135,On or near St Lawrence Road,E01035448,Southampton 034A,Other theft,Unable to prosecute suspect,
97ec992616fc58be3ba3b8199592e2431ca67a0ded8f089913c175ad03f3420f,2024-03,Hampshire Constabulary,Hampshire Constabulary,-1.389761,50.899681,On or near Endle Street,E01035448,Southampton 034A,Other theft,Local resolution,
040efc0f65e342864e97957bce9c9928357973d20c48415bf5106b97e5421058,2024-03,Hampshire Constabulary,Hampshire Constabulary,-1.395825,50.899624,On or near Theatre/Concert Hall,E01035448,Southampton 034A,Other theft,Investigation complete; no suspect identified,
9393cbaba78f1be1ce238f9bcc0e06371fcf35f2bf078466c5d712c4608def5d,2024-03,Hampshire Constabulary,Hampshire Constabulary,-1.389761,50.899681,On or near Endle Street,E01035448,Southampton 034A,Possession of weapons,Unable to prosecute suspect,
fa2b0a27755542b4b884767112786e95cc7b52895529e7d6c9d258eef3f4c836,2024-03,Hampshire Constabulary,Hampshire Constabulary,-1.394813,50.897135,On or near St Lawrence Road,E01035448,Southampton 034A,Public order,Unable to prosecute suspect,
574ee148e7c1c065cc609d02a25577ed2925207b230f8ec145c790210fa091f4,2024-03,Hampshire Constabulary,Hampshire Constabulary,-1.392680,50.897205,On or near Canute Road,E01035448,Southampton 034A,Shoplifting,Investigation complete; no suspect identified,
1ae1539b2c2f07a1070d669690b1d3de6e0e639a987a496bf77ac9a35111f64b,2024-03,Hampshire Constabulary,Hampshire Constabulary,-1.392680,50.897205,On or near Canute Road,E01035448,Southampton 034A,Shoplifting,Unable to prosecute suspect,
6da06f22364e749c3efcce41c21b2eafe9ffdfe915ce49467081782748379896,2024-03,Hampshire Constabulary,Hampshire Constabulary,-1.392680,50.897205,On or near Canute Road,E01035448,Southampton 034A,Shoplifting,Investigation complete; no suspect identified,
,2024-03,Hampshire Constabulary,Hampshire Constabulary,-1.395825,50.899624,On or near Theatre/Concert Hall,E01035448,Southampton 034A,Anti-social behaviour,,
,2024-03,Hampshire Constabulary,Hampshire Constabulary,-1.394813,50.897135,On or near St Lawrence Road,E01035448,Southampton 034A,Anti-social behaviour,,
496d6f85623ae2df2538ad6aead9c4a3e026d5163bb3bfd2a0360aa9255d04b6,2024-03,Hampshire Constabulary,Hampshire Constabulary,-1.391125,50.900794,On or near Albert Road North,E01035448,Southampton 034A,Burglary,Investigation complete; no suspect identified,
b1b49c6a53d436286c4a65c509b4296c723844ad5424319afa07b238156dcd99,2024-03,Hampshire Constabulary,Hampshire Constabulary,-1.392385,50.897959,On or near Albert Road South,E01035448,Southampton 034A,Criminal damage and arson,Status update unavailable,
f07cf9dcc816cc0157d7627bc9a5d329c8345bf7da03ccab7ac11f9747c8e3de,2024-03,Hampshire Constabulary,Hampshire Constabulary,-1.392385,50.897959,On or near Albert Road South,E01035448,Southampton 034A,Drugs,Status update unavailable,
fd30fc42c93c90052bcc7d1054ffd539a0a687a60ec5fe61f5718fd6c51d3de0,2024-03,Hampshire Constabulary,Hampshire Constabulary,-1.389761,50.899681,On or near Endle Street,E01035448,Southampton 034A,Other theft,Investigation complete; no suspect identified,
89fde5231a369d79ea91dd750ef2a4fb1fc8e161d91a430efbd48b417d7037e7,2024-03,Hampshire Constabulary,Hampshire Constabulary,-1.390585,50.899712,On or near Ryde Terrace,E01035448,Southampton 034A,Public order,Investigation complete; no suspect identified,
ba78a86d4bdb036a6259d77b513e96d9e48fa8ab6e92e9519273ad42b899765d,2024-03,Hampshire Constabulary,Hampshire Constabulary,-1.391125,50.900794,On or near Albert Road North,E01035448,Southampton 034A,Robbery,Unable to prosecute suspect,
f7693b065e4fe5ee1a8203bb39c4db2deb850c8e86cd2adddf5448fe842509f2,2024-03,Hampshire Constabulary,Hampshire Constabulary,-1.392680,50.897205,On or near Canute Road,E01035448,Southampton 034A,Shoplifting,Investigation complete; no suspect identified,
16e86310f2e404c2845cff351864900333c0a22991f8d09f05f3acf2232ff49e,2024-03,Hampshire Constabulary,Hampshire Constabulary,-1.392680,50.897205,On or near Canute Road,E01035448,Southampton 034A,Shoplifting,Investigation complete; no suspect identified,
ac0db9b7ae1e2e44f51d2cd4b966163b51d28c5a47380122b97c2f835a1e4f0a,2024-03,Hampshire Constabulary,Hampshire Constabulary,-1.392680,50.897205,On or near Canute Road,E01035448,Southampton 034A,Shoplifting,Investigation complete; no suspect identified,
97d76ad3bb8cf3c43f432b830ce230ee35308a18c8d1f034fcd8704c21a05211,2024-03,Hampshire Constabulary,Hampshire Constabulary,-1.392680,50.897205,On or near Canute Road,E01035448,Southampton 034A,Shoplifting,Investigation complete; no suspect identified,
a0e38dfdecabb4450592f4334a3ce6c859c60188d244efd87a605efc5bca4ae6,2024-03,Hampshire Constabulary,Hampshire Constabulary,-1.392680,50.897205,On or near Canute Road,E01035448,Southampton 034A,Shoplifting,Investigation complete; no suspect identified,
2b5abb6d410a15d2c1024cf2bc1892681c489f66a2e8ebfc5c0f69c0e7496e75,2024-03,Hampshire Constabulary,Hampshire Constabulary,-1.390585,50.899712,On or near Ryde Terrace,E01035448,Southampton 034A,Shoplifting,Investigation complete; no suspect identified,
f19b2fcd87796c28d06ddcf25edce0a11396d585d932486c8119b11089cc7b39,2024-03,Hampshire Constabulary,Hampshire Constabulary,-1.392680,50.897205,On or near Canute Road,E01035448,Southampton 034A,Shoplifting,Investigation complete; no suspect identified,
86f4d486a20dd8bcf05077bf680a17931caa5fdf3249584c914b50f21ab3805d,2024-03,Hampshire Constabulary,Hampshire Constabulary,-1.392680,50.897205,On or near Canute Road,E01035448,Southampton 034A,Shoplifting,Investigation complete; no suspect identified,
a8aa36ac0d1f12ca50f26f84d4cdb7695bcfa10ac57c18e5082ba27b88615075,2024-03,Hampshire Constabulary,Hampshire Constabulary,-1.392680,50.897205,On or near Canute Road,E01035448,Southampton 034A,Vehicle crime,Investigation complete; no suspect identified,
fbe9b646059fb070ab8bb1e4bd8ac5722140bec350888f2e0cb78e63e4b87faa,2024-03,Hampshire Constabulary,Hampshire Constabulary,-1.394813,50.897135,On or near St Lawrence Road,E01035448,Southampton 034A,Vehicle crime,Investigation complete; no suspect identified,
fe9685b2160212ef9f8bab296e35f809f2850a2564c94eb27a2a93322be0eeaa,2024-03,Hampshire Constabulary,Hampshire Constabulary,-1.393066,50.900328,On or near Ted Bates Road,E01035448,Southampton 034A,Vehicle crime,Investigation complete; no suspect identified,
15d6d52c46fdb8c30d6985e0cbdea6ec64eb8a79e34580e0f39ec4d3c269fcdd,2024-03,Hampshire Constabulary,Hampshire Constabulary,-1.392229,50.900153,On or near Andersons Road,E01035448,Southampton 034A,Vehicle crime,Investigation complete; no suspect identified,
a385f2036f09a6e72a08a858d58aa1e563448c0190d21cb6304baf10e515c5ed,2024-03,Hampshire Constabulary,Hampshire Constabulary,-1.393353,50.898971,On or near Central Bridge,E01035448,Southampton 034A,Violence and sexual offences,Status update unavailable,
786a86e6cd0de428123ed4abdb1e2e2fcdfb23f5f7e1925c5e03869919125347,2024-03,Hampshire Constabulary,Hampshire Constabulary,-1.392385,50.897959,On or near Albert Road South,E01035448,Southampton 034A,Violence and sexual offences,Unable to prosecute suspect,
8968bd59617786d078c8038e05fe1053d07bc247072b7bcd3bfefd950b012e0c,2024-03,Hampshire Constabulary,Hampshire Constabulary,-1.389931,50.897551,On or near Alcantara Crescent,E01035449,Southampton 034B,Vehicle crime,Unable to prosecute suspect,
6d66ded10af3d72c6ba3a46276e03833c8998a8b1fff8b1d2de38162a6f524b3,2024-03,Hampshire Constabulary,Hampshire Constabulary,-1.389931,50.897551,On or near Alcantara Crescent,E01035449,Southampton 034B,Violence and sexual offences,Investigation complete; no suspect identified,
1ad457e10ce3b3c60a6bab9605cef6ffe92cac4c1a855bad30ca0ad871276a0e,2024-03,Hampshire Constabulary,Hampshire Constabulary,-1.390558,50.900710,On or near Elm Terrace,E01035449,Southampton 034B,Vehicle crime,Investigation complete; no suspect identified,
5b01283cd22e22dd17a46204d31c770359907f4ad442baccb1df87ae4670af9a,2024-03,Hampshire Constabulary,Hampshire Constabulary,-1.402026,50.897973,On or near Briton Street,E01032746,Southampton 034C,Burglary,Local resolution,
8344755f63c24a4a766b44c3ddf835e7bbee6c116aba865dfb4da2df50e663be,2024-03,Hampshire Constabulary,Hampshire Constabulary,-1.402026,50.897973,On or near Briton Street,E01032746,Southampton 034C,Burglary,Offender given a caution,
49c6607b2f3b3f679b72474a209d0cb3de32a113f9d63f15d13aed889b86ce88,2024-03,Hampshire Constabulary,Hampshire Constabulary,-1.403165,50.898995,On or near Market Place,E01032746,Southampton 034C,Criminal damage and arson,Investigation complete; no suspect identified,
5a732c4303a8a84fb0d2a7a7b2d3b1f40a84a371a5b771a1eef6338050738026,2024-03,Hampshire Constabulary,Hampshire Constabulary,-1.402026,50.897973,On or near Briton Street,E01032746,Southampton 034C,Criminal damage and arson,Unable to prosecute suspect,
bfeb6eb93d5ac6f607cff6b7cb58d1d6962e644ec0ee6187dd111b00c18fe6ea,2024-03,Hampshire Constabulary,Hampshire Constabulary,-1.402026,50.897973,On or near Briton Street,E01032746,Southampton 034C,Other theft,Unable to prosecute suspect,
bd8afa4e420fe50d7b2c3ee778183ea397b81736f97346310b72a973b8289a12,2024-03,Hampshire Constabulary,Hampshire Constabulary,-1.402026,50.897973,On or near Briton Street,E01032746,Southampton 034C,Public order,Unable to prosecute suspect,
721a90bed47e49ca73576ed13f9a58967e8e073ce73ff4042ca0f2cb13db5c8e,2024-03,Hampshire Constabulary,Hampshire Constabulary,-1.402026,50.897973,On or near Briton Street,E01032746,Southampton 034C,Violence and sexual offences,Unable to prosecute suspect,
,2024-03,Hampshire Constabulary,Hampshire Constabulary,-1.403165,50.898995,On or near Market Place,E01032746,Southampton 034C,Anti-social behaviour,,
,2024-03,Hampshire Constabulary,Hampshire Constabulary,-1.403165,50.898995,On or near Market Place,E01032746,Southampton 034C,Anti-social behaviour,,
1ea6443039b2a1f8b8ef812c68a4a4d0ca1dd496fe7e5a5f8e10dae06b3e56c4,2024-03,Hampshire Constabulary,Hampshire Constabulary,-1.402026,50.897973,On or near Briton Street,E01032746,Southampton 034C,Drugs,Local resolution,
9d59252d9dff9691bf2fe57625afad74ae1e0715d0a66cfe4c8c7754af6dc8ba,2024-03,Hampshire Constabulary,Hampshire Constabulary,-1.403165,50.898995,On or near Market Place,E01032746,Southampton 034C,Violence and sexual offences,Unable to prosecute suspect,
32def9d0a162a8f2d9ad091ca0f04e619eaed457bb5dca28e40b45dc62f09afc,2024-03,Hampshire Constabulary,Hampshire Constabulary,-1.402026,50.897973,On or near Briton Street,E01032746,Southampton 034C,Violence and sexual offences,Unable to prosecute suspect,
f8bc4ee6ae82e67c82b2ff4aef33baeec9bd4fc8e835ef3f41d4d7f16676991b,2024-03,Hampshire Constabulary,Hampshire Constabulary,-1.405700,50.898666,On or near Vyse Lane,E01032748,Southampton 034D,Drugs,Local resolution,
a6d1d088dac65a3aa4b336aa48be586d921d722654530b306536cb13d202b53a,2024-03,Hampshire Constabulary,Hampshire Constabulary,-1.392770,50.895677,On or near Supermarket,E01032748,Southampton 034D,Public order,Unable to prosecute suspect,
5b15ff594ff314fc89217037e1051f5180fe222c744a14726d3ef4aac98400bd,2024-03,Hampshire Constabulary,Hampshire Constabulary,-1.392770,50.895677,On or near Supermarket,E01032748,Southampton 034D,Shoplifting,Court result unavailable,
6c5a9652bb3b033dbdadd381eff9457dfc009ad01aab8096970ec6eb536664db,2024-03,Hampshire Constabulary,Hampshire Constabulary,-1.392770,50.895677,On or near Supermarket,E01032748,Southampton 034D,Shoplifting,Court result unavailable,
c18b6d50f338ede9b390d6e870bff4749112c2d4463e5238b192b4703f021310,2024-03,Hampshire Constabulary,Hampshire Constabulary,-1.392770,50.895677,On or near Supermarket,E01032748,Southampton 034D,Shoplifting,Court result unavailable,
88f426aebfdbb1731186bfb7bdb4bbeb2b5589a22d872a19b331df419bd8c100,2024-03,Hampshire Constabulary,Hampshire Constabulary,-1.392770,50.895677,On or near Supermarket,E01032748,Southampton 034D,Shoplifting,Unable to prosecute suspect,
912311b85ae88b7726269cf95b98ed23feee6841d479d1e1d127d2b6ddc37e08,2024-03,Hampshire Constabulary,Hampshire Constabulary,-1.392770,50.895677,On or near Supermarket,E01032748,Southampton 034D,Shoplifting,Court result unavailable,
6daf992faf00dce5e0ef33037caee34bd75cf1e17074615b542cef77fbf6dfb4,2024-03,Hampshire Constabulary,Hampshire Constabulary,-1.392770,50.895677,On or near Supermarket,E01032748,Southampton 034D,Shoplifting,Unable to prosecute suspect,
da71a69ed13afdf50e683e54225e97611fc61fe230cc1ed765960ab2ad043b5e,2024-03,Hampshire Constabulary,Hampshire Constabulary,-1.392770,50.895677,On or near Supermarket,E01032748,Southampton 034D,Shoplifting,Unable to prosecute suspect,
ff938de61c7308082792af507eea62bd41e0c9827ffeb97bdd494999478d312d,2024-03,Hampshire Constabulary,Hampshire Constabulary,-1.406636,50.898851,On or near Westgate Street,E01032748,Southampton 034D,Shoplifting,Unable to prosecute suspect,
e431a65480ed8dda7d1ae7f83c712b24d799386f7a247fa0c6254d447def3336,2024-03,Hampshire Constabulary,Hampshire Constabulary,-1.392770,50.895677,On or near Supermarket,E01032748,Southampton 034D,Shoplifting,Court result unavailable,
6ad85bdb29f6f7ae5feda6ab8bec1dcb0221c4572e4c671610dfd96a54703d12,2024-03,Hampshire Constabulary,Hampshire Constabulary,-1.392770,50.895677,On or near Supermarket,E01032748,Southampton 034D,Shoplifting,Unable to prosecute suspect,
2bde53bd686b5130c0f0b91a706c86e8a6d9d2da35e53c93cfffb20b1a763b7b,2024-03,Hampshire Constabulary,Hampshire Constabulary,-1.391088,50.893843,On or near Atlantic Close,E01032748,Southampton 034D,Vehicle crime,Unable to prosecute suspect,
2807f9f0dd447b79040804321634d776bd65bc3fd7e5f5723db5a60a506f5640,2024-03,Hampshire Constabulary,Hampshire Constabulary,-1.395207,50.896355,On or near Neptune Way,E01032748,Southampton 034D,Vehicle crime,Investigation complete; no suspect identified,
3f245cb0685d45fc32f2b9bc4c965f6a1ec8c2b286b6699628ff668667bd0261,2024-03,Hampshire Constabulary,Hampshire Constabulary,-1.405398,50.897828,On or near French Street,E01032748,Southampton 034D,Violence and sexual offences,Unable to prosecute suspect,
6ef2edde3fb85f3003a5ade3de5e6eb48d55ca3d43e1cfd4e407ca231f120fb2,2024-03,Hampshire Constabulary,Hampshire Constabulary,-1.403799,50.897209,On or near Gloucester Square,E01032748,Southampton 034D,Violence and sexual offences,Unable to prosecute suspect,
d0dd8ad86de72ff407d7dea06cd7931117fa1cc51b7c780d2a445a833c3a3e32,2024-03,Hampshire Constabulary,Hampshire Constabulary,-1.404125,50.899512,On or near St Michael'S Street,E01032748,Southampton 034D,Violence and sexual offences,Unable to prosecute suspect,
3f8fd730e2223b3d96660eb2ef0bb9742c12dd911b9ea8b0afa9aa1da3cff48e,2024-03,Hampshire Constabulary,Hampshire Constabulary,-1.405398,50.897828,On or near French Street,E01032748,Southampton 034D,Violence and sexual offences,Investigation complete; no suspect identified,
b609e5d03665d482befff3e666cae53f678b5d16a645d9ece2a06dea9ffbdb6a,2024-03,Hampshire Constabulary,Hampshire Constabulary,-1.403819,50.899025,On or near High Street,E01032748,Southampton 034D,Other crime,Local resolution,
,2024-03,Hampshire Constabulary,Hampshire Constabulary,-1.403799,50.897209,On or near Gloucester Square,E01032748,Southampton 034D,Anti-social behaviour,,
,2024-03,Hampshire Constabulary,Hampshire Constabulary,-1.403819,50.899025,On or near High Street,E01032748,Southampton 034D,Anti-social behaviour,,
,2024-03,Hampshire Constabulary,Hampshire Constabulary,-1.393969,50.896439,On or near Parking Area,E01032748,Southampton 034D,Anti-social behaviour,,
d0e8c0b859544750b6cd654072deb0ef355a6abf54197b7ffe8e4dfe6fe44810,2024-03,Hampshire Constabulary,Hampshire Constabulary,-1.403819,50.899025,On or near High Street,E01032748,Southampton 034D,Bicycle theft,Investigation complete; no suspect identified,
71096d4d37f1ff4c2a731c384bc46ea6d65c5bd82b9cce418c6961f3f1cd1808,2024-03,Hampshire Constabulary,Hampshire Constabulary,-1.404125,50.899512,On or near St Michael'S Street,E01032748,Southampton 034D,Bicycle theft,Investigation complete; no suspect identified,
21d484c8556f3e280d247723d32aaaccdf41b0f814af426e9473bb4d296f89ed,2024-03,Hampshire Constabulary,Hampshire Constabulary,-1.405398,50.897828,On or near French Street,E01032748,Southampton 034D,Criminal damage and arson,Unable to prosecute suspect,
b7bd0c2b24e3552c4bd523cd5bd9377487303937f0b655131b0ba1b447288d34,2024-03,Hampshire Constabulary,Hampshire Constabulary,-1.403799,50.897209,On or near Gloucester Square,E01032748,Southampton 034D,Drugs,Status update unavailable,
abd0fb979023cbdac013383f87f175d9340703defa8b473aa75941cf1e7c50f6,2024-03,Hampshire Constabulary,Hampshire Constabulary,-1.405398,50.897828,On or near French Street,E01032748,Southampton 034D,Public order,Investigation complete; no suspect identified,
778322888f39b3aa34fd6f5c7a0ae77abf24039b65e9ee395cb1b6b9b735d11b,2024-03,Hampshire Constabulary,Hampshire Constabulary,-1.405573,50.896363,On or near Southampton Ferry Terminal,E01032748,Southampton 034D,Public order,Investigation complete; no suspect identified,
659b0ddcfd70bfc9eb29b4db23388217444d7454f55e55947f09245bab2a663b,2024-03,Hampshire Constabulary,Hampshire Constabulary,-1.403766,50.896480,On or near Winkle Street,E01032748,Southampton 034D,Public order,Unable to prosecute suspect,
1464f9d3ca96a0c2350d053807410a20f5f1ebab6f4c9eefea96f68cec689f23,2024-03,Hampshire Constabulary,Hampshire Constabulary,-1.402308,50.897048,On or near Lower Canal Walk,E01032748,Southampton 034D,Public order,Status update unavailable,
79815812ec14106fa46c0e068a12a187959270215649403cebcf9c734f73cb85,2024-03,Hampshire Constabulary,Hampshire Constabulary,-1.403819,50.899025,On or near High Street,E01032748,Southampton 034D,Robbery,Status update unavailable,
6782c3d5f2eb804c454688e224a150ec1b96087299969008905f4770f71e36e3,2024-03,Hampshire Constabulary,Hampshire Constabulary,-1.392770,50.895677,On or near Supermarket,E01032748,Southampton 034D,Shoplifting,Investigation complete; no suspect identified,
26e94104ac213819db814ec1553948dffff314155826e793fcb32aae5ec37d93,2024-03,Hampshire Constabulary,Hampshire Constabulary,-1.392770,50.895677,On or near Supermarket,E01032748,Southampton 034D,Shoplifting,Investigation complete; no suspect identified,
4fa06749b4a64e508f421cd105cfe89c60920ac327b273a280345791b9ab1ad3,2024-03,Hampshire Constabulary,Hampshire Constabulary,-1.392770,50.895677,On or near Supermarket,E01032748,Southampton 034D,Shoplifting,Investigation complete; no suspect identified,
4e5d2e4a7534e27ad37adac9bad4d5e02ea48541eb643ba7dbeb1117cbe1941b,2024-03,Hampshire Constabulary,Hampshire Constabulary,-1.392770,50.895677,On or near Supermarket,E01032748,Southampton 034D,Shoplifting,Investigation complete; no suspect identified,
e42a8fc32b13226fd0b4aa43f5f634cbd62627a20177754bc7e27035027bc55f,2024-03,Hampshire Constabulary,Hampshire Constabulary,-1.392770,50.895677,On or near Supermarket,E01032748,Southampton 034D,Shoplifting,Investigation complete; no suspect identified,
25e7bcfd0b71a9cfa0c939801fee5e9a67db92dc06c764d5a73d6b0390073b21,2024-03,Hampshire Constabulary,Hampshire Constabulary,-1.394587,50.892674,On or near Further/Higher Educational Building,E01032748,Southampton 034D,Theft from the person,Investigation complete; no suspect identified,
a0ac51e2a2ba859ba5ed15c6aa20d9d64a46e8a572e8926864ddd33caf6eba69,2024-03,Hampshire Constabulary,Hampshire Constabulary,-1.403145,50.897214,On or near Parking Area,E01032748,Southampton 034D,Vehicle crime,Investigation complete; no suspect identified,
2b938a0a023ebbbedb2ebe03019452ac26609a681f6f2eea5ccd82b8153dbfa4,2024-03,Hampshire Constabulary,Hampshire Constabulary,-1.393969,50.896439,On or near Parking Area,E01032748,Southampton 034D,Vehicle crime,Investigation complete; no suspect identified,
d0a1b4b202a17b53e5d191faa5ae87fc5d13d4a74c8e970c49fd87ee556dcfa1,2024-03,Hampshire Constabulary,Hampshire Constabulary,-1.405398,50.897828,On or near French Street,E01032748,Southampton 034D,Violence and sexual offences,Unable to prosecute suspect,
da4304afa1a7781d0690293425afd16dcdc56692440cfabbeccc1fdd53f8b89e,2024-03,Hampshire Constabulary,Hampshire Constabulary,-1.403819,50.899025,On or near High Street,E01032748,Southampton 034D,Violence and sexual offences,Unable to prosecute suspect,
9039d3b9b071ecd50ffeef52073a00428c978df974e0b1ba21cb506bf337807e,2024-03,Hampshire Constabulary,Hampshire Constabulary,-1.403819,50.899025,On or near High Street,E01032748,Southampton 034D,Other crime,Status update unavailable,
0f50aad472dd47b5dd4ab6b5c83abe36de34aab895a582e02aea1a0a412ba857,2024-03,Hampshire Constabulary,Hampshire Constabulary,-1.511190,51.253196,On or near The Close,E01023165,Test Valley 001A,Criminal damage and arson,Investigation complete; no suspect identified,
fa4a4afac648cadc6bced47cd1738e1717b698c121f241a8c28af2196e858b50,2024-03,Hampshire Constabulary,Hampshire Constabulary,-1.511190,51.253196,On or near The Close,E01023165,Test Valley 001A,Violence and sexual offences,Investigation complete; no suspect identified,
9d3c8b558d229003fa6e820598fa06710ce467e7ebe55946f991530c119c122e,2024-03,Hampshire Constabulary,Hampshire Constabulary,-1.532173,51.273936,On or near Clarke'S Lane,E01023165,Test Valley 001A,Other theft,Investigation complete; no suspect identified,
79abf54fa56be91a7dc24e4de1bd6eaad2987d12d27dec82b1527def5e35f164,2024-03,Hampshire Constabulary,Hampshire Constabulary,-1.508798,51.247763,On or near Goddards Lane,E01023165,Test Valley 001A,Vehicle crime,Status update unavailable,
07d6511683aa3b0a8d39813435b4c3f41189c5d43fd8c8fed48391762d06ec1e,2024-03,Hampshire Constabulary,Hampshire Constabulary,-1.499869,51.220237,On or near Sunnyside Close,E01023169,Test Valley 001B,Public order,Unable to prosecute suspect,
71373767dc152e77ce9cae02fff6cacf30ef18ccc283d13f23f8a1b1f19fbff7,2024-03,Hampshire Constabulary,Hampshire Constabulary,-1.507741,51.223301,On or near Richborough Drive,E01023169,Test Valley 001B,Violence and sexual offences,Unable to prosecute suspect,
41043e9e839b1157ab4db97cb33697d4c08f5a0371f9488e769eb65e0b3b2092,2024-03,Hampshire Constabulary,Hampshire Constabulary,-1.494768,51.220602,On or near Goch Way,E01023169,Test Valley 001B,Possession of weapons,Formal action is not in the public interest,
be05894c239c7b604a3d1eb429e180c34d571441af0b63e5b96fb592ffc75dc4,2024-03,Hampshire Constabulary,Hampshire Constabulary,-1.491155,51.220991,On or near Alfred Gardens,E01023182,Test Valley 001D,Violence and sexual offences,Investigation complete; no suspect identified,
38f6fb4cc7c7460a21eb971432d43f9f810287feba86666f6f06b1ef025ad8cb,2024-03,Hampshire Constabulary,Hampshire Constabulary,-1.479058,51.219535,On or near Greenwich Way,E01023153,Test Valley 002A,Violence and sexual offences,Unable to prosecute suspect,
db894462dfb23aeb80acd3a6b78175347063d0f44293832e6d16439b7a5518de,2024-03,Hampshire Constabulary,Hampshire Constabulary,-1.479385,51.223502,On or near Merlin Close,E01023153,Test Valley 002A,Violence and sexual offences,Unable to prosecute suspect,
dec9ddc1f3091bde7656c9877c8cb7bfefebded59c578c1b17527bef91f29b21,2024-03,Hampshire Constabulary,Hampshire Constabulary,-1.480678,51.224416,On or near King Arthur'S Way,E01023153,Test Valley 002A,Violence and sexual offences,Unable to prosecute suspect,
113569b4bfd2f1c4bfab9f7b37328abe89fd57383549156c18c50c735b989d41,2024-03,Hampshire Constabulary,Hampshire Constabulary,-1.475419,51.223529,On or near Caesar Close,E01023153,Test Valley 002A,Violence and sexual offences,Unable to prosecute suspect,
,2024-03,Hampshire Constabulary,Hampshire Constabulary,-1.475979,51.219548,On or near Martin Way,E01023153,Test Valley 002A,Anti-social behaviour,,
,2024-03,Hampshire Constabulary,Hampshire Constabulary,-1.475419,51.223529,On or near Caesar Close,E01023153,Test Valley 002A,Anti-social behaviour,,
4bcdf8ec88d40515518b564f10ef9c9446f9efb002228011ff11c3371c0b2043,2024-03,Hampshire Constabulary,Hampshire Constabulary,-1.479058,51.219535,On or near Greenwich Way,E01023153,Test Valley 002A,Public order,Investigation complete; no suspect identified,
d760633ab9c4be12769c56d29c454dff16157b4d47d2305a1ce62c5383bea975,2024-03,Hampshire Constabulary,Hampshire Constabulary,-1.477251,51.226109,On or near Claudius Close,E01023154,Test Valley 002B,Burglary,Investigation complete; no suspect identified,
a3ff459f182dc20e7319dfa2508024af761358f245c4b6a52df253f46554a6c4,2024-03,Hampshire Constabulary,Hampshire Constabulary,-1.475476,51.226038,On or near Genoa Court,E01023154,Test Valley 002B,Criminal damage and arson,Court result unavailable,
3189324461dbaceefe0c76c005f64a01108f10e8cc9d952f80310466c9234366,2024-03,Hampshire Constabulary,Hampshire Constabulary,-1.475476,51.226038,On or near Genoa Court,E01023154,Test Valley 002B,Criminal damage and arson,Court result unavailable,
b83b03dc8303cd1d1da482739291c608274df6615ac370760effdfb446917ea4,2024-03,Hampshire Constabulary,Hampshire Constabulary,-1.475476,51.226038,On or near Genoa Court,E01023154,Test Valley 002B,Criminal damage and arson,Court result unavailable,
300f8f9a1886f79fa419d9079ff7fd9477a4eba021b121b204c5919ef39f81f5,2024-03,Hampshire Constabulary,Hampshire Constabulary,-1.477251,51.226109,On or near Claudius Close,E01023154,Test Valley 002B,Drugs,Court result unavailable,
0ab26a1d6a46757a6a9711a0dba771011e9f34302505356775aad3326aef973c,2024-03,Hampshire Constabulary,Hampshire Constabulary,-1.475476,51.226038,On or near Genoa Court,E01023154,Test Valley 002B,Possession of weapons,Unable to prosecute suspect,
ca5c67ecf471ee637d57764ed1f24fd184024282842444f5eb1014dffc6632e8,2024-03,Hampshire Constabulary,Hampshire Constabulary,-1.477251,51.226109,On or near Claudius Close,E01023154,Test Valley 002B,Violence and sexual offences,Unable to prosecute suspect,
2e5168698079b02516bb5227d03c6d2e1d75a23850d085239b3feec9d9315869,2024-03,Hampshire Constabulary,Hampshire Constabulary,-1.475476,51.226038,On or near Genoa Court,E01023154,Test Valley 002B,Violence and sexual offences,Court result unavailable,
7dd0d41549fa1701e49fae8ff8c07823954fd1795078347730a94e27b4033e8b,2024-03,Hampshire Constabulary,Hampshire Constabulary,-1.477160,51.223996,On or near Hadrian Road,E01023154,Test Valley 002B,Violence and sexual offences,Unable to prosecute suspect,
1cac8fa3699939972fa83d2adc19b188b86109529a507776dc99582becd82237,2024-03,Hampshire Constabulary,Hampshire Constabulary,-1.477160,51.223996,On or near Hadrian Road,E01023154,Test Valley 002B,Violence and sexual offences,Unable to prosecute suspect,
2876da890f95d87ed2e1b094a4cc3601baf9c1674389d96e3b3b3dcecba57431,2024-03,Hampshire Constabulary,Hampshire Constabulary,-1.475476,51.226038,On or near Genoa Court,E01023154,Test Valley 002B,Violence and sexual offences,Unable to prosecute suspect,
e06132a65f5239dbb752062fb601783750a99f26004cb246fc4850b2d9f07203,2024-03,Hampshire Constabulary,Hampshire Constabulary,-1.472548,51.226655,On or near Turin Court,E01023154,Test Valley 002B,Violence and sexual offences,Unable to prosecute suspect,
f0dc8f0547213aa8d56d1cf43c5646e84551b55782d0c6235e01883efb01fb83,2024-03,Hampshire Constabulary,Hampshire Constabulary,-1.475476,51.226038,On or near Genoa Court,E01023154,Test Valley 002B,Violence and sexual offences,Court result unavailable,
d877976689de358641f4832890dbea6cb75a3b2bc2371e03a5b9fb2ce71541c6,2024-03,Hampshire Constabulary,Hampshire Constabulary,-1.477251,51.226109,On or near Claudius Close,E01023154,Test Valley 002B,Violence and sexual offences,Unable to prosecute suspect,
7104704c25bd3f0545100c65028bee814ee07d8970ee7c38322e248b74c28e44,2024-03,Hampshire Constabulary,Hampshire Constabulary,-1.477251,51.226109,On or near Claudius Close,E01023154,Test Valley 002B,Violence and sexual offences,Unable to prosecute suspect,
63f8904961c2cae5b48ccd802a68678b4ddcb41f3de8c5613556936ae83de26e,2024-03,Hampshire Constabulary,Hampshire Constabulary,-1.477251,51.226109,On or near Claudius Close,E01023154,Test Valley 002B,Violence and sexual offences,Local resolution,
,2024-03,Hampshire Constabulary,Hampshire Constabulary,-1.475094,51.226873,On or near Livia Close,E01023154,Test Valley 002B,Anti-social behaviour,,
,2024-03,Hampshire Constabulary,Hampshire Constabulary,-1.470532,51.225117,On or near Venice Court,E01023154,Test Valley 002B,Anti-social behaviour,,
aaaad4ba47265bac8f62b2dbb8127756c88043190c8d1eb2072f5dfe64deae2e,2024-03,Hampshire Constabulary,Hampshire Constabulary,-1.477251,51.226109,On or near Claudius Close,E01023154,Test Valley 002B,Criminal damage and arson,Status update unavailable,
d29a6a7f0335ee2a81a01f20705c4c962617f3c47a8b8ba907bccb8a02bc3261,2024-03,Hampshire Constabulary,Hampshire Constabulary,-1.475476,51.226038,On or near Genoa Court,E01023154,Test Valley 002B,Criminal damage and arson,Status update unavailable,
2855a1b95c2739e8a3d7e36be32698be1452afcf0de8242a391d078001838595,2024-03,Hampshire Constabulary,Hampshire Constabulary,-1.475094,51.226873,On or near Livia Close,E01023154,Test Valley 002B,Other theft,Status update unavailable,
71641e929af6d9584ae5cd0d0ba3bd197f5f6d67905ae1d40c1e95f9ce03fe6a,2024-03,Hampshire Constabulary,Hampshire Constabulary,-1.477251,51.226109,On or near Claudius Close,E01023154,Test Valley 002B,Violence and sexual offences,Formal action is not in the public interest,
5bb8281dbbceb6896398eae67e16150cd8c57d44bb0bba46ec9add2230722f5a,2024-03,Hampshire Constabulary,Hampshire Constabulary,-1.483034,51.221189,On or near Galahad Close,E01023156,Test Valley 002C,Criminal damage and arson,Investigation complete; no suspect identified,
74e1cf98f815a2a02e90d5d6716d97e8827769e74515b33513fed2d13c558075,2024-03,Hampshire Constabulary,Hampshire Constabulary,-1.483034,51.221189,On or near Galahad Close,E01023156,Test Valley 002C,Violence and sexual offences,Unable to prosecute suspect,
0b025b66790870a93ef4be792639e14f3855b5f1951f5f44d22611c994ab28b9,2024-03,Hampshire Constabulary,Hampshire Constabulary,-1.479785,51.221040,On or near Camelot Close,E01023156,Test Valley 002C,Violence and sexual offences,Unable to prosecute suspect,
79ffe64551d11f4edc9ecf423034e0fe14c37eefaef14363b00353a8990e2fa3,2024-03,Hampshire Constabulary,Hampshire Constabulary,-1.483034,51.221189,On or near Galahad Close,E01023156,Test Valley 002C,Violence and sexual offences,Unable to prosecute suspect,
,2024-03,Hampshire Constabulary,Hampshire Constabulary,-1.479785,51.221040,On or near Camelot Close,E01023156,Test Valley 002C,Anti-social behaviour,,
,2024-03,Hampshire Constabulary,Hampshire Constabulary,-1.479785,51.221040,On or near Camelot Close,E01023156,Test Valley 002C,Anti-social behaviour,,
a9b259ca780c3961a64b8d92b3b03d371c8de08fdaf50f1d1e60e86ed9c36ce6,2024-03,Hampshire Constabulary,Hampshire Constabulary,-1.482581,51.223309,On or near Launcelot Close,E01023156,Test Valley 002C,Criminal damage and arson,Investigation complete; no suspect identified,
3687beac4ae310e49971715c97bd3cc7d9cbe23fd552b3668f108a1cc305eee2,2024-03,Hampshire Constabulary,Hampshire Constabulary,-1.479785,51.221040,On or near Camelot Close,E01023156,Test Valley 002C,Public order,Investigation complete; no suspect identified,
225fdf9c335103c06ffeac84dde3061eb1c1a96de2891265382aee9471cfc280,2024-03,Hampshire Constabulary,Hampshire Constabulary,-1.482581,51.223309,On or near Launcelot Close,E01023156,Test Valley 002C,Violence and sexual offences,Status update unavailable,
15a2b502c5d086133d128ed619ef67c3c58ca400797a16eab22ee806b7de25a3,2024-03,Hampshire Constabulary,Hampshire Constabulary,-1.482581,51.223309,On or near Launcelot Close,E01023156,Test Valley 002C,Violence and sexual offences,Investigation complete; no suspect identified,
70e784fb0d5400f2bd9d560d4e989f3c5b5d7c54d1ea9328c6d0352b16551221,2024-03,Hampshire Constabulary,Hampshire Constabulary,-1.483034,51.221189,On or near Galahad Close,E01023156,Test Valley 002C,Violence and sexual offences,Status update unavailable,
84f6539d19b0494e1570b658a2c769bfdd8b7ba5c20f6345de6a18560823a2e3,2024-03,Hampshire Constabulary,Hampshire Constabulary,-1.483034,51.221189,On or near Galahad Close,E01023156,Test Valley 002C,Violence and sexual offences,Unable to prosecute suspect,
ac23129241bafee674ac27bf63e78b5097667b7fe50c8ac111b0c2686f9533be,2024-03,Hampshire Constabulary,Hampshire Constabulary,-1.483034,51.221189,On or near Galahad Close,E01023156,Test Valley 002C,Violence and sexual offences,Investigation complete; no suspect identified,
b9f892355879702ec062a4cc354551e6eb21d688913f23652b67b44e9d5aef6e,2024-03,Hampshire Constabulary,Hampshire Constabulary,-1.482581,51.223309,On or near Launcelot Close,E01023156,Test Valley 002C,Other crime,Status update unavailable,
11f53cdfdf08bd29a66b4a07377fce7a1ec1374b4fd7b9ccd4b38f8cd20ce269,2024-03,Hampshire Constabulary,Hampshire Constabulary,-1.470287,51.221438,On or near Cricketers Way,E01023157,Test Valley 002D,Criminal damage and arson,Further action is not in the public interest,
495739733c430d1d9e5b8df2bb7e54e689c716584284a45f74d482b8a39cb540,2024-03,Hampshire Constabulary,Hampshire Constabulary,-1.469290,51.221038,On or near Sobers Square,E01023157,Test Valley 002D,Criminal damage and arson,Unable to prosecute suspect,
e5d9b45606d4836d55c0dd6c592511a08de0b677e5f9c8df9a184d4c552e8589,2024-03,Hampshire Constabulary,Hampshire Constabulary,-1.469290,51.221038,On or near Sobers Square,E01023157,Test Valley 002D,Drugs,Unable to prosecute suspect,
a5a4b4a28613a86b0b957b1b95362b572946f4d26cc872ad7bbc7928fbe99c8a,2024-03,Hampshire Constabulary,Hampshire Constabulary,-1.470287,51.221438,On or near Cricketers Way,E01023157,Test Valley 002D,Public order,Further action is not in the public interest,
ccc8a126ddc8ca05f917bc640557b5db9d66fdffed57624362cc248249a41e32,2024-03,Hampshire Constabulary,Hampshire Constabulary,-1.470287,51.221438,On or near Cricketers Way,E01023157,Test Valley 002D,Shoplifting,Court result unavailable,
adb4d7347ce9e5b6f0c7893889cf4853ab03866dd8441d4b74c8ed1388f9aa05,2024-03,Hampshire Constabulary,Hampshire Constabulary,-1.470287,51.221438,On or near Cricketers Way,E01023157,Test Valley 002D,Shoplifting,Court result unavailable,
ad184861a437d3f464e11e3b8f2d4eb7bf8ca5163f5af75a17e12977759ac26e,2024-03,Hampshire Constabulary,Hampshire Constabulary,-1.473490,51.224420,On or near Florence Court,E01023157,Test Valley 002D,Violence and sexual offences,Unable to prosecute suspect,
b857c1459708437b7ada4cabfd7c4223f83f0cfa80a2d99f07de9136b32bed01,2024-03,Hampshire Constabulary,Hampshire Constabulary,-1.475263,51.224635,On or near Roman Way,E01023157,Test Valley 002D,Violence and sexual offences,Unable to prosecute suspect,
c8613ea3d9a304d09447225e94e977a97c339793a4871936e48bf54513337dea,2024-03,Hampshire Constabulary,Hampshire Constabulary,-1.471583,51.220814,On or near Goddard Square,E01023157,Test Valley 002D,Violence and sexual offences,Awaiting court outcome,
d4955ea0e2f08375859a7997585edc1e3d17bddaf52d218c4b50d820dc6870e2,2024-03,Hampshire Constabulary,Hampshire Constabulary,-1.470287,51.221438,On or near Cricketers Way,E01023157,Test Valley 002D,Violence and sexual offences,Unable to prosecute suspect,
9fd14d95b79687dd3c11837de68e2e629d835afb12f3b832152117ae681e0e17,2024-03,Hampshire Constabulary,Hampshire Constabulary,-1.470287,51.221438,On or near Cricketers Way,E01023157,Test Valley 002D,Shoplifting,Investigation complete; no suspect identified,
2384d7c17068d6a22e12036cdffda021671515b44f6528c51e146cd7edc4453a,2024-03,Hampshire Constabulary,Hampshire Constabulary,-1.469290,51.221038,On or near Sobers Square,E01023157,Test Valley 002D,Violence and sexual offences,Status update unavailable,
8b85b30b55e3526927ff4b3befa864af32d9bbd4360dc508464d464db2d67c09,2024-03,Hampshire Constabulary,Hampshire Constabulary,-1.463484,51.217900,On or near Wye Court,E01023205,Test Valley 002E,Drugs,Unable to prosecute suspect,
a7d72ef70fb8539f3599036567052ce164589f451224c177e05b50a18c19d9fb,2024-03,Hampshire Constabulary,Hampshire Constabulary,-1.469064,51.218240,On or near Hayle Court,E01023205,Test Valley 002E,Public order,Formal action is not in the public interest,
2c36c2136404b14481fcd3db40d7f64cc0e49bdd621eaca81aac25e6cbb8be05,2024-03,Hampshire Constabulary,Hampshire Constabulary,-1.469064,51.218240,On or near Hayle Court,E01023205,Test Valley 002E,Public order,Unable to prosecute suspect,
c27851bf5aec310e3c4986156c103b47ee718d645b23c5534ccef7970e0a1750,2024-03,Hampshire Constabulary,Hampshire Constabulary,-1.467969,51.218811,On or near Humber Court,E01023205,Test Valley 002E,Violence and sexual offences,Unable to prosecute suspect,
f1861e656d258665ca214658217a4995b7379c5cbf4b078f1927942738b17c8d,2024-03,Hampshire Constabulary,Hampshire Constabulary,-1.469064,51.218240,On or near Hayle Court,E01023205,Test Valley 002E,Violence and sexual offences,Formal action is not in the public interest,
fc3f02eac72870cde053a1c56dadcea91f5bb307bab85b8feab0ced1ef488d73,2024-03,Hampshire Constabulary,Hampshire Constabulary,-1.469064,51.218240,On or near Hayle Court,E01023205,Test Valley 002E,Violence and sexual offences,Court result unavailable,
37c1f0240399bd166e2f1e945859691313ab3a2b0e34bcba290cf055e76eef44,2024-03,Hampshire Constabulary,Hampshire Constabulary,-1.469538,51.219375,On or near Dart Court,E01023205,Test Valley 002E,Violence and sexual offences,Status update unavailable,
95e2793866fa9360b11974b25dce6295ef69c631ff1e734d240860a15deea30f,2024-03,Hampshire Constabulary,Hampshire Constabulary,-1.466546,51.216835,On or near Pilgrims Way,E01023205,Test Valley 002E,Violence and sexual offences,Unable to prosecute suspect,
16f347bf8d810f30451a4fd93f450f989a312818b04c263c8b45619d7b9241e0,2024-03,Hampshire Constabulary,Hampshire Constabulary,-1.499219,51.211521,On or near King George Road,E01023179,Test Valley 004A,Criminal damage and arson,Court result unavailable,
37e3c417a18d7d3d2911d933601a2de5823541f3ee130b9a9f635269d7166ee8,2024-03,Hampshire Constabulary,Hampshire Constabulary,-1.499219,51.211521,On or near King George Road,E01023179,Test Valley 004A,Violence and sexual offences,Court result unavailable,
12e0266baa73dbe8a3b0d91c6287f5d2ee7e8f113bce682355c2836bce873cac,2024-03,Hampshire Constabulary,Hampshire Constabulary,-1.499219,51.211521,On or near King George Road,E01023179,Test Valley 004A,Violence and sexual offences,Awaiting court outcome,
8412ac280ad715ea5a7ffb68db6aed1079f65a5df51504213af1c7385d95e289,2024-03,Hampshire Constabulary,Hampshire Constabulary,-1.500281,51.215302,On or near Apple Tree Grove,E01023179,Test Valley 004A,Violence and sexual offences,Unable to prosecute suspect,
a24dacab5555d6b8903bf681dce9281e315cf0a63cf97376786eeb0bf8fcced0,2024-03,Hampshire Constabulary,Hampshire Constabulary,-1.500281,51.215302,On or near Apple Tree Grove,E01023179,Test Valley 004A,Violence and sexual offences,Unable to prosecute suspect,
175fe6086a62f0f0f4f011418894bdd88ffc1c6c7a3c8aa13c7893740cd93ff2,2024-03,Hampshire Constabulary,Hampshire Constabulary,-1.495746,51.211057,On or near Flitches Grove,E01023179,Test Valley 004A,Criminal damage and arson,Investigation complete; no suspect identified,
9746ba9c2e50ecc429368d51ebbb2782c81a16edb5db53ffcd3558486b5be700,2024-03,Hampshire Constabulary,Hampshire Constabulary,-1.500281,51.215302,On or near Apple Tree Grove,E01023179,Test Valley 004A,Criminal damage and arson,Investigation complete; no suspect identified,
56f2c4bcb1b92cc6ddc0c8c8a43b743835288bd8bd659dea344fd8c41f1d08ac,2024-03,Hampshire Constabulary,Hampshire Constabulary,-1.493037,51.213941,On or near Petrol Station,E01023179,Test Valley 004A,Other theft,Investigation complete; no suspect identified,
6c055d5b5e03b57175f56ca0e13035f9af263e3ff20ef9b0258363a33def6d18,2024-03,Hampshire Constabulary,Hampshire Constabulary,-1.493037,51.213941,On or near Petrol Station,E01023179,Test Valley 004A,Other theft,Investigation complete; no suspect identified,
066032431f956e7d7ac5d81ac74d5ae9f8f87251a86c53b1feb8ff6c4c8b74c8,2024-03,Hampshire Constabulary,Hampshire Constabulary,-1.496999,51.212977,On or near Ferndale Road,E01023179,Test Valley 004A,Violence and sexual offences,Investigation complete; no suspect identified,
4a66bcaa867f5cc037d26803d500e1b35b95763713dd1fbc313d4d7c72337856,2024-03,Hampshire Constabulary,Hampshire Constabulary,-1.499219,51.211521,On or near King George Road,E01023179,Test Valley 004A,Violence and sexual offences,Unable to prosecute suspect,
0359b7b5ba97921d8bb385708ea18d63195b1bb268b19a60cab7a6062f946ac9,2024-03,Hampshire Constabulary,Hampshire Constabulary,-1.497532,51.213951,On or near Orchard Road,E01023179,Test Valley 004A,Violence and sexual offences,Status update unavailable,
47f808d485293133d67213527a74f3b7e3f2cfc5086f2fad4597ded6b47cc9fd,2024-03,Hampshire Constabulary,Hampshire Constabulary,-1.496999,51.212977,On or near Ferndale Road,E01023179,Test Valley 004A,Violence and sexual offences,Investigation complete; no suspect identified,
7c4a677a3b980922a9f788b72d2964ff5d4ed1c1e228aeea078f5c3921cfeca1,2024-03,Hampshire Constabulary,Hampshire Constabulary,-1.488861,51.213554,On or near Charlton Road,E01023183,Test Valley 004B,Violence and sexual offences,Investigation complete; no suspect identified,
37d0424b21d28a492fef7bade39cc465ef8158e2ac4c41d4ad64cb4136e548a1,2024-03,Hampshire Constabulary,Hampshire Constabulary,-1.486932,51.215730,On or near Lowry Court,E01023183,Test Valley 004B,Violence and sexual offences,Unable to prosecute suspect,
4eb0200d7161fd3931f1033d5d57d73f368021f4e8630f3b9a86082cbdbc3100,2024-03,Hampshire Constabulary,Hampshire Constabulary,-1.489048,51.216036,On or near Stubbs Court,E01023183,Test Valley 004B,Violence and sexual offences,Unable to prosecute suspect,
4a77b6824d5b9cd40715313d07bf238de692bf797455ed752ad42f4d35eb4992,2024-03,Hampshire Constabulary,Hampshire Constabulary,-1.500816,51.216087,On or near Harrow Way,E01023183,Test Valley 004B,Violence and sexual offences,Local resolution,
c234c019ccfece2f7e747eeb3d7a559128496f3341b1078f70939b7048f18d51,2024-03,Hampshire Constabulary,Hampshire Constabulary,-1.485639,51.208486,On or near Queens Avenue,E01023190,Test Valley 004C,Violence and sexual offences,Unable to prosecute suspect,
f7f2b5b2558290d73edccea31b651de75c3819f3bb328da6cc21bc7d851655a3,2024-03,Hampshire Constabulary,Hampshire Constabulary,-1.484418,51.206296,On or near Western Road,E01023190,Test Valley 004C,Violence and sexual offences,Unable to prosecute suspect,
90047a1e55415eeff0a08fd1cf94090779661f890a30a32c4f9e13140e4edcc9,2024-03,Hampshire Constabulary,Hampshire Constabulary,-1.484418,51.206296,On or near Western Road,E01023190,Test Valley 004C,Violence and sexual offences,Investigation complete; no suspect identified,
da763969b4b39556280462b7681ca2b87ae42e8cf4c98228ceb059df19684e20,2024-03,Hampshire Constabulary,Hampshire Constabulary,-1.490175,51.211177,On or near Cross Lane,E01023190,Test Valley 004C,Other crime,Formal action is not in the public interest,
b2dd69cfa530d67c28e7874267671c2da7307dadfc83dfe16b76af3cd40714cd,2024-03,Hampshire Constabulary,Hampshire Constabulary,-1.475266,51.214276,On or near New Street,E01023203,Test Valley 004D,Bicycle theft,Investigation complete; no suspect identified,
43a38b14ebb4b737a69e284ff5b348608f21a39c793332a68265bfadb5f61acc,2024-03,Hampshire Constabulary,Hampshire Constabulary,-1.466520,51.215396,On or near Parking Area,E01023203,Test Valley 004D,Violence and sexual offences,Local resolution,
,2024-03,Hampshire Constabulary,Hampshire Constabulary,-1.476266,51.210666,On or near Weavers Close,E01023203,Test Valley 004D,Anti-social behaviour,,
f3cad0e299c9039c9f0e2189c053a2d9e03dfe7cd32446249d1c98d822966888,2024-03,Hampshire Constabulary,Hampshire Constabulary,-1.475921,51.212031,On or near New Street Close,E01023203,Test Valley 004D,Criminal damage and arson,Status update unavailable,
6a46fb7503d83ed4873c739730d29512fa4a4aa253e8d8c65826f88f19f61465,2024-03,Hampshire Constabulary,Hampshire Constabulary,-1.463465,51.214600,On or near Churchill Way,E01023203,Test Valley 004D,Violence and sexual offences,Unable to prosecute suspect,
3c9dadcf4f26db907e5395d49a0d53a1cb71d7262a9cc17d03d4c9d4e9730878,2024-03,Hampshire Constabulary,Hampshire Constabulary,-1.484558,51.214227,On or near Constable Court,E01023204,Test Valley 004E,Burglary,Unable to prosecute suspect,
a8270d2c93987fd9bc99d5402d28c0d42c877d493698b29e2e6dbc4ede021e35,2024-03,Hampshire Constabulary,Hampshire Constabulary,-1.474991,51.217080,On or near Petrol Station,E01023204,Test Valley 004E,Other theft,Unable to prosecute suspect,
e7b4365a624c0d1995c9275ee17e409a115214b0789327684b38a7258802a274,2024-03,Hampshire Constabulary,Hampshire Constabulary,-1.482466,51.209272,On or near Supermarket,E01023204,Test Valley 004E,Public order,Court result unavailable,
2396558e930440125b53d275ba3064314adee7209c546808ae7620734ffaefd1,2024-03,Hampshire Constabulary,Hampshire Constabulary,-1.473656,51.216076,On or near Petrol Station,E01023204,Test Valley 004E,Public order,Court result unavailable,
4ae25cee0abd392a6ea6240cea4a72c78743311c98c1da71efb162bf6e7c46c2,2024-03,Hampshire Constabulary,Hampshire Constabulary,-1.481554,51.215257,On or near Moore Close,E01023204,Test Valley 004E,Shoplifting,Court result unavailable,
3b2118039a3faa12041bea834742c1bae571182a162bfddb452bc11dd48ec6c4,2024-03,Hampshire Constabulary,Hampshire Constabulary,-1.473656,51.216076,On or near Petrol Station,E01023204,Test Valley 004E,Shoplifting,Unable to prosecute suspect,
19e58e6e918f2ee034e3ac2fa56a395b1c8553f6690068436d242bc88a4edd4f,2024-03,Hampshire Constabulary,Hampshire Constabulary,-1.482466,51.209272,On or near Supermarket,E01023204,Test Valley 004E,Shoplifting,Court result unavailable,
ea23a9ffa3ed9573087edbf11fd470186875bbebdfdb6ede10550e7b53059c11,2024-03,Hampshire Constabulary,Hampshire Constabulary,-1.482075,51.207122,On or near Parking Area,E01023204,Test Valley 004E,Violence and sexual offences,Unable to prosecute suspect,
cfb51fe5916c0461aba4f1608a35aa1d048941e4179e10953ce7d3ad23cbb9b1,2024-03,Hampshire Constabulary,Hampshire Constabulary,-1.482466,51.209272,On or near Supermarket,E01023204,Test Valley 004E,Violence and sexual offences,Court result unavailable,
9e478b34da879aef766221f05cbf7281f1d20fc88c25a0bf8117508a57601e8a,2024-03,Hampshire Constabulary,Hampshire Constabulary,-1.482009,51.209216,On or near Portland Grove,E01023204,Test Valley 004E,Violence and sexual offences,Unable to prosecute suspect,
cd67937d7df90341bde47fac546471e481a86b8a21ac4054ae586dfc647b58fc,2024-03,Hampshire Constabulary,Hampshire Constabulary,-1.473656,51.216076,On or near Petrol Station,E01023204,Test Valley 004E,Violence and sexual offences,Unable to prosecute suspect,
612fd24bbdbbae356036bc8eb4cac970ac621ff47e4ed2711784888036dc40ba,2024-03,Hampshire Constabulary,Hampshire Constabulary,-1.484558,51.214227,On or near Constable Court,E01023204,Test Valley 004E,Violence and sexual offences,Unable to prosecute suspect,
074a3c34a63f66a0a81a130e907370707a3dde2c93c20be14e630aa424bc6bce,2024-03,Hampshire Constabulary,Hampshire Constabulary,-1.473656,51.216076,On or near Petrol Station,E01023204,Test Valley 004E,Violence and sexual offences,Investigation complete; no suspect identified,
5cb397b21eefd8a3e5e67e3d6e6981d89d7c76865850284bb0ad051d3b143f68,2024-03,Hampshire Constabulary,Hampshire Constabulary,-1.473656,51.216076,On or near Petrol Station,E01023204,Test Valley 004E,Violence and sexual offences,Unable to prosecute suspect,
e8c5170fc0c4b661f4242351dc2dfb169a81d80d724e12fad0eaa820abf32b0f,2024-03,Hampshire Constabulary,Hampshire Constabulary,-1.473656,51.216076,On or near Petrol Station,E01023204,Test Valley 004E,Violence and sexual offences,Investigation complete; no suspect identified,
0dfbeaafafcbc66f47519ee864d7daf5eb96eb184c5b5426c1f921afd19f98a5,2024-03,Hampshire Constabulary,Hampshire Constabulary,-1.482009,51.209216,On or near Portland Grove,E01023204,Test Valley 004E,Violence and sexual offences,Investigation complete; no suspect identified,
,2024-03,Hampshire Constabulary,Hampshire Constabulary,-1.479114,51.212009,On or near Parking Area,E01023204,Test Valley 004E,Anti-social behaviour,,
,2024-03,Hampshire Constabulary,Hampshire Constabulary,-1.479114,51.212009,On or near Parking Area,E01023204,Test Valley 004E,Anti-social behaviour,,
,2024-03,Hampshire Constabulary,Hampshire Constabulary,-1.479114,51.212009,On or near Parking Area,E01023204,Test Valley 004E,Anti-social behaviour,,
,2024-03,Hampshire Constabulary,Hampshire Constabulary,-1.482280,51.209783,On or near Sports/Recreation Area,E01023204,Test Valley 004E,Anti-social behaviour,,
,2024-03,Hampshire Constabulary,Hampshire Constabulary,-1.479618,51.210456,On or near Marlborough Street,E01023204,Test Valley 004E,Anti-social behaviour,,
,2024-03,Hampshire Constabulary,Hampshire Constabulary,-1.479114,51.212009,On or near Parking Area,E01023204,Test Valley 004E,Anti-social behaviour,,
,2024-03,Hampshire Constabulary,Hampshire Constabulary,-1.479114,51.212009,On or near Parking Area,E01023204,Test Valley 004E,Anti-social behaviour,,
5666a9aeabe2d203efe1f9d85fbcb9f349ccd0e2696790849d6299650726a4b3,2024-03,Hampshire Constabulary,Hampshire Constabulary,-1.482009,51.209216,On or near Portland Grove,E01023204,Test Valley 004E,Drugs,Status update unavailable,
2547b4e5038ebad43566846ce97cd080927b618ea9d8c3242f0ce65b0916e09d,2024-03,Hampshire Constabulary,Hampshire Constabulary,-1.481554,51.215257,On or near Moore Close,E01023204,Test Valley 004E,Drugs,Status update unavailable,
909d2f2a32ce2b457b4d5452b11411ffcb8092d36c7f6a9dc08be2abef360c14,2024-03,Hampshire Constabulary,Hampshire Constabulary,-1.481554,51.215257,On or near Moore Close,E01023204,Test Valley 004E,Other theft,Investigation complete; no suspect identified,
50dc37e62e113af74f40b49e85367b1087d7ad3694381469c6d375477a93cfbd,2024-03,Hampshire Constabulary,Hampshire Constabulary,-1.482280,51.209783,On or near Sports/Recreation Area,E01023204,Test Valley 004E,Other theft,Investigation complete; no suspect identified,
ba817217e705169346438a99a853488fc666d76856290a723774ea1e2206d5ff,2024-03,Hampshire Constabulary,Hampshire Constabulary,-1.482280,51.209783,On or near Sports/Recreation Area,E01023204,Test Valley 004E,Public order,Investigation complete; no suspect identified,
da30fe6311ea30a4586db0a0913ac710a9f4b6c0e794f201479abba6841afa6d,2024-03,Hampshire Constabulary,Hampshire Constabulary,-1.482280,51.209783,On or near Sports/Recreation Area,E01023204,Test Valley 004E,Public order,Investigation complete; no suspect identified,
5ccd2d02e781cea479db398c4d3dd0e8efb80d1024468e2692aa49187ad532ff,2024-03,Hampshire Constabulary,Hampshire Constabulary,-1.484558,51.214227,On or near Constable Court,E01023204,Test Valley 004E,Public order,Unable to prosecute suspect,
675e2f0652fcafb69b2b035c1b0f3b8ed7f19fa0b73ea89270015cd233979663,2024-03,Hampshire Constabulary,Hampshire Constabulary,-1.473656,51.216076,On or near Petrol Station,E01023204,Test Valley 004E,Shoplifting,Status update unavailable,
ade05b61d9c7f3713de8d1782490ec8976130c6999d3e1912f61e4eaf805127c,2024-03,Hampshire Constabulary,Hampshire Constabulary,-1.481201,51.208467,On or near Supermarket,E01023204,Test Valley 004E,Theft from the person,Investigation complete; no suspect identified,
37e8ae493c93f2c314ae7ee07746e7dc6151d567e75ff708ef8f224e9464fb28,2024-03,Hampshire Constabulary,Hampshire Constabulary,-1.513827,51.210980,On or near Petrol Station,E01023180,Test Valley 005B,Other theft,Investigation complete; no suspect identified,
0d6c39fdf84b6bc68dd7a908003ec18f49c0a18ad143cb36910cca3bc6a83adf,2024-03,Hampshire Constabulary,Hampshire Constabulary,-1.505532,51.210235,On or near Ashfield Road,E01023180,Test Valley 005B,Public order,Unable to prosecute suspect,
da9daac94c1a3d137b7c19461f872e544be838837fc85cf8e02a440654fad3c4,2024-03,Hampshire Constabulary,Hampshire Constabulary,-1.503813,51.214337,On or near Shakespeare Avenue,E01023180,Test Valley 005B,Violence and sexual offences,Unable to prosecute suspect,
,2024-03,Hampshire Constabulary,Hampshire Constabulary,-1.502683,51.211617,On or near The Drove,E01023180,Test Valley 005B,Anti-social behaviour,,
b0d16ab153eacb320b9cb46624acfe6e795cf23ed1863377a180d8dcaa5f9b77,2024-03,Hampshire Constabulary,Hampshire Constabulary,-1.513827,51.210980,On or near Petrol Station,E01023180,Test Valley 005B,Other theft,Investigation complete; no suspect identified,
f11970fd1d3da4fd743356f917098f02df33c356772f199e28998004264afc3e,2024-03,Hampshire Constabulary,Hampshire Constabulary,-1.502736,51.209297,On or near Amber Gardens,E01023180,Test Valley 005B,Other theft,Investigation complete; no suspect identified,
ddf1dbaa5a29231e73fa7c80156acc2aa364c599b2200c7aecd4920c0efd64c1,2024-03,Hampshire Constabulary,Hampshire Constabulary,-1.508832,51.214961,On or near Watt Close,E01023180,Test Valley 005B,Other theft,Investigation complete; no suspect identified,
9ff6519dd9c532baad710e8af38181527cd1beb12c3d2ca657952a95e74f4534,2024-03,Hampshire Constabulary,Hampshire Constabulary,-1.518598,51.216179,On or near Hopkinson Way,E01023180,Test Valley 005B,Other theft,Investigation complete; no suspect identified,
e3564dc00759f71da052c2d3a0fdf7e0333f9011348fef1b16eaf8c2d5bd77c5,2024-03,Hampshire Constabulary,Hampshire Constabulary,-1.518598,51.216179,On or near Hopkinson Way,E01023180,Test Valley 005B,Public order,Investigation complete; no suspect identified,
4e608d00985498b138f056121e9a5cb39ba33235b651af32d4dd3b2241cd198f,2024-03,Hampshire Constabulary,Hampshire Constabulary,-1.513827,51.210980,On or near Petrol Station,E01023180,Test Valley 005B,Shoplifting,Investigation complete; no suspect identified,
883c3e55d4844ffb851fd006aff1bfab0eca2ad56699fd4d6aa7b2bd0aeafbe0,2024-03,Hampshire Constabulary,Hampshire Constabulary,-1.499432,51.203762,On or near Durley Close,E01023186,Test Valley 005C,Violence and sexual offences,Unable to prosecute suspect,
1f6dd366b1bce19ce71ba85f7cfef9b756a8585a35f7f76b41bfc2f76b25178e,2024-03,Hampshire Constabulary,Hampshire Constabulary,-1.502681,51.201105,On or near Hanover Close,E01023186,Test Valley 005C,Violence and sexual offences,Action to be taken by another organisation,
bfe5d028c5ea78163a27884a22b6d891419d0b66542004a7248a78fd1e78d724,2024-03,Hampshire Constabulary,Hampshire Constabulary,-1.502681,51.201105,On or near Hanover Close,E01023186,Test Valley 005C,Burglary,Investigation complete; no suspect identified,
d14c9d4b7c49e03a63c122761af19d9637002bab92040ce4b2b2cc09026774a7,2024-03,Hampshire Constabulary,Hampshire Constabulary,-1.502681,51.201105,On or near Hanover Close,E01023186,Test Valley 005C,Burglary,Investigation complete; no suspect identified,
19d107276139668b9ad58df821da519097c1a0bfadf5aa264d648ede121498fc,2024-03,Hampshire Constabulary,Hampshire Constabulary,-1.503208,51.202735,On or near Floral Way,E01023186,Test Valley 005C,Criminal damage and arson,Unable to prosecute suspect,
93857eeab387bfeb1d346c639b5121eef1cad223f5dd7560592c29c065f54776,2024-03,Hampshire Constabulary,Hampshire Constabulary,-1.499432,51.203762,On or near Durley Close,E01023186,Test Valley 005C,Criminal damage and arson,Investigation complete; no suspect identified,
d5b42cc3e95ebaeb3f9a80d7fa2fa6700ff8048a4f6323f690d4eabdcbd2dfb9,2024-03,Hampshire Constabulary,Hampshire Constabulary,-1.499432,51.203762,On or near Durley Close,E01023186,Test Valley 005C,Violence and sexual offences,Unable to prosecute suspect,
64f6f7db2afd67b6c5bdee5b4d4b6e00d6687717479b62d36c7caa48ffabeb1c,2024-03,Hampshire Constabulary,Hampshire Constabulary,-1.502681,51.201105,On or near Hanover Close,E01023186,Test Valley 005C,Violence and sexual offences,Unable to prosecute suspect,
246f8cd9151f770e0d2b010ddef5bf32f3bd786a354f18865bd7e2a10d07aeeb,2024-03,Hampshire Constabulary,Hampshire Constabulary,-1.500028,51.206948,On or near Kings Chase,E01023186,Test Valley 005C,Violence and sexual offences,Unable to prosecute suspect,
ef17086436d6353f85b5f2c664a6e53310a0cceab17b1eabc4fafb1461d5d89d,2024-03,Hampshire Constabulary,Hampshire Constabulary,-1.502681,51.201105,On or near Hanover Close,E01023186,Test Valley 005C,Violence and sexual offences,Investigation complete; no suspect identified,
5db02526389d5cfc6c666f093b2ac571d488ba6f1517edaf426b7ec03b5aae2a,2024-03,Hampshire Constabulary,Hampshire Constabulary,-1.509446,51.208399,On or near The Link,E01023189,Test Valley 005D,Robbery,Investigation complete; no suspect identified,
b183d26246b7b53d6a8573dcb7c506c0c58c7b5d455813bce630051a6027d5f9,2024-03,Hampshire Constabulary,Hampshire Constabulary,-1.512256,51.207926,On or near Shaw Close,E01023189,Test Valley 005D,Public order,Investigation complete; no suspect identified,
595fd260bd88d7b2b062723c0a3c335831d2255493322557ac032cc99e2b1cbc,2024-03,Hampshire Constabulary,Hampshire Constabulary,-1.526531,51.204882,On or near Newall Road,E01023189,Test Valley 005D,Violence and sexual offences,Investigation complete; no suspect identified,
cd969a03b364db94e859d6df4b3e8c881737be5cf5d679cee2b5e3510c753ea0,2024-03,Hampshire Constabulary,Hampshire Constabulary,-1.512911,51.209628,On or near Gallaghers Mead,E01023189,Test Valley 005D,Violence and sexual offences,Unable to prosecute suspect,
836fc6322bfab7764240bfa8d046ae85bfa3bc24f1343a04ce14517649682a15,2024-03,Hampshire Constabulary,Hampshire Constabulary,-1.528652,51.228440,On or near Chalkcroft Lane,E01023196,Test Valley 005E,Burglary,Unable to prosecute suspect,
f6fd41f6717f4999f15903a9c504c74cadb308a2bd424d0dcc29cae92ab81cd9,2024-03,Hampshire Constabulary,Hampshire Constabulary,-1.548923,51.219070,On or near Blissmore Lane,E01023196,Test Valley 005E,Criminal damage and arson,Investigation complete; no suspect identified,
d9321f1b532448181a8d8f8ed4672c2f9f759192bdfd3bcc683a593943e0ef9e,2024-03,Hampshire Constabulary,Hampshire Constabulary,-1.528835,51.223163,On or near Penton Lane,E01023196,Test Valley 005E,Violence and sexual offences,Unable to prosecute suspect,
147643b88c061c8964965e79a80c8227df1a34f33c3a919f3c5460302e261669,2024-03,Hampshire Constabulary,Hampshire Constabulary,-1.527916,51.215030,On or near Beech Close,E01023196,Test Valley 005E,Violence and sexual offences,Unable to prosecute suspect,
55612e70b0e0eef3c1f7c645132fa26864f58765ce6576228f5cdc929e61bd5c,2024-03,Hampshire Constabulary,Hampshire Constabulary,-1.561444,51.236382,On or near Greensey,E01023196,Test Valley 005E,Public order,Investigation complete; no suspect identified,
e6adda82d0d2e7195a7d05dd5d4f5e75812d165b5bba163e39fb117e899409fe,2024-03,Hampshire Constabulary,Hampshire Constabulary,-1.563609,51.236246,On or near West Park,E01023196,Test Valley 005E,Violence and sexual offences,Status update unavailable,
9a776b6b2c7a3ea4be60bfee8cdd9cc6e742bcebfc9ded6a585c85a448465d6f,2024-03,Hampshire Constabulary,Hampshire Constabulary,-1.527916,51.215030,On or near Beech Close,E01023196,Test Valley 005E,Violence and sexual offences,Unable to prosecute suspect,
0674948464b7902e4dc2fb29fa4ef2691af248b9cfad8c8e634a01cdb72a96cc,2024-03,Hampshire Constabulary,Hampshire Constabulary,-1.528580,51.215851,On or near Short Lane,E01023196,Test Valley 005E,Violence and sexual offences,Unable to prosecute suspect,
e0a3a95dfb55b808f444914f36bd83aaa4572f7cf2ca7545853531732ee9c116,2024-03,Hampshire Constabulary,Hampshire Constabulary,-1.505422,51.203167,On or near Elder Crescent,E01032870,Test Valley 005F,Burglary,Investigation complete; no suspect identified,
935a61849d8742e60761c21069491b4838e34c9a893dd3a96999528bbb42e3e0,2024-03,Hampshire Constabulary,Hampshire Constabulary,-1.504877,51.204631,On or near Juniper Close,E01032870,Test Valley 005F,Public order,Unable to prosecute suspect,
2887872d234250755512160cc46ad7f8fdb9df985f0384eaf62ce293bf1ba87b,2024-03,Hampshire Constabulary,Hampshire Constabulary,-1.508595,51.203549,On or near Honeysuckle Gardens,E01032870,Test Valley 005F,Violence and sexual offences,Unable to prosecute suspect,
a468293bea2622cde48e0223a6325d94d9d598b56f474277dcc93594eae02b1e,2024-03,Hampshire Constabulary,Hampshire Constabulary,-1.504877,51.204631,On or near Juniper Close,E01032870,Test Valley 005F,Violence and sexual offences,Action to be taken by another organisation,
c952d3c18ded47dc4e306abd8d57e48e1acde7212a0414d2ce8714df9a5294b6,2024-03,Hampshire Constabulary,Hampshire Constabulary,-1.506696,51.203173,On or near Berry Way,E01032870,Test Valley 005F,Violence and sexual offences,Unable to prosecute suspect,
eb00794dee21f0b5104d21ced594304e6e093453f9f98148cf9e38acf7947395,2024-03,Hampshire Constabulary,Hampshire Constabulary,-1.519040,51.190185,On or near Old Salisbury Road,E01032870,Test Valley 005F,Burglary,Investigation complete; no suspect identified,
f364c1e3284a772e0ee0a0db6611013d346abe8c62be174c42e3aca85c6cd1ab,2024-03,Hampshire Constabulary,Hampshire Constabulary,-1.510206,51.205561,On or near Blueberry Gardens,E01032870,Test Valley 005F,Criminal damage and arson,Investigation complete; no suspect identified,
4e88e55351af3008e068bf69b91a855f7bd3237bea713e5618b3af349b788531,2024-03,Hampshire Constabulary,Hampshire Constabulary,-1.532419,51.191669,On or near Hillside,E01032870,Test Valley 005F,Vehicle crime,Investigation complete; no suspect identified,
eb56cbe3e45a67352489f659503a85ef7a8b9138665d4f3bdcce79043b8d6d3e,2024-03,Hampshire Constabulary,Hampshire Constabulary,-1.504877,51.204631,On or near Juniper Close,E01032870,Test Valley 005F,Violence and sexual offences,Status update unavailable,
02dca9cf8b6fc0ba90ea1e9eff5422c3e8bf67d5a1f3afe1bcb330fc01b506be,2024-03,Hampshire Constabulary,Hampshire Constabulary,-1.509333,51.204191,On or near Poppy Close,E01032871,Test Valley 005G,Violence and sexual offences,Unable to prosecute suspect,
,2024-03,Hampshire Constabulary,Hampshire Constabulary,-1.530054,51.184952,On or near Criswick Close,E01032871,Test Valley 005G,Anti-social behaviour,,
e3fdc8ca8f7081f10e5ae7d16a66efefdb2aabfdd9fe72712d19cca77f372ec1,2024-03,Hampshire Constabulary,Hampshire Constabulary,-1.515707,51.192806,On or near Parking Area,E01032871,Test Valley 005G,Criminal damage and arson,Investigation complete; no suspect identified,
7df5cdc6294295f813091d2c40335bb0d714a8f82f90f8959f0cc52cd0fb0143,2024-03,Hampshire Constabulary,Hampshire Constabulary,-1.509333,51.204191,On or near Poppy Close,E01032871,Test Valley 005G,Violence and sexual offences,Unable to prosecute suspect,
acbc11ea7fa6ad7184d3847c21abf024c1210e032f488f2f11e5ff99d1266ea1,2024-03,Hampshire Constabulary,Hampshire Constabulary,-1.499776,51.207738,On or near B3402,E01023187,Test Valley 006A,Vehicle crime,Unable to prosecute suspect,
8a1b0353a07cd0b23f4ed9a2d88f43062ae8ef838437f047da5f3f7ae6e341c7,2024-03,Hampshire Constabulary,Hampshire Constabulary,-1.491419,51.206119,On or near Conference/Exhibition Centre,E01023187,Test Valley 006A,Public order,Unable to prosecute suspect,
3f5d8098601cac2bc43577259cba883c26f98a4cc5c307ec09330ea6ca52d14d,2024-03,Hampshire Constabulary,Hampshire Constabulary,-1.496810,51.209272,On or near Lodge Close,E01023187,Test Valley 006A,Violence and sexual offences,Status update unavailable,
4145b94a1ed63c05a610bc4dc440a28f572d672891dd01853c78741f6fc5086e,2024-03,Hampshire Constabulary,Hampshire Constabulary,-1.479626,51.205951,On or near Westbrooke Close,E01023216,Test Valley 006C,Criminal damage and arson,Investigation complete; no suspect identified,
669f5e512ef93f3ea0e2c8e7344090cac750fc6d5cd0f6b839f5e6e2b644ecfe,2024-03,Hampshire Constabulary,Hampshire Constabulary,-1.479626,51.205951,On or near Westbrooke Close,E01023216,Test Valley 006C,Criminal damage and arson,Unable to prosecute suspect,
0020b62df651ee02f5c836467aeba841164bc4c4d9255c5fc35c784223d0e797,2024-03,Hampshire Constabulary,Hampshire Constabulary,-1.477322,51.205878,On or near Nightclub,E01023216,Test Valley 006C,Drugs,Investigation complete; no suspect identified,
3d6efd8d21958d1267b713a899916ee277a3ff1501d8282d2b1ee5827580e03f,2024-03,Hampshire Constabulary,Hampshire Constabulary,-1.481452,51.203981,On or near Parking Area,E01023216,Test Valley 006C,Shoplifting,Unable to prosecute suspect,
bc2591517f8af0384d414d5be948f8ffca3b97d43070f48b124fc78399a7149f,2024-03,Hampshire Constabulary,Hampshire Constabulary,-1.479271,51.204403,On or near Parking Area,E01023216,Test Valley 006C,Violence and sexual offences,Unable to prosecute suspect,
d360d51c24cc8b3f2060af1088427e84167f06d28ea2f45567c448c046476794,2024-03,Hampshire Constabulary,Hampshire Constabulary,-1.483282,51.202919,On or near Parking Area,E01023216,Test Valley 006C,Violence and sexual offences,Action to be taken by another organisation,
5df16f041c9b7fe7f22d214c52f613928522221b14531b977df88a75f8fdd696,2024-03,Hampshire Constabulary,Hampshire Constabulary,-1.479271,51.204403,On or near Parking Area,E01023216,Test Valley 006C,Violence and sexual offences,Court result unavailable,
4300c6df72c89613935618bde93d7c0c226350316437ce17952533690f204ad4,2024-03,Hampshire Constabulary,Hampshire Constabulary,-1.477870,51.205520,On or near Savoy Close,E01023216,Test Valley 006C,Violence and sexual offences,Offender given a caution,
c2fcaf25f0956bb6e490e9355dc57da5982a831135715a9e258550993ffb14a7,2024-03,Hampshire Constabulary,Hampshire Constabulary,-1.477870,51.205520,On or near Savoy Close,E01023216,Test Valley 006C,Violence and sexual offences,Unable to prosecute suspect,
ebf5710fc298a1f2d13f9770d3b6ce7ac9b1f3e6d2bb7a1e11ace42cda786da3,2024-03,Hampshire Constabulary,Hampshire Constabulary,-1.488506,51.205468,On or near Yew Tree Walk,E01023216,Test Valley 006C,Violence and sexual offences,Unable to prosecute suspect,
b383e916f581d36555bf9ca07e16f42465019e74925974f87d7d6e2795690ca7,2024-03,Hampshire Constabulary,Hampshire Constabulary,-1.477322,51.205878,On or near Nightclub,E01023216,Test Valley 006C,Violence and sexual offences,Local resolution,
7e55e8042e7f615a7f95d904fad688cef5d4525e33417d73cb8bda49f166c88f,2024-03,Hampshire Constabulary,Hampshire Constabulary,-1.477322,51.205878,On or near Nightclub,E01023216,Test Valley 006C,Violence and sexual offences,Local resolution,
888ba49b9f8b4cb2421b5afef15406fd6b79428d60652041ffe86bc71856810f,2024-03,Hampshire Constabulary,Hampshire Constabulary,-1.479271,51.204403,On or near Parking Area,E01023216,Test Valley 006C,Violence and sexual offences,Court result unavailable,
4bb090c300abe203981e511edea0fa27e1bb5eb2b8bbe49d991c7e6a1ff89c8e,2024-03,Hampshire Constabulary,Hampshire Constabulary,-1.477322,51.205878,On or near Nightclub,E01023216,Test Valley 006C,Violence and sexual offences,Local resolution,
22d3aad6d570574fe7d4a1e0ff835c317da3ff93d19fa524cd8130bc88e957a2,2024-03,Hampshire Constabulary,Hampshire Constabulary,-1.477322,51.205878,On or near Nightclub,E01023216,Test Valley 006C,Violence and sexual offences,Court result unavailable,
ae30220247c80fc17aac38ecc2d0a6d78e15b407e09cd9231cbee90f1d297d48,2024-03,Hampshire Constabulary,Hampshire Constabulary,-1.477870,51.205520,On or near Savoy Close,E01023216,Test Valley 006C,Violence and sexual offences,Offender given a caution,
,2024-03,Hampshire Constabulary,Hampshire Constabulary,-1.481452,51.203981,On or near Parking Area,E01023216,Test Valley 006C,Anti-social behaviour,,
,2024-03,Hampshire Constabulary,Hampshire Constabulary,-1.481452,51.203981,On or near Parking Area,E01023216,Test Valley 006C,Anti-social behaviour,,
bf6bf253dc7cc7773285afd9e5fec3d22a75148408ba2b726f6f661387e47416,2024-03,Hampshire Constabulary,Hampshire Constabulary,-1.480704,51.203060,On or near Elm Bank Road,E01023216,Test Valley 006C,Criminal damage and arson,Investigation complete; no suspect identified,
e0d8182e07938feb6523241695ed3cb925308c688ecfee7b3df3cf267ee0f8f7,2024-03,Hampshire Constabulary,Hampshire Constabulary,-1.477322,51.205878,On or near Nightclub,E01023216,Test Valley 006C,Drugs,Status update unavailable,
60eb20ec5dbdff8d0e07f5c39296088060e97cfb27f8e180c2bc933d92749b3c,2024-03,Hampshire Constabulary,Hampshire Constabulary,-1.477870,51.205520,On or near Savoy Close,E01023216,Test Valley 006C,Other theft,Investigation complete; no suspect identified,
f3f9515efe55a8d95fdb8d39c55bbdb4ea470c96a7f8b9ee22d5d7ec0dc86078,2024-03,Hampshire Constabulary,Hampshire Constabulary,-1.479626,51.205951,On or near Westbrooke Close,E01023216,Test Valley 006C,Other theft,Investigation complete; no suspect identified,
2127d43b7e370bb6b2f109f937f7de3592a1ad28550680f60f5fa23a91cff6f4,2024-03,Hampshire Constabulary,Hampshire Constabulary,-1.479626,51.205951,On or near Westbrooke Close,E01023216,Test Valley 006C,Public order,Unable to prosecute suspect,
281c0f7d576a711e3e5fe64f1bddec642f8e2de9a6d5dc4661760ddccdee85c0,2024-03,Hampshire Constabulary,Hampshire Constabulary,-1.481452,51.203981,On or near Parking Area,E01023216,Test Valley 006C,Shoplifting,Investigation complete; no suspect identified,
e2b8a6a1a1fdf49b8f5ad63cc762ebf3e923fe8e418c9b62d517ff3ef1299405,2024-03,Hampshire Constabulary,Hampshire Constabulary,-1.479271,51.204403,On or near Parking Area,E01023216,Test Valley 006C,Violence and sexual offences,Unable to prosecute suspect,
95d3b4d37c13731290f8cf67a15ad7c940438767a2bc082b197255c1b8168503,2024-03,Hampshire Constabulary,Hampshire Constabulary,-1.490121,51.204405,On or near Mead Road,E01023216,Test Valley 006C,Violence and sexual offences,Unable to prosecute suspect,
e5a4f379a47eb68dee6c3aeffabbcbfc47d3a07171324a367edb77c53c457e46,2024-03,Hampshire Constabulary,Hampshire Constabulary,-1.479626,51.205951,On or near Westbrooke Close,E01023216,Test Valley 006C,Violence and sexual offences,Investigation complete; no suspect identified,
605705ef6840384a53e0458fce36f4e8f66bc838858aff192f83220cd9d084a4,2024-03,Hampshire Constabulary,Hampshire Constabulary,-1.479271,51.204403,On or near Parking Area,E01023216,Test Valley 006C,Violence and sexual offences,Unable to prosecute suspect,
ea7582881b369eeee98c9fd6d5db7d5c49587ad3018ca40be85faa10934f3c10,2024-03,Hampshire Constabulary,Hampshire Constabulary,-1.479626,51.205951,On or near Westbrooke Close,E01023216,Test Valley 006C,Violence and sexual offences,Unable to prosecute suspect,
60549ed8700a98ca08590988f8de2f969a341aae2e8b203f34eafff2bb558b91,2024-03,Hampshire Constabulary,Hampshire Constabulary,-1.477322,51.205878,On or near Nightclub,E01023216,Test Valley 006C,Violence and sexual offences,Unable to prosecute suspect,
3206b4f61b22d76d3b8559ce2f98de8ebb3288be4a79bc30ab7e87a2e2af0789,2024-03,Hampshire Constabulary,Hampshire Constabulary,-1.477322,51.205878,On or near Nightclub,E01023216,Test Valley 006C,Violence and sexual offences,Unable to prosecute suspect,
425ee74dc41e9c849276894422aada96b1b186dd6ea1748d85bdc02b24884d2a,2024-03,Hampshire Constabulary,Hampshire Constabulary,-1.476763,51.204688,On or near Heath Vale,E01023216,Test Valley 006C,Violence and sexual offences,Unable to prosecute suspect,
c5a15f5a2f10c4188231e6e3f5423455649cff9801ac9793289bd75916077b17,2024-03,Hampshire Constabulary,Hampshire Constabulary,-1.472399,51.199534,On or near Herons Rise,E01023217,Test Valley 006D,Violence and sexual offences,Unable to prosecute suspect,
,2024-03,Hampshire Constabulary,Hampshire Constabulary,-1.472399,51.199534,On or near Herons Rise,E01023217,Test Valley 006D,Anti-social behaviour,,
,2024-03,Hampshire Constabulary,Hampshire Constabulary,-1.475021,51.201821,On or near Belle Vue Road,E01023217,Test Valley 006D,Anti-social behaviour,,
5d5ae2256c74e00b99875158cd4d5781b125cd233f45c82f432272155fc086f2,2024-03,Hampshire Constabulary,Hampshire Constabulary,-1.483366,51.196697,On or near Conholt Road,E01023218,Test Valley 006E,Vehicle crime,Investigation complete; no suspect identified,
9ac7672d5ac10a512142c46e7c9ab91bb6918b120996b1406488a93c74edc926,2024-03,Hampshire Constabulary,Hampshire Constabulary,-1.486613,51.199399,On or near Barlows Lane,E01023218,Test Valley 006E,Violence and sexual offences,Unable to prosecute suspect,
a73408e18eefdc5194402cad99fa5c29936be44be98497d0a2257d7e8fcf554e,2024-03,Hampshire Constabulary,Hampshire Constabulary,-1.486613,51.199399,On or near Barlows Lane,E01023218,Test Valley 006E,Violence and sexual offences,Unable to prosecute suspect,
fca6ace08357ef7d47ed262545500884e9a8a93777bf5fa13f4335ea21939fe8,2024-03,Hampshire Constabulary,Hampshire Constabulary,-1.486613,51.199399,On or near Barlows Lane,E01023218,Test Valley 006E,Violence and sexual offences,Unable to prosecute suspect,
9183362165c40d1b63d5ebce781e0efae0abbfe8e0390537ab6f256505eac10f,2024-03,Hampshire Constabulary,Hampshire Constabulary,-1.486613,51.199399,On or near Barlows Lane,E01023218,Test Valley 006E,Violence and sexual offences,Unable to prosecute suspect,
60f5902e3e76a8dd830c168328c2763920f28fdcb7df966b0f09de73daaabf76,2024-03,Hampshire Constabulary,Hampshire Constabulary,-1.604031,51.174318,On or near Pond Lane,E01023159,Test Valley 007A,Violence and sexual offences,Action to be taken by another organisation,
7f6e8abe2eb367dfd5f37280397843ff24884e0612dd773bcbd915cfa1554485,2024-03,Hampshire Constabulary,Hampshire Constabulary,-1.575045,51.206003,On or near Wiremead Lane,E01023159,Test Valley 007A,Violence and sexual offences,Unable to prosecute suspect,
d1b146fb41af07bf4950a5152ee5036c2930c5cf65c8d1af7066ef7fd953019c,2024-03,Hampshire Constabulary,Hampshire Constabulary,-1.621915,51.168640,On or near Locke Close,E01023159,Test Valley 007A,Violence and sexual offences,Unable to prosecute suspect,
620b81b0ea8ff233a47d806f8c0f0e9298d242b3538c25d7e25bf7a057dabed0,2024-03,Hampshire Constabulary,Hampshire Constabulary,-1.621915,51.168640,On or near Locke Close,E01023159,Test Valley 007A,Violence and sexual offences,Court result unavailable,
,2024-03,Hampshire Constabulary,Hampshire Constabulary,-1.582565,51.189620,On or near Fox Farm,E01023159,Test Valley 007A,Anti-social behaviour,,
0bded2b5245efe6cad2a2a50b0140daf39f5d5e27cc24c5aae2ec1bcac716e26,2024-03,Hampshire Constabulary,Hampshire Constabulary,-1.608533,51.189988,On or near Skew Road,E01023159,Test Valley 007A,Burglary,Investigation complete; no suspect identified,
21d37bb81fa6b6164e17607abff26b8f6a683dcde81c28cce59c9a3d27d26502,2024-03,Hampshire Constabulary,Hampshire Constabulary,-1.604031,51.174318,On or near Pond Lane,E01023159,Test Valley 007A,Burglary,Investigation complete; no suspect identified,
7283e259db445f35a4431736bdfaab65fda9c95b99dc1d413b4bc075d4504eec,2024-03,Hampshire Constabulary,Hampshire Constabulary,-1.637009,51.184523,On or near Cholderton Road,E01023159,Test Valley 007A,Vehicle crime,Investigation complete; no suspect identified,
596efbe9e87f9bcd29a51b5fb760288a68cab00862e8ca0a5d20e590dcd6fc17,2024-03,Hampshire Constabulary,Hampshire Constabulary,-1.558676,51.211275,On or near The Limes,E01023159,Test Valley 007A,Violence and sexual offences,Unable to prosecute suspect,
c8635e6b636a1e45ab79e0d424c28178be6ffddf682ccdd1380dc19fe764e373,2024-03,Hampshire Constabulary,Hampshire Constabulary,-1.558676,51.211275,On or near The Limes,E01023159,Test Valley 007A,Violence and sexual offences,Unable to prosecute suspect,
275ce8c559bfb602558a156c6dfbb76896609b118b4dab9bf316717fc98524c9,2024-03,Hampshire Constabulary,Hampshire Constabulary,-1.562626,51.156951,On or near Mead Park Square,E01023195,Test Valley 007B,Violence and sexual offences,Unable to prosecute suspect,
,2024-03,Hampshire Constabulary,Hampshire Constabulary,-1.562589,51.156384,On or near Cossaton Rise,E01023195,Test Valley 007B,Anti-social behaviour,,
43e025986758fc0e80f046e214beee826623c9536b23e1be5ed9b8363441541d,2024-03,Hampshire Constabulary,Hampshire Constabulary,-1.597571,51.140792,On or near Salisbury Lane,E01023195,Test Valley 007B,Vehicle crime,Investigation complete; no suspect identified,
59f1e0908321935ab044096f4cb89506c43f17fd705642ffe2a99eb1513a4a83,2024-03,Hampshire Constabulary,Hampshire Constabulary,-1.601992,51.146984,On or near Five Acres Rise,E01023195,Test Valley 007B,Violence and sexual offences,Investigation complete; no suspect identified,
,2024-03,Hampshire Constabulary,Hampshire Constabulary,-1.677310,51.209666,On or near Bulford Road,E01023197,Test Valley 007C,Anti-social behaviour,,
629c75246b535bf93787b63d0980e6720306dd0438d98ae5c3fb247200b5cb67,2024-03,Hampshire Constabulary,Hampshire Constabulary,-1.675696,51.207036,On or near Parkhouse Road,E01023197,Test Valley 007C,Violence and sexual offences,Unable to prosecute suspect,
b923ba3dfc088604fda247637574d980a0bde91591981f312a7791818f697270,2024-03,Hampshire Constabulary,Hampshire Constabulary,-1.677415,51.206834,On or near Muscott Close,E01023197,Test Valley 007C,Violence and sexual offences,Unable to prosecute suspect,
ecbbc8eb988b3eac6c0c05e5c291d21c74c56a0ec9ff182340219c2b706145dc,2024-03,Hampshire Constabulary,Hampshire Constabulary,-1.579688,51.218006,On or near Fyfield Road,E01023198,Test Valley 007D,Burglary,Investigation complete; no suspect identified,
ac32e4037499947f5368a18ab36bb244234d70cde37c9451cefb5ff7f24f5dbf,2024-03,Hampshire Constabulary,Hampshire Constabulary,-1.600138,51.225865,On or near Foyle Road,E01023198,Test Valley 007D,Public order,Unable to prosecute suspect,
f0b1fe69845b74ebe119c7666c68c40bbf7b054f098885f0f263e1e94e3357df,2024-03,Hampshire Constabulary,Hampshire Constabulary,-1.598616,51.250983,On or near Parking Area,E01023198,Test Valley 007D,Public order,Unable to prosecute suspect,
,2024-03,Hampshire Constabulary,Hampshire Constabulary,-1.600138,51.225865,On or near Foyle Road,E01023198,Test Valley 007D,Anti-social behaviour,,
4cf9963586ac089d4395fd396e835825eb29ee2bb31e42fa318ab8119e6748c2,2024-03,Hampshire Constabulary,Hampshire Constabulary,-1.570323,51.244337,On or near Redenham Drove,E01023198,Test Valley 007D,Burglary,Investigation complete; no suspect identified,
62d27d65126180833c79cc79ef580d2b441dbfd07a7d5296a932b8133786a697,2024-03,Hampshire Constabulary,Hampshire Constabulary,-1.570323,51.244337,On or near Redenham Drove,E01023198,Test Valley 007D,Burglary,Investigation complete; no suspect identified,
564ebfb495037c3445aabb0f286be4b10647f6483829d100faa6927c7b4ec6dd,2024-03,Hampshire Constabulary,Hampshire Constabulary,-1.600467,51.219275,On or near Down Road,E01023198,Test Valley 007D,Criminal damage and arson,Unable to prosecute suspect,
52c795b8d8d1995be62c4d238cb699e279cd3cd17128bec8fcf6da07a41cab4b,2024-03,Hampshire Constabulary,Hampshire Constabulary,-1.651873,51.194199,On or near Parking Area,E01023198,Test Valley 007D,Vehicle crime,Investigation complete; no suspect identified,
7f37338282d6d4a6ee1b481aa3d7069deaf351fb360993838b9c8d5bf49e5c0e,2024-03,Hampshire Constabulary,Hampshire Constabulary,-1.478572,51.180157,On or near Church Lane,E01023160,Test Valley 008A,Burglary,Investigation complete; no suspect identified,
1a3ee3440bcc7fe74128b186218bf558bd1039d576c1bce49db53f6663089cfa,2024-03,Hampshire Constabulary,Hampshire Constabulary,-1.524148,51.156927,On or near Stockbridge Road,E01023160,Test Valley 008A,Burglary,Investigation complete; no suspect identified,
d2a5b1d817f05cabb2bf68420d1fb251328c1f78d7a910b2bf266695a1f54b7b,2024-03,Hampshire Constabulary,Hampshire Constabulary,-1.473298,51.180979,On or near Winchester Road,E01023160,Test Valley 008A,Vehicle crime,Investigation complete; no suspect identified,
727f29a93bf286d48448c86a6cb9db72b8bc759603b49b4410779746af063912,2024-03,Hampshire Constabulary,Hampshire Constabulary,-1.478572,51.180157,On or near Church Lane,E01023160,Test Valley 008A,Violence and sexual offences,Investigation complete; no suspect identified,
c13e10470dc0311d78937528f35570b32dde7d483ffd9c50bb03e1d09e97ef89,2024-03,Hampshire Constabulary,Hampshire Constabulary,-1.524148,51.156927,On or near Stockbridge Road,E01023160,Test Valley 008A,Violence and sexual offences,Investigation complete; no suspect identified,
1e45bfef03669a650eefa81e441e4509743af673e281603e304e1c5ad0ec6406,2024-03,Hampshire Constabulary,Hampshire Constabulary,-1.439686,51.154260,On or near Durnford Close,E01023168,Test Valley 008B,Criminal damage and arson,Formal action is not in the public interest,
26c62a3847a53318642d7e8dd553f01295f0307044b5166302b97a391e79f6f8,2024-03,Hampshire Constabulary,Hampshire Constabulary,-1.486363,51.114900,On or near Old London Road,E01023168,Test Valley 008B,Violence and sexual offences,Unable to prosecute suspect,
7b65309cf105383110289b96ea139a838c006d2afc1b8e381c360929347600bd,2024-03,Hampshire Constabulary,Hampshire Constabulary,-1.466986,51.136475,On or near Leckford Lane,E01023168,Test Valley 008B,Violence and sexual offences,Unable to prosecute suspect,
45c47067db206da3f90b26b23f4f804ee96419c67f217d564050c23f3319885f,2024-03,Hampshire Constabulary,Hampshire Constabulary,-1.489985,51.110321,On or near The Milsons,E01023168,Test Valley 008B,Burglary,Investigation complete; no suspect identified,
05656140ee6cc574289abe273462c1392a6f54a4748de5dee05b64081ed13334,2024-03,Hampshire Constabulary,Hampshire Constabulary,-1.466033,51.110079,On or near Parking Area,E01023168,Test Valley 008B,Vehicle crime,Investigation complete; no suspect identified,
6636642256b563a1cd089fcc620683ad39305e787d9562bc2ed185c70845c29b,2024-03,Hampshire Constabulary,Hampshire Constabulary,-1.489400,51.114221,On or near Old Station Close,E01023168,Test Valley 008B,Violence and sexual offences,Unable to prosecute suspect,
78fe115167c1939d7b443b3ffaf687e7084eb135b8e699afdf9ef60dc16901f9,2024-03,Hampshire Constabulary,Hampshire Constabulary,-1.376668,51.174776,On or near Park/Open Space,E01023178,Test Valley 008C,Violence and sexual offences,Unable to prosecute suspect,
ef2eb59b93dbba40f0ead521432bb1ea6faca45ca4c75ed817e534dd0695cea0,2024-03,Hampshire Constabulary,Hampshire Constabulary,-1.383492,51.196180,On or near Sports/Recreation Area,E01023178,Test Valley 008C,Violence and sexual offences,Unable to prosecute suspect,
,2024-03,Hampshire Constabulary,Hampshire Constabulary,-1.339889,51.170870,On or near Bullington Lane,E01023178,Test Valley 008C,Anti-social behaviour,,
530faf4d54c4f6e5294b49a77fafb2dd56b233423be5c920e62f3c92325995cb,2024-03,Hampshire Constabulary,Hampshire Constabulary,-1.367706,51.171149,On or near Roman Way,E01023178,Test Valley 008C,Other theft,Investigation complete; no suspect identified,
90a90302194e83f88e0711035c253382ee68a580c0bfa2347f260074253d1637,2024-03,Hampshire Constabulary,Hampshire Constabulary,-1.339889,51.170870,On or near Bullington Lane,E01023178,Test Valley 008C,Other theft,Investigation complete; no suspect identified,
904750616b2105378748d5e797b2ae9e0419ace82b062f4ca9228f470b5639e0,2024-03,Hampshire Constabulary,Hampshire Constabulary,-1.388200,51.194107,On or near Southside Road,E01023178,Test Valley 008C,Violence and sexual offences,Unable to prosecute suspect,
b3c19476e0af8406baf89302ac10cbc7e795ceac9a5c3d59442b76ec068ca07a,2024-03,Hampshire Constabulary,Hampshire Constabulary,-1.532586,51.119886,On or near Spitfire Lane,E01023166,Test Valley 009A,Burglary,Investigation complete; no suspect identified,
276ab1063b2b529e9e1fe1472f3b52aad58c6b692d8c4e25fdaa7bfb4172f87a,2024-03,Hampshire Constabulary,Hampshire Constabulary,-1.532586,51.119886,On or near Spitfire Lane,E01023166,Test Valley 009A,Burglary,Investigation complete; no suspect identified,
f75271a83f0f52d876179e133019ccf44ff174f7777806b36c933fd7d2411ea0,2024-03,Hampshire Constabulary,Hampshire Constabulary,-1.557228,51.091927,On or near Coolers Farm,E01023166,Test Valley 009A,Criminal damage and arson,Court result unavailable,
93e85286442e0f7b6a40985c661d5bf15ef1574cf05172aad8894a4c64c65302,2024-03,Hampshire Constabulary,Hampshire Constabulary,-1.532586,51.119886,On or near Spitfire Lane,E01023166,Test Valley 009A,Other theft,Investigation complete; no suspect identified,
1b6d678fbab5d44422ebe345213526b24bf3c6f4ba84f5ee3b02e3c6445e5efb,2024-03,Hampshire Constabulary,Hampshire Constabulary,-1.565934,51.095403,On or near Whiteshoot,E01023166,Test Valley 009A,Public order,Unable to prosecute suspect,
1babd34970aaa8055bc56294e4e6a152d6501757aa415420945d4393b51ce827,2024-03,Hampshire Constabulary,Hampshire Constabulary,-1.565847,51.097103,On or near Downs Close,E01023166,Test Valley 009A,Burglary,Investigation complete; no suspect identified,
e5e61117f0c344d1a0a7d998b7ac08f78579552caa862f87acfafd2eeebfe55b,2024-03,Hampshire Constabulary,Hampshire Constabulary,-1.565934,51.095403,On or near Whiteshoot,E01023166,Test Valley 009A,Other theft,Investigation complete; no suspect identified,
0b59ab6bfcb1f3bfead9123636f0af33db99795463c84a999a0ef436b2e23553,2024-03,Hampshire Constabulary,Hampshire Constabulary,-1.559490,51.095838,On or near Rectory Lane,E01023166,Test Valley 009A,Vehicle crime,Investigation complete; no suspect identified,
6b68c43c638ae0d8066841a415a71ad928f7af26f8df5fb2f724a8465ea59392,2024-03,Hampshire Constabulary,Hampshire Constabulary,-1.565934,51.095403,On or near Whiteshoot,E01023166,Test Valley 009A,Violence and sexual offences,Unable to prosecute suspect,
7750c84648f6c681b5d09d857ecfc5134c6504079917f62b2b908c01f85152f4,2024-03,Hampshire Constabulary,Hampshire Constabulary,-1.490514,51.132435,On or near Church Road,E01023167,Test Valley 009B,Burglary,Investigation complete; no suspect identified,
9e5d544bb65e237a6efee9176454915e0a2ec6dbed6e5972268f095f90c66a11,2024-03,Hampshire Constabulary,Hampshire Constabulary,-1.502481,51.114628,On or near Roman Road,E01023167,Test Valley 009B,Violence and sexual offences,Unable to prosecute suspect,
e549e42c0787daf47546378809d7e49a2150642677013616f78181fe249799aa,2024-03,Hampshire Constabulary,Hampshire Constabulary,-1.490301,51.112840,On or near Trafalgar Way,E01023167,Test Valley 009B,Burglary,Investigation complete; no suspect identified,
cbd31c660c231fb224490d84919dab8ea375c3c33c77976bff76b2f564c03d14,2024-03,Hampshire Constabulary,Hampshire Constabulary,-1.578452,51.136876,On or near School Lane,E01023167,Test Valley 009B,Vehicle crime,Investigation complete; no suspect identified,
e756d96d13cdd71a5e868ab36870b6b12f5931273acc44190207f19dc726ec4d,2024-03,Hampshire Constabulary,Hampshire Constabulary,-1.572619,51.034749,On or near Petrol Station,E01023177,Test Valley 009C,Burglary,Investigation complete; no suspect identified,
65a2c6e60fbdcca903713936839124710e2dc1cfe657bc38fa37fb98ce4e7df1,2024-03,Hampshire Constabulary,Hampshire Constabulary,-1.582844,51.063408,On or near Manor Road,E01023177,Test Valley 009C,Criminal damage and arson,Investigation complete; no suspect identified,
9c04b63e9e728b508ce4d7b92d75e549b67dabd54b46b691c32c6929c6e89170,2024-03,Hampshire Constabulary,Hampshire Constabulary,-1.574345,51.033163,On or near Butlers Close,E01023177,Test Valley 009C,Violence and sexual offences,Unable to prosecute suspect,
5bb09586e9934ff595f548fcbf9a04ed92bf483ad5ef8acc7409b46bbdbfca95,2024-03,Hampshire Constabulary,Hampshire Constabulary,-1.560028,51.011907,On or near The Square,E01023177,Test Valley 009C,Burglary,Investigation complete; no suspect identified,
6bbf0b066221ba05a4cb8aa50c556f81758dbdddeef6984a9345d2a095fa03c9,2024-03,Hampshire Constabulary,Hampshire Constabulary,-1.588655,51.042081,On or near Holbury Lane,E01023177,Test Valley 009C,Burglary,Investigation complete; no suspect identified,
da1dcf0dc5aec615ae37789655f6c1c7a8a61283320c62537b09710824de6b3c,2024-03,Hampshire Constabulary,Hampshire Constabulary,-1.552398,51.040536,On or near Keepers Lane,E01023177,Test Valley 009C,Burglary,Investigation complete; no suspect identified,
980d0b5861f65db390d9d6a2c200318244fca2bf9d9c6662a6f59b9898abfb32,2024-03,Hampshire Constabulary,Hampshire Constabulary,-1.588655,51.042081,On or near Holbury Lane,E01023177,Test Valley 009C,Burglary,Investigation complete; no suspect identified,
57765167e0efbf9be508a4cba84f1979cdc52f3b4611f513bdee61b3f47d5d5d,2024-03,Hampshire Constabulary,Hampshire Constabulary,-1.633634,51.039587,On or near Hillside Close,E01023177,Test Valley 009C,Criminal damage and arson,Status update unavailable,
7a2ceee848d1c058320dfa321431f74348a70faeff1d876543182a2d9a62835c,2024-03,Hampshire Constabulary,Hampshire Constabulary,-1.574345,51.033163,On or near Butlers Close,E01023177,Test Valley 009C,Public order,Investigation complete; no suspect identified,
79f8c5a7a7895f8330936cbe365fd94375fa54c200ff9317c651d952cc849016,2024-03,Hampshire Constabulary,Hampshire Constabulary,-1.566026,51.019941,On or near The Banks,E01023177,Test Valley 009C,Violence and sexual offences,Status update unavailable,
82df7929fd5912504245c3b9b03971ed6179aa9f0213ce565237491cdf3e7f89,2024-03,Hampshire Constabulary,Hampshire Constabulary,-1.574345,51.033163,On or near Butlers Close,E01023177,Test Valley 009C,Violence and sexual offences,Unable to prosecute suspect,
83911acab3573edf7ddc154630509d44c0ee80fb96d3bbef86bdfe18f1708198,2024-03,Hampshire Constabulary,Hampshire Constabulary,-1.512508,51.030566,On or near Hill View Road,E01023184,Test Valley 009D,Burglary,Investigation complete; no suspect identified,
7f130d09a6e0bc070096b1b7c4883c8fb8747a4bb691867b5db425713d487c78,2024-03,Hampshire Constabulary,Hampshire Constabulary,-1.510954,51.026468,On or near Stockbridge Road,E01023184,Test Valley 009D,Burglary,Investigation complete; no suspect identified,
ec65ec9b97c60ab796baf82b682763fd611bbe56a826a44d9c36b97dc79169c4,2024-03,Hampshire Constabulary,Hampshire Constabulary,-1.525385,51.031968,On or near Parking Area,E01023184,Test Valley 009D,Criminal damage and arson,Further investigation is not in the public interest,
8afc46b29c258713315cf58af602c2dafdab24ec5ab15e271f6e0c5b33ddf8c1,2024-03,Hampshire Constabulary,Hampshire Constabulary,-1.484756,51.071847,On or near Lancaster Green,E01023185,Test Valley 009E,Public order,Unable to prosecute suspect,
3af64658c456d76bac9581356e5e3977adea73d6736d4fe8d070e7b9d0d2ea8c,2024-03,Hampshire Constabulary,Hampshire Constabulary,-1.484824,51.072126,On or near Hunter Close,E01023185,Test Valley 009E,Public order,Unable to prosecute suspect,
3f40ae2a9fbdabeff517f55868b1205e9f146f7eaa549082cb70c267e2d077a9,2024-03,Hampshire Constabulary,Hampshire Constabulary,-1.476464,51.000916,On or near Stapleford Close,E01023174,Test Valley 010A,Burglary,Investigation complete; no suspect identified,
fc24b7088fe1e25ad657e676c35badd51d3fadee3813745ede4a7e890613e5a1,2024-03,Hampshire Constabulary,Hampshire Constabulary,-1.481183,50.999453,On or near Woodley Lane,E01023174,Test Valley 010A,Public order,Unable to prosecute suspect,
a8773ab7a62303f649184a74df0cc18bdcd0ef5a9846b8384af4a16e451b43c4,2024-03,Hampshire Constabulary,Hampshire Constabulary,-1.476233,50.998657,On or near Addison Close,E01023174,Test Valley 010A,Bicycle theft,Investigation complete; no suspect identified,
9e3954f632acd5b7a9e107f82ff98554b7c7752cece8e6ed233127ced1e6d5af,2024-03,Hampshire Constabulary,Hampshire Constabulary,-1.476464,51.000916,On or near Stapleford Close,E01023174,Test Valley 010A,Burglary,Investigation complete; no suspect identified,
708a871a4980758116439a8257139ae479df79930761303cf50277e1d2741585,2024-03,Hampshire Constabulary,Hampshire Constabulary,-1.477165,50.998086,On or near Sutherland Close,E01023174,Test Valley 010A,Criminal damage and arson,Investigation complete; no suspect identified,
24870eef6da9b5cd76c55ced3efd8abc18b0e53203d658c27c989cdd9d5b83ad,2024-03,Hampshire Constabulary,Hampshire Constabulary,-1.495514,50.996000,On or near The Cloisters,E01023175,Test Valley 010B,Burglary,Investigation complete; no suspect identified,
9d2fb18e11fa85185a5d30504cb876ec08ca8ee9840da41569ee432ae601719e,2024-03,Hampshire Constabulary,Hampshire Constabulary,-1.483436,50.999355,On or near Richmond Lane,E01023175,Test Valley 010B,Burglary,Investigation complete; no suspect identified,
15681d89c8f46e983f31732e8c3ef565c7a76921a3080987de2dc6c82cf6e2c5,2024-03,Hampshire Constabulary,Hampshire Constabulary,-1.488059,50.996237,On or near New Road,E01023175,Test Valley 010B,Public order,Unable to prosecute suspect,
f00e7f7ea635afed032d4366d148082ae5e90f64bac80f0a9924825b72098e02,2024-03,Hampshire Constabulary,Hampshire Constabulary,-1.490004,50.995544,On or near Oatlands,E01023175,Test Valley 010B,Robbery,Investigation complete; no suspect identified,
afd177e341d740b8c2298f85c0f5b537838c4451a4cb69b6b35ee089317a4d75,2024-03,Hampshire Constabulary,Hampshire Constabulary,-1.490004,50.995544,On or near Oatlands,E01023175,Test Valley 010B,Robbery,Investigation complete; no suspect identified,
,2024-03,Hampshire Constabulary,Hampshire Constabulary,-1.490004,50.995544,On or near Oatlands,E01023175,Test Valley 010B,Anti-social behaviour,,
,2024-03,Hampshire Constabulary,Hampshire Constabulary,-1.490004,50.995544,On or near Oatlands,E01023175,Test Valley 010B,Anti-social behaviour,,
c89f450660e4f188c89c3b1cf27ac49ee1e25e326fb6095c270ce6ba062bcb52,2024-03,Hampshire Constabulary,Hampshire Constabulary,-1.492409,50.995842,On or near Gaston Gardens,E01023175,Test Valley 010B,Violence and sexual offences,Unable to prosecute suspect,
607cbb6fadc04514f6eeb678f09a0eabae91efa921d5d92fac496fa951f3bc00,2024-03,Hampshire Constabulary,Hampshire Constabulary,-1.481065,50.993427,On or near Petrol Station,E01023176,Test Valley 010C,Other theft,Investigation complete; no suspect identified,
beda6a4d4f584597280953fbf249ed6be41eb4ca2b007ddd4d34221dbac95eea,2024-03,Hampshire Constabulary,Hampshire Constabulary,-1.481065,50.993427,On or near Petrol Station,E01023176,Test Valley 010C,Shoplifting,Court result unavailable,
0fb679b9c498d5886ad9e7864f6ce770272afc3fd6e1abbc730a2f7954556b4c,2024-03,Hampshire Constabulary,Hampshire Constabulary,-1.481065,50.993427,On or near Petrol Station,E01023176,Test Valley 010C,Shoplifting,Court result unavailable,
a3f7ca79f9bbff7594176c54e76f5e3ec11533c82fe921ba3a4fea816001e2e1,2024-03,Hampshire Constabulary,Hampshire Constabulary,-1.481065,50.993427,On or near Petrol Station,E01023176,Test Valley 010C,Violence and sexual offences,Investigation complete; no suspect identified,
34184ad167fe6ba20caaf1ae31fa41e2aff6367ffc9e5b5eaa97dddbd1204980,2024-03,Hampshire Constabulary,Hampshire Constabulary,-1.476311,50.996796,On or near Savernake Close,E01023176,Test Valley 010C,Burglary,Investigation complete; no suspect identified,
7e519896a6a62417a2b1950aa1ead0f539eaf7d6e902ef9f61609eedcbb8a0d2,2024-03,Hampshire Constabulary,Hampshire Constabulary,-1.481065,50.993427,On or near Petrol Station,E01023176,Test Valley 010C,Burglary,Status update unavailable,
6f4b495a9f2d65d4fc2cfc696fb1bf8b8db6fad5d9f0b9ddbd811f806b96b1e2,2024-03,Hampshire Constabulary,Hampshire Constabulary,-1.481065,50.993427,On or near Petrol Station,E01023176,Test Valley 010C,Burglary,Investigation complete; no suspect identified,
9fb55d3877c1a663a25472274732510dfaa8e61e68faa87c3a1d8481c529f7fb,2024-03,Hampshire Constabulary,Hampshire Constabulary,-1.470583,50.990485,On or near Meon Close,E01023207,Test Valley 010D,Burglary,Investigation complete; no suspect identified,
,2024-03,Hampshire Constabulary,Hampshire Constabulary,-1.466866,50.984092,On or near Birch Close,E01023207,Test Valley 010D,Anti-social behaviour,,
,2024-03,Hampshire Constabulary,Hampshire Constabulary,-1.464149,50.984397,On or near Parking Area,E01023207,Test Valley 010D,Anti-social behaviour,,
,2024-03,Hampshire Constabulary,Hampshire Constabulary,-1.464149,50.984397,On or near Parking Area,E01023207,Test Valley 010D,Anti-social behaviour,,
,2024-03,Hampshire Constabulary,Hampshire Constabulary,-1.466866,50.984092,On or near Birch Close,E01023207,Test Valley 010D,Anti-social behaviour,,
f3102f202844d966813cf5edc80556e51e1e1e5e0c3e02b74e0125a3e74ae117,2024-03,Hampshire Constabulary,Hampshire Constabulary,-1.467915,50.984511,On or near Beech Close,E01023207,Test Valley 010D,Violence and sexual offences,Unable to prosecute suspect,
cc9447367e10d02ea4eb00181436624d80e8c2a94188c5255778b39765fbc38a,2024-03,Hampshire Constabulary,Hampshire Constabulary,-1.467987,50.985680,On or near Rowan Close,E01023207,Test Valley 010D,Violence and sexual offences,Unable to prosecute suspect,
,2024-03,Hampshire Constabulary,Hampshire Constabulary,-1.477149,50.990685,On or near Holyborne Road,E01023208,Test Valley 010E,Anti-social behaviour,,
1ca30411856be191d0b1da69cc44e0aef16260f438d82ca976d229c2f4c20541,2024-03,Hampshire Constabulary,Hampshire Constabulary,-1.476529,50.995116,On or near Brickwoods Close,E01023208,Test Valley 010E,Public order,Investigation complete; no suspect identified,
500193ef0f3cace3d6ba1a150a6398c14dc578ac2c304b5b37cd0e19f574edfd,2024-03,Hampshire Constabulary,Hampshire Constabulary,-1.471219,50.994705,On or near Park/Open Space,E01023208,Test Valley 010E,Violence and sexual offences,Unable to prosecute suspect,
db447db23766737606aae2c68456c8ef0d74977bf33a658d5f2551fab6436bcf,2024-03,Hampshire Constabulary,Hampshire Constabulary,-1.484221,50.991463,On or near Chirk Place,E01023209,Test Valley 010F,Criminal damage and arson,Investigation complete; no suspect identified,
f00d3884b7f85aeac8a076231897ac33b4bd28f4549648d4d09b55d2cfc292e5,2024-03,Hampshire Constabulary,Hampshire Constabulary,-1.487864,50.990598,On or near A3090,E01023150,Test Valley 011A,Burglary,Investigation complete; no suspect identified,
652ad61031042ad23384e9179c6bfc037832d8ae90b2a9d019e7b36438ffe0f4,2024-03,Hampshire Constabulary,Hampshire Constabulary,-1.489235,50.990334,On or near Winchester Road,E01023150,Test Valley 011A,Burglary,Investigation complete; no suspect identified,
76ddaa1fa6e1b3ac321f8801842462b6bb86931e36c91ed55e4b866dbd5cf92a,2024-03,Hampshire Constabulary,Hampshire Constabulary,-1.491821,50.989689,On or near Petrol Station,E01023150,Test Valley 011A,Criminal damage and arson,Awaiting court outcome,
810f5342b49f6976fcdfe5d07982464501602f585620ea05148c2fe646a6679a,2024-03,Hampshire Constabulary,Hampshire Constabulary,-1.493721,50.991846,On or near Fleming Place,E01023150,Test Valley 011A,Public order,Unable to prosecute suspect,
0725efe379467e4ac72d645be5aef977e456c6f0c26a4dcb6f0e5eb748014bf8,2024-03,Hampshire Constabulary,Hampshire Constabulary,-1.496997,50.990611,On or near Orchard Lane,E01023150,Test Valley 011A,Shoplifting,Investigation complete; no suspect identified,
9aa7cff891334db81f3603156ef1b195bb45f884ca791f51d763382e8149e904,2024-03,Hampshire Constabulary,Hampshire Constabulary,-1.496997,50.990611,On or near Orchard Lane,E01023150,Test Valley 011A,Shoplifting,Court result unavailable,
19f41dc73e6e57d6eec0152554130243cc52ac3191812cc2fbb8812b162f82c2,2024-03,Hampshire Constabulary,Hampshire Constabulary,-1.496997,50.990611,On or near Orchard Lane,E01023150,Test Valley 011A,Shoplifting,Court result unavailable,
c068956dfb77828f9e088346c3748c7804c59be0ff93da4f140cc3f6563dd4ec,2024-03,Hampshire Constabulary,Hampshire Constabulary,-1.496997,50.990611,On or near Orchard Lane,E01023150,Test Valley 011A,Violence and sexual offences,Investigation complete; no suspect identified,
,2024-03,Hampshire Constabulary,Hampshire Constabulary,-1.485175,50.990307,On or near Tadfield Road,E01023150,Test Valley 011A,Anti-social behaviour,,
a5eba96b7d7785ac6a659de298119f5158753a085046c7674b9a004e7c6e59a4,2024-03,Hampshire Constabulary,Hampshire Constabulary,-1.490147,50.990329,On or near Plaza Mews,E01023150,Test Valley 011A,Burglary,Investigation complete; no suspect identified,
0a4ffdbe1b170bdf16fb3e0067ab9fde94ddfd378307b66f807df451495b7f35,2024-03,Hampshire Constabulary,Hampshire Constabulary,-1.489235,50.990334,On or near Winchester Road,E01023150,Test Valley 011A,Criminal damage and arson,Investigation complete; no suspect identified,
f6cc0a956630545b2a8e80844835161f3f9765483af2dd12fff25020649ece65,2024-03,Hampshire Constabulary,Hampshire Constabulary,-1.488736,50.989046,On or near Knatchbull Close,E01023150,Test Valley 011A,Criminal damage and arson,Investigation complete; no suspect identified,
d7c2756ef6097f767990f3c312ccf7aebfff2eecb802c1205c39496a3fcef2f9,2024-03,Hampshire Constabulary,Hampshire Constabulary,-1.488736,50.989046,On or near Knatchbull Close,E01023150,Test Valley 011A,Vehicle crime,Investigation complete; no suspect identified,
c178f4056becd053d82260657d1254aa9f7b8b4270f29a038fe91f79055f9484,2024-03,Hampshire Constabulary,Hampshire Constabulary,-1.496997,50.990611,On or near Orchard Lane,E01023150,Test Valley 011A,Vehicle crime,Status update unavailable,
59317863f7e840770069d96d3d67f2ee5b65d9a8350a2a3e3deb573fc0e74ff7,2024-03,Hampshire Constabulary,Hampshire Constabulary,-1.493721,50.991846,On or near Fleming Place,E01023150,Test Valley 011A,Violence and sexual offences,Unable to prosecute suspect,
838728ea6e7532b2b89ac39bb7db60194bd6a1868344484648bc05457a9af251,2024-03,Hampshire Constabulary,Hampshire Constabulary,-1.499401,50.988355,On or near Shopping Area,E01023151,Test Valley 011B,Burglary,Unable to prosecute suspect,
4afbad129eb60a83bd01d62ad53267dc05d015241e2a587938cc86d2debf5720,2024-03,Hampshire Constabulary,Hampshire Constabulary,-1.501217,50.987751,On or near Newton Lane,E01023151,Test Valley 011B,Burglary,Investigation complete; no suspect identified,
81600f1b5e024c1d90450c9e036c2a1daf396534b01721a727df0fa79398031c,2024-03,Hampshire Constabulary,Hampshire Constabulary,-1.493620,50.987970,On or near Cressey Road,E01023151,Test Valley 011B,Burglary,Unable to prosecute suspect,
e98adabdfa19bb2511cf33316f3b7a19544fabd28361c53d1f1ad77d327b69d7,2024-03,Hampshire Constabulary,Hampshire Constabulary,-1.497155,50.989136,On or near Victoria Place,E01023151,Test Valley 011B,Shoplifting,Investigation complete; no suspect identified,
a3391ef085158c1beb9d44ee3306dbfcba73ff63a6152d013207aebd5c911b22,2024-03,Hampshire Constabulary,Hampshire Constabulary,-1.499401,50.988355,On or near Shopping Area,E01023151,Test Valley 011B,Shoplifting,Investigation complete; no suspect identified,
aebea1ebe77544bbba3363561203979c9c2df7e9ce607c50aad33d52ed5f2bf1,2024-03,Hampshire Constabulary,Hampshire Constabulary,-1.499401,50.988355,On or near Shopping Area,E01023151,Test Valley 011B,Shoplifting,Unable to prosecute suspect,
c3e49b731da9c628ca8d95c51915914e63cf4f70c3e38c0f32ab9ec12e45277c,2024-03,Hampshire Constabulary,Hampshire Constabulary,-1.498413,50.986156,On or near Park/Open Space,E01023151,Test Valley 011B,Violence and sexual offences,Unable to prosecute suspect,
e8d2a988c59ba373572adc2c510ac0ba68af2a2daf69d77b08c1925a126b4d6e,2024-03,Hampshire Constabulary,Hampshire Constabulary,-1.497155,50.989136,On or near Victoria Place,E01023151,Test Valley 011B,Violence and sexual offences,Investigation complete; no suspect identified,
97bba3f8fc611551601e03e6337c99e1292a58d7ab410325acaf92c335bc2add,2024-03,Hampshire Constabulary,Hampshire Constabulary,-1.498463,50.986768,On or near Banning Street,E01023151,Test Valley 011B,Violence and sexual offences,Unable to prosecute suspect,
,2024-03,Hampshire Constabulary,Hampshire Constabulary,-1.499401,50.988355,On or near Shopping Area,E01023151,Test Valley 011B,Anti-social behaviour,,
,2024-03,Hampshire Constabulary,Hampshire Constabulary,-1.498413,50.986156,On or near Park/Open Space,E01023151,Test Valley 011B,Anti-social behaviour,,
293c441f06edfaaafdeb3e3c31b17769a961f4bad69041d38397fd6d36fd2bc9,2024-03,Hampshire Constabulary,Hampshire Constabulary,-1.495604,50.987691,On or near Palmerston Street,E01023151,Test Valley 011B,Bicycle theft,Investigation complete; no suspect identified,
111c17ea19534ceb8d7c062a5f5fbc9ef06addc750578f85e538df7973c6acef,2024-03,Hampshire Constabulary,Hampshire Constabulary,-1.495604,50.987691,On or near Palmerston Street,E01023151,Test Valley 011B,Burglary,Investigation complete; no suspect identified,
35e5ca223dfa9be156b064090fa2389bec66b842c0d442ebef6b6fa12d9d0da7,2024-03,Hampshire Constabulary,Hampshire Constabulary,-1.498463,50.986768,On or near Banning Street,E01023151,Test Valley 011B,Criminal damage and arson,Investigation complete; no suspect identified,
8fefbd83b069e97f20778bf61e02c1d849f955bf4ab4b2603673100407af6b75,2024-03,Hampshire Constabulary,Hampshire Constabulary,-1.500347,50.987819,On or near Parking Area,E01023151,Test Valley 011B,Vehicle crime,Investigation complete; no suspect identified,
fa9b7954cbe470d77b0518fe7fe6ca7908055cdb33a2173931cd3dc6f918725b,2024-03,Hampshire Constabulary,Hampshire Constabulary,-1.505116,50.985430,On or near Causeway,E01023152,Test Valley 011C,Burglary,Investigation complete; no suspect identified,
c041033ee90e7f4565543a6625ac02312cab467d211d717dfa25271aef786146,2024-03,Hampshire Constabulary,Hampshire Constabulary,-1.498867,50.995627,On or near Greatbridge Road,E01023152,Test Valley 011C,Burglary,Unable to prosecute suspect,
5a03300dafad3ce231ce3043a0664f2b25f7ac1f247c3cbfd28f61c9dd3635fa,2024-03,Hampshire Constabulary,Hampshire Constabulary,-1.500787,50.997236,On or near Budds Lane,E01023152,Test Valley 011C,Other theft,Investigation complete; no suspect identified,
ba112523bb20fd6fe87242e400f286e6784551f3d3a0915c184078de28f8aaef,2024-03,Hampshire Constabulary,Hampshire Constabulary,-1.498110,50.989132,On or near Supermarket,E01023152,Test Valley 011C,Other theft,Unable to prosecute suspect,
baf34cc34e2db8508b301d405b84524af16a55a737e48868e53f147fd4eebfe0,2024-03,Hampshire Constabulary,Hampshire Constabulary,-1.498769,50.998055,On or near Petrol Station,E01023152,Test Valley 011C,Other theft,Local resolution,
99b8bd7cc9d013bcc6a8c885899fc775aad68e0b8ece03752b0f7b59582eb4af,2024-03,Hampshire Constabulary,Hampshire Constabulary,-1.500516,50.991957,On or near Cherville Street,E01023152,Test Valley 011C,Public order,Unable to prosecute suspect,
654adfb6486f61336c3d0a75f9e708e2c31ca02849e0ca387afa637aac557381,2024-03,Hampshire Constabulary,Hampshire Constabulary,-1.498769,50.998055,On or near Petrol Station,E01023152,Test Valley 011C,Public order,Unable to prosecute suspect,
eb5d48552c52c7abeb6534f12ae3e93b7250f618e1c3499be977bf4430213c85,2024-03,Hampshire Constabulary,Hampshire Constabulary,-1.500595,50.991210,On or near The Horsefair,E01023152,Test Valley 011C,Public order,Unable to prosecute suspect,
025a9b9e49158ad5acb10c211c3432861d0aba5ef2bdac53c7a5020817ec6888,2024-03,Hampshire Constabulary,Hampshire Constabulary,-1.498769,50.998055,On or near Petrol Station,E01023152,Test Valley 011C,Shoplifting,Investigation complete; no suspect identified,
773cb0847c6a5f90410ca809edd3816bcb41ebd2dd60dbc29d06b822015652c3,2024-03,Hampshire Constabulary,Hampshire Constabulary,-1.497835,50.989571,On or near Latimer Street,E01023152,Test Valley 011C,Shoplifting,Investigation complete; no suspect identified,
9db067efdb8e7fe89893ac7edea245e25137d6602710a85eb8c7e91a7aa2836a,2024-03,Hampshire Constabulary,Hampshire Constabulary,-1.498769,50.998055,On or near Petrol Station,E01023152,Test Valley 011C,Violence and sexual offences,Unable to prosecute suspect,
bfed035dabdf8ae3ad0b1de8c2068ab11ba08ed25720b724e7483583e8e28784,2024-03,Hampshire Constabulary,Hampshire Constabulary,-1.500929,50.994638,On or near Priestlands,E01023152,Test Valley 011C,Violence and sexual offences,Action to be taken by another organisation,
,2024-03,Hampshire Constabulary,Hampshire Constabulary,-1.498110,50.989132,On or near Supermarket,E01023152,Test Valley 011C,Anti-social behaviour,,
,2024-03,Hampshire Constabulary,Hampshire Constabulary,-1.498769,50.998055,On or near Petrol Station,E01023152,Test Valley 011C,Anti-social behaviour,,
3c3079e06d2202cd94343a0f86edb12830f53043a548de2d4246221e52a6636a,2024-03,Hampshire Constabulary,Hampshire Constabulary,-1.505116,50.985430,On or near Causeway,E01023152,Test Valley 011C,Burglary,Investigation complete; no suspect identified,
72385795f240cd1f32b2bc01fb48bbe7f2137412c1370b5743fbb938b9ea7e4c,2024-03,Hampshire Constabulary,Hampshire Constabulary,-1.501190,50.988947,On or near The Abbey,E01023152,Test Valley 011C,Burglary,Investigation complete; no suspect identified,
80ffa8e1632a8ff1289e0faf2236c6c4b21779723675001e56bfe5fb30c19791,2024-03,Hampshire Constabulary,Hampshire Constabulary,-1.500710,50.989844,On or near Church Place,E01023152,Test Valley 011C,Criminal damage and arson,Investigation complete; no suspect identified,
9ff31a0f04836f80c47ba86f38771b572d2f0912b93f2c2a3556a2e01601f816,2024-03,Hampshire Constabulary,Hampshire Constabulary,-1.501190,50.988947,On or near The Abbey,E01023152,Test Valley 011C,Criminal damage and arson,Investigation complete; no suspect identified,
5012d3144a22e0781af1d3dc4302dd4899fa6ad3e4523101ac011629d5967524,2024-03,Hampshire Constabulary,Hampshire Constabulary,-1.501190,50.988947,On or near The Abbey,E01023152,Test Valley 011C,Criminal damage and arson,Investigation complete; no suspect identified,
656ee1b86dd4c8c610cc251ddf7b6d76ae7a1ef4f3c9167f4f5eff494a304f4c,2024-03,Hampshire Constabulary,Hampshire Constabulary,-1.498769,50.998055,On or near Petrol Station,E01023152,Test Valley 011C,Other theft,Investigation complete; no suspect identified,
f1a3fb076a4cca06dc7c4f0e4c67535b64a63b10eb4f4c173318d6144938f4e1,2024-03,Hampshire Constabulary,Hampshire Constabulary,-1.498769,50.998055,On or near Petrol Station,E01023152,Test Valley 011C,Other theft,Investigation complete; no suspect identified,
c0a5ab593b652423efced2f659aac9c26afceb441ff5969fa49f926318a49e50,2024-03,Hampshire Constabulary,Hampshire Constabulary,-1.498769,50.998055,On or near Petrol Station,E01023152,Test Valley 011C,Other theft,Investigation complete; no suspect identified,
63de45848c667f5df9309aafdd75a7caaaab1d7ab20c579cd905f4d901eeeae9,2024-03,Hampshire Constabulary,Hampshire Constabulary,-1.498769,50.998055,On or near Petrol Station,E01023152,Test Valley 011C,Other theft,Investigation complete; no suspect identified,
b54400968ad94b29142f4ad2cf518d15bae3844b7a512548386e8a7894fb56d1,2024-03,Hampshire Constabulary,Hampshire Constabulary,-1.498769,50.998055,On or near Petrol Station,E01023152,Test Valley 011C,Other theft,Investigation complete; no suspect identified,
bfb87e9fa5d33b662f6d54a063478c57c4ec8715f35dda39286500fadca4a8bf,2024-03,Hampshire Constabulary,Hampshire Constabulary,-1.498769,50.998055,On or near Petrol Station,E01023152,Test Valley 011C,Other theft,Investigation complete; no suspect identified,
d47eaf9789b3c5af3e3d318beef367928bb9e4e82dfb0bdb479867a5649045c7,2024-03,Hampshire Constabulary,Hampshire Constabulary,-1.498769,50.998055,On or near Petrol Station,E01023152,Test Valley 011C,Other theft,Investigation complete; no suspect identified,
93ed26e2c0b6e685aabef155975a6ed60bb7639cd5d28989d520f4bbb62f6f79,2024-03,Hampshire Constabulary,Hampshire Constabulary,-1.498769,50.998055,On or near Petrol Station,E01023152,Test Valley 011C,Other theft,Investigation complete; no suspect identified,
7c574f4230a6b8f0fcf4f803e60ef664dd805c06582fa9752401ffe2b5187e62,2024-03,Hampshire Constabulary,Hampshire Constabulary,-1.498769,50.998055,On or near Petrol Station,E01023152,Test Valley 011C,Public order,Investigation complete; no suspect identified,
f74e20dd51575cf38c44d618925290f9c1620f59a0f83b566293ba1ebad264c2,2024-03,Hampshire Constabulary,Hampshire Constabulary,-1.498110,50.989132,On or near Supermarket,E01023152,Test Valley 011C,Shoplifting,Status update unavailable,
0be113dae0c3b7c4148b6fc13321160c75dd8845ed87a77a2304ab7955405d2a,2024-03,Hampshire Constabulary,Hampshire Constabulary,-1.498769,50.998055,On or near Petrol Station,E01023152,Test Valley 011C,Shoplifting,Status update unavailable,
c94b9138093af94e6b01a1a8beb0c505c447b754a200e8f011c02b8e8ea2cf08,2024-03,Hampshire Constabulary,Hampshire Constabulary,-1.498110,50.989132,On or near Supermarket,E01023152,Test Valley 011C,Shoplifting,Investigation complete; no suspect identified,
5bafdf7fbcd20873c88e000fa061f0335601576e73edf2eb5da76df46dd71f66,2024-03,Hampshire Constabulary,Hampshire Constabulary,-1.506223,50.989886,On or near Millstream Rise,E01023152,Test Valley 011C,Vehicle crime,Investigation complete; no suspect identified,
ea770d3bcf27f8bd3f966ac8ccc91ed1f5df121ce413d8697a38a38ac8eff890,2024-03,Hampshire Constabulary,Hampshire Constabulary,-1.498769,50.998055,On or near Petrol Station,E01023152,Test Valley 011C,Vehicle crime,Status update unavailable,
c72ad835025dcb4adae7df67843f493ffb58d96f7c7cfcf67a8032746e837929,2024-03,Hampshire Constabulary,Hampshire Constabulary,-1.498110,50.989132,On or near Supermarket,E01023152,Test Valley 011C,Violence and sexual offences,Status update unavailable,
c6e139070153a3d29f71f20f007af9d1b79696473b49e1d3f63f69a880779b1b,2024-03,Hampshire Constabulary,Hampshire Constabulary,-1.481003,50.990028,On or near Symes Road,E01023206,Test Valley 011D,Other theft,Unable to prosecute suspect,
d8e87e2b95599d9bbaf0a1b9d005fa370fb300291203c7057c3c5b43a7ac8823,2024-03,Hampshire Constabulary,Hampshire Constabulary,-1.483149,50.989201,On or near Fryers Close,E01023206,Test Valley 011D,Violence and sexual offences,Unable to prosecute suspect,
684c3b813b45405aeb9eaa1f809475adb497d7c20c89cf5655ad0bbdb7d5d43c,2024-03,Hampshire Constabulary,Hampshire Constabulary,-1.479328,50.989463,On or near Chambers Avenue,E01023206,Test Valley 011D,Criminal damage and arson,Investigation complete; no suspect identified,
59694451fb69add735248d1671611743bd7611851ccff1d4004e719846e67523,2024-03,Hampshire Constabulary,Hampshire Constabulary,-1.479776,50.990166,On or near Allan Grove,E01023206,Test Valley 011D,Violence and sexual offences,Unable to prosecute suspect,
1c6aa659c46d72edf0739be7272bfc926c9ef8b00e255cc2eec457c6698ac0e0,2024-03,Hampshire Constabulary,Hampshire Constabulary,-1.479776,50.990166,On or near Allan Grove,E01023206,Test Valley 011D,Violence and sexual offences,Unable to prosecute suspect,
607d48782c7bcd064a212566030eb443fcd2be390de02473d92fae76854d0495,2024-03,Hampshire Constabulary,Hampshire Constabulary,-1.469535,51.017421,On or near Kiln Lane,E01023158,Test Valley 012A,Drugs,Further investigation is not in the public interest,
c6cd99e047e93e41928155297d4db12a1ce311ef343d12a09b7eadf0b76636d9,2024-03,Hampshire Constabulary,Hampshire Constabulary,-1.462174,51.036298,On or near Kings Somborne Road,E01023158,Test Valley 012A,Burglary,Investigation complete; no suspect identified,
f00bc4ccfc754d09743156c8e222e77b0da6e33178ee3e6b5d51e72547baf475,2024-03,Hampshire Constabulary,Hampshire Constabulary,-1.435394,51.007819,On or near Winghams Lane,E01023158,Test Valley 012A,Burglary,Investigation complete; no suspect identified,
cfdcbf0a4e05f49388cd3838942c71bef63428f466e9e08bb05294f6e9585996,2024-03,Hampshire Constabulary,Hampshire Constabulary,-1.469535,51.017421,On or near Kiln Lane,E01023158,Test Valley 012A,Drugs,Status update unavailable,
882a9b211819a4ace56cf20ee90f1fc21925508fb59a30bd4ee66a548fa7fb5e,2024-03,Hampshire Constabulary,Hampshire Constabulary,-1.399091,51.003331,On or near Hook Road,E01023158,Test Valley 012A,Vehicle crime,Investigation complete; no suspect identified,
072ac484d8191f8d92e93afdf17e4bd9cbbec2d4f471f07a11b5b4455838b0b1,2024-03,Hampshire Constabulary,Hampshire Constabulary,-1.399647,51.002255,On or near Hook Close,E01023158,Test Valley 012A,Vehicle crime,Investigation complete; no suspect identified,
b37265f5c9cc936186b940cb1b1eff8bfe3406d5d4b9fb26aa38b7f3e65bab73,2024-03,Hampshire Constabulary,Hampshire Constabulary,-1.399647,51.002255,On or near Hook Close,E01023158,Test Valley 012A,Violence and sexual offences,Formal action is not in the public interest,
e12d7c0acc0135d61ebcba05501cabd6fc661cae0bdb83bd886758bfd632659c,2024-03,Hampshire Constabulary,Hampshire Constabulary,-1.450744,50.975232,On or near Woodside Road,E01023191,Test Valley 012B,Violence and sexual offences,Court result unavailable,
af1c326ca7b09f88394cc3b0ae1306ceb7b21e5a72cc1ce09817746422c90483,2024-03,Hampshire Constabulary,Hampshire Constabulary,-1.450744,50.975232,On or near Woodside Road,E01023191,Test Valley 012B,Violence and sexual offences,Unable to prosecute suspect,
c6cb43e79153bf0e963ab601150a448a656eaa638478a4aa20c221861c45e5e4,2024-03,Hampshire Constabulary,Hampshire Constabulary,-1.446082,50.974392,On or near St Christophers Close,E01023191,Test Valley 012B,Other crime,Investigation complete; no suspect identified,
,2024-03,Hampshire Constabulary,Hampshire Constabulary,-1.443402,50.975809,On or near Borden Way,E01023191,Test Valley 012B,Anti-social behaviour,,
ba2de339179db4a2e2d4ecc88e6d9737fbbdf422125a5fac00d5e4a9425f1edf,2024-03,Hampshire Constabulary,Hampshire Constabulary,-1.443402,50.975809,On or near Borden Way,E01023191,Test Valley 012B,Criminal damage and arson,Investigation complete; no suspect identified,
b8186987a3a919440f42325592b8a08d4e8401e22f1617dbc90acf705433ca9e,2024-03,Hampshire Constabulary,Hampshire Constabulary,-1.446082,50.974392,On or near St Christophers Close,E01023191,Test Valley 012B,Other theft,Investigation complete; no suspect identified,
a2a63a82f1b85725cb33a335ce90e53ab2af4df283f40508b90d33e4854da613,2024-03,Hampshire Constabulary,Hampshire Constabulary,-1.449295,50.972995,On or near Sports/Recreation Area,E01023191,Test Valley 012B,Violence and sexual offences,Status update unavailable,
e8689d63e984b8c0bf942765a71cc19acfff88cadc9d921f58fd31f53f2eb2de,2024-03,Hampshire Constabulary,Hampshire Constabulary,-1.437199,50.975195,On or near Fleming Avenue,E01023192,Test Valley 012C,Drugs,Local resolution,
5f5001c7d926a8c6d4b3172b3762449a5e66066f0359d5441699f2f50eadfbc3,2024-03,Hampshire Constabulary,Hampshire Constabulary,-1.438956,50.974754,On or near Brownhill Road,E01023192,Test Valley 012C,Public order,Unable to prosecute suspect,
a8999e87a9bb28fb0bfaf7129bb88fd2f546f3155a906b3064e0bcea7cb11be5,2024-03,Hampshire Constabulary,Hampshire Constabulary,-1.438736,50.977648,On or near Edwina Close,E01023192,Test Valley 012C,Public order,Further investigation is not in the public interest,
0367cdafe2751defa0b114157e75d8e9455e7c3f64c051c71817634603f44db9,2024-03,Hampshire Constabulary,Hampshire Constabulary,-1.444017,50.972053,On or near Winstone Crescent,E01023192,Test Valley 012C,Violence and sexual offences,Unable to prosecute suspect,
a537f866f2f76ed6a2d93b83ce6b6e7b51a6e054ac6ce8b715848d7c483b45bd,2024-03,Hampshire Constabulary,Hampshire Constabulary,-1.437878,50.977968,On or near Supermarket,E01023192,Test Valley 012C,Violence and sexual offences,Unable to prosecute suspect,
3db95c678a64ec8dda1fc254b7c27b01da45086f93708424159549a0f9752be7,2024-03,Hampshire Constabulary,Hampshire Constabulary,-1.438736,50.977648,On or near Edwina Close,E01023192,Test Valley 012C,Violence and sexual offences,Offender given a caution,
d2c533e7d1f1e7601e46bfb9a866a170ac7535adfd6b9ec0b884c4f1eda53ddb,2024-03,Hampshire Constabulary,Hampshire Constabulary,-1.437878,50.977968,On or near Supermarket,E01023192,Test Valley 012C,Shoplifting,Investigation complete; no suspect identified,
25b647ddbb8299345b6639c96d5f5e478cf138c43e0e9e9245e98bb719a15186,2024-03,Hampshire Constabulary,Hampshire Constabulary,-1.441508,50.973363,On or near Tanners Road,E01023192,Test Valley 012C,Vehicle crime,Investigation complete; no suspect identified,
1202eb533fb065ab29808ef9a3af4d8024bdec92e4e56ea22d39bd06f264f255,2024-03,Hampshire Constabulary,Hampshire Constabulary,-1.444017,50.972053,On or near Winstone Crescent,E01023192,Test Valley 012C,Violence and sexual offences,Unable to prosecute suspect,
50b4f9b95ddaa5292b159be8bd2244ccfd1f08d8bf098a4f459764a162cf781a,2024-03,Hampshire Constabulary,Hampshire Constabulary,-1.441508,50.973363,On or near Tanners Road,E01023192,Test Valley 012C,Violence and sexual offences,Status update unavailable,
bfa94c13497e8935b648d6e726612773e340ca980fb0be87d1c99032ded6dc27,2024-03,Hampshire Constabulary,Hampshire Constabulary,-1.438956,50.974754,On or near Brownhill Road,E01023192,Test Valley 012C,Violence and sexual offences,Investigation complete; no suspect identified,
d8e92426f522458f3f9a37ee6c47f89eff1f3a45dac729f1ab92dac2a3721058,2024-03,Hampshire Constabulary,Hampshire Constabulary,-1.439111,50.976148,On or near The Vineyards,E01023192,Test Valley 012C,Other crime,Status update unavailable,
05b1deb36c4810102242810186227e33226c335f962bf4539f92efd963a7232c,2024-03,Hampshire Constabulary,Hampshire Constabulary,-1.437233,50.979493,On or near Knights Meadow,E01023193,Test Valley 012D,Criminal damage and arson,Unable to prosecute suspect,
49ed2a3b957d75bbf612daabc7e9c4577222bdae911410bc0a3cc0590898fff8,2024-03,Hampshire Constabulary,Hampshire Constabulary,-1.442035,50.979976,On or near Petrol Station,E01023193,Test Valley 012D,Other theft,Investigation complete; no suspect identified,
a5099f7bc1ed7a50955538b914aac3303a91a9314b08a97af0f3cb9c12ef0015,2024-03,Hampshire Constabulary,Hampshire Constabulary,-1.433781,50.976383,On or near Castle Lane,E01023193,Test Valley 012D,Public order,Local resolution,
3202c73314a72a1fb20c4671a9454db8303091b86c35c950237559c7453e2530,2024-03,Hampshire Constabulary,Hampshire Constabulary,-1.443627,50.980837,On or near Emer Close,E01023193,Test Valley 012D,Violence and sexual offences,Unable to prosecute suspect,
2a03c3c8ea7f66f79d862b072c74111f1385f8387a77f505ca0bc60cbc664514,2024-03,Hampshire Constabulary,Hampshire Constabulary,-1.436626,50.980210,On or near Street End,E01023193,Test Valley 012D,Violence and sexual offences,Unable to prosecute suspect,
,2024-03,Hampshire Constabulary,Hampshire Constabulary,-1.433781,50.976383,On or near Castle Lane,E01023193,Test Valley 012D,Anti-social behaviour,,
05702c5dd3a059dba3409b00e7e31dabd38b539a4d737459e9701f11caec033b,2024-03,Hampshire Constabulary,Hampshire Constabulary,-1.448490,50.980365,On or near Juniper Close,E01023193,Test Valley 012D,Criminal damage and arson,Unable to prosecute suspect,
946baf33675ccd4720fdc7f0a261c51e709d363db04980ea34e8a734ad053e9e,2024-03,Hampshire Constabulary,Hampshire Constabulary,-1.445286,50.980224,On or near Whitebeam Way,E01023193,Test Valley 012D,Criminal damage and arson,Investigation complete; no suspect identified,
5222a6004dfe7a6cde29404d30b75e0e7a22c6ee4ea985f264ca7e58a52258e7,2024-03,Hampshire Constabulary,Hampshire Constabulary,-1.468063,50.995302,On or near Hestia Close,E01023200,Test Valley 012F,Burglary,Investigation complete; no suspect identified,
7468e53cb970969a284b78c4544ce9ac283326b5ed0d2f23babfd973c13e2d8f,2024-03,Hampshire Constabulary,Hampshire Constabulary,-1.469367,50.994643,On or near Feltham Close,E01023200,Test Valley 012F,Public order,Investigation complete; no suspect identified,
748c96be1b214c5f42e0f4c55d280fd36544434d9f4824d6bd4d1d25e2be7464,2024-03,Hampshire Constabulary,Hampshire Constabulary,-1.534929,51.014471,On or near Dunbridge Lane,E01023162,Test Valley 013A,Burglary,Investigation complete; no suspect identified,
70f8b0ef65ead4f610b24684ca86463b61e4cb9722691986dbe48a11dc1dfcec,2024-03,Hampshire Constabulary,Hampshire Constabulary,-1.586171,50.997480,On or near Mill Lane,E01023162,Test Valley 013A,Vehicle crime,Unable to prosecute suspect,
56211c44f479ef1cc6535f70a5ab71e01593ae5f24bf237ec7d9b6bd2733c51b,2024-03,Hampshire Constabulary,Hampshire Constabulary,-1.546348,51.012996,On or near Danes Road,E01023162,Test Valley 013A,Violence and sexual offences,Unable to prosecute suspect,
61e1ce9eee72825f1f4532a6c19facf7d01b6b8f317d9e9d2ad1f4f29e7645f5,2024-03,Hampshire Constabulary,Hampshire Constabulary,-1.567001,51.005575,On or near Doctor'S Hill,E01023162,Test Valley 013A,Public order,Unable to prosecute suspect,
7f7125cd73e2979105879c0879e312bc841a805c033d8b987ec8f0718f096369,2024-03,Hampshire Constabulary,Hampshire Constabulary,-1.567001,51.005575,On or near Doctor'S Hill,E01023162,Test Valley 013A,Violence and sexual offences,Unable to prosecute suspect,
587f45a63e190379822287d469e069f5279df79580762dde947234cef47e7d4d,2024-03,Hampshire Constabulary,Hampshire Constabulary,-1.576627,50.975163,On or near Romsey Road,E01023163,Test Valley 013B,Violence and sexual offences,Local resolution,
,2024-03,Hampshire Constabulary,Hampshire Constabulary,-1.590649,50.971202,On or near Nightingale Close,E01023163,Test Valley 013B,Anti-social behaviour,,
cb80763dc7e983dcd4a368733b1997716bcac06178b86ad4b0d4d15e8a24d950,2024-03,Hampshire Constabulary,Hampshire Constabulary,-1.566413,50.964604,On or near Elmdale Grove,E01023163,Test Valley 013B,Criminal damage and arson,Investigation complete; no suspect identified,
3de2f132eef25d16c412b64f6af6d0073f6d4268cfa18e3c08d9be7a179ced6f,2024-03,Hampshire Constabulary,Hampshire Constabulary,-1.576627,50.975163,On or near Romsey Road,E01023163,Test Valley 013B,Violence and sexual offences,Action to be taken by another organisation,
d4df632c8ebf28bf9bd150afaf559d50f8ff5584121b731afa7b7e026b5efeac,2024-03,Hampshire Constabulary,Hampshire Constabulary,-1.612686,50.999684,On or near The Drive,E01023164,Test Valley 013C,Burglary,Investigation complete; no suspect identified,
5a5b02371a3398a73c78f661955dad5b77db2f695d1018f440875a4dbb6c65fb,2024-03,Hampshire Constabulary,Hampshire Constabulary,-1.585655,50.972191,On or near Gazing Lane,E01023164,Test Valley 013C,Criminal damage and arson,Unable to prosecute suspect,
c935f9e75492da2364a9cd5e3376c1352f6464f6b6853bfa5ef69eb80b329ef7,2024-03,Hampshire Constabulary,Hampshire Constabulary,-1.587581,50.970256,On or near Gurnays Mead,E01023164,Test Valley 013C,Violence and sexual offences,Local resolution,
1dc9ac849a9a18c9d8fd225cec5c3b9c222ed1b5ed2bc6ae9d834d9a13cf4b06,2024-03,Hampshire Constabulary,Hampshire Constabulary,-1.587581,50.970256,On or near Gurnays Mead,E01023164,Test Valley 013C,Violence and sexual offences,Local resolution,
db151d9889eba90e5ddf7c5ba5daf17b791adc2e60e6e19ade7e0189b790e31b,2024-03,Hampshire Constabulary,Hampshire Constabulary,-1.587581,50.970256,On or near Gurnays Mead,E01023164,Test Valley 013C,Violence and sexual offences,Local resolution,
ff277f0d402fcaca0a60eea357fbdbe315d06d6a3b61aa2966b4452310abbb6f,2024-03,Hampshire Constabulary,Hampshire Constabulary,-1.579256,50.969534,On or near School Road,E01023164,Test Valley 013C,Violence and sexual offences,Unable to prosecute suspect,
4ed5b73e0282e09a875e9197e0cb166d90f2972b8b17d863db018a335ae7351e,2024-03,Hampshire Constabulary,Hampshire Constabulary,-1.589249,50.971674,On or near The Beeches,E01023164,Test Valley 013C,Burglary,Investigation complete; no suspect identified,
a45d80b2bbdb298b85f465cc8a17bd132b25e33e8ce7e10a52b2afd8b0b8452c,2024-03,Hampshire Constabulary,Hampshire Constabulary,-1.587548,50.972306,On or near Slab Lane,E01023164,Test Valley 013C,Violence and sexual offences,Status update unavailable,
5f0385df48c87dc11575a56f57bb585515de985e02542f4305dfc1fadd977d10,2024-03,Hampshire Constabulary,Hampshire Constabulary,-1.470613,51.004081,On or near Woodley Close,E01035450,Test Valley 013E,Burglary,Investigation complete; no suspect identified,
0b2a9f3941b1f68005b1d519bbf1fdafeaf1db84f1e904cbe0be1f878811fea7,2024-03,Hampshire Constabulary,Hampshire Constabulary,-1.476403,51.003802,On or near Furze Drive,E01035450,Test Valley 013E,Criminal damage and arson,Action to be taken by another organisation,
3720905372ce04eb2af6e5e137b2df38fa25afe6573d94b0291fb7cfc2dcf54a,2024-03,Hampshire Constabulary,Hampshire Constabulary,-1.471848,51.003305,On or near Ganger Farm Lane,E01035450,Test Valley 013E,Violence and sexual offences,Action to be taken by another organisation,
8b9cd17f419c74ec28d7f6527e7367489bd027ebf4b53d58a7cebe5b143cb58c,2024-03,Hampshire Constabulary,Hampshire Constabulary,-1.471489,51.002269,On or near Ganger Road,E01035450,Test Valley 013E,Violence and sexual offences,Unable to prosecute suspect,
7248febb9fc191a70c328eeca7bf85dbc4cb3999b73f26ecfcf2fbb95923e4a7,2024-03,Hampshire Constabulary,Hampshire Constabulary,-1.459808,51.010408,On or near Jermyns Lane,E01035450,Test Valley 013E,Violence and sexual offences,Unable to prosecute suspect,
,2024-03,Hampshire Constabulary,Hampshire Constabulary,-1.475116,51.004192,On or near Cutforth Way,E01035450,Test Valley 013E,Anti-social behaviour,,
,2024-03,Hampshire Constabulary,Hampshire Constabulary,-1.475965,51.003449,On or near Minchin Road,E01035450,Test Valley 013E,Anti-social behaviour,,
34f844889f704ff202ba29a329ef84a9dbcca8e23b572badfa6f55c4ea1f5c08,2024-03,Hampshire Constabulary,Hampshire Constabulary,-1.470613,51.004081,On or near Woodley Close,E01035450,Test Valley 013E,Burglary,Investigation complete; no suspect identified,
0e6aad77d3970d5f9081ce90d421acd901a65d02d534292f9a7b8ff1435b27ce,2024-03,Hampshire Constabulary,Hampshire Constabulary,-1.475116,51.004192,On or near Cutforth Way,E01035450,Test Valley 013E,Other theft,Status update unavailable,
862c1fdd20008e6d3099f99179cae922225a7662456d3f90b9bdf8d1c26da33f,2024-03,Hampshire Constabulary,Hampshire Constabulary,-1.470614,51.001474,On or near Norris Close,E01035450,Test Valley 013E,Other theft,Investigation complete; no suspect identified,
ebb66ef3d3362d684004dff09b0e6ed60bae95c5939f565ff5902e4a35823351,2024-03,Hampshire Constabulary,Hampshire Constabulary,-1.471848,51.003305,On or near Ganger Farm Lane,E01035450,Test Valley 013E,Vehicle crime,Investigation complete; no suspect identified,
bd59621963c6efc61ee9acb2f18a6c374b3f125d874a0c1ea6a849b05b8a1dff,2024-03,Hampshire Constabulary,Hampshire Constabulary,-1.459808,51.010408,On or near Jermyns Lane,E01035450,Test Valley 013E,Violence and sexual offences,Unable to prosecute suspect,
,2024-03,Hampshire Constabulary,Hampshire Constabulary,-1.474388,51.005492,On or near Withers Road,E01035451,Test Valley 013F,Anti-social behaviour,,
,2024-03,Hampshire Constabulary,Hampshire Constabulary,-1.474388,51.005492,On or near Withers Road,E01035451,Test Valley 013F,Anti-social behaviour,,
,2024-03,Hampshire Constabulary,Hampshire Constabulary,-1.478366,51.004107,On or near Hodinott Close,E01035451,Test Valley 013F,Anti-social behaviour,,
,2024-03,Hampshire Constabulary,Hampshire Constabulary,-1.474388,51.005492,On or near Withers Road,E01035451,Test Valley 013F,Anti-social behaviour,,
,2024-03,Hampshire Constabulary,Hampshire Constabulary,-1.478562,51.006977,On or near Chivers Road,E01035451,Test Valley 013F,Anti-social behaviour,,
,2024-03,Hampshire Constabulary,Hampshire Constabulary,-1.478795,51.006510,On or near Foster Way,E01035451,Test Valley 013F,Anti-social behaviour,,
,2024-03,Hampshire Constabulary,Hampshire Constabulary,-1.474388,51.005492,On or near Withers Road,E01035451,Test Valley 013F,Anti-social behaviour,,
,2024-03,Hampshire Constabulary,Hampshire Constabulary,-1.478795,51.006510,On or near Foster Way,E01035451,Test Valley 013F,Anti-social behaviour,,
,2024-03,Hampshire Constabulary,Hampshire Constabulary,-1.478052,51.005419,On or near Ambrose Way,E01035451,Test Valley 013F,Anti-social behaviour,,
,2024-03,Hampshire Constabulary,Hampshire Constabulary,-1.474055,51.005958,On or near Freemantle Road,E01035451,Test Valley 013F,Anti-social behaviour,,
,2024-03,Hampshire Constabulary,Hampshire Constabulary,-1.468327,51.007065,On or near Ganger Farm Way,E01035451,Test Valley 013F,Anti-social behaviour,,
,2024-03,Hampshire Constabulary,Hampshire Constabulary,-1.478562,51.006977,On or near Chivers Road,E01035451,Test Valley 013F,Anti-social behaviour,,
e221c89232f2bb84d5e93c6901c11c2ac467786129c3d5120d8ffbc5e3df2674,2024-03,Hampshire Constabulary,Hampshire Constabulary,-1.468327,51.007065,On or near Ganger Farm Way,E01035451,Test Valley 013F,Public order,Investigation complete; no suspect identified,
50a84667be9fe16b6fbd46d737b53931c037baf752fb3408b2c03764a7ac0af4,2024-03,Hampshire Constabulary,Hampshire Constabulary,-1.475308,51.006099,On or near Tate Close,E01035451,Test Valley 013F,Vehicle crime,Investigation complete; no suspect identified,
40c5a0ab73ec6d6e147e678d29ccea5ac87aaa1b549886ea082f863fcb39f505,2024-03,Hampshire Constabulary,Hampshire Constabulary,-1.478562,51.006977,On or near Chivers Road,E01035451,Test Valley 013F,Vehicle crime,Investigation complete; no suspect identified,
0fed93ebc6ce563f578ced0ace7280513f1273734b8c0f1d0c5c0579aa07749b,2024-03,Hampshire Constabulary,Hampshire Constabulary,-1.473291,50.984086,On or near The Thicket,E01035452,Test Valley 013G,Violence and sexual offences,Unable to prosecute suspect,
d41d79634f16e7fd7aa81b6132716c8c23664c1060dde714a8fc134a23bd35d5,2024-03,Hampshire Constabulary,Hampshire Constabulary,-1.481457,51.008078,On or near Magnolia Walk,E01035452,Test Valley 013G,Violence and sexual offences,Court result unavailable,
d79fd44ca006190cd179943b9fbbf973a1ceca002fe57f6ad8087d874f5b7ab0,2024-03,Hampshire Constabulary,Hampshire Constabulary,-1.485346,51.004453,On or near Battenberg Close,E01035452,Test Valley 013G,Other theft,Investigation complete; no suspect identified,
42bc3adf29e21e05a301b1fb5d09b184110e76d0a18992b1086057ade6cbf850,2024-03,Hampshire Constabulary,Hampshire Constabulary,-1.488072,50.985941,On or near Parking Area,E01035452,Test Valley 013G,Public order,Investigation complete; no suspect identified,
9528965cfa0810f355aa426c039eb31bce8668b8cdbbfb0d5cf77d40f1cbe483,2024-03,Hampshire Constabulary,Hampshire Constabulary,-1.479703,50.976309,On or near Luzborough Lane,E01035452,Test Valley 013G,Public order,Investigation complete; no suspect identified,
f596f73080040d8ca70d40a1d7eb6f00a01394e9054cd9d6478b208919850ebf,2024-03,Hampshire Constabulary,Hampshire Constabulary,-1.490745,51.011167,On or near Belbins,E01035452,Test Valley 013G,Public order,Investigation complete; no suspect identified,
6340272fa2a1adce2e6c27c1fc8f69b6ea24f03f782649c41e7478c6831b732c,2024-03,Hampshire Constabulary,Hampshire Constabulary,-1.493918,50.986847,On or near Burma Road,E01035452,Test Valley 013G,Shoplifting,Investigation complete; no suspect identified,
ac97b5d7a66479ec9bf34813cae538be454ad2bbed3efb6956a076d5908077e2,2024-03,Hampshire Constabulary,Hampshire Constabulary,-1.529495,50.976727,On or near Gardeners Lane,E01035452,Test Valley 013G,Violence and sexual offences,Status update unavailable,
8ec4baad177c72bbd6ad11a36d956da304a425a5bac9c9dfbd74a71ba18987c0,2024-03,Hampshire Constabulary,Hampshire Constabulary,-1.400764,50.992962,On or near Medway Drive,E01023210,Test Valley 014A,Violence and sexual offences,Status update unavailable,
031cf38a70e4eecb6f7e85ae7500ebf32351eb4f9744c111ac4fb819755590d2,2024-03,Hampshire Constabulary,Hampshire Constabulary,-1.404070,50.986262,On or near Barn Piece,E01023211,Test Valley 014B,Violence and sexual offences,Unable to prosecute suspect,
84a442a65fafd0234224a1052afb1e2f25fbe4d8a66fb1d5ff7e33ceb01e977d,2024-03,Hampshire Constabulary,Hampshire Constabulary,-1.409931,50.986921,On or near Bird Field,E01023211,Test Valley 014B,Violence and sexual offences,Local resolution,
0d23d6ce3b99c3265e896564e512f622e4bf7ca62bacef16ece0d52448b4db6f,2024-03,Hampshire Constabulary,Hampshire Constabulary,-1.394322,50.986545,On or near Tavy Close,E01023212,Test Valley 014C,Burglary,Investigation complete; no suspect identified,
1738859e2e826c66215bb0a8a882d0a84240b65693506eeb7dcf20c5ca7c6316,2024-03,Hampshire Constabulary,Hampshire Constabulary,-1.400193,50.985325,On or near Wild Cherry Way,E01023212,Test Valley 014C,Violence and sexual offences,Unable to prosecute suspect,
ea076f7e3fc90bd5cdb4b3bc3b0414cb66d00779e14df3053b55f79a8e704321,2024-03,Hampshire Constabulary,Hampshire Constabulary,-1.396399,50.981277,On or near Irwell Close,E01023212,Test Valley 014C,Criminal damage and arson,Investigation complete; no suspect identified,
afbc6e84025057956e25bb05b3e1d8be92a3f42c82373779df641996df9c4d63,2024-03,Hampshire Constabulary,Hampshire Constabulary,-1.393427,50.987421,On or near Brue Close,E01023212,Test Valley 014C,Violence and sexual offences,Unable to prosecute suspect,
eb8b908efcd93550eebf1a334c2c815ad761e0996567a24679d47901b2225c99,2024-03,Hampshire Constabulary,Hampshire Constabulary,-1.400193,50.985325,On or near Wild Cherry Way,E01023212,Test Valley 014C,Violence and sexual offences,Unable to prosecute suspect,
01818aadd6c49b731f59b45a96b1b2fd2eef1171ff3ceee1048ca7646661b8fb,2024-03,Hampshire Constabulary,Hampshire Constabulary,-1.402353,50.977935,On or near Parking Area,E01023213,Test Valley 014D,Violence and sexual offences,Awaiting court outcome,
386ce8f6d02bd405c685c83d3173393e133f8fe0cf6fcf1630c5a7b7af0c4430,2024-03,Hampshire Constabulary,Hampshire Constabulary,-1.402353,50.977935,On or near Parking Area,E01023213,Test Valley 014D,Shoplifting,Investigation complete; no suspect identified,
ff18ae980ecb457c9ed25ec736e5d358a74fbc59681530a61a983b436fe79db8,2024-03,Hampshire Constabulary,Hampshire Constabulary,-1.395625,50.976138,On or near Salcombe Close,E01023214,Test Valley 014E,Burglary,Investigation complete; no suspect identified,
d4ba2541c2a60c9cea232c866c20d99692b72894b6a617ca1675005e7d19475a,2024-03,Hampshire Constabulary,Hampshire Constabulary,-1.481863,50.942175,On or near Dairy Lane,E01023170,Test Valley 015A,Criminal damage and arson,Unable to prosecute suspect,
3ea7d90998ce70ac6af7883895c2839cdc8a83a1b97d2e32857b1d1667ae37c3,2024-03,Hampshire Constabulary,Hampshire Constabulary,-1.484135,50.946501,On or near Lee Lane,E01023170,Test Valley 015A,Criminal damage and arson,Unable to prosecute suspect,
ea0aaade2b1686daf66bf352646fd5e182359303f87b001c8401ece7c1e0e954,2024-03,Hampshire Constabulary,Hampshire Constabulary,-1.470148,50.949784,On or near Lymer Lane,E01023170,Test Valley 015A,Violence and sexual offences,Unable to prosecute suspect,
eb9bb3defb1d290089f4424879234316667374c2878e80c6721c6cd59c93c59f,2024-03,Hampshire Constabulary,Hampshire Constabulary,-1.465563,50.944943,On or near Supermarket,E01023170,Test Valley 015A,Violence and sexual offences,Investigation complete; no suspect identified,
697e24acc12741ca2d53bed32e7b050a30e7538cf85f38c698aefdeefffb8677,2024-03,Hampshire Constabulary,Hampshire Constabulary,-1.462880,50.944337,On or near Knowles Close,E01023170,Test Valley 015A,Violence and sexual offences,Unable to prosecute suspect,
,2024-03,Hampshire Constabulary,Hampshire Constabulary,-1.481871,50.937642,On or near Weston Lane,E01023170,Test Valley 015A,Anti-social behaviour,,
,2024-03,Hampshire Constabulary,Hampshire Constabulary,-1.475185,50.934834,On or near Parking Area,E01023170,Test Valley 015A,Anti-social behaviour,,
ae138d8cfb7a14d46ca469c951e79d7737cd3dc5c52e249062be67b94d9be941,2024-03,Hampshire Constabulary,Hampshire Constabulary,-1.468904,50.945282,On or near Winstanley Road,E01023170,Test Valley 015A,Criminal damage and arson,Unable to prosecute suspect,
8a5bf3c0e20936063f5ade58e8d634a2a00ae9e5661966ad4124ca8025e16f29,2024-03,Hampshire Constabulary,Hampshire Constabulary,-1.468649,50.936459,On or near Yewtree Lane,E01023170,Test Valley 015A,Criminal damage and arson,Investigation complete; no suspect identified,
dc53eed9ca6d89bd28b40d2e3bd92a6d0e6aca58f813fd1214cb4ab520cacb2c,2024-03,Hampshire Constabulary,Hampshire Constabulary,-1.476869,50.935705,On or near Franconia Drive,E01023170,Test Valley 015A,Criminal damage and arson,Investigation complete; no suspect identified,
196f0b0aea75d6c012ede0547416c6f24995e18af73a7dab231f49fb7c2041ae,2024-03,Hampshire Constabulary,Hampshire Constabulary,-1.473021,50.938655,On or near M271,E01023170,Test Valley 015A,Other theft,Investigation complete; no suspect identified,
1ff1b7a086dec6bb89fd58a64de5ff04e5a193e23244acfd4d72b43cd9e26c22,2024-03,Hampshire Constabulary,Hampshire Constabulary,-1.466673,50.938752,On or near Conager Close,E01023170,Test Valley 015A,Other theft,Investigation complete; no suspect identified,
c7e090d539bb8e0244e3f4f94e26d369d3081b63c5ac267cac51955e4bd70309,2024-03,Hampshire Constabulary,Hampshire Constabulary,-1.473021,50.938655,On or near M271,E01023170,Test Valley 015A,Public order,Investigation complete; no suspect identified,
25e50e6c36c41d44f29d18018fec6e1b3a2f0726a6b4dc1a3748ad1e17dcb70b,2024-03,Hampshire Constabulary,Hampshire Constabulary,-1.475185,50.934834,On or near Parking Area,E01023170,Test Valley 015A,Shoplifting,Investigation complete; no suspect identified,
e786f8654a470f0519b918207a19ff302d33f8f910d9b22398795dfc0e774a32,2024-03,Hampshire Constabulary,Hampshire Constabulary,-1.475185,50.934834,On or near Parking Area,E01023170,Test Valley 015A,Vehicle crime,Investigation complete; no suspect identified,
ad1446ed85321b768bc66211a1ea6d631993cac84f0fe4791a72a8adf0a6b8f0,2024-03,Hampshire Constabulary,Hampshire Constabulary,-1.478559,50.941108,On or near Canberra Road,E01023170,Test Valley 015A,Vehicle crime,Investigation complete; no suspect identified,
0b370eb2625ce7e66255682422e8708ef7c33bfe8eafe507daf52e1a7b8137b4,2024-03,Hampshire Constabulary,Hampshire Constabulary,-1.476869,50.935705,On or near Franconia Drive,E01023170,Test Valley 015A,Vehicle crime,Investigation complete; no suspect identified,
52c202123471220816d978852599e51157b56eca1a7e6cff947e5213005d7fec,2024-03,Hampshire Constabulary,Hampshire Constabulary,-1.475552,50.940168,On or near Oriana Way,E01023170,Test Valley 015A,Vehicle crime,Investigation complete; no suspect identified,
c86a30e0437da086ac0e613e37c75d26ec3e6c87a987ab1a02de89dd9f1719dd,2024-03,Hampshire Constabulary,Hampshire Constabulary,-1.465960,50.938875,On or near Ganders Mead,E01023170,Test Valley 015A,Violence and sexual offences,Unable to prosecute suspect,
9825d836a53e930a354d766f8f1be6a596ef609ec79b426b6d07e75d51e767a2,2024-03,Hampshire Constabulary,Hampshire Constabulary,-1.465960,50.938875,On or near Ganders Mead,E01023170,Test Valley 015A,Violence and sexual offences,Unable to prosecute suspect,
cd3234128543020f7541ee867dec42e229b960583778b9d42eeb04f8818febb6,2024-03,Hampshire Constabulary,Hampshire Constabulary,-1.448475,50.958634,On or near Motorway Service Area,E01023171,Test Valley 015B,Vehicle crime,Investigation complete; no suspect identified,
a2600fd51d00e6670b7f7b28f4d497045a8ae2d79718bd9f3870ed14a2e1ef3d,2024-03,Hampshire Constabulary,Hampshire Constabulary,-1.450772,50.952320,On or near Snowden Close,E01023171,Test Valley 015B,Violence and sexual offences,Investigation complete; no suspect identified,
6f3b09fafc1e4373b6e25bb04716d42ce4a346192ace15b278c1e8a960bac36a,2024-03,Hampshire Constabulary,Hampshire Constabulary,-1.408817,50.963571,On or near Copse Lane,E01023171,Test Valley 015B,Violence and sexual offences,Investigation complete; no suspect identified,
,2024-03,Hampshire Constabulary,Hampshire Constabulary,-1.406937,50.956899,On or near Pinelands Road,E01023171,Test Valley 015B,Anti-social behaviour,,
,2024-03,Hampshire Constabulary,Hampshire Constabulary,-1.403128,50.954163,On or near M3,E01023171,Test Valley 015B,Anti-social behaviour,,
8fc8fe8410a4765e890e632d370deec48d94ef75b76890012d3e1623e27efa6c,2024-03,Hampshire Constabulary,Hampshire Constabulary,-1.407897,50.953055,On or near Ling Dale,E01023171,Test Valley 015B,Burglary,Status update unavailable,
f8c2706cfd684ed98649da963e64f0b4f0cba009f3b12ce3b326805e3fd46136,2024-03,Hampshire Constabulary,Hampshire Constabulary,-1.403128,50.954163,On or near M3,E01023171,Test Valley 015B,Other theft,Investigation complete; no suspect identified,
12dfdcd84d62397748eeccd6a717eb1964d253b62668046ac334fa57fe303684,2024-03,Hampshire Constabulary,Hampshire Constabulary,-1.450978,50.952959,On or near Harrison Way,E01023171,Test Valley 015B,Vehicle crime,Investigation complete; no suspect identified,
15278d73e1bbba00b3c518768a298232b847230d185a8c11f7d35168f021ecd0,2024-03,Hampshire Constabulary,Hampshire Constabulary,-1.407897,50.953055,On or near Ling Dale,E01023171,Test Valley 015B,Violence and sexual offences,Status update unavailable,
f979ee07a0eb3263e4f53bc302dd7ae892fab684577cbbf0a369d982b7fcfbc6,2024-03,Hampshire Constabulary,Hampshire Constabulary,-1.459418,50.950724,On or near Balmoral Way,E01023172,Test Valley 015C,Vehicle crime,Investigation complete; no suspect identified,
ca7e59bb9a76aadf93bc7587191e82622839e2ef2648a31cb4205e45bd545040,2024-03,Hampshire Constabulary,Hampshire Constabulary,-1.456282,50.958424,On or near Upper Toothill Road,E01023172,Test Valley 015C,Other theft,Investigation complete; no suspect identified,
d1d62e60d79b3a4600dcf1a5a8ca59e0f490cc7493336e86af9e23631b44a703,2024-03,Hampshire Constabulary,Hampshire Constabulary,-1.466354,50.952950,On or near Upton Crescent,E01023172,Test Valley 015C,Vehicle crime,Investigation complete; no suspect identified,
48082c53cbb0c5f989f6cc8708953978860bc1d498e8da2f170b19262a2dbbc0,2024-03,Hampshire Constabulary,Hampshire Constabulary,-1.457648,50.951147,On or near Prince Road,E01023172,Test Valley 015C,Vehicle crime,Investigation complete; no suspect identified,
09e2eb9a4219106271c02cd0b9ab9b7823d0a398eeead5f5aabbc2e58a972479,2024-03,Hampshire Constabulary,Hampshire Constabulary,-1.467415,51.230876,On or near Hawthorn Avenue,E01035453,Test Valley 016A,Violence and sexual offences,Unable to prosecute suspect,
7f6ec48a1279acfe034815245272a165e4c42c671a6f6a9468ef40747f23ebe6,2024-03,Hampshire Constabulary,Hampshire Constabulary,-1.462768,51.230180,On or near Cowslip Way,E01035453,Test Valley 016A,Violence and sexual offences,Unable to prosecute suspect,
,2024-03,Hampshire Constabulary,Hampshire Constabulary,-1.467415,51.230876,On or near Hawthorn Avenue,E01035453,Test Valley 016A,Anti-social behaviour,,
45369c0ca28de2cf23ba91586d076266428d962bac6c717dfda40edff003ad8f,2024-03,Hampshire Constabulary,Hampshire Constabulary,-1.465320,51.231235,On or near Blackthorn Road,E01035453,Test Valley 016A,Public order,Unable to prosecute suspect,
9ddb729e3ce025ed1ce7cf0891002bab416bd90111c66af58ade4237aac39e55,2024-03,Hampshire Constabulary,Hampshire Constabulary,-1.468162,51.230717,On or near Rowan Way,E01035453,Test Valley 016A,Violence and sexual offences,Status update unavailable,
7b16582e7bcb4b79b6e19908285026288f6096c989da24b4002556875038ddb0,2024-03,Hampshire Constabulary,Hampshire Constabulary,-1.492140,51.225213,On or near Enham Lane,E01035454,Test Valley 016B,Public order,Court result unavailable,
3736b09c9e7175ccb93256f52a9c845bc7f2bba4735ee086dc18224d1d8f45bf,2024-03,Hampshire Constabulary,Hampshire Constabulary,-1.481555,51.225382,On or near Tintagel Close,E01035454,Test Valley 016B,Violence and sexual offences,Investigation complete; no suspect identified,
,2024-03,Hampshire Constabulary,Hampshire Constabulary,-1.474304,51.247254,On or near Maccallum Road,E01035454,Test Valley 016B,Anti-social behaviour,,
,2024-03,Hampshire Constabulary,Hampshire Constabulary,-1.473262,51.238096,On or near Hamlet Gardens,E01035454,Test Valley 016B,Anti-social behaviour,,
3c4c78c90d5dbea71d59083dfd41cc9967ca2f7c0cfa3eb4f7fce922277ea370,2024-03,Hampshire Constabulary,Hampshire Constabulary,-1.473855,51.238854,On or near Chapel Lane,E01035454,Test Valley 016B,Criminal damage and arson,Unable to prosecute suspect,
5b090bf00f57f9f36a1b56630260208e6d97d41305d718b7cda82ccabfabf4d4,2024-03,Hampshire Constabulary,Hampshire Constabulary,-1.481555,51.225382,On or near Tintagel Close,E01035454,Test Valley 016B,Criminal damage and arson,Investigation complete; no suspect identified,
e038a5f9fe87546d469b1393eb8f018ef5949de02154914250a2d60d7d3a6f72,2024-03,Hampshire Constabulary,Hampshire Constabulary,-1.474304,51.247254,On or near Maccallum Road,E01035454,Test Valley 016B,Public order,Investigation complete; no suspect identified,
76d1141e69bb3ed3cb41f159fcd6c10eac4fca4477acc34b06e9c233397f89af,2024-03,Hampshire Constabulary,Hampshire Constabulary,-1.481555,51.225382,On or near Tintagel Close,E01035454,Test Valley 016B,Public order,Investigation complete; no suspect identified,
0ff1304a9980e78982aaed0704695ea3cdcc3ac741f59404cb7c89d7ca995f7e,2024-03,Hampshire Constabulary,Hampshire Constabulary,-1.476729,51.238039,On or near Blythe Close,E01035454,Test Valley 016B,Public order,Investigation complete; no suspect identified,
59fef429adbbd615451cb246ff631f037af36f77b72fa37f51f2e501be700c21,2024-03,Hampshire Constabulary,Hampshire Constabulary,-1.481555,51.225382,On or near Tintagel Close,E01035454,Test Valley 016B,Violence and sexual offences,Unable to prosecute suspect,
6a594038be5c8ba562de9ea49f507a60e8aa60f2fe116551e16942f96095e3b0,2024-03,Hampshire Constabulary,Hampshire Constabulary,-1.473262,51.238096,On or near Hamlet Gardens,E01035454,Test Valley 016B,Violence and sexual offences,Investigation complete; no suspect identified,
351f698c3138510f05ac93d396d2d88d2d03485cc6d202ec5ee452b42bed4ce8,2024-03,Hampshire Constabulary,Hampshire Constabulary,-1.469484,51.226569,On or near Barley Road,E01035455,Test Valley 016C,Drugs,Investigation complete; no suspect identified,
e203a749c7edd99ac1bae4a6cc42eda91a282ba342af811fc7e66379d93e5102,2024-03,Hampshire Constabulary,Hampshire Constabulary,-1.472838,51.227519,On or near Icknield Way,E01035455,Test Valley 016C,Public order,Unable to prosecute suspect,
f7fc0162c887c0188db82a736190dd20e8dee2f0ec5bfd5acdc455a9227ee581,2024-03,Hampshire Constabulary,Hampshire Constabulary,-1.466359,51.225557,On or near Rake Way,E01035455,Test Valley 016C,Other theft,Investigation complete; no suspect identified,
cb3a4568ee8888a9e9724575ed55e27e2b7cadd31991cf275865f80e3781ca26,2024-03,Hampshire Constabulary,Hampshire Constabulary,-1.469226,51.225372,On or near Mustard Way,E01035455,Test Valley 016C,Public order,Unable to prosecute suspect,
d36295ee00e1584c304e8fd9b125767acf97197aad64bd3862ecc0146f0f5214,2024-03,Hampshire Constabulary,Hampshire Constabulary,-1.469226,51.225372,On or near Mustard Way,E01035455,Test Valley 016C,Public order,Unable to prosecute suspect,
1687510d6f787b822ca053c6f28554f38fcce2e5a05211dfba170d4980ae3376,2024-03,Hampshire Constabulary,Hampshire Constabulary,-1.470773,51.229065,On or near Portland Close,E01035455,Test Valley 016C,Violence and sexual offences,Further investigation is not in the public interest,
0a4af046a4c69598681ba6686ccad0a1ef2524548193609030578e81b43247c8,2024-03,Hampshire Constabulary,Hampshire Constabulary,-1.467498,51.226173,On or near Shears Road,E01035455,Test Valley 016C,Violence and sexual offences,Status update unavailable,
8a58ad5bc252ec3b1883b23efb32d1bef72a1911b1f462695a0d95a40f0f9487,2024-03,Hampshire Constabulary,Hampshire Constabulary,-1.466359,51.225557,On or near Rake Way,E01035455,Test Valley 016C,Violence and sexual offences,Unable to prosecute suspect,
2f7e00865f525caa3b0716adeb7387d8c70e41ff0a2322a82ee821a840378941,2024-03,Hampshire Constabulary,Hampshire Constabulary,-1.466043,51.228163,On or near East Anton Farm Road,E01035456,Test Valley 016D,Public order,Unable to prosecute suspect,
9958e96b02a5f997a79944346f9233df8b1fdb2ecb642358da6d4edcdbc3d347,2024-03,Hampshire Constabulary,Hampshire Constabulary,-1.463645,51.228700,On or near Cheviot Road,E01035456,Test Valley 016D,Public order,Unable to prosecute suspect,
d117d4d1f432c60b293df6b2044501a19ce2e56d42794bc08b9720244bd8afbe,2024-03,Hampshire Constabulary,Hampshire Constabulary,-1.459409,51.226001,On or near Fleece Close,E01035456,Test Valley 016D,Violence and sexual offences,Unable to prosecute suspect,
a61a9404f4ce66a1a55dac23d0141f5474e96dc9a95a357e6fc006076fdc68d4,2024-03,Hampshire Constabulary,Hampshire Constabulary,-1.466869,51.227294,On or near Rye Way,E01035456,Test Valley 016D,Violence and sexual offences,Unable to prosecute suspect,
a64a8a672a347233069c337467e8bc4dd5a26c60c4a057bc330cf14580cbd74a,2024-03,Hampshire Constabulary,Hampshire Constabulary,-1.466043,51.228163,On or near East Anton Farm Road,E01035456,Test Valley 016D,Violence and sexual offences,Unable to prosecute suspect,
f2b37db6710f9e6711cd6bdabad6b045b78aab01b260be8e22c3c3d2990e422b,2024-03,Hampshire Constabulary,Hampshire Constabulary,-1.466043,51.228163,On or near East Anton Farm Road,E01035456,Test Valley 016D,Violence and sexual offences,Unable to prosecute suspect,
9571a342b65b6c43880b01114dcdcffb80d6658a12aeb3d610624c65c2a526b1,2024-03,Hampshire Constabulary,Hampshire Constabulary,-1.466043,51.228163,On or near East Anton Farm Road,E01035456,Test Valley 016D,Violence and sexual offences,Unable to prosecute suspect,
e6d5501afd4d685a2384f0db9c3b52d267ec354e3d0a3f5fa711f1c129aa6cc2,2024-03,Hampshire Constabulary,Hampshire Constabulary,-1.461574,51.229455,On or near Sedge Road,E01035456,Test Valley 016D,Vehicle crime,Investigation complete; no suspect identified,
8b42e102daad596fe8525e4c52332cbaf9ce30a0551d8e271bd9353d283fd557,2024-03,Hampshire Constabulary,Hampshire Constabulary,-1.459409,51.226001,On or near Fleece Close,E01035456,Test Valley 016D,Violence and sexual offences,Unable to prosecute suspect,
d3b37403fdff48d198d8df1bb8f19bc34aec62095de835443caa47ceecde2633,2024-03,Hampshire Constabulary,Hampshire Constabulary,-1.464536,51.222221,On or near Calico Road,E01035457,Test Valley 016E,Vehicle crime,Investigation complete; no suspect identified,
f1b373e1eaeb408362be08261b683efcca2551993217ed970ac15b42b230d885,2024-03,Hampshire Constabulary,Hampshire Constabulary,-1.462220,51.223200,On or near Dairy Road,E01035457,Test Valley 016E,Violence and sexual offences,Unable to prosecute suspect,
68c6de583b9d7c84fd12f52207b8f0a05b2a8782143a2e7e6b52e2baf8aa184c,2024-03,Hampshire Constabulary,Hampshire Constabulary,-1.454895,51.221385,On or near Draper Close,E01035457,Test Valley 016E,Violence and sexual offences,Unable to prosecute suspect,
d64f1e54782353c133fc3205d4614603e86e33bc40102e014b527f2c6ec2d25d,2024-03,Hampshire Constabulary,Hampshire Constabulary,-1.455305,51.223006,On or near Skein Way,E01035457,Test Valley 016E,Violence and sexual offences,Unable to prosecute suspect,
38d7b626c229e2c2d7f0f8f53667e2b553709c54f0ce003c6bce94a5c0c853dc,2024-03,Hampshire Constabulary,Hampshire Constabulary,-1.457814,51.221534,On or near Tweed Road,E01035457,Test Valley 016E,Violence and sexual offences,Unable to prosecute suspect,
,2024-03,Hampshire Constabulary,Hampshire Constabulary,-1.464536,51.222221,On or near Calico Road,E01035457,Test Valley 016E,Anti-social behaviour,,
71b157002d800b53e2d81bb98883afe828f5823a0fae4ea08e73dc70952ac1ea,2024-03,Hampshire Constabulary,Hampshire Constabulary,-1.457707,51.220877,On or near Cashmere Drive,E01035457,Test Valley 016E,Violence and sexual offences,Unable to prosecute suspect,
1080915837b4dea9fcc83c1c8182df4d54ac69a75fd13f77bccd7d3f61518a24,2024-03,Hampshire Constabulary,Hampshire Constabulary,-1.444850,51.219594,On or near Adams Road,E01035458,Test Valley 017A,Criminal damage and arson,Unable to prosecute suspect,
40c7ec385497ad6ef6ca81e507a964d0cacbfa1e7e57932e50374f8b188578a9,2024-03,Hampshire Constabulary,Hampshire Constabulary,-1.443600,51.219938,On or near Kings Chapel Road,E01035458,Test Valley 017A,Criminal damage and arson,Unable to prosecute suspect,
35d05c32462cc810ff940e99007bba447bd383b31c10fcf156c22ed5af05261c,2024-03,Hampshire Constabulary,Hampshire Constabulary,-1.441276,51.219163,On or near Errington Road,E01035458,Test Valley 017A,Drugs,Local resolution,
31ba3bf62570c112db169f4b1f5a360e256236af8f5648f86051d71a15403840,2024-03,Hampshire Constabulary,Hampshire Constabulary,-1.445148,51.218624,On or near Strapp Road,E01035458,Test Valley 017A,Public order,Unable to prosecute suspect,
34bba0520ad794b0e56902d77a44466ca69a4055e5004c9587a87367059d1072,2024-03,Hampshire Constabulary,Hampshire Constabulary,-1.442205,51.219284,On or near Heathcote Road,E01035458,Test Valley 017A,Robbery,Awaiting court outcome,
6a2d7091fbf3774f8257fd6d44659c13e730b117531cce823bc397750665b0a1,2024-03,Hampshire Constabulary,Hampshire Constabulary,-1.438932,51.219943,On or near Galbraith Road,E01035458,Test Valley 017A,Violence and sexual offences,Investigation complete; no suspect identified,
6445c58a3ac5c7c579eb1ac67f3cb0ce39a53c83f83c3ddf18a67f56417c75df,2024-03,Hampshire Constabulary,Hampshire Constabulary,-1.444269,51.220256,On or near Bailey Close,E01035458,Test Valley 017A,Violence and sexual offences,Offender given a caution,
0102f58822066e2b5f9d8f0db884c2bf43a342843178af80b9df58384e46c6be,2024-03,Hampshire Constabulary,Hampshire Constabulary,-1.443600,51.219938,On or near Kings Chapel Road,E01035458,Test Valley 017A,Violence and sexual offences,Unable to prosecute suspect,
c0ed0a4ddf0398d59d22f41224088a45f4120cdb4f4e97f3de438ee26f13fcd6,2024-03,Hampshire Constabulary,Hampshire Constabulary,-1.444269,51.220256,On or near Bailey Close,E01035458,Test Valley 017A,Criminal damage and arson,Unable to prosecute suspect,
44f60a5cfeb1fe81d2b51c52acd683103416d702825269fa4765bad7e391c355,2024-03,Hampshire Constabulary,Hampshire Constabulary,-1.443852,51.219256,On or near Munday Road,E01035458,Test Valley 017A,Other theft,Investigation complete; no suspect identified,
47e85b6256b8fc9e6fe7822a821aff6e54a25251dce7f646963eef283c72c2f7,2024-03,Hampshire Constabulary,Hampshire Constabulary,-1.444018,51.222144,On or near Mulberry Road,E01035458,Test Valley 017A,Vehicle crime,Investigation complete; no suspect identified,
7d8bf205c6693db5210e2a865cdabcd3291d122526aea23c58e5a258d9dd006b,2024-03,Hampshire Constabulary,Hampshire Constabulary,-1.442205,51.219284,On or near Heathcote Road,E01035458,Test Valley 017A,Violence and sexual offences,Unable to prosecute suspect,
116a16becb83ded55e1f81d551cd7cbf98d95dc7fb1232490dc3679c6bc26dfa,2024-03,Hampshire Constabulary,Hampshire Constabulary,-1.434715,51.222872,On or near Walworth Road,E01035459,Test Valley 017B,Burglary,Investigation complete; no suspect identified,
147b045b42fbfbf9567c728f3875bb3777fcba4da722abc3da08aa088809b4fa,2024-03,Hampshire Constabulary,Hampshire Constabulary,-1.433241,51.222793,On or near Shearling Close,E01035459,Test Valley 017B,Public order,Unable to prosecute suspect,
ad507e0185f80f5205f416ee895936d669dc5ab5c393d5bd279c9c76de128f34,2024-03,Hampshire Constabulary,Hampshire Constabulary,-1.438379,51.221910,On or near Wyke Court,E01035459,Test Valley 017B,Other theft,Unable to prosecute suspect,
84481f1ed229645be66087940d70b95aa60bb62c4712f419a6aa99fc7826e365,2024-03,Hampshire Constabulary,Hampshire Constabulary,-1.441222,51.210620,On or near Pollard Road,E01035459,Test Valley 017B,Other theft,Status update unavailable,
1012cc6fbf55e3bc33785b03f4ec06959953925dfca7e1e389e8552938c18002,2024-03,Hampshire Constabulary,Hampshire Constabulary,-1.433241,51.222793,On or near Shearling Close,E01035459,Test Valley 017B,Violence and sexual offences,Unable to prosecute suspect,
7225609b39a1bb9adcd7ba94ed4e1e2c0798a52414d099b17bbf324c59b010be,2024-03,Hampshire Constabulary,Hampshire Constabulary,-1.438623,51.220661,On or near Locksbridge Road,E01035459,Test Valley 017B,Violence and sexual offences,Unable to prosecute suspect,
f7ea6d85d21a20800dc3d34604fe3f5940d22a623f6df2fe13f0c1d187f3a254,2024-03,Hampshire Constabulary,Hampshire Constabulary,-1.464451,51.218507,On or near Test Court,E01035460,Test Valley 017C,Violence and sexual offences,Unable to prosecute suspect,
bc0b4b0776416a84f2b714f79f4421d4b7b52518062c38075f2f22df7f569e07,2024-03,Hampshire Constabulary,Hampshire Constabulary,-1.454510,51.212787,On or near Magellan Close,E01035460,Test Valley 017C,Violence and sexual offences,Investigation complete; no suspect identified,
a716baeb40eb8b5b44701971f44baa91f2a3100a15d8ca138bd4f9ea83351161,2024-03,Hampshire Constabulary,Hampshire Constabulary,-1.457075,51.217466,On or near Walworth Road,E01035460,Test Valley 017C,Violence and sexual offences,Unable to prosecute suspect,
ed34c8ea3f2965faccc4393209f3fc8b0afaf8d9da7bd67f9fa11d84ab6bbeff,2024-03,Hampshire Constabulary,Hampshire Constabulary,-1.461289,51.219527,On or near North Way,E01035460,Test Valley 017C,Violence and sexual offences,Unable to prosecute suspect,
f2e7f2dd3d421bda9fbb9feac08f5016642467eb8811e5c60f2b9b8d0e204459,2024-03,Hampshire Constabulary,Hampshire Constabulary,-1.461289,51.219527,On or near North Way,E01035460,Test Valley 017C,Violence and sexual offences,Unable to prosecute suspect,
f1cd3bc2c5659a2ae9fc37f1553a3f7028875016421945d5675aec920839c89f,2024-03,Hampshire Constabulary,Hampshire Constabulary,-1.454510,51.212787,On or near Magellan Close,E01035460,Test Valley 017C,Shoplifting,Unable to prosecute suspect,
d7fbe8a86c9e5214529a9f9640e78b7587c5c0a590e5407ce39d2f5d4ffc5f7e,2024-03,Hampshire Constabulary,Hampshire Constabulary,-1.459591,51.211669,On or near Admirals Way,E01035460,Test Valley 017C,Vehicle crime,Investigation complete; no suspect identified,
ba4f59119b51ed08b698d79aea5d22123719d4d85c8e9094521e57151d975cae,2024-03,Hampshire Constabulary,Hampshire Constabulary,-1.456015,51.211383,On or near A3093,E01035460,Test Valley 017C,Violence and sexual offences,Investigation complete; no suspect identified,
fa9aaf54aa71e3b31e3f971be39ecc7e92bab2e4cdca75da2ba6ca6eeb4b9012,2024-03,Hampshire Constabulary,Hampshire Constabulary,-1.461289,51.219527,On or near North Way,E01035460,Test Valley 017C,Violence and sexual offences,Unable to prosecute suspect,
87abdd09d6aa05f7d0c13077a28646b70346d93dbfb79559fb206baac5e7ee7f,2024-03,Hampshire Constabulary,Hampshire Constabulary,-1.444011,51.208440,On or near Mercury Drive,E01035461,Test Valley 017D,Criminal damage and arson,Court result unavailable,
3c56505046dfe3502e14220471f4e6978b8b7075aebefaecda57c4b3f713921c,2024-03,Hampshire Constabulary,Hampshire Constabulary,-1.444530,51.206922,On or near Quicksilver Crescent,E01035461,Test Valley 017D,Violence and sexual offences,Unable to prosecute suspect,
77cbca5d35a3717687bc4bc9fa7befb18f8663e7f0f143f67cb2c0e029f08cb0,2024-03,Hampshire Constabulary,Hampshire Constabulary,-1.444011,51.208440,On or near Mercury Drive,E01035461,Test Valley 017D,Violence and sexual offences,Unable to prosecute suspect,
7905be9508c41a879215d62bd8d9a3c750ba003f3c3053e29bee5756b5372560,2024-03,Hampshire Constabulary,Hampshire Constabulary,-1.444011,51.208440,On or near Mercury Drive,E01035461,Test Valley 017D,Violence and sexual offences,Court result unavailable,
28eac06af2c51f1199450a4dafc9fccdd1404240e9f9c4c6624fd0ce8a78e2a0,2024-03,Hampshire Constabulary,Hampshire Constabulary,-1.441800,51.210129,On or near Jockey Way,E01035461,Test Valley 017D,Violence and sexual offences,Investigation complete; no suspect identified,
b0ebd74fb43a2736c994d5008c809639b775950ea073f9716979ec14bf792e15,2024-03,Hampshire Constabulary,Hampshire Constabulary,-1.441800,51.210129,On or near Jockey Way,E01035461,Test Valley 017D,Violence and sexual offences,Investigation complete; no suspect identified,
c140dfd247b4f23f8d8fd2d04b73dcaefa7bde8b3ae8fbb7cb21e1411e4112a9,2024-03,Hampshire Constabulary,Hampshire Constabulary,-1.446841,51.206394,On or near Turnpike Road,E01035461,Test Valley 017D,Violence and sexual offences,Status update unavailable,
4868d11dbcfe1680962c2d5e0ac893d931d54b7910a7f5bc6aa447a092346d3b,2024-03,Hampshire Constabulary,Hampshire Constabulary,-1.448189,51.206229,On or near Defiance Way,E01035461,Test Valley 017D,Violence and sexual offences,Unable to prosecute suspect,
a069ed446f99e2249dcfc152aaf551a333d4c40439a51d9039ba91676055317c,2024-03,Hampshire Constabulary,Hampshire Constabulary,-1.440211,51.206578,On or near Saddle Way,E01035461,Test Valley 017D,Other crime,Unable to prosecute suspect,
39e88553abda06ab05c60d26ea40f1b6a22da6ca57c2498cb2d2022429ebb3b1,2024-03,Hampshire Constabulary,Hampshire Constabulary,-1.441174,51.205108,On or near Bridle Close,E01035462,Test Valley 017E,Violence and sexual offences,Unable to prosecute suspect,
62b3ec714500a6e777a75bce3cd384fa1dbf20f9d01c5342beca239a0e3d2832,2024-03,Hampshire Constabulary,Hampshire Constabulary,-1.441174,51.205108,On or near Bridle Close,E01035462,Test Valley 017E,Violence and sexual offences,Offender given a caution,
1ccab1ef9501b0b58f2b8a9a34653b81d72bdae6b8fc34a3148bc7affb3eb73d,2024-03,Hampshire Constabulary,Hampshire Constabulary,-1.441174,51.205108,On or near Bridle Close,E01035462,Test Valley 017E,Violence and sexual offences,Unable to prosecute suspect,
20b201e8d3a91aee21c430f0fc46a726fb470f71c86234ebbf0281ac43e15a1d,2024-03,Hampshire Constabulary,Hampshire Constabulary,-1.443519,51.205290,On or near Parking Area,E01035462,Test Valley 017E,Burglary,Investigation complete; no suspect identified,
d3406b0b0e1847196bff8c243d8cffc23cb2ec12dcf037659d79c83e17d26a46,2024-03,Hampshire Constabulary,Hampshire Constabulary,-1.443388,51.203060,On or near Silks Way,E01035462,Test Valley 017E,Criminal damage and arson,Investigation complete; no suspect identified,
152ef6f462e32fddac246a6a9072e89bf3e91b565d675193228e485a921028ab,2024-03,Hampshire Constabulary,Hampshire Constabulary,-1.480538,51.206368,On or near Bridge Street,E01023202,Test Valley 018A,Criminal damage and arson,Local resolution,
e4b74ce3d4408ae53aac45029fc498fc17bb41accb26d543e53d1c47a1c3a680,2024-03,Hampshire Constabulary,Hampshire Constabulary,-1.478243,51.209326,On or near Newbury Street,E01023202,Test Valley 018A,Drugs,Offender given a caution,
86cc2daac037dba6e12dd94710b0de1b41fd7b90e305956201858cf3cd01eed2,2024-03,Hampshire Constabulary,Hampshire Constabulary,-1.478035,51.207382,On or near George Yard,E01023202,Test Valley 018A,Other theft,Investigation complete; no suspect identified,
640f705845592deb7c6b9e9e1011d0cc0575c1c732457dbb64e4d994aecef734,2024-03,Hampshire Constabulary,Hampshire Constabulary,-1.480269,51.207311,On or near Waterloo Court,E01023202,Test Valley 018A,Possession of weapons,Unable to prosecute suspect,
6ded511b50f14442c7e8e60c889dedd8b6ba0a894ca2a9ab018486ea7bdab9e6,2024-03,Hampshire Constabulary,Hampshire Constabulary,-1.477280,51.207100,On or near Parking Area,E01023202,Test Valley 018A,Possession of weapons,Investigation complete; no suspect identified,
8f12a466a474a97ca243e0acb4a1daa0af3a5275228ae4405a60dc3aac032f07,2024-03,Hampshire Constabulary,Hampshire Constabulary,-1.473706,51.210465,On or near Recreation Road,E01023202,Test Valley 018A,Public order,Unable to prosecute suspect,
b6cd786e9c6cd79e198bdf1a6d53b5bba8a6d62b4c3054b0ba93a42f318a1a69,2024-03,Hampshire Constabulary,Hampshire Constabulary,-1.480495,51.208868,On or near Shopping Area,E01023202,Test Valley 018A,Shoplifting,Unable to prosecute suspect,
a12cc1c7bd8fc1cd212cf94fbffa98cd8e9c0d7c78846b1540eaf8643fa448ba,2024-03,Hampshire Constabulary,Hampshire Constabulary,-1.480495,51.208868,On or near Shopping Area,E01023202,Test Valley 018A,Shoplifting,Investigation complete; no suspect identified,
7e4dd888f04188e0bee1d1d9c8ba268bf6e68196db071ec02195431e3f8ea57f,2024-03,Hampshire Constabulary,Hampshire Constabulary,-1.480495,51.208868,On or near Shopping Area,E01023202,Test Valley 018A,Shoplifting,Unable to prosecute suspect,
15e5bbc61448e515cf69583b5ea06ac999db6d246259f4f3cdccaf5a68aaad95,2024-03,Hampshire Constabulary,Hampshire Constabulary,-1.473310,51.207523,On or near Walled Meadow,E01023202,Test Valley 018A,Violence and sexual offences,Unable to prosecute suspect,
b727a99a0c3cfb53b52db0d49f6cbee6d66b53d4e848aa09f1fe13c87921e3e1,2024-03,Hampshire Constabulary,Hampshire Constabulary,-1.471167,51.210682,On or near Sports/Recreation Area,E01023202,Test Valley 018A,Violence and sexual offences,Unable to prosecute suspect,
a9f3714c3f8e98d590a18da5c9938d634f71d8ba62f1212e4ee881d427b82888,2024-03,Hampshire Constabulary,Hampshire Constabulary,-1.480269,51.207311,On or near Waterloo Court,E01023202,Test Valley 018A,Violence and sexual offences,Local resolution,
f553203b36a88706ba8be77a2127eb5962722cb5bf76f0fedd2073d87847a9f9,2024-03,Hampshire Constabulary,Hampshire Constabulary,-1.473310,51.207523,On or near Walled Meadow,E01023202,Test Valley 018A,Violence and sexual offences,Unable to prosecute suspect,
d671c2d8bc8a06e1b4220e6b071372b4722a62cee0b3fd829600332813ab3276,2024-03,Hampshire Constabulary,Hampshire Constabulary,-1.480538,51.206368,On or near Bridge Street,E01023202,Test Valley 018A,Violence and sexual offences,Awaiting court outcome,
,2024-03,Hampshire Constabulary,Hampshire Constabulary,-1.480538,51.206368,On or near Bridge Street,E01023202,Test Valley 018A,Anti-social behaviour,,
,2024-03,Hampshire Constabulary,Hampshire Constabulary,-1.480186,51.209604,On or near Shopping Area,E01023202,Test Valley 018A,Anti-social behaviour,,
,2024-03,Hampshire Constabulary,Hampshire Constabulary,-1.480186,51.209604,On or near Shopping Area,E01023202,Test Valley 018A,Anti-social behaviour,,
4ea6633f15e964ba5e14bf72bf70ea271db54149d5b4b205032f958ad4c4e153,2024-03,Hampshire Constabulary,Hampshire Constabulary,-1.477654,51.210762,On or near Bracher Close,E01023202,Test Valley 018A,Burglary,Investigation complete; no suspect identified,
4a3af8d9b51e2050bed04e406b7f8824961f9bbc49999c4cb885aed0f8a329a4,2024-03,Hampshire Constabulary,Hampshire Constabulary,-1.479203,51.207927,On or near High Street,E01023202,Test Valley 018A,Other theft,Investigation complete; no suspect identified,
448f42977b2dd1394ea7ea69b6560b36ed2ec393c80575d1766fd30cb176b8ed,2024-03,Hampshire Constabulary,Hampshire Constabulary,-1.480269,51.207311,On or near Waterloo Court,E01023202,Test Valley 018A,Other theft,Unable to prosecute suspect,
010066990817413bd2627d6e34d5972575ade2a45f3e6598f702a0cef286e12a,2024-03,Hampshire Constabulary,Hampshire Constabulary,-1.473556,51.208585,On or near Acre Court,E01023202,Test Valley 018A,Other theft,Investigation complete; no suspect identified,
6dbfbe764f5e7aee7156e5eed7225161062694981e943eabb1d39c37ba357b56,2024-03,Hampshire Constabulary,Hampshire Constabulary,-1.475300,51.208773,On or near Beale'S Close,E01023202,Test Valley 018A,Public order,Investigation complete; no suspect identified,
a74c7b1f92d809c76f2e1e1920d6ed48e101b91997ce1f25a89a7c4acca2f789,2024-03,Hampshire Constabulary,Hampshire Constabulary,-1.464196,51.213291,On or near Bilbao Court,E01023202,Test Valley 018A,Public order,Investigation complete; no suspect identified,
5300b913da1496d2c13cc0051d0468371b421d2a9ae4c7be710666f6bbb5c560,2024-03,Hampshire Constabulary,Hampshire Constabulary,-1.480495,51.208868,On or near Shopping Area,E01023202,Test Valley 018A,Shoplifting,Investigation complete; no suspect identified,
7a3038ed4c74ae11c2c1fba71d7a9dc02056cd547b7efc776d720e6a95048946,2024-03,Hampshire Constabulary,Hampshire Constabulary,-1.480269,51.207311,On or near Waterloo Court,E01023202,Test Valley 018A,Shoplifting,Investigation complete; no suspect identified,
57065077a212455d3cb58437b982b20aae65a839a4aa3b6969dbdf56d5adc1b3,2024-03,Hampshire Constabulary,Hampshire Constabulary,-1.480495,51.208868,On or near Shopping Area,E01023202,Test Valley 018A,Shoplifting,Investigation complete; no suspect identified,
1539c3ff2ba7dd35d7c2db46ee25543686d45188d0460b348b1c8edd8b4fc4a4,2024-03,Hampshire Constabulary,Hampshire Constabulary,-1.479593,51.210159,On or near Parking Area,E01023202,Test Valley 018A,Theft from the person,Investigation complete; no suspect identified,
ffd41bcfcb30161325ef1a7e36c281748f4d353565541460b6733cda004c9858,2024-03,Hampshire Constabulary,Hampshire Constabulary,-1.480269,51.207311,On or near Waterloo Court,E01023202,Test Valley 018A,Theft from the person,Unable to prosecute suspect,
1b69a6c19b6c4b3d6cd05728decc089b3827b729a63b040ba53e7713c69254f3,2024-03,Hampshire Constabulary,Hampshire Constabulary,-1.473706,51.210465,On or near Recreation Road,E01023202,Test Valley 018A,Vehicle crime,Investigation complete; no suspect identified,
286d987ac57fcd9ddd08da4c7bd8056ae729dd3bf2bdea1cda18eaa7900ac477,2024-03,Hampshire Constabulary,Hampshire Constabulary,-1.471869,51.209612,On or near Acre Path,E01023202,Test Valley 018A,Violence and sexual offences,Investigation complete; no suspect identified,
e70a78b433cfae3f3e3c317c138e10ebc9eb5650b4068e314e49a57f331582c1,2024-03,Hampshire Constabulary,Hampshire Constabulary,-1.477654,51.210762,On or near Bracher Close,E01023202,Test Valley 018A,Violence and sexual offences,Unable to prosecute suspect,
222a3943ece2be28fb4732212c1cdff6f4bdd4c53d2c13d9dc9e78b1aa49ac01,2024-03,Hampshire Constabulary,Hampshire Constabulary,-1.478035,51.207382,On or near George Yard,E01023202,Test Valley 018A,Violence and sexual offences,Investigation complete; no suspect identified,
760173b095c8059bdded6a1cb179cdb0ea6d6658806c002e88debab45f5c1c52,2024-03,Hampshire Constabulary,Hampshire Constabulary,-1.478035,51.207382,On or near George Yard,E01023202,Test Valley 018A,Violence and sexual offences,Unable to prosecute suspect,
10407796a5b2d5c74355dcbba91c2a802090529b355c07687b4c3032203f0836,2024-03,Hampshire Constabulary,Hampshire Constabulary,-1.477280,51.207100,On or near Parking Area,E01023202,Test Valley 018A,Violence and sexual offences,Status update unavailable,
504112ab4a0fbeb35f50a5b8defb7a56f58dbf20027ffbfb6520b407365a7350,2024-03,Hampshire Constabulary,Hampshire Constabulary,-1.480538,51.206368,On or near Bridge Street,E01023202,Test Valley 018A,Violence and sexual offences,Unable to prosecute suspect,
a6f6d86361124de58264148df75e9a50f3531653d5ae50bc9f2a2f8f74ba440e,2024-03,Hampshire Constabulary,Hampshire Constabulary,-1.473706,51.210465,On or near Recreation Road,E01023202,Test Valley 018A,Violence and sexual offences,Status update unavailable,
68b7506d27ada4ad6dd5222d95d8ac2cea829553b61056f51d806970b1238b46,2024-03,Hampshire Constabulary,Hampshire Constabulary,-1.467656,51.207498,On or near Wool Grove,E01023219,Test Valley 018B,Burglary,Unable to prosecute suspect,
595c5f334c5fb866e7e4d9fa366307af9021ece5cf8f24f516bd038415b679f1,2024-03,Hampshire Constabulary,Hampshire Constabulary,-1.459950,51.209117,On or near Springfield Close,E01023219,Test Valley 018B,Public order,Unable to prosecute suspect,
52d6ce732f436912dbdbea556a19c6ab4570308502eba8e0c3142196102645d3,2024-03,Hampshire Constabulary,Hampshire Constabulary,-1.459950,51.209117,On or near Springfield Close,E01023219,Test Valley 018B,Public order,Court result unavailable,
80d7b6277b915e81877c3cd38f83e61c7978187d0ef4acc563e00de99e3a9aba,2024-03,Hampshire Constabulary,Hampshire Constabulary,-1.459950,51.209117,On or near Springfield Close,E01023219,Test Valley 018B,Shoplifting,Investigation complete; no suspect identified,
97da1b8880f3b5e44cfc87af279a3d89d2ddd0b8985b0b827dd529705be90025,2024-03,Hampshire Constabulary,Hampshire Constabulary,-1.459950,51.209117,On or near Springfield Close,E01023219,Test Valley 018B,Shoplifting,Court result unavailable,
bac3ea00807cf4f045cd44a95e076c50431361328515dbdb5f99a238f9076e6a,2024-03,Hampshire Constabulary,Hampshire Constabulary,-1.459950,51.209117,On or near Springfield Close,E01023219,Test Valley 018B,Shoplifting,Court result unavailable,
fa1aeb5987def131b7b912536e1ab04e2f602d0fc83b5c7f7578f0f7a04cf5a5,2024-03,Hampshire Constabulary,Hampshire Constabulary,-1.470846,51.206388,On or near Gabriel Walk,E01023219,Test Valley 018B,Violence and sexual offences,Local resolution,
3158a270234e0569faaacf164c38d4876143e616b111f2fb93905e6f7629e6d8,2024-03,Hampshire Constabulary,Hampshire Constabulary,-1.466817,51.208258,On or near Sidmouth Road,E01023219,Test Valley 018B,Violence and sexual offences,Unable to prosecute suspect,
1613d1673aaa256e0314c5a10edb657ad23a3fe9778af796dec1fc05fd55c750,2024-03,Hampshire Constabulary,Hampshire Constabulary,-1.463941,51.209342,On or near Stiles Drive,E01023219,Test Valley 018B,Violence and sexual offences,Unable to prosecute suspect,
,2024-03,Hampshire Constabulary,Hampshire Constabulary,-1.459950,51.209117,On or near Springfield Close,E01023219,Test Valley 018B,Anti-social behaviour,,
,2024-03,Hampshire Constabulary,Hampshire Constabulary,-1.463941,51.209342,On or near Stiles Drive,E01023219,Test Valley 018B,Anti-social behaviour,,
ea6122b46f91fd8723ab504a9adcb11c58b1b18e64afe2c027182c4512a42611,2024-03,Hampshire Constabulary,Hampshire Constabulary,-1.469362,51.207280,On or near Bell Road,E01023219,Test Valley 018B,Violence and sexual offences,Status update unavailable,
efd11a8f47a63f16ca5602ebb2eb20cb0e49aea8f05a16c065e000fdf44cf00c,2024-03,Hampshire Constabulary,Hampshire Constabulary,-1.469362,51.207280,On or near Bell Road,E01023219,Test Valley 018B,Violence and sexual offences,Investigation complete; no suspect identified,
9a51d776bae3fc2f4a7b697650b6c0707ff6d6414254bc2cd382949eab6cab48,2024-03,Hampshire Constabulary,Hampshire Constabulary,-1.469362,51.207280,On or near Bell Road,E01023219,Test Valley 018B,Violence and sexual offences,Unable to prosecute suspect,
2a961a504c96eff02b03e7af160329f2d523d20184c231e826dba1e5d9b21d0e,2024-03,Hampshire Constabulary,Hampshire Constabulary,-1.467656,51.207498,On or near Wool Grove,E01023219,Test Valley 018B,Violence and sexual offences,Unable to prosecute suspect,
f68baaf6a876575d568cb646d465dabda6cd58d634653d6821c93c1f3d121e2c,2024-03,Hampshire Constabulary,Hampshire Constabulary,-1.471782,51.203443,On or near Farrs Avenue,E01023215,Test Valley 018C,Violence and sexual offences,Unable to prosecute suspect,
1587c517e0a29ab0a5754088c6198cf4560b694a6b80fcf57dbaad51c42ffa3c,2024-03,Hampshire Constabulary,Hampshire Constabulary,-1.471823,51.199891,On or near Cornfields,E01023215,Test Valley 018C,Violence and sexual offences,Unable to prosecute suspect,
ac3c7060b056726bc05bae2dc44d92078a42a6a0d8f7ac2f7a9855c6a73dde28,2024-03,Hampshire Constabulary,Hampshire Constabulary,-1.473280,51.205095,On or near Wolversdene Gate,E01023215,Test Valley 018C,Violence and sexual offences,Unable to prosecute suspect,
82a5487674bb681bd8d0635ca23e599e6dff24b3af10d6a53556c78c83b081cb,2024-03,Hampshire Constabulary,Hampshire Constabulary,-1.471782,51.203443,On or near Farrs Avenue,E01023215,Test Valley 018C,Violence and sexual offences,Unable to prosecute suspect,
729307d94246808b9bb7f640f3187262fbb1c9842487973bffce0b7914cf43a9,2024-03,Hampshire Constabulary,Hampshire Constabulary,-1.471782,51.203443,On or near Farrs Avenue,E01023215,Test Valley 018C,Violence and sexual offences,Unable to prosecute suspect,
,2024-03,Hampshire Constabulary,Hampshire Constabulary,-1.471823,51.199891,On or near Cornfields,E01023215,Test Valley 018C,Anti-social behaviour,,
,2024-03,Hampshire Constabulary,Hampshire Constabulary,-1.471823,51.199891,On or near Cornfields,E01023215,Test Valley 018C,Anti-social behaviour,,
fad3cc481a073115f5c4fe056397fa88f4ecad09af1c8bf42b59e1a761ec5571,2024-03,Hampshire Constabulary,Hampshire Constabulary,-1.471823,51.199891,On or near Cornfields,E01023215,Test Valley 018C,Criminal damage and arson,Investigation complete; no suspect identified,
bd9a627ea52954ed09f09d1fd4f27c463d82feba5321753e352e85668a282d4f,2024-03,Hampshire Constabulary,Hampshire Constabulary,-1.466559,51.204534,On or near Wolversdene Gardens,E01023215,Test Valley 018C,Vehicle crime,Investigation complete; no suspect identified,
2706708748d0292acea4bf3c18c878d3b64d2a4ff5340ab4828bf48f3c0fc0c2,2024-03,Hampshire Constabulary,Hampshire Constabulary,-0.755612,51.098392,On or near Little Hammer Lane,E01030929,Waverley 017D,Violence and sexual offences,Investigation complete; no suspect identified,
43cfa5ded291dd442d8f33f0aa1b649e8f8d01939135547c61bc54bb91dcb922,2024-03,Hampshire Constabulary,Hampshire Constabulary,-0.829246,51.162900,On or near Boundary Road,E01030909,Waverley 018B,Public order,Investigation complete; no suspect identified,
3374e694bb23c51e35e19d08944310ba11a378102ce889e1fc9510d8f8c69588,2024-03,Hampshire Constabulary,Hampshire Constabulary,-1.174855,51.359126,On or near Sports/Recreation Area,E01016255,West Berkshire 011B,Violence and sexual offences,Action to be taken by another organisation,
ebd15f5ba15638d56a28908cd1562a24ffec8c707bc0d99494abf7e100f04910,2024-03,Hampshire Constabulary,Hampshire Constabulary,-1.174855,51.359126,On or near Sports/Recreation Area,E01016255,West Berkshire 011B,Violence and sexual offences,Unable to prosecute suspect,
04d2a329bba02b9695528713a1df8d805716ab2eb3e33838069f8e58fd891ebe,2024-03,Hampshire Constabulary,Hampshire Constabulary,-1.174855,51.359126,On or near Sports/Recreation Area,E01016255,West Berkshire 011B,Violence and sexual offences,Status update unavailable,
1d9b41405743d26548b2446cb890b1387c94b6f2829ff8d01a9e43d2785a2721,2024-03,Hampshire Constabulary,Hampshire Constabulary,-1.674513,51.190091,On or near Parking Area,E01032033,Wiltshire 049C,Violence and sexual offences,Unable to prosecute suspect,
3c48e8659bf23e627cdae30423fbe5918b75a57b0c69026ed825237fdf1e985d,2024-03,Hampshire Constabulary,Hampshire Constabulary,-1.633421,51.046816,On or near Dean Road,E01032042,Wiltshire 060E,Violence and sexual offences,Unable to prosecute suspect,
7c6873f347e5bbff6dfd16e4fd9772666461c4d494bc02ab779bc773ab085692,2024-03,Hampshire Constabulary,Hampshire Constabulary,-1.339006,51.154607,On or near Saddlers Close,E01023286,Winchester 001A,Violence and sexual offences,Unable to prosecute suspect,
46a675e7fb791efb1e453bf11059e5b697f4d7d49965edd9780b2fc309f011b4,2024-03,Hampshire Constabulary,Hampshire Constabulary,-1.339006,51.154607,On or near Saddlers Close,E01023286,Winchester 001A,Violence and sexual offences,Unable to prosecute suspect,
3299520f25f5af00797804aca12cafa789869d04fbe78a3d0b6c73dab6929901,2024-03,Hampshire Constabulary,Hampshire Constabulary,-1.332460,51.150451,On or near Beggars Drove,E01023286,Winchester 001A,Burglary,Investigation complete; no suspect identified,
4c99f98ec819297e98c78af8f51c09e35a42940da0fbaf99a4987881a676798c,2024-03,Hampshire Constabulary,Hampshire Constabulary,-1.336625,51.156113,On or near Stockbridge Road East,E01023286,Winchester 001A,Drugs,Status update unavailable,
ece9533aa57f09c0dff3ceb9ecfb8d062ed78df896238f5e203b7ed814782e2c,2024-03,Hampshire Constabulary,Hampshire Constabulary,-1.336625,51.156113,On or near Stockbridge Road East,E01023286,Winchester 001A,Other theft,Investigation complete; no suspect identified,
075386cdf2d5f62134c251084bf45b1cf2b1c969a1d74feb7d40180a3bdaf3ba,2024-03,Hampshire Constabulary,Hampshire Constabulary,-1.343575,51.157087,On or near Petrol Station,E01023286,Winchester 001A,Vehicle crime,Investigation complete; no suspect identified,
a1e3be8139033cdf77169fd50bc6bc527f71b87f10f67d4741e5f7bbf761f160,2024-03,Hampshire Constabulary,Hampshire Constabulary,-1.343575,51.157087,On or near Petrol Station,E01023286,Winchester 001A,Vehicle crime,Investigation complete; no suspect identified,
ed8a51d7577fce550508d425d19be2c35941b6ea8d967fc7aef190178201b8a2,2024-03,Hampshire Constabulary,Hampshire Constabulary,-1.343575,51.157087,On or near Petrol Station,E01023286,Winchester 001A,Vehicle crime,Investigation complete; no suspect identified,
93423587333699f99c3bfaf25f14f9b1c2a68beaba5d66870795288d8068aabd,2024-03,Hampshire Constabulary,Hampshire Constabulary,-1.343575,51.157087,On or near Petrol Station,E01023286,Winchester 001A,Vehicle crime,Investigation complete; no suspect identified,
66a90c0105174ee69d59c68d8317e9344057d48843e5600715f1a50cc67e49ed,2024-03,Hampshire Constabulary,Hampshire Constabulary,-1.342934,51.153874,On or near Pigeonhouse Field,E01023286,Winchester 001A,Vehicle crime,Investigation complete; no suspect identified,
4c33e311de91268f2827a5a8ac834e14a7a84abc2dbbc37daefe4efe32f52ddd,2024-03,Hampshire Constabulary,Hampshire Constabulary,-1.343575,51.157087,On or near Petrol Station,E01023286,Winchester 001A,Vehicle crime,Investigation complete; no suspect identified,
26effc99546e3f3355b7bde8a43b28d4a0ef08630134dcb83eeb0d37f576d982,2024-03,Hampshire Constabulary,Hampshire Constabulary,-1.332460,51.150451,On or near Beggars Drove,E01023286,Winchester 001A,Violence and sexual offences,Unable to prosecute suspect,
124d179261401027aad2d0c3bda4ea3c9810fd3f92b2e64458b9dfb634dc66de,2024-03,Hampshire Constabulary,Hampshire Constabulary,-1.339006,51.154607,On or near Saddlers Close,E01023286,Winchester 001A,Violence and sexual offences,Investigation complete; no suspect identified,
69351e49ddb67aa12e36fdc3f36d91d00bf00abb62f65023e7fb46cb3e797781,2024-03,Hampshire Constabulary,Hampshire Constabulary,-1.261226,51.148989,On or near Parking Area,E01023288,Winchester 001C,Vehicle crime,Unable to prosecute suspect,
443337823cebdac28857bf2da152b9f519b12050d66fe6a8835449d22d2ad7c4,2024-03,Hampshire Constabulary,Hampshire Constabulary,-1.257310,51.184519,On or near Overton Road,E01023288,Winchester 001C,Violence and sexual offences,Unable to prosecute suspect,
7275c1a9d677bf72170d9e31101ee9ea324f584910cf4572f8aeff6494c436eb,2024-03,Hampshire Constabulary,Hampshire Constabulary,-1.261226,51.148989,On or near Parking Area,E01023288,Winchester 001C,Violence and sexual offences,Unable to prosecute suspect,
,2024-03,Hampshire Constabulary,Hampshire Constabulary,-1.234086,51.173426,On or near Parking Area,E01023288,Winchester 001C,Anti-social behaviour,,
,2024-03,Hampshire Constabulary,Hampshire Constabulary,-1.234086,51.173426,On or near Parking Area,E01023288,Winchester 001C,Anti-social behaviour,,
,2024-03,Hampshire Constabulary,Hampshire Constabulary,-1.234086,51.173426,On or near Parking Area,E01023288,Winchester 001C,Anti-social behaviour,,
222ee89eededbe4152e656de235066dc8b9c8db2d10596f2f6acc20ad2132078,2024-03,Hampshire Constabulary,Hampshire Constabulary,-1.260990,51.130590,On or near New Down Farm Cottages,E01023288,Winchester 001C,Vehicle crime,Investigation complete; no suspect identified,
2916c3e74c15dd550d92d3e797d1457ad48fb9e9344cbbe6295710a8655f5443,2024-03,Hampshire Constabulary,Hampshire Constabulary,-1.260990,51.130590,On or near New Down Farm Cottages,E01023288,Winchester 001C,Vehicle crime,Investigation complete; no suspect identified,
6163fc0c7c9bcba3a0a8ea8fd0209439aac24069eb94c0b1323570bec916e563,2024-03,Hampshire Constabulary,Hampshire Constabulary,-1.260990,51.130590,On or near New Down Farm Cottages,E01023288,Winchester 001C,Vehicle crime,Investigation complete; no suspect identified,
6ed2c29fbaf7537c20b4a6cb8903c8843076428dc27b82fe5871ab0f4ef68a6e,2024-03,Hampshire Constabulary,Hampshire Constabulary,-1.261226,51.148989,On or near Parking Area,E01023288,Winchester 001C,Violence and sexual offences,Status update unavailable,
c5e655539726cdf1a78726e38fb79ace88c4dc71ff01684f1eb84b72c77fbb4a,2024-03,Hampshire Constabulary,Hampshire Constabulary,-1.257310,51.184519,On or near Overton Road,E01023288,Winchester 001C,Violence and sexual offences,Unable to prosecute suspect,
b05332e83926a8a6790cabf1541de3a9472c48c5ff9e775409fb19d80342b075,2024-03,Hampshire Constabulary,Hampshire Constabulary,-1.262945,51.182855,On or near Ellis Drive,E01023288,Winchester 001C,Violence and sexual offences,Unable to prosecute suspect,
21b539f0d88b1e9aef2e82e55b246b5cc5cd33e232d7c787c5ee5aaeed5786b4,2024-03,Hampshire Constabulary,Hampshire Constabulary,-1.263772,51.060764,On or near Telegraph Way,E01023236,Winchester 002A,Burglary,Investigation complete; no suspect identified,
1c6e01de765a053a603c7d4ec1b7e9c2c4e443f837b61e6adffb65637636eb70,2024-03,Hampshire Constabulary,Hampshire Constabulary,-1.204362,51.088512,On or near Itchen View,E01023236,Winchester 002A,Burglary,Investigation complete; no suspect identified,
bbb42ad40fd7c409488e726a491584104047e8e374fbbd3b903ee46c2a1282c8,2024-03,Hampshire Constabulary,Hampshire Constabulary,-1.202163,51.081906,On or near Lovington Lane,E01023236,Winchester 002A,Burglary,Investigation complete; no suspect identified,
9a29dfafb71106bb55fb050afb519e025f7c35cc002447ece88a493848681022,2024-03,Hampshire Constabulary,Hampshire Constabulary,-1.197446,51.116898,On or near Park/Open Space,E01023236,Winchester 002A,Other theft,Investigation complete; no suspect identified,
7bfd8d9a21e89543fa89b4505b6946aed760de79df9c89369e1bb2c71e15dccf,2024-03,Hampshire Constabulary,Hampshire Constabulary,-1.284406,51.079237,On or near Easton Lane,E01023236,Winchester 002A,Vehicle crime,Investigation complete; no suspect identified,
8a254c669a4bddd122d88ce0db7deafc672995b168f4d15eac8a6f5d80a5deaf,2024-03,Hampshire Constabulary,Hampshire Constabulary,-1.301857,51.104449,On or near Edinburgh Road,E01023237,Winchester 002B,Violence and sexual offences,Unable to prosecute suspect,
f2f67a49c57cd7ad52f18882e29ab0894fb92183ac59f184ca1d02790b4b75ba,2024-03,Hampshire Constabulary,Hampshire Constabulary,-1.301857,51.104449,On or near Edinburgh Road,E01023237,Winchester 002B,Violence and sexual offences,Investigation complete; no suspect identified,
d11d2d4c223e75cffbb64426f5ffe3c3a92593a761f90ec25f89ba6d6abfbefb,2024-03,Hampshire Constabulary,Hampshire Constabulary,-1.301857,51.104449,On or near Edinburgh Road,E01023237,Winchester 002B,Violence and sexual offences,Unable to prosecute suspect,
,2024-03,Hampshire Constabulary,Hampshire Constabulary,-1.302640,51.102700,On or near North Road,E01023237,Winchester 002B,Anti-social behaviour,,
e6151fdd618f364d3010797508abef807ede673199eda38f06d328f0e3e69b61,2024-03,Hampshire Constabulary,Hampshire Constabulary,-1.301857,51.104449,On or near Edinburgh Road,E01023237,Winchester 002B,Drugs,Status update unavailable,
a6d9ce24eed40f2251e0f8d91ac2bb433c7a2bd7c4fe1888799208e08457f176,2024-03,Hampshire Constabulary,Hampshire Constabulary,-1.297219,51.100437,On or near Lovedon Lane,E01023237,Winchester 002B,Vehicle crime,Investigation complete; no suspect identified,
b0fce7257deda9a2b072024eecb15ad8f979ca29cb2d3fe1e5e24a434145d58a,2024-03,Hampshire Constabulary,Hampshire Constabulary,-1.299200,51.100674,On or near Mountbatten Place,E01023237,Winchester 002B,Violence and sexual offences,Status update unavailable,
d36bd87c361fdfdaed184eecb5196a4611a90cf129e5c7bae482d0a877b2ad01,2024-03,Hampshire Constabulary,Hampshire Constabulary,-1.303804,51.099362,On or near Foxwood Close,E01023238,Winchester 002C,Burglary,Investigation complete; no suspect identified,
f1842ddd29250e071638405a9f6d1177bce904544da4d9771b02735a97e865b0,2024-03,Hampshire Constabulary,Hampshire Constabulary,-1.302955,51.106460,On or near Kings Close,E01023238,Winchester 002C,Public order,Unable to prosecute suspect,
9952bace34f79ba82fbb9756fba8abaff606901181e050edbf09a4c6fdb38e1e,2024-03,Hampshire Constabulary,Hampshire Constabulary,-1.302955,51.106460,On or near Kings Close,E01023238,Winchester 002C,Public order,Unable to prosecute suspect,
c1ce51351811bc7cae33a8f8cf89f960196af9e3cce1812216dffb2817f7e50a,2024-03,Hampshire Constabulary,Hampshire Constabulary,-1.307966,51.101868,On or near Firs Crescent,E01023238,Winchester 002C,Violence and sexual offences,Unable to prosecute suspect,
4598e7611d58741c8f14add93285ea8394034eeba61deeaa835486bbe5827185,2024-03,Hampshire Constabulary,Hampshire Constabulary,-1.307966,51.101868,On or near Firs Crescent,E01023238,Winchester 002C,Violence and sexual offences,Unable to prosecute suspect,
5f55adbf748776d6d0204c1ce1438dbb8593074f7e8a0259799247eb3ace0ae9,2024-03,Hampshire Constabulary,Hampshire Constabulary,-1.307735,51.101066,On or near Burnet Lane,E01023238,Winchester 002C,Violence and sexual offences,Unable to prosecute suspect,
f36bad68f7e6cb87bd8e99e646824e38518800fb0ab83a50f0e5032bcb1a2c94,2024-03,Hampshire Constabulary,Hampshire Constabulary,-1.297813,51.089470,On or near The Paddock,E01023239,Winchester 002D,Criminal damage and arson,Unable to prosecute suspect,
6f019286f32e25ecd2ba0152d12ae3390dce11ada5ab427892c7d140f1ad95a1,2024-03,Hampshire Constabulary,Hampshire Constabulary,-1.301607,51.091615,On or near Mount Pleasant,E01023239,Winchester 002D,Drugs,Local resolution,
407f66e68329cff05737e82cb4066899558bdaad5cc720d149c334ddcee9b295,2024-03,Hampshire Constabulary,Hampshire Constabulary,-1.301711,51.096130,On or near Meadowland,E01023239,Winchester 002D,Other theft,Investigation complete; no suspect identified,
cab9849eb4fd1f9fef332730df50a34db817b06f16d4b07ac663f32436262f8e,2024-03,Hampshire Constabulary,Hampshire Constabulary,-1.300015,51.088341,On or near Edwards Close,E01023239,Winchester 002D,Violence and sexual offences,Unable to prosecute suspect,
4c86bbf7fb6b9c7dd44ca9af6dbe544ab4170b07f421a091085cd043965be22d,2024-03,Hampshire Constabulary,Hampshire Constabulary,-1.300015,51.088341,On or near Edwards Close,E01023239,Winchester 002D,Criminal damage and arson,Unable to prosecute suspect,
bb82d3508921e1921b732dc6790ab88cc4301943219dbedd7e8311a5ed9f898e,2024-03,Hampshire Constabulary,Hampshire Constabulary,-1.333343,51.080146,On or near Upton Grey Close,E01023240,Winchester 003A,Public order,Local resolution,
0efb0445659a2c4ed1912df8556aba19ab890d694d78e16fd2da2f8cac8828b5,2024-03,Hampshire Constabulary,Hampshire Constabulary,-1.331410,51.079596,On or near Eling Close,E01023240,Winchester 003A,Violence and sexual offences,Unable to prosecute suspect,
afaeb43ebabc1d4be12266fd54766c9408cd4d6f2db1b62178e86d476f71b200,2024-03,Hampshire Constabulary,Hampshire Constabulary,-1.342084,51.078856,On or near Orient Drive,E01023240,Winchester 003A,Violence and sexual offences,Unable to prosecute suspect,
41893a9b9d08082a235c5c95e3129069dcef8bceedd239288ced507a2f391b83,2024-03,Hampshire Constabulary,Hampshire Constabulary,-1.331983,51.082441,On or near Froxfield Close,E01023240,Winchester 003A,Burglary,Investigation complete; no suspect identified,
4f547b0f017bdb98cdb84f05fd3231f4d37d76d8ad766cfc79cb9ea858f64743,2024-03,Hampshire Constabulary,Hampshire Constabulary,-1.333322,51.082646,On or near Parking Area,E01023240,Winchester 003A,Public order,Unable to prosecute suspect,
37440be3da8f96cded62cc71efbbc2cc7c09750790934df805f03b5e2e629074,2024-03,Hampshire Constabulary,Hampshire Constabulary,-1.342084,51.078856,On or near Orient Drive,E01023240,Winchester 003A,Violence and sexual offences,Unable to prosecute suspect,
fb59998a2dfdba0ade2b190004eaa89aade3d36ecbee8d918b5305496595b909,2024-03,Hampshire Constabulary,Hampshire Constabulary,-1.337512,51.084145,On or near Hickory Drive,E01023241,Winchester 003B,Burglary,Investigation complete; no suspect identified,
19eaa9d38af89379906066e4f5b3df6d5cb0b78663998fee33955b7644a62474,2024-03,Hampshire Constabulary,Hampshire Constabulary,-1.334533,51.086780,On or near Three Maids Close,E01023241,Winchester 003B,Violence and sexual offences,Unable to prosecute suspect,
0fc928f2e7d07dbc0d54c42cda3c5dfba106e2d34a491e6845b4f97771843e8c,2024-03,Hampshire Constabulary,Hampshire Constabulary,-1.347903,51.088393,On or near The Hall Way,E01023241,Winchester 003B,Violence and sexual offences,Status update unavailable,
0ab05c9d1ece06a0ac37cc13856b6092d2c63769f157bd7235ad08af57b2a827,2024-03,Hampshire Constabulary,Hampshire Constabulary,-1.344844,51.070392,On or near Webster Road,E01023248,Winchester 003C,Other theft,Investigation complete; no suspect identified,
bd78fc821c264718be9d4fd72ccf6a72062de56b5fd01f6214c0a4c9a9afe315,2024-03,Hampshire Constabulary,Hampshire Constabulary,-1.312842,51.074480,On or near Park Close,E01023253,Winchester 003D,Vehicle crime,Investigation complete; no suspect identified,
ee0c1c3296cc6b101475b8762738da2a0b19f835615d8368ebc18bc1aec9a9bb,2024-03,Hampshire Constabulary,Hampshire Constabulary,-1.311997,51.072766,On or near Oglander Road,E01023253,Winchester 003D,Violence and sexual offences,Court result unavailable,
66ea985a9cae8abbfae1b1b39c17bb352719f4f1cf059778498473d90bac0300,2024-03,Hampshire Constabulary,Hampshire Constabulary,-1.303519,51.086051,On or near Pudding Lane,E01023274,Winchester 003E,Drugs,Offender given a caution,
eec056e971f07b33f05d707e757d6351d2bf32b8c84dffa032ad91f2556ba47a,2024-03,Hampshire Constabulary,Hampshire Constabulary,-1.321692,51.077400,On or near Morse Road,E01023274,Winchester 003E,Public order,Action to be taken by another organisation,
153493947c18223f743e32285d3b520fb8579ee6d54d8e1fa20a62d840dc2929,2024-03,Hampshire Constabulary,Hampshire Constabulary,-1.303218,51.090833,On or near The Dell,E01023274,Winchester 003E,Violence and sexual offences,Unable to prosecute suspect,
15e52f1ebdf3e7f29ad63d5d06fb8238d0fa21cf910dbf826cad1fe09dda99bb,2024-03,Hampshire Constabulary,Hampshire Constabulary,-1.303218,51.090833,On or near The Dell,E01023274,Winchester 003E,Violence and sexual offences,Unable to prosecute suspect,
e5bdea4d86d1375f2b755a6b01683d9e921c2f72b2e7a881e7091b40bb26ab7e,2024-03,Hampshire Constabulary,Hampshire Constabulary,-1.326653,51.084757,On or near Venta Drive,E01023274,Winchester 003E,Violence and sexual offences,Unable to prosecute suspect,
b4b513db8f2ce8ff694f767610787b5194ef7b9bd79af8212b2001301c653ebc,2024-03,Hampshire Constabulary,Hampshire Constabulary,-1.393988,51.086555,On or near Farm Road,E01023274,Winchester 003E,Violence and sexual offences,Investigation complete; no suspect identified,
057632a2e0fc5d62f00a3bbde45920772ce9772019c676eba49fad4d409a0941,2024-03,Hampshire Constabulary,Hampshire Constabulary,-1.334020,51.089709,On or near Andover Road North,E01023274,Winchester 003E,Violence and sexual offences,Court result unavailable,
f27cd3775e6c6760781aefc20125fa636ba3b1e198c03b1c0c7024d48b8d7eb6,2024-03,Hampshire Constabulary,Hampshire Constabulary,-1.320565,51.095779,On or near Parking Area,E01023274,Winchester 003E,Violence and sexual offences,Unable to prosecute suspect,
,2024-03,Hampshire Constabulary,Hampshire Constabulary,-1.324758,51.083496,On or near Bright Road,E01023274,Winchester 003E,Anti-social behaviour,,
,2024-03,Hampshire Constabulary,Hampshire Constabulary,-1.321692,51.077400,On or near Morse Road,E01023274,Winchester 003E,Anti-social behaviour,,
,2024-03,Hampshire Constabulary,Hampshire Constabulary,-1.321692,51.077400,On or near Morse Road,E01023274,Winchester 003E,Anti-social behaviour,,
9a149a0b6408993811ca7056c04bea1370670026e987ff13b9a34015c9387c6a,2024-03,Hampshire Constabulary,Hampshire Constabulary,-1.392370,51.112285,On or near Sports/Recreation Area,E01023274,Winchester 003E,Burglary,Unable to prosecute suspect,
1835079d7bc8790d6494c03d92ab3ea48f73ace9324e2af42d11949cad384baa,2024-03,Hampshire Constabulary,Hampshire Constabulary,-1.392370,51.112285,On or near Sports/Recreation Area,E01023274,Winchester 003E,Burglary,Investigation complete; no suspect identified,
2f5656056681687be5ad55616de11783037eedf89fbe366d19e54ae6ba042cda,2024-03,Hampshire Constabulary,Hampshire Constabulary,-1.392370,51.112285,On or near Sports/Recreation Area,E01023274,Winchester 003E,Burglary,Investigation complete; no suspect identified,
d70a05bf7cfc9d97ff11cfee9d189ddff0a1bd2191925a8c9998cd3fc1ca2e01,2024-03,Hampshire Constabulary,Hampshire Constabulary,-1.326653,51.084757,On or near Venta Drive,E01023274,Winchester 003E,Other theft,Unable to prosecute suspect,
4f1cd27c76434209eade41143c794d434d75ff0b5a42aaae912c73250117922e,2024-03,Hampshire Constabulary,Hampshire Constabulary,-1.321692,51.077400,On or near Morse Road,E01023274,Winchester 003E,Violence and sexual offences,Unable to prosecute suspect,
4436afa0fe36be22dabda58895eafa487f3e97ae0ba947027e69028e8bcb8dc8,2024-03,Hampshire Constabulary,Hampshire Constabulary,-1.321692,51.077400,On or near Morse Road,E01023274,Winchester 003E,Violence and sexual offences,Unable to prosecute suspect,
8f342607b4781af1132f476425452e3780747177c9da7ff688b43a9cb103026b,2024-03,Hampshire Constabulary,Hampshire Constabulary,-1.112761,51.081388,On or near Parking Area,E01023225,Winchester 004A,Possession of weapons,Court result unavailable,
e8b6965f1968b239c32b1ed9ddd8152d05ab5feac7ec68af9c2fa4babf2930cd,2024-03,Hampshire Constabulary,Hampshire Constabulary,-1.112761,51.081388,On or near Parking Area,E01023225,Winchester 004A,Public order,Local resolution,
d3e4d3bb2e17539fbaad81374ea2532792e3ed67a6353e0f28a015ab8e44498b,2024-03,Hampshire Constabulary,Hampshire Constabulary,-1.129911,51.047642,On or near Church Lane,E01023225,Winchester 004A,Vehicle crime,Investigation complete; no suspect identified,
881a560004e85bcab683ba563a8d185909deaf010db12ffdda094c700aee4b19,2024-03,Hampshire Constabulary,Hampshire Constabulary,-1.128964,51.048705,On or near Church Lane,E01023225,Winchester 004A,Violence and sexual offences,Offender given a caution,
70191b3486e250ce588f0895dc30753172c689ab5c70846aefca0f1e2699b10a,2024-03,Hampshire Constabulary,Hampshire Constabulary,-1.128964,51.048705,On or near Church Lane,E01023225,Winchester 004A,Violence and sexual offences,Offender given a caution,
d5264cd6c7a052cbf34aadfd8b675aa2a5605ee424473975a2e0bda705c7d8c8,2024-03,Hampshire Constabulary,Hampshire Constabulary,-1.128964,51.048705,On or near Church Lane,E01023225,Winchester 004A,Violence and sexual offences,Offender given a caution,
,2024-03,Hampshire Constabulary,Hampshire Constabulary,-1.178244,51.070258,On or near Sports/Recreation Area,E01023225,Winchester 004A,Anti-social behaviour,,
,2024-03,Hampshire Constabulary,Hampshire Constabulary,-1.103877,51.074953,On or near Parkside Lane,E01023225,Winchester 004A,Anti-social behaviour,,
10ef7c7ac370d37326a8c6326cf2086de750c654c29ee87e50c9aa5f6a3e2563,2024-03,Hampshire Constabulary,Hampshire Constabulary,-1.131902,51.086135,On or near Bighton Lane,E01023225,Winchester 004A,Other crime,Investigation complete; no suspect identified,
3e5d4dd24b71091cd9cdc07995ffd778309b6a2ed0e83cc287a51754863947db,2024-03,Hampshire Constabulary,Hampshire Constabulary,-1.161281,51.086359,On or near Searles Close,E01023278,Winchester 004B,Violence and sexual offences,Unable to prosecute suspect,
1a2f8304e878dd0263d13795f22064a98b30a1032fcad94a02ce29dd2206b28c,2024-03,Hampshire Constabulary,Hampshire Constabulary,-1.168397,51.086814,On or near Grange Road,E01023278,Winchester 004B,Theft from the person,Investigation complete; no suspect identified,
9a59f69b549320051cd17fe584a725ff40e8a812a2685aeb5f0bef40cc8887df,2024-03,Hampshire Constabulary,Hampshire Constabulary,-1.168397,51.086814,On or near Grange Road,E01023278,Winchester 004B,Theft from the person,Investigation complete; no suspect identified,
be473c17ed0ce96ffd6c3ea0434508a48c75b87984d8e8421bc89b8c83c358a6,2024-03,Hampshire Constabulary,Hampshire Constabulary,-1.160385,51.080660,On or near Appledown Close,E01023278,Winchester 004B,Other crime,Status update unavailable,
b6966b4be8a7743cbb2620da82cc9b3bf3a9070c03c8d90b1a0a434310f1a566,2024-03,Hampshire Constabulary,Hampshire Constabulary,-1.114440,51.097389,On or near Goscombs Lane,E01023280,Winchester 004D,Criminal damage and arson,Investigation complete; no suspect identified,
4f47e2148520b006130f9e9c41e41c5378a24313af9ef8bfe939e3cf2050e73d,2024-03,Hampshire Constabulary,Hampshire Constabulary,-1.162853,51.090246,On or near West Street,E01023281,Winchester 004E,Criminal damage and arson,Investigation complete; no suspect identified,
876068f615331bcca6436f4049e2df7714c453e4f9fb37978c5394d4ec1d7a3d,2024-03,Hampshire Constabulary,Hampshire Constabulary,-1.167529,51.092221,On or near Arle Close,E01023281,Winchester 004E,Violence and sexual offences,Unable to prosecute suspect,
da122175e1bc7e3a0905406647c231b2839caac82c6ae2b7c0cc97f9a2ae6282,2024-03,Hampshire Constabulary,Hampshire Constabulary,-1.170868,51.084377,On or near Windsor Road,E01023281,Winchester 004E,Violence and sexual offences,Unable to prosecute suspect,
127b38fed6cb429a9f977bd07bce488c24109b927130e9181517f0baca1df6ce,2024-03,Hampshire Constabulary,Hampshire Constabulary,-1.165677,51.091228,On or near The Dean,E01023281,Winchester 004E,Violence and sexual offences,Unable to prosecute suspect,
d9d788faa5fccc7a9585821a003055561ecb90859ffd5eebb4f334b6a93ac2b7,2024-03,Hampshire Constabulary,Hampshire Constabulary,-1.165677,51.091228,On or near The Dean,E01023281,Winchester 004E,Violence and sexual offences,Unable to prosecute suspect,
a0f8f16524e9f880028e2c5ac2230d4504ff148880f626a459ab339d6897970f,2024-03,Hampshire Constabulary,Hampshire Constabulary,-1.173779,51.086888,On or near Bridge Road,E01023281,Winchester 004E,Burglary,Investigation complete; no suspect identified,
55951ba5c66ba0cb63adb9f1f2275f1ce5885ea90cf24c2b8cba42700646b54a,2024-03,Hampshire Constabulary,Hampshire Constabulary,-1.165677,51.091228,On or near The Dean,E01023281,Winchester 004E,Criminal damage and arson,Investigation complete; no suspect identified,
bab540dfec36338dfcfa61391f8d05d2d6117338bda69021bd44931228ea25b8,2024-03,Hampshire Constabulary,Hampshire Constabulary,-1.163754,51.090144,On or near Brewhouse Yard,E01023281,Winchester 004E,Criminal damage and arson,Investigation complete; no suspect identified,
7c17b92ced02d924192f6ab188cb4ec6c7ae8775d91313b59826e19c8a3aacbb,2024-03,Hampshire Constabulary,Hampshire Constabulary,-1.171295,51.085270,On or near Lovells Walk,E01023281,Winchester 004E,Criminal damage and arson,Investigation complete; no suspect identified,
4ae93b14a8d08661a44c53a8c982e389ad9b930d116279bfb662ff9aea159dbd,2024-03,Hampshire Constabulary,Hampshire Constabulary,-1.168443,51.090958,On or near Sports/Recreation Area,E01023281,Winchester 004E,Violence and sexual offences,Further action is not in the public interest,
cf5244fd03d8775d03145dc13db38c6101274f81d3b1f8e444aa54ab98b416f7,2024-03,Hampshire Constabulary,Hampshire Constabulary,-1.160795,51.091103,On or near The George Yard,E01023281,Winchester 004E,Violence and sexual offences,Unable to prosecute suspect,
65af12665f5f928454c2295bb1bf4617c6ae6ec66bf28bdefbd9da599083ba4b,2024-03,Hampshire Constabulary,Hampshire Constabulary,-1.329247,51.074152,On or near Wessex Drive,E01023247,Winchester 005A,Criminal damage and arson,Local resolution,
11322121f7292d93be9f787ad144acf5c69def7c104f74261424436f1b24f0ab,2024-03,Hampshire Constabulary,Hampshire Constabulary,-1.321877,51.073489,On or near Greenacres,E01023247,Winchester 005A,Violence and sexual offences,Unable to prosecute suspect,
ce089c5317b3fec29cf879b0f9b419fbf8054895f3bb82692af94760e7bba06c,2024-03,Hampshire Constabulary,Hampshire Constabulary,-1.323139,51.075043,On or near Stoney Mews,E01023247,Winchester 005A,Violence and sexual offences,Unable to prosecute suspect,
,2024-03,Hampshire Constabulary,Hampshire Constabulary,-1.321813,51.075935,On or near Hyldeborne Road,E01023247,Winchester 005A,Anti-social behaviour,,
,2024-03,Hampshire Constabulary,Hampshire Constabulary,-1.336114,51.074092,On or near Supermarket,E01023247,Winchester 005A,Anti-social behaviour,,
,2024-03,Hampshire Constabulary,Hampshire Constabulary,-1.336114,51.074092,On or near Supermarket,E01023247,Winchester 005A,Anti-social behaviour,,
98847999c1083dbb896e1ecbbf4e5e418b60d5a1efce06cfd54bd878074aa399,2024-03,Hampshire Constabulary,Hampshire Constabulary,-1.330410,51.072702,On or near Lynch Close,E01023247,Winchester 005A,Other theft,Investigation complete; no suspect identified,
3263d378d80490faabd09dcaf59599ed5a09d479a7b24cba0c880d2d1178cf6d,2024-03,Hampshire Constabulary,Hampshire Constabulary,-1.336114,51.074092,On or near Supermarket,E01023247,Winchester 005A,Shoplifting,Investigation complete; no suspect identified,
d7cf2f063d0b7d472f1be8f53655641f06ff6d99da87141aa0cbd78f04d64f33,2024-03,Hampshire Constabulary,Hampshire Constabulary,-1.336114,51.074092,On or near Supermarket,E01023247,Winchester 005A,Shoplifting,Investigation complete; no suspect identified,
f7ddcb5a22c744b7f72c9b09aee1f759899072fedc4d491e6ea320a05c4f9593,2024-03,Hampshire Constabulary,Hampshire Constabulary,-1.336114,51.074092,On or near Supermarket,E01023247,Winchester 005A,Violence and sexual offences,Investigation complete; no suspect identified,
,2024-03,Hampshire Constabulary,Hampshire Constabulary,-1.326689,51.079317,On or near Grove Place,E01023249,Winchester 005B,Anti-social behaviour,,
,2024-03,Hampshire Constabulary,Hampshire Constabulary,-1.326689,51.079317,On or near Grove Place,E01023249,Winchester 005B,Anti-social behaviour,,
a7d212fdf3075bb2f768795bf211fa5c2f827938dacc5100913d7af486036971,2024-03,Hampshire Constabulary,Hampshire Constabulary,-1.334143,51.078119,On or near Taplings Road,E01023250,Winchester 005C,Violence and sexual offences,Unable to prosecute suspect,
,2024-03,Hampshire Constabulary,Hampshire Constabulary,-1.335690,51.076806,On or near Trussell Close,E01023250,Winchester 005C,Anti-social behaviour,,
,2024-03,Hampshire Constabulary,Hampshire Constabulary,-1.336171,51.078049,On or near Taplings Close,E01023250,Winchester 005C,Anti-social behaviour,,
b8c3cee0555402930359386854e848c120f4687d9da9ed70346bb13af4374821,2024-03,Hampshire Constabulary,Hampshire Constabulary,-1.337500,51.074940,On or near Supermarket,E01023250,Winchester 005C,Shoplifting,Investigation complete; no suspect identified,
fb8f347cc2f35d19881389556e3240e512baa576b28c98b6109bfa44a5c3dfab,2024-03,Hampshire Constabulary,Hampshire Constabulary,-1.334143,51.078119,On or near Taplings Road,E01023250,Winchester 005C,Vehicle crime,Investigation complete; no suspect identified,
70edca82c9353e05e2b037afdb8f1b583f9394afd3b70d72f4452b4b27286e34,2024-03,Hampshire Constabulary,Hampshire Constabulary,-1.335690,51.076806,On or near Trussell Close,E01023250,Winchester 005C,Violence and sexual offences,Unable to prosecute suspect,
824caf6ff45c8c1f096c704a85d106940ba4c7e3c77615ed701f5bf7c0cca79c,2024-03,Hampshire Constabulary,Hampshire Constabulary,-1.328474,51.067404,On or near Cheriton Road,E01023268,Winchester 005D,Violence and sexual offences,Unable to prosecute suspect,
6e0a0134c771d7880d94d2b1b9112c9443b7de2dcd6b0a29a6b5025dbe254c8e,2024-03,Hampshire Constabulary,Hampshire Constabulary,-1.328474,51.067404,On or near Cheriton Road,E01023268,Winchester 005D,Other crime,Formal action is not in the public interest,
a62db4c482654ca72f806b38f6834cdc9b94b4dc8971bbcc2b64566595c7e8b3,2024-03,Hampshire Constabulary,Hampshire Constabulary,-1.328474,51.067404,On or near Cheriton Road,E01023268,Winchester 005D,Other crime,Formal action is not in the public interest,
2c9852437c6733ed5bbb94e2cca20025d22443c68d3d6f4bee6d0804951ff9d3,2024-03,Hampshire Constabulary,Hampshire Constabulary,-1.336025,51.068310,On or near Fullerton Place,E01023269,Winchester 005E,Violence and sexual offences,Unable to prosecute suspect,
d1fbc957be20bfd00f0277fc2ce13994f1f83c2bdb8d035e1c93ec91f58379ce,2024-03,Hampshire Constabulary,Hampshire Constabulary,-1.334851,51.062584,On or near Cornes Close,E01023269,Winchester 005E,Violence and sexual offences,Investigation complete; no suspect identified,
80914fe61a63c31c7692d298c06d3acfd1ac0be81aeb04fa860c7338d0f6249f,2024-03,Hampshire Constabulary,Hampshire Constabulary,-1.336683,51.061192,On or near The Limes,E01023269,Winchester 005E,Criminal damage and arson,Investigation complete; no suspect identified,
9b263a5d3cc311ffb6354a7a6e158d274dce900fdfb6b6d5fcb180354bb33668,2024-03,Hampshire Constabulary,Hampshire Constabulary,-1.326399,51.063656,On or near Police Station,E01023270,Winchester 005F,Burglary,Investigation complete; no suspect identified,
2511e3ceb4056971eee8a42cb667a07d59c0f7cf5efecf4cef40379d9ccf80fa,2024-03,Hampshire Constabulary,Hampshire Constabulary,-1.326399,51.063656,On or near Police Station,E01023270,Winchester 005F,Violence and sexual offences,Unable to prosecute suspect,
99449163b463703aacbac67c20ce1b8b286827a2bccaa9a4d01acef1011f713f,2024-03,Hampshire Constabulary,Hampshire Constabulary,-1.328397,51.063869,On or near West Hill Drive,E01023270,Winchester 005F,Violence and sexual offences,Unable to prosecute suspect,
5dd24c9b8600d74e8b698bdffbe7a6dff0c3c659e28829d46e551bc11b261b0a,2024-03,Hampshire Constabulary,Hampshire Constabulary,-1.328397,51.063869,On or near West Hill Drive,E01023270,Winchester 005F,Violence and sexual offences,Unable to prosecute suspect,
134fc2b0495666d3aceef1ee03c62275acb1f846b3bf41681caa1286d1503586,2024-03,Hampshire Constabulary,Hampshire Constabulary,-1.328598,51.064760,On or near Greenhill Avenue,E01023270,Winchester 005F,Violence and sexual offences,Investigation complete; no suspect identified,
36dd6cc25137953c67f6841f531ff844c4a9b3b60b80986122b9309933f6c27c,2024-03,Hampshire Constabulary,Hampshire Constabulary,-1.328397,51.063869,On or near West Hill Drive,E01023270,Winchester 005F,Violence and sexual offences,Unable to prosecute suspect,
d427ffefd38d2301ffd92c7cb8093b60648fdf60a3b45d6f8de2545680134619,2024-03,Hampshire Constabulary,Hampshire Constabulary,-1.328397,51.063869,On or near West Hill Drive,E01023270,Winchester 005F,Violence and sexual offences,Unable to prosecute suspect,
9a738106ba239d29f48ffcfb6adf198b19920bbe8c9ada6979cdd1f50facc06c,2024-03,Hampshire Constabulary,Hampshire Constabulary,-1.328397,51.063869,On or near West Hill Drive,E01023270,Winchester 005F,Violence and sexual offences,Unable to prosecute suspect,
256e13272ab30a7a501fcd4f2760abbd4f34fd5892e294fac8ee23683adc1bdc,2024-03,Hampshire Constabulary,Hampshire Constabulary,-1.328397,51.063869,On or near West Hill Drive,E01023270,Winchester 005F,Violence and sexual offences,Court result unavailable,
963404205ba035e259c907d3aaacd39ba1d567d9e46012c729eaec7b439e6cd6,2024-03,Hampshire Constabulary,Hampshire Constabulary,-1.328397,51.063869,On or near West Hill Drive,E01023270,Winchester 005F,Violence and sexual offences,Unable to prosecute suspect,
aaa88fc1d1bae0c8f67ac55d917a5fe82ec23ce9ace1ffc963a0e5e674087b70,2024-03,Hampshire Constabulary,Hampshire Constabulary,-1.328397,51.063869,On or near West Hill Drive,E01023270,Winchester 005F,Violence and sexual offences,Court result unavailable,
c7afadc3e492c9c92baa5d9a8e07d448874cb126cbe4ae8520402f0d10ed8d26,2024-03,Hampshire Constabulary,Hampshire Constabulary,-1.328397,51.063869,On or near West Hill Drive,E01023270,Winchester 005F,Other crime,Investigation complete; no suspect identified,
99e0add141a3e90f4e47dda576a21508e093dcf88ed42e98dca8d050bc2737bf,2024-03,Hampshire Constabulary,Hampshire Constabulary,-1.328397,51.063869,On or near West Hill Drive,E01023270,Winchester 005F,Other crime,Unable to prosecute suspect,
64f83df0f9325a40c763d412348d593659a5dcceaa87402679199f329ba9509a,2024-03,Hampshire Constabulary,Hampshire Constabulary,-1.328397,51.063869,On or near West Hill Drive,E01023270,Winchester 005F,Other crime,Unable to prosecute suspect,
09236c1156a22a9cc94df88c351299991736fcd9febda02bcb0018c0b8c95ee2,2024-03,Hampshire Constabulary,Hampshire Constabulary,-1.328397,51.063869,On or near West Hill Drive,E01023270,Winchester 005F,Other crime,Unable to prosecute suspect,
e8bbeb5bd016079fc8451054450db0345ac2ece036e086f6269e7b08e3a96784,2024-03,Hampshire Constabulary,Hampshire Constabulary,-1.328397,51.063869,On or near West Hill Drive,E01023270,Winchester 005F,Other crime,Investigation complete; no suspect identified,
f1573f4c917162ba9bbaca43fd8c6382160b924220f10536c27f3ec227425fdf,2024-03,Hampshire Constabulary,Hampshire Constabulary,-1.324457,51.064961,On or near Middle Road,E01023270,Winchester 005F,Vehicle crime,Investigation complete; no suspect identified,
d113c4c38467c01dfda84d39c60a9dbf5ca02fd2065d3a37db269e081b78031a,2024-03,Hampshire Constabulary,Hampshire Constabulary,-1.328397,51.063869,On or near West Hill Drive,E01023270,Winchester 005F,Violence and sexual offences,Unable to prosecute suspect,
ec0487d873988f29c7132196e33ce11e77f3b532ef93358108f98759c255a610,2024-03,Hampshire Constabulary,Hampshire Constabulary,-1.324843,51.064901,On or near South View,E01023270,Winchester 005F,Violence and sexual offences,Unable to prosecute suspect,
101bfc5a05ceb653523732ca1901df25029694b42dca2e08f266862e33d18836,2024-03,Hampshire Constabulary,Hampshire Constabulary,-1.330548,51.063126,On or near Nursery Gardens,E01023270,Winchester 005F,Violence and sexual offences,Status update unavailable,
a7c153905a88d12f52bd0f7169d1fa9c0add767d5453c23803fc8b88e0c98766,2024-03,Hampshire Constabulary,Hampshire Constabulary,-1.328397,51.063869,On or near West Hill Drive,E01023270,Winchester 005F,Violence and sexual offences,Status update unavailable,
3478d3839d2f83eb9a073fbbacde3de3dcffdfeb1b7a3a5dcc01bdb1fa5be4d3,2024-03,Hampshire Constabulary,Hampshire Constabulary,-1.328397,51.063869,On or near West Hill Drive,E01023270,Winchester 005F,Violence and sexual offences,Status update unavailable,
caa883baa14ebf043a6fd943bf2a8f851e054591a37e085c0f67d2de7a4cb0c9,2024-03,Hampshire Constabulary,Hampshire Constabulary,-1.328397,51.063869,On or near West Hill Drive,E01023270,Winchester 005F,Other crime,Further investigation is not in the public interest,
d1ad00ecdac4327f730dceace3f2f513fb5a872a74d0ff28e24d28fcdc515d3d,2024-03,Hampshire Constabulary,Hampshire Constabulary,-1.328397,51.063869,On or near West Hill Drive,E01023270,Winchester 005F,Other crime,Unable to prosecute suspect,
01dc192b50feac2a353c6e5b3607093a9fb460d90136462e5dcf45c42d0ce4e3,2024-03,Hampshire Constabulary,Hampshire Constabulary,-1.308041,51.064263,On or near Durngate Terrace,E01023251,Winchester 006A,Criminal damage and arson,Unable to prosecute suspect,
ebfdd7bd48ab360dd1da1f2141470e7f7c050d2765bb16f2cba6f01d3c8d2d94,2024-03,Hampshire Constabulary,Hampshire Constabulary,-1.308404,51.064841,On or near Parking Area,E01023251,Winchester 006A,Criminal damage and arson,Offender given a caution,
f7a231ddd4d1e017db50e2a3e0fc6196eeafb89c907fad185e592a088401f8cc,2024-03,Hampshire Constabulary,Hampshire Constabulary,-1.311082,51.062267,On or near Silver Hill,E01023251,Winchester 006A,Criminal damage and arson,Offender given a caution,
4db21da96b9bdae4c7f58b8bc6b70b57798a0faaf71096c00975e497443c9839,2024-03,Hampshire Constabulary,Hampshire Constabulary,-1.309664,51.061647,On or near Busket Lane,E01023251,Winchester 006A,Drugs,Local resolution,
a3a9fc2677cb69852252cd51b74e51862be96d91531e9ad67a01e49110bbc828,2024-03,Hampshire Constabulary,Hampshire Constabulary,-1.311082,51.062267,On or near Silver Hill,E01023251,Winchester 006A,Public order,Local resolution,
d7c1f47f1288327a8816dc8547fb2166fdb71797200c173641f329393cecc58d,2024-03,Hampshire Constabulary,Hampshire Constabulary,-1.309265,51.063506,On or near Lawn Street,E01023251,Winchester 006A,Public order,Court result unavailable,
882cd3bffae562848fd8aae8b207a1e2992849f021ec04205dffc537ea6a0b7b,2024-03,Hampshire Constabulary,Hampshire Constabulary,-1.312326,51.063065,On or near Shopping Area,E01023251,Winchester 006A,Public order,Unable to prosecute suspect,
0d08a9280f7cf27767819246a18097d09a7ca7af567f1db8a09100ba2e061bb3,2024-03,Hampshire Constabulary,Hampshire Constabulary,-1.312326,51.063065,On or near Shopping Area,E01023251,Winchester 006A,Robbery,Court result unavailable,
3a2a300baf795f1487f84daf02258f98b34771764e0562df98f84d0c06d01dbf,2024-03,Hampshire Constabulary,Hampshire Constabulary,-1.312326,51.063065,On or near Shopping Area,E01023251,Winchester 006A,Shoplifting,Local resolution,
7db74965e543bc85d528b6d9e793c09996bc71d2a93f5fe36cec0752149bf9b0,2024-03,Hampshire Constabulary,Hampshire Constabulary,-1.312418,51.062339,On or near Shopping Area,E01023251,Winchester 006A,Shoplifting,Court result unavailable,
f2016a5e5d1b57687893ae5fb72a41de604e93b831eced65f5bc46533e1e727e,2024-03,Hampshire Constabulary,Hampshire Constabulary,-1.312418,51.062339,On or near Shopping Area,E01023251,Winchester 006A,Shoplifting,Court result unavailable,
40ab1418fd62d6533d8e21259fd80163e54c57924a9afb32497877a61d71b4ca,2024-03,Hampshire Constabulary,Hampshire Constabulary,-1.312326,51.063065,On or near Shopping Area,E01023251,Winchester 006A,Shoplifting,Court result unavailable,
b2dbe95e72f9ff341d049e628c821bad0f389957b815e87174af4fa4fbecbe1e,2024-03,Hampshire Constabulary,Hampshire Constabulary,-1.312418,51.062339,On or near Shopping Area,E01023251,Winchester 006A,Shoplifting,Court result unavailable,
ef5cf3b30e44d331429c167dc7385cf004a3314a374c6bc43be45297846838ad,2024-03,Hampshire Constabulary,Hampshire Constabulary,-1.312418,51.062339,On or near Shopping Area,E01023251,Winchester 006A,Shoplifting,Court result unavailable,
f2703090f218df5c1b8f6efe9b45fb5a2adbd1e07badf9fea7484e6a26774347,2024-03,Hampshire Constabulary,Hampshire Constabulary,-1.312418,51.062339,On or near Shopping Area,E01023251,Winchester 006A,Shoplifting,Court result unavailable,
96f4617407a967780c45e009121f15d68d5b6c467181a720508152fd4ba7f0d3,2024-03,Hampshire Constabulary,Hampshire Constabulary,-1.312418,51.062339,On or near Shopping Area,E01023251,Winchester 006A,Shoplifting,Court result unavailable,
d5ed11c2c1c5bbf58d5b7ce06a7b999ef21f47abb21ad620d1629c78fb057c61,2024-03,Hampshire Constabulary,Hampshire Constabulary,-1.310901,51.062904,On or near Parking Area,E01023251,Winchester 006A,Shoplifting,Unable to prosecute suspect,
2deed039b407d9ab338b1e0aaea5607f3ec20a13ca153982d437e4449a52cdfe,2024-03,Hampshire Constabulary,Hampshire Constabulary,-1.312418,51.062339,On or near Shopping Area,E01023251,Winchester 006A,Shoplifting,Court result unavailable,
6121d8b650e44e9a617ac20c2a59d1fac11336a1c6542f18a0ee44c83e5846ed,2024-03,Hampshire Constabulary,Hampshire Constabulary,-1.312418,51.062339,On or near Shopping Area,E01023251,Winchester 006A,Theft from the person,Investigation complete; no suspect identified,
41fa98b38e2fd0cda178130394f51c58c6dd8cea64134d4aef9759cf59c68642,2024-03,Hampshire Constabulary,Hampshire Constabulary,-1.309265,51.063506,On or near Lawn Street,E01023251,Winchester 006A,Violence and sexual offences,Unable to prosecute suspect,
5c0fd22846363bb929af986e4fd00f8ba6dc820e98fa821034587dfa9c285861,2024-03,Hampshire Constabulary,Hampshire Constabulary,-1.311936,51.065311,On or near North Walls,E01023251,Winchester 006A,Violence and sexual offences,Court result unavailable,
739fcd4e2e5b5fe05db6265387bc431d3197add2e2bc8001ae64a5c931b42b84,2024-03,Hampshire Constabulary,Hampshire Constabulary,-1.311858,51.065760,On or near Parking Area,E01023251,Winchester 006A,Violence and sexual offences,Unable to prosecute suspect,
3c08b7f6847270e851abe5f2058505499d371652069075fa6459efade888c55d,2024-03,Hampshire Constabulary,Hampshire Constabulary,-1.308041,51.064263,On or near Durngate Terrace,E01023251,Winchester 006A,Violence and sexual offences,Unable to prosecute suspect,
4a61c3434d4271566e845d35d915f352bd6af4bbb4facff4c886e6e3d84176dd,2024-03,Hampshire Constabulary,Hampshire Constabulary,-1.308404,51.064841,On or near Parking Area,E01023251,Winchester 006A,Violence and sexual offences,Offender given a caution,
a8890efca929e837885efe2df0917ca64e6bbdbf06d9aeaf325e2b7a468468b0,2024-03,Hampshire Constabulary,Hampshire Constabulary,-1.311858,51.065760,On or near Parking Area,E01023251,Winchester 006A,Violence and sexual offences,Action to be taken by another organisation,
559e1f1c8afad3e1c8832ec00fe225de48d9332c625c1a8fe365aa82fa5d362e,2024-03,Hampshire Constabulary,Hampshire Constabulary,-1.311082,51.062267,On or near Silver Hill,E01023251,Winchester 006A,Violence and sexual offences,Unable to prosecute suspect,
a99cbe2dfe92074ae96ec3f81412d63c63aa269a6f1e0c77d61bb1f4d7a62cfa,2024-03,Hampshire Constabulary,Hampshire Constabulary,-1.311082,51.062267,On or near Silver Hill,E01023251,Winchester 006A,Violence and sexual offences,Court result unavailable,
b8d5386d5b980447742e6af383dcaa71e6256f1fa1c5a7e6f53fda518098755d,2024-03,Hampshire Constabulary,Hampshire Constabulary,-1.312326,51.063065,On or near Shopping Area,E01023251,Winchester 006A,Violence and sexual offences,Further action is not in the public interest,
5bc9b5663ab8e880d1868de311948cc7b7e9a4889ff7e213c342ad3c5ddd8a7e,2024-03,Hampshire Constabulary,Hampshire Constabulary,-1.312418,51.062339,On or near Shopping Area,E01023251,Winchester 006A,Violence and sexual offences,Investigation complete; no suspect identified,
1d98a91b05deeca29845f822e8d473b41d6f467f02cc3aafc06987098a09f6ea,2024-03,Hampshire Constabulary,Hampshire Constabulary,-1.309664,51.061647,On or near Busket Lane,E01023251,Winchester 006A,Violence and sexual offences,Offender given a caution,
590170677e0ceffe6c4ecf19739d7f9c2d58507cd27ff10240c017d7de15f872,2024-03,Hampshire Constabulary,Hampshire Constabulary,-1.308228,51.062241,On or near Eastgate Street,E01023251,Winchester 006A,Violence and sexual offences,Unable to prosecute suspect,
3d25d80346f5a48ae8ea028cff6d577d2ff53675945632cc3ff19e758d0bd4bc,2024-03,Hampshire Constabulary,Hampshire Constabulary,-1.308404,51.064841,On or near Parking Area,E01023251,Winchester 006A,Violence and sexual offences,Offender given a caution,
41cd442c7273bdec19e6a6ccc9ef3ea596017ba2af473df31bec51fde9a7c43b,2024-03,Hampshire Constabulary,Hampshire Constabulary,-1.312418,51.062339,On or near Shopping Area,E01023251,Winchester 006A,Violence and sexual offences,Court result unavailable,
e5528fc248c4519a8aac61bca543b4b3560defd42e28a009e6c32ae0e1ae9af5,2024-03,Hampshire Constabulary,Hampshire Constabulary,-1.312326,51.063065,On or near Shopping Area,E01023251,Winchester 006A,Violence and sexual offences,Unable to prosecute suspect,
6918df3330d8cf925be9aaf715a40719fb7729fda7ce4383437183ce5efaa86b,2024-03,Hampshire Constabulary,Hampshire Constabulary,-1.312326,51.063065,On or near Shopping Area,E01023251,Winchester 006A,Violence and sexual offences,Court result unavailable,
ed8daf7822d6c535df2d4f72ec2828a769b17317352142114fb94c9b4ad87a0d,2024-03,Hampshire Constabulary,Hampshire Constabulary,-1.311858,51.065760,On or near Parking Area,E01023251,Winchester 006A,Violence and sexual offences,Unable to prosecute suspect,
969237b1886487363dd218b2a953d3e7a0a188b762daaa08c7b8c4cac9408f46,2024-03,Hampshire Constabulary,Hampshire Constabulary,-1.309664,51.061647,On or near Busket Lane,E01023251,Winchester 006A,Bicycle theft,Investigation complete; no suspect identified,
b6de635181113f4ab06fa2596af17f028052a5adf8b4f1d572b5bc7f8faca395,2024-03,Hampshire Constabulary,Hampshire Constabulary,-1.312418,51.062339,On or near Shopping Area,E01023251,Winchester 006A,Bicycle theft,Local resolution,
014f597608f18e21da99fa13d0d0f4f7a6e7d9d3b5ba0d384fe7964a130a7aa1,2024-03,Hampshire Constabulary,Hampshire Constabulary,-1.309664,51.061647,On or near Busket Lane,E01023251,Winchester 006A,Bicycle theft,Investigation complete; no suspect identified,
13f57ac82ed7fecb4919014940294929c922a44bf9363d64fd1ba5a90b3cdb92,2024-03,Hampshire Constabulary,Hampshire Constabulary,-1.311082,51.062267,On or near Silver Hill,E01023251,Winchester 006A,Criminal damage and arson,Unable to prosecute suspect,
d902ef8e44631b8cd0435066e18755e4cd549dc9bdb79c0f7a87f7117f6c8538,2024-03,Hampshire Constabulary,Hampshire Constabulary,-1.309265,51.063506,On or near Lawn Street,E01023251,Winchester 006A,Other theft,Investigation complete; no suspect identified,
99ba0311a8c063fcebe645389fac0cdec669971c33057c885789622ba91d4612,2024-03,Hampshire Constabulary,Hampshire Constabulary,-1.310707,51.062552,On or near Tanner Street,E01023251,Winchester 006A,Other theft,Investigation complete; no suspect identified,
d39eefce4594005250b2d440a84c88e73186657a93685e70aa530779a4cbcf77,2024-03,Hampshire Constabulary,Hampshire Constabulary,-1.312418,51.062339,On or near Shopping Area,E01023251,Winchester 006A,Other theft,Investigation complete; no suspect identified,
42bc8181fa06bfe03788744753189a78dfbf12aadbd10325506b7812c6d3ec45,2024-03,Hampshire Constabulary,Hampshire Constabulary,-1.312418,51.062339,On or near Shopping Area,E01023251,Winchester 006A,Public order,Unable to prosecute suspect,
42d48c59e71139de9d334f8ebdf564963f9477212c02b053bc227ea7e2eee411,2024-03,Hampshire Constabulary,Hampshire Constabulary,-1.310173,51.065777,On or near Park Avenue,E01023251,Winchester 006A,Public order,Unable to prosecute suspect,
fd3ae4ed0e84b4847820aaa7ba4ba6c2a84c7330a55566209f1cec4252c81b9a,2024-03,Hampshire Constabulary,Hampshire Constabulary,-1.309664,51.061647,On or near Busket Lane,E01023251,Winchester 006A,Public order,Status update unavailable,
3ecfbebc4bc682ff645d7f4f3d1fa99d5197f1af1db50d0ce5e23da5329080cf,2024-03,Hampshire Constabulary,Hampshire Constabulary,-1.311082,51.062267,On or near Silver Hill,E01023251,Winchester 006A,Public order,Unable to prosecute suspect,
2ec888d561122f90a8a5584ad67601f9d08c86c9b594349a1e8e83cd613a0e1f,2024-03,Hampshire Constabulary,Hampshire Constabulary,-1.311082,51.062267,On or near Silver Hill,E01023251,Winchester 006A,Shoplifting,Investigation complete; no suspect identified,
e53a33e12bc651df5390dbe7eb3d6b23041045833e9656d92bcb499a00ab8596,2024-03,Hampshire Constabulary,Hampshire Constabulary,-1.312326,51.063065,On or near Shopping Area,E01023251,Winchester 006A,Shoplifting,Investigation complete; no suspect identified,
b8f61957d627dba12a9603ed6fc23fe8b2fc4f51b4741efde700804bd124924b,2024-03,Hampshire Constabulary,Hampshire Constabulary,-1.311082,51.062267,On or near Silver Hill,E01023251,Winchester 006A,Shoplifting,Investigation complete; no suspect identified,
d145e01ceb800d6f14f2cfe7b230781be1f097230fd2693950a8794e437a5a9b,2024-03,Hampshire Constabulary,Hampshire Constabulary,-1.312326,51.063065,On or near Shopping Area,E01023251,Winchester 006A,Shoplifting,Investigation complete; no suspect identified,
904510b3c6f5404e97db11feb33bf4075771add43db7c563027b189883e7d73d,2024-03,Hampshire Constabulary,Hampshire Constabulary,-1.312326,51.063065,On or near Shopping Area,E01023251,Winchester 006A,Shoplifting,Investigation complete; no suspect identified,
b5a591c61b6b94a8850739892c66aa209acdcb702a493022ad29ef1345d4d081,2024-03,Hampshire Constabulary,Hampshire Constabulary,-1.312418,51.062339,On or near Shopping Area,E01023251,Winchester 006A,Shoplifting,Investigation complete; no suspect identified,
3a4bd0f6d8cce76b7c60b7c0ff23414d2327d8228b5d16a96c52a5853c4fe83c,2024-03,Hampshire Constabulary,Hampshire Constabulary,-1.309664,51.061647,On or near Busket Lane,E01023251,Winchester 006A,Theft from the person,Investigation complete; no suspect identified,
ca2644092a648a715c30f2df32e3b8fdbec019c0514687981304fd7a2aeadbd2,2024-03,Hampshire Constabulary,Hampshire Constabulary,-1.310675,51.063694,On or near Cossack Lane,E01023251,Winchester 006A,Theft from the person,Investigation complete; no suspect identified,
530656afce27364690a9cd68eb336f936739091011c9ed9c95e6e54abcc7dc2b,2024-03,Hampshire Constabulary,Hampshire Constabulary,-1.311082,51.062267,On or near Silver Hill,E01023251,Winchester 006A,Violence and sexual offences,Unable to prosecute suspect,
d1923936c7ebb290829aca6c8fd593cb2a7bd5e1489741e16e82a5d44463a216,2024-03,Hampshire Constabulary,Hampshire Constabulary,-1.309664,51.061647,On or near Busket Lane,E01023251,Winchester 006A,Violence and sexual offences,Investigation complete; no suspect identified,
adba1ad911a42bd4a9c568a2c6e8f3133491e5de6f87da334ff549ce481fd6e8,2024-03,Hampshire Constabulary,Hampshire Constabulary,-1.312418,51.062339,On or near Shopping Area,E01023251,Winchester 006A,Violence and sexual offences,Unable to prosecute suspect,
65b7386acaa4a7da4869a8ba33077d30c5e689013332f029006ba2a10383acd6,2024-03,Hampshire Constabulary,Hampshire Constabulary,-1.312418,51.062339,On or near Shopping Area,E01023251,Winchester 006A,Violence and sexual offences,Unable to prosecute suspect,
8d3c3a3b8748784530486e225077a2a2f26c5b0076aded3a2a90f39177a90cc2,2024-03,Hampshire Constabulary,Hampshire Constabulary,-1.311082,51.062267,On or near Silver Hill,E01023251,Winchester 006A,Violence and sexual offences,Unable to prosecute suspect,
c0b966a7dbd8a679b06ae9113d5ed0751104616378da77164e9367804932b0e0,2024-03,Hampshire Constabulary,Hampshire Constabulary,-1.303680,51.064849,On or near Moss Road,E01023255,Winchester 006B,Violence and sexual offences,Unable to prosecute suspect,
a9f2bde8ecae365534cf19978b0624245aceac4cebb4017e2dda0f8b24cc7619,2024-03,Hampshire Constabulary,Hampshire Constabulary,-1.306419,51.061052,On or near Magdalen Mews,E01023255,Winchester 006B,Violence and sexual offences,Unable to prosecute suspect,
,2024-03,Hampshire Constabulary,Hampshire Constabulary,-1.306024,51.060780,On or near Old Station Approach,E01023255,Winchester 006B,Anti-social behaviour,,
,2024-03,Hampshire Constabulary,Hampshire Constabulary,-1.306024,51.060780,On or near Old Station Approach,E01023255,Winchester 006B,Anti-social behaviour,,
16d021846f30b79d6eb61d3297d0dc0dc09ab4ba9b82d73d184184976406f351,2024-03,Hampshire Constabulary,Hampshire Constabulary,-1.293019,51.062069,On or near A272,E01023255,Winchester 006B,Burglary,Investigation complete; no suspect identified,
afbe52d8311583986f965659cf69c46e2bb1012007a35cfd6225146af6e6ab64,2024-03,Hampshire Constabulary,Hampshire Constabulary,-1.294460,51.062087,On or near B3404,E01023255,Winchester 006B,Public order,Action to be taken by another organisation,
703ed138a0e383f8d8644ceb6965c77651471259064901362d6e399e042c2568,2024-03,Hampshire Constabulary,Hampshire Constabulary,-1.302120,51.063212,On or near Furley Close,E01023255,Winchester 006B,Public order,Investigation complete; no suspect identified,
a40bb60239abd2f6275b7148ed5089824bfba548b33872a2b00e43cdb735a628,2024-03,Hampshire Constabulary,Hampshire Constabulary,-1.301726,51.066653,On or near Fiona Close,E01023255,Winchester 006B,Vehicle crime,Action to be taken by another organisation,
2d86d30c991fa01fdbd6e6c4e32aecd9602d3cb54f5c38d1882a3a7b7d70f6a2,2024-03,Hampshire Constabulary,Hampshire Constabulary,-1.303709,51.066728,On or near Nickel Close,E01023255,Winchester 006B,Vehicle crime,Investigation complete; no suspect identified,
9824523058be079152bdcc81fc8c3a992c358e5bb88e181c18fd39d58cafc7d5,2024-03,Hampshire Constabulary,Hampshire Constabulary,-1.304669,51.064558,On or near St Martin'S Close,E01023255,Winchester 006B,Violence and sexual offences,Status update unavailable,
4aa1050240d0c478958e8916e065abc53ed07e7f5f93f1ec9636c1fbbc8b500a,2024-03,Hampshire Constabulary,Hampshire Constabulary,-1.296730,51.071407,On or near Leicester Way,E01023256,Winchester 006C,Drugs,Further investigation is not in the public interest,
d11d613897f314371d711097a57a97e459e1bb72c90a53f925a877891ffef379,2024-03,Hampshire Constabulary,Hampshire Constabulary,-1.294957,51.069733,On or near Petrol Station,E01023256,Winchester 006C,Drugs,Court result unavailable,
798179a7e17aa4f77baf256649bbccc740c391da63ab1d1f11f0257519345dfc,2024-03,Hampshire Constabulary,Hampshire Constabulary,-1.293566,51.068331,On or near Supermarket,E01023256,Winchester 006C,Shoplifting,Unable to prosecute suspect,
69c9f6a0bb2f1e466835a214a2c91925c1a00f36d7a88b130d841d34b2cbe79b,2024-03,Hampshire Constabulary,Hampshire Constabulary,-1.297234,51.068326,On or near Winnall Close,E01023256,Winchester 006C,Violence and sexual offences,Unable to prosecute suspect,
3ef71e4f44e291a892f6f83ed1a915a38f24b23d889d6b4c6350eb4c10dd86dd,2024-03,Hampshire Constabulary,Hampshire Constabulary,-1.295878,51.070381,On or near Petrol Station,E01023256,Winchester 006C,Burglary,Investigation complete; no suspect identified,
cb7931af834612ad2339795aeababa0fa8b7ef88afc2a5b8d2434154ff28ea0b,2024-03,Hampshire Constabulary,Hampshire Constabulary,-1.297234,51.068326,On or near Winnall Close,E01023256,Winchester 006C,Public order,Unable to prosecute suspect,
9de5daf160b0db37fb99e2bd5993391ec337178ab1ec8fabd2ec2cd4848aa6dc,2024-03,Hampshire Constabulary,Hampshire Constabulary,-1.295878,51.070381,On or near Petrol Station,E01023256,Winchester 006C,Shoplifting,Investigation complete; no suspect identified,
69d53df0040b8818d5e781137ef76b0fdd72f39122c033346ae7523cb052df5d,2024-03,Hampshire Constabulary,Hampshire Constabulary,-1.293566,51.068331,On or near Supermarket,E01023256,Winchester 006C,Shoplifting,Investigation complete; no suspect identified,
0e7680f83e57046992f4cce5a4ca3dafc33d5ee3665afa24bf3813f03b998452,2024-03,Hampshire Constabulary,Hampshire Constabulary,-1.299430,51.065579,On or near Imber Road,E01023256,Winchester 006C,Violence and sexual offences,Status update unavailable,
a2e282a994cb87b0e52250a48ae7400d9e70e7093f7c869df691cf5ad8010500,2024-03,Hampshire Constabulary,Hampshire Constabulary,-1.297234,51.068326,On or near Winnall Close,E01023256,Winchester 006C,Violence and sexual offences,Status update unavailable,
a053e93b30ab1be64dd15f90334dfea8fb9a9d56b857b51a6cf7449426e4887b,2024-03,Hampshire Constabulary,Hampshire Constabulary,-1.295805,51.065602,On or near Warren Road,E01023256,Winchester 006C,Violence and sexual offences,Investigation complete; no suspect identified,
74c279d09e9e6fe0cc2193f4edaf52c1f291163cf7ced16b68349e8f8699b677,2024-03,Hampshire Constabulary,Hampshire Constabulary,-1.299398,51.058241,On or near Nelson Road,E01023257,Winchester 006D,Violence and sexual offences,Unable to prosecute suspect,
e1032880372444c8b6795c75bae4d8424989c0d3b4970a92d550978319e5c6a7,2024-03,Hampshire Constabulary,Hampshire Constabulary,-1.299398,51.058241,On or near Nelson Road,E01023257,Winchester 006D,Violence and sexual offences,Unable to prosecute suspect,
c56f30be6f40bb5b7656d3066dd3eee7f267049e2e97cb5e50c3297420e15d60,2024-03,Hampshire Constabulary,Hampshire Constabulary,-1.299398,51.058241,On or near Nelson Road,E01023257,Winchester 006D,Violence and sexual offences,Local resolution,
d65cd79b45620ce9d81766963e890158cd28570692b2608616ff39b025bef4a0,2024-03,Hampshire Constabulary,Hampshire Constabulary,-1.303769,51.056073,On or near Milland Road,E01023257,Winchester 006D,Other crime,Unable to prosecute suspect,
6efc925c5b2f1c82426fdcd762c6e301214e9fce967bcbe2ce32bd0fd635cf74,2024-03,Hampshire Constabulary,Hampshire Constabulary,-1.299398,51.058241,On or near Nelson Road,E01023257,Winchester 006D,Drugs,Local resolution,
ba1c2d8f61542b7f5ebe2abc7a8502fc546dfdb10353d89f621730f02420c814,2024-03,Hampshire Constabulary,Hampshire Constabulary,-1.304899,51.058696,On or near St Giles Close,E01023257,Winchester 006D,Other theft,Investigation complete; no suspect identified,
ae3fb700c7802cede2e8c2a85327c1087b9a6fd2c5a1e29f9d54d4542b30cc04,2024-03,Hampshire Constabulary,Hampshire Constabulary,-1.302229,51.056909,On or near Portal Road,E01023257,Winchester 006D,Vehicle crime,Investigation complete; no suspect identified,
7893489fc77575ae685f380165dd3cfc4d338c41862f4810b324ac6379f2a9e9,2024-03,Hampshire Constabulary,Hampshire Constabulary,-1.297398,51.059389,On or near Chesil Wood,E01023257,Winchester 006D,Violence and sexual offences,Unable to prosecute suspect,
1fd240f7c19108a124f3ee85f846a3fd76ddfe7aa53c0ec4bc747d98a7ff94d0,2024-03,Hampshire Constabulary,Hampshire Constabulary,-1.299630,51.059897,On or near Quarry Road,E01023257,Winchester 006D,Violence and sexual offences,Investigation complete; no suspect identified,
7824130adaa1b20ed9ee67bf39e75035eec616d34abab206273d9c6d5e020cd9,2024-03,Hampshire Constabulary,Hampshire Constabulary,-1.303769,51.056073,On or near Milland Road,E01023257,Winchester 006D,Violence and sexual offences,Unable to prosecute suspect,
4ac1b892ac2e72b4bd8ac6d3d49024b33ce823abb22856bd253aeea30b8f5dbf,2024-03,Hampshire Constabulary,Hampshire Constabulary,-1.298237,51.057667,On or near Gordon Avenue,E01023258,Winchester 006E,Criminal damage and arson,Offender given a caution,
71677d88d49276892b6826c8fa17f8c238f959534f3cd24ba863830fd31049b8,2024-03,Hampshire Constabulary,Hampshire Constabulary,-1.298237,51.057667,On or near Gordon Avenue,E01023258,Winchester 006E,Drugs,Offender given a caution,
7ef6994db2c805beb6799c6f5ce9fc5e91d77bd3c58dc212ef7ff1b99e152776,2024-03,Hampshire Constabulary,Hampshire Constabulary,-1.297792,51.061621,On or near Fairdown Close,E01023258,Winchester 006E,Other theft,Investigation complete; no suspect identified,
db55187b44f6f2c7bc5dbacd47e12674182cebfd49f68981c039b05059702ddd,2024-03,Hampshire Constabulary,Hampshire Constabulary,-1.294485,51.065126,On or near Longfield Road,E01023258,Winchester 006E,Other crime,Unable to prosecute suspect,
d59dc9f34a85d09a5a65071df8f0a8643e63b82372606b140def7b159248abf2,2024-03,Hampshire Constabulary,Hampshire Constabulary,-1.297792,51.061621,On or near Fairdown Close,E01023258,Winchester 006E,Violence and sexual offences,Unable to prosecute suspect,
13373c0f133695ce9b4102eeb383516004a249692a631935101c217a904f68c1,2024-03,Hampshire Constabulary,Hampshire Constabulary,-1.295050,51.059878,On or near Chalk Ridge,E01023258,Winchester 006E,Violence and sexual offences,Unable to prosecute suspect,
1a61208ba68905fcb111d4f04bd5456ca047433390a53929acc85700b2ee9da5,2024-03,Hampshire Constabulary,Hampshire Constabulary,-1.297792,51.061621,On or near Fairdown Close,E01023258,Winchester 006E,Violence and sexual offences,Unable to prosecute suspect,
76a4e88960542e3a045b867ca92ba46e04fb85202992d6a39a2246860b58a51b,2024-03,Hampshire Constabulary,Hampshire Constabulary,-1.298237,51.057667,On or near Gordon Avenue,E01023258,Winchester 006E,Violence and sexual offences,Investigation complete; no suspect identified,
ad2300fbd6b5e2fcaf42430678a60b789cbe4a4b20cc57db343d670c773d7210,2024-03,Hampshire Constabulary,Hampshire Constabulary,-1.297792,51.061621,On or near Fairdown Close,E01023258,Winchester 006E,Violence and sexual offences,Unable to prosecute suspect,
3983b31044a14e5d0470b75a943fc2afcbb7fb16b909a65aed7a1734c91ae5b0,2024-03,Hampshire Constabulary,Hampshire Constabulary,-1.314616,51.064509,On or near St Peter Street,E01023252,Winchester 007A,Burglary,Investigation complete; no suspect identified,
e2b60bc3b55c9c5b95dca37052f956e2ee499e084e40ac1ee229f9bb9995918d,2024-03,Hampshire Constabulary,Hampshire Constabulary,-1.314239,51.063014,On or near St George'S Street,E01023252,Winchester 007A,Drugs,Court result unavailable,
1080965e6b8ba971b158da279957037be4e0aa12bf2bd9213fcaa865ea613555,2024-03,Hampshire Constabulary,Hampshire Constabulary,-1.317842,51.065463,On or near Tower Road,E01023252,Winchester 007A,Drugs,Local resolution,
58f624084fab690ce30bfb0ca0c73ecbe157039d6e3d0b6387b6e3ae0dc43f71,2024-03,Hampshire Constabulary,Hampshire Constabulary,-1.317961,51.064159,On or near Cross Street,E01023252,Winchester 007A,Drugs,Court result unavailable,
8447992373ce9d557071ac5d7418ad57d4adb0577925999f5098ef6cd4dca692,2024-03,Hampshire Constabulary,Hampshire Constabulary,-1.317961,51.064159,On or near Cross Street,E01023252,Winchester 007A,Robbery,Unable to prosecute suspect,
3a3db82e82f726f7e095f123e41c4cc07a40084e4f7f2217de2f5073765dcd14,2024-03,Hampshire Constabulary,Hampshire Constabulary,-1.314239,51.063014,On or near St George'S Street,E01023252,Winchester 007A,Shoplifting,Investigation complete; no suspect identified,
8e74ab123585b8d5ce1387a0c6958ee3f4dcf2cb7673e81780d44af7750e261a,2024-03,Hampshire Constabulary,Hampshire Constabulary,-1.314239,51.063014,On or near St George'S Street,E01023252,Winchester 007A,Shoplifting,Local resolution,
6eeb3597f64aa14b15b823345fc98209af57d10cf1ad705bde4afbe82f2f4f56,2024-03,Hampshire Constabulary,Hampshire Constabulary,-1.314239,51.063014,On or near St George'S Street,E01023252,Winchester 007A,Shoplifting,Local resolution,
c75754d596684ccefac40af16d4a249657f98f06cc77b18293a0eb72215aff44,2024-03,Hampshire Constabulary,Hampshire Constabulary,-1.314239,51.063014,On or near St George'S Street,E01023252,Winchester 007A,Shoplifting,Local resolution,
cfa4888a123a8aec184eb68b4f15c0795b8be9f7902822450affd34b889b1a9d,2024-03,Hampshire Constabulary,Hampshire Constabulary,-1.316972,51.066348,On or near City Road,E01023252,Winchester 007A,Shoplifting,Court result unavailable,
785b83cb03a4074978f5af3356f8141cdee63f058b6390193a7a27b7a912c705,2024-03,Hampshire Constabulary,Hampshire Constabulary,-1.317976,51.065068,On or near Tower Street,E01023252,Winchester 007A,Vehicle crime,Court result unavailable,
212c100251a5c5ec601f01721863a5c01fee0e50985627bcda97b69f4be4a678,2024-03,Hampshire Constabulary,Hampshire Constabulary,-1.314239,51.063014,On or near St George'S Street,E01023252,Winchester 007A,Violence and sexual offences,Local resolution,
0920d9c5ab9e7c6eff64455994352fa05ee6178787f7e37c8532d8e4a11602c2,2024-03,Hampshire Constabulary,Hampshire Constabulary,-1.317976,51.065068,On or near Tower Street,E01023252,Winchester 007A,Violence and sexual offences,Unable to prosecute suspect,
79d41ae4230c1f43add9fdfc71f4c98cd4fc519ab54028c08f9e2f68d2c069cd,2024-03,Hampshire Constabulary,Hampshire Constabulary,-1.316668,51.066661,On or near Swan Lane,E01023252,Winchester 007A,Violence and sexual offences,Investigation complete; no suspect identified,
3b5d2b3d06368cfbc3d80f925c5bea359109c7ea1bff808169f5af1a2d96bb02,2024-03,Hampshire Constabulary,Hampshire Constabulary,-1.314577,51.068168,On or near Hyde Gate,E01023252,Winchester 007A,Violence and sexual offences,Unable to prosecute suspect,
face7008603df7498a31084479f1e43eb87f8a0f9a9cc39ccb98008862cd293b,2024-03,Hampshire Constabulary,Hampshire Constabulary,-1.314239,51.063014,On or near St George'S Street,E01023252,Winchester 007A,Violence and sexual offences,Unable to prosecute suspect,
,2024-03,Hampshire Constabulary,Hampshire Constabulary,-1.316972,51.066348,On or near City Road,E01023252,Winchester 007A,Anti-social behaviour,,
b849e7ab431dddf3525205ce884b5b1ec263cde39c9992d56674c35741938c9e,2024-03,Hampshire Constabulary,Hampshire Constabulary,-1.316139,51.065736,On or near Theatre/Concert Hall,E01023252,Winchester 007A,Burglary,Investigation complete; no suspect identified,
1b0a3220698328f35c36397abf576b03e77af8df37bdbb4c78a1d9f80dfed1da,2024-03,Hampshire Constabulary,Hampshire Constabulary,-1.317214,51.067410,On or near Victoria Road,E01023252,Winchester 007A,Criminal damage and arson,Investigation complete; no suspect identified,
58391427deb76bb9edce2314174713d91adf9f1ab1d1e8f87820b710f9d7b856,2024-03,Hampshire Constabulary,Hampshire Constabulary,-1.315816,51.064462,On or near Jewry Street,E01023252,Winchester 007A,Other theft,Investigation complete; no suspect identified,
0b6e9372fe6dc95bbe883550f140acc3effb6eed266df480de22cf065486a66e,2024-03,Hampshire Constabulary,Hampshire Constabulary,-1.314239,51.063014,On or near St George'S Street,E01023252,Winchester 007A,Other theft,Investigation complete; no suspect identified,
f9881acbf62e00b10a4a8f4a89c707db2b89d9636ec30d04f4422bd53a4edd49,2024-03,Hampshire Constabulary,Hampshire Constabulary,-1.315816,51.064462,On or near Jewry Street,E01023252,Winchester 007A,Other theft,Investigation complete; no suspect identified,
602f7cc5c1dc8a416fc3810c1b44448c75d39cbd394126b4395c712c4c900999,2024-03,Hampshire Constabulary,Hampshire Constabulary,-1.314239,51.063014,On or near St George'S Street,E01023252,Winchester 007A,Shoplifting,Investigation complete; no suspect identified,
0db4bcf3947f8cf51d55252fcc1018c69758c6930f2da722fc62c47dc747d0e8,2024-03,Hampshire Constabulary,Hampshire Constabulary,-1.314239,51.063014,On or near St George'S Street,E01023252,Winchester 007A,Shoplifting,Investigation complete; no suspect identified,
dcc4949df58dca629460cf94f80ddd3343579ae8b3d8204a4e390b25e1c835bf,2024-03,Hampshire Constabulary,Hampshire Constabulary,-1.311579,51.064347,On or near Trinity Gardens,E01023252,Winchester 007A,Violence and sexual offences,Unable to prosecute suspect,
2f680898e351e7d95e3e25d3679dc8272ea86843abd56a7de4c29d1a07af10da,2024-03,Hampshire Constabulary,Hampshire Constabulary,-1.315816,51.064462,On or near Jewry Street,E01023252,Winchester 007A,Violence and sexual offences,Investigation complete; no suspect identified,
c21fa044706b4289289c8299981ae871f60c5d05ac5910a47573390198c45b8d,2024-03,Hampshire Constabulary,Hampshire Constabulary,-1.314432,51.067331,On or near Silchester Place,E01023252,Winchester 007A,Violence and sexual offences,Status update unavailable,
b057a2340d7bbd74ea8b365f4b8c3b4b1f1738935214617cd9349bbcf7daf946,2024-03,Hampshire Constabulary,Hampshire Constabulary,-1.315046,51.068279,On or near Hyde Street,E01023254,Winchester 007B,Burglary,Court result unavailable,
0b4c8bd8a4e24a15de3ef7599b3569e22f76e9628ec0a17340273c8d7793e540,2024-03,Hampshire Constabulary,Hampshire Constabulary,-1.320099,51.074045,On or near Winton Close,E01023254,Winchester 007B,Criminal damage and arson,Unable to prosecute suspect,
0626240e65e1e97a5a08e56bde7db7b1d716d003c832111707dbdc7476a2f2ca,2024-03,Hampshire Constabulary,Hampshire Constabulary,-1.319412,51.073223,On or near Winton Court,E01023254,Winchester 007B,Violence and sexual offences,Unable to prosecute suspect,
923018c2d2bc1c2ae4418088c7911bb67a5d380b470b0914e2fad0307c7c4798,2024-03,Hampshire Constabulary,Hampshire Constabulary,-1.319412,51.073223,On or near Winton Court,E01023254,Winchester 007B,Violence and sexual offences,Unable to prosecute suspect,
,2024-03,Hampshire Constabulary,Hampshire Constabulary,-1.317350,51.068814,On or near Parking Area,E01023254,Winchester 007B,Anti-social behaviour,,
e3936593226210e7257e5b613428d4b923b11a91346671a2f2d05092dd847b78,2024-03,Hampshire Constabulary,Hampshire Constabulary,-1.315823,51.068832,On or near Hyde Church Lane,E01023254,Winchester 007B,Bicycle theft,Investigation complete; no suspect identified,
029f84608dc1b91488d6a2f0a7a21a8066e91b8cdfc2a489fc1724e91b107f57,2024-03,Hampshire Constabulary,Hampshire Constabulary,-1.316259,51.069230,On or near Worthy Lane,E01023254,Winchester 007B,Burglary,Investigation complete; no suspect identified,
cfae07bb1e40f1c5883b4c83384e4f9b30a06918ac9b3b214c83fa3023f3486b,2024-03,Hampshire Constabulary,Hampshire Constabulary,-1.313836,51.070924,On or near Arthur Road,E01023254,Winchester 007B,Criminal damage and arson,Investigation complete; no suspect identified,
066185763cae15fe0ad50f4c8279f57ec51912f7b93929ce6a1f2e971849c746,2024-03,Hampshire Constabulary,Hampshire Constabulary,-1.313014,51.067700,On or near King Alfred Terrace,E01023254,Winchester 007B,Other theft,Investigation complete; no suspect identified,
3aaa49b6006182d99601f6ab10e555707a06caa082be1d18a24af7bd299c45b8,2024-03,Hampshire Constabulary,Hampshire Constabulary,-1.314064,51.070000,On or near Danes Road,E01023254,Winchester 007B,Vehicle crime,Investigation complete; no suspect identified,
3afcdafdc6b98a68f6d0bd0ec947de56e98e62590a2eb771a67713d160ffd080,2024-03,Hampshire Constabulary,Hampshire Constabulary,-1.319412,51.073223,On or near Winton Court,E01023254,Winchester 007B,Violence and sexual offences,Unable to prosecute suspect,
b8edbf2cce4303af95443f4e174b940b9165b1215403fe6df85a6aa318ee99e3,2024-03,Hampshire Constabulary,Hampshire Constabulary,-1.333321,51.060849,On or near Kerrfield Mews,E01023263,Winchester 007C,Criminal damage and arson,Offender given a caution,
914b2f0edb8b30a51c2c1e5b06c94459dfa01d2bafacf484c0c0d2b3c3fe0af2,2024-03,Hampshire Constabulary,Hampshire Constabulary,-1.329170,51.061706,On or near Hospital,E01023263,Winchester 007C,Criminal damage and arson,Unable to prosecute suspect,
9454b710ce9b80fc0a341748c2223e8ba59842236537f7fa3055cd8f3489cf38,2024-03,Hampshire Constabulary,Hampshire Constabulary,-1.329170,51.061706,On or near Hospital,E01023263,Winchester 007C,Drugs,Further investigation is not in the public interest,
fecc8a24cbd4ed8d6c2221c401b303ff97d7a4932c70ee596dd181c547fbc293,2024-03,Hampshire Constabulary,Hampshire Constabulary,-1.329170,51.061706,On or near Hospital,E01023263,Winchester 007C,Violence and sexual offences,Unable to prosecute suspect,
23c9bb395cf3b0e1590c6b25201f9887104e73f90401f21bde4331a29dfe3333,2024-03,Hampshire Constabulary,Hampshire Constabulary,-1.333321,51.060849,On or near Kerrfield Mews,E01023263,Winchester 007C,Violence and sexual offences,Investigation complete; no suspect identified,
055027480ce94b79d5f0ba7184d13ef6a5fc1f3a4a991357a785317e574213d6,2024-03,Hampshire Constabulary,Hampshire Constabulary,-1.332489,51.061168,On or near Queen'S Road,E01023263,Winchester 007C,Violence and sexual offences,Unable to prosecute suspect,
247e19d43bde4e9f217dc68871bc83be652200bda8301b8086c9245566aa36e7,2024-03,Hampshire Constabulary,Hampshire Constabulary,-1.329170,51.061706,On or near Hospital,E01023263,Winchester 007C,Violence and sexual offences,Court result unavailable,
5c088055671043f442dc39502628620f79684d818d4e0884b21edeeafa029e65,2024-03,Hampshire Constabulary,Hampshire Constabulary,-1.329170,51.061706,On or near Hospital,E01023263,Winchester 007C,Violence and sexual offences,Court result unavailable,
1732e0632ccb1a703a644c591464a5b04599ee8a9ec4c53656557bc1a89b17ea,2024-03,Hampshire Constabulary,Hampshire Constabulary,-1.333028,51.061351,On or near Nightingale Park,E01023263,Winchester 007C,Bicycle theft,Investigation complete; no suspect identified,
ecb49aae861ef0cabc031da708de68ed901f695eb735b19d0319e787c2fa2379,2024-03,Hampshire Constabulary,Hampshire Constabulary,-1.329170,51.061706,On or near Hospital,E01023263,Winchester 007C,Other theft,Investigation complete; no suspect identified,
a058cb9fb889766f224abe70e08f2b748aee87e95a7dde553cb151990a0a50f7,2024-03,Hampshire Constabulary,Hampshire Constabulary,-1.318222,51.062875,On or near Trafalgar Street,E01023264,Winchester 007D,Burglary,Investigation complete; no suspect identified,
62bac37ed927c398660169c591f16c50b25a26064d24a316b0e2e1a6023c3dfa,2024-03,Hampshire Constabulary,Hampshire Constabulary,-1.317381,51.062852,On or near Black Swan Yard,E01023264,Winchester 007D,Drugs,Local resolution,
3b3d1508f79a02457a748951a1ddf52855c7aa39832ffc020b1e00b26ac40522,2024-03,Hampshire Constabulary,Hampshire Constabulary,-1.318222,51.062875,On or near Trafalgar Street,E01023264,Winchester 007D,Drugs,Local resolution,
69e345adc8b90e1057ac35f06ad3e937efd8b037f55b866dd5ebe19cc15b6d55,2024-03,Hampshire Constabulary,Hampshire Constabulary,-1.317381,51.062852,On or near Black Swan Yard,E01023264,Winchester 007D,Other theft,Investigation complete; no suspect identified,
f06062d42bea265a78221a64b7ed6210ccb4c6c52dd9f949e9819a9ff18f12ac,2024-03,Hampshire Constabulary,Hampshire Constabulary,-1.313597,51.061994,On or near Market Street,E01023264,Winchester 007D,Other theft,Investigation complete; no suspect identified,
218d6c50e62e31c6264d73377fc2e805fea4f62cca8477f102e6fa3e522d3afc,2024-03,Hampshire Constabulary,Hampshire Constabulary,-1.318222,51.062875,On or near Trafalgar Street,E01023264,Winchester 007D,Public order,Unable to prosecute suspect,
c2ed6715771c3f1609a44d946c8b812b4f74ec6f56f4045ad0894dc3d24bc368,2024-03,Hampshire Constabulary,Hampshire Constabulary,-1.318222,51.062875,On or near Trafalgar Street,E01023264,Winchester 007D,Shoplifting,Court result unavailable,
f8668924b0197300b8d61c442eb9de61d45df23b95988e5a8e038f63ae2a7b12,2024-03,Hampshire Constabulary,Hampshire Constabulary,-1.315350,51.062148,On or near Shopping Area,E01023264,Winchester 007D,Shoplifting,Local resolution,
800eb8cb263fbedab0a1c742a66346b0fb1120bac12739aab3c170c435674108,2024-03,Hampshire Constabulary,Hampshire Constabulary,-1.310527,51.060249,On or near Colebrook Street,E01023264,Winchester 007D,Violence and sexual offences,Investigation complete; no suspect identified,
a59471d1cebe0be517a8932cd8ab4276786e6e963ed6ea7947a805e25da4f45a,2024-03,Hampshire Constabulary,Hampshire Constabulary,-1.317381,51.062852,On or near Black Swan Yard,E01023264,Winchester 007D,Violence and sexual offences,Investigation complete; no suspect identified,
fb8da7980f0e84295e7116ea21e2a78f37e931725cff5c9d511ba3994b685c0b,2024-03,Hampshire Constabulary,Hampshire Constabulary,-1.311433,51.060722,On or near Parking Area,E01023264,Winchester 007D,Violence and sexual offences,Court result unavailable,
3a6c71b1b7a37aa66077d227a2681baa5678508213ea222ca64031aea16300bc,2024-03,Hampshire Constabulary,Hampshire Constabulary,-1.311433,51.060722,On or near Parking Area,E01023264,Winchester 007D,Violence and sexual offences,Unable to prosecute suspect,
a49fe59df88c0ad73a751f702515465cd4fd81ea9f86daea241e07810e8fa351,2024-03,Hampshire Constabulary,Hampshire Constabulary,-1.311433,51.060722,On or near Parking Area,E01023264,Winchester 007D,Violence and sexual offences,Unable to prosecute suspect,
a269d442b821eedebdc9200fb3653d93690adad5924dbd083ec6f97c638c3f99,2024-03,Hampshire Constabulary,Hampshire Constabulary,-1.312907,51.058528,On or near College Street,E01023264,Winchester 007D,Violence and sexual offences,Unable to prosecute suspect,
081657a7c56adea126c444032340ff6ab240eaa5e13fe77cdb7f406ceb94a42f,2024-03,Hampshire Constabulary,Hampshire Constabulary,-1.317381,51.062852,On or near Black Swan Yard,E01023264,Winchester 007D,Violence and sexual offences,Investigation complete; no suspect identified,
d288906168e4c675cfed425175de48976d196c7ef534fb7534df888765ccbced,2024-03,Hampshire Constabulary,Hampshire Constabulary,-1.317381,51.062852,On or near Black Swan Yard,E01023264,Winchester 007D,Violence and sexual offences,Local resolution,
,2024-03,Hampshire Constabulary,Hampshire Constabulary,-1.316928,51.062607,On or near St Clement Street,E01023264,Winchester 007D,Anti-social behaviour,,
,2024-03,Hampshire Constabulary,Hampshire Constabulary,-1.317381,51.062852,On or near Black Swan Yard,E01023264,Winchester 007D,Anti-social behaviour,,
,2024-03,Hampshire Constabulary,Hampshire Constabulary,-1.316120,51.062197,On or near Kings Head Yard,E01023264,Winchester 007D,Anti-social behaviour,,
ffd24433e8b811aa1bc74012a7043beeb595a0a2677cf69be560b01855db60f9,2024-03,Hampshire Constabulary,Hampshire Constabulary,-1.317381,51.062852,On or near Black Swan Yard,E01023264,Winchester 007D,Criminal damage and arson,Status update unavailable,
4add8c128d58110f50b2e0f661791d125d5230c082eef26eee06e083a8d49890,2024-03,Hampshire Constabulary,Hampshire Constabulary,-1.318222,51.062875,On or near Trafalgar Street,E01023264,Winchester 007D,Criminal damage and arson,Formal action is not in the public interest,
97f59223dadb4e954e58d5be303cad15053d13ac20511884520da91e3d657481,2024-03,Hampshire Constabulary,Hampshire Constabulary,-1.317010,51.057005,On or near Romans' Road,E01023264,Winchester 007D,Criminal damage and arson,Investigation complete; no suspect identified,
2be720d07a126e1298727a9725d3beb4f7be75de0375db98e0461e325b2379f0,2024-03,Hampshire Constabulary,Hampshire Constabulary,-1.317381,51.062852,On or near Black Swan Yard,E01023264,Winchester 007D,Other theft,Investigation complete; no suspect identified,
3e006bf619f92e7aea05bf33ba99a14fbc3246e2423928f450eede44776c0b68,2024-03,Hampshire Constabulary,Hampshire Constabulary,-1.317381,51.062852,On or near Black Swan Yard,E01023264,Winchester 007D,Public order,Unable to prosecute suspect,
c7727b1684e64d76b68695f27df2983d92da4e98a1630cde026e51df38a822cd,2024-03,Hampshire Constabulary,Hampshire Constabulary,-1.313597,51.061994,On or near Market Street,E01023264,Winchester 007D,Public order,Investigation complete; no suspect identified,
9c777a2f486d7ca1c76d5a32ee972b377ce3b0063a3bcf4fc2784af953f211a2,2024-03,Hampshire Constabulary,Hampshire Constabulary,-1.313597,51.061994,On or near Market Street,E01023264,Winchester 007D,Public order,Investigation complete; no suspect identified,
9f220a31bcaa27536c191fb91c89c8afe0eaabeb9d3d30b9fd61255caff4dc74,2024-03,Hampshire Constabulary,Hampshire Constabulary,-1.315244,51.057741,On or near Kingsgate Street,E01023264,Winchester 007D,Shoplifting,Investigation complete; no suspect identified,
fd9a9e4cb14693152b491fd6bb3a2ec02d7973fe483e562ddf22a2ac984c8700,2024-03,Hampshire Constabulary,Hampshire Constabulary,-1.315350,51.062148,On or near Shopping Area,E01023264,Winchester 007D,Shoplifting,Investigation complete; no suspect identified,
5f292fb12ce1482e6eebe654dddd5c7dd125a63ece49f3ed95b123e34655b261,2024-03,Hampshire Constabulary,Hampshire Constabulary,-1.315350,51.062148,On or near Shopping Area,E01023264,Winchester 007D,Shoplifting,Investigation complete; no suspect identified,
43fceaf3ee997df6d0103c1268622f3c078c3c86bdaf5a66054078d2c075a332,2024-03,Hampshire Constabulary,Hampshire Constabulary,-1.316928,51.062607,On or near St Clement Street,E01023264,Winchester 007D,Vehicle crime,Status update unavailable,
ee157c75c0f0c6fd5cb5f3d207caa9d9d3a302a163f78b1e8ece8483d59b5b5f,2024-03,Hampshire Constabulary,Hampshire Constabulary,-1.317381,51.062852,On or near Black Swan Yard,E01023264,Winchester 007D,Violence and sexual offences,Unable to prosecute suspect,
8a8f2c7bec2199ed20206cec29993ceef5ccc7905b54b9eb1ade0b26b62e13c8,2024-03,Hampshire Constabulary,Hampshire Constabulary,-1.310527,51.060249,On or near Colebrook Street,E01023264,Winchester 007D,Violence and sexual offences,Investigation complete; no suspect identified,
a8e1cb6152e6241325e30a27923141047f63d3b61c801746ae54f2d604c8babc,2024-03,Hampshire Constabulary,Hampshire Constabulary,-1.316928,51.062607,On or near St Clement Street,E01023264,Winchester 007D,Violence and sexual offences,Investigation complete; no suspect identified,
39c00b59cb13b53e915317af83e87cfdf2e8f4a97f2febbdb33d00e0d80dfd0a,2024-03,Hampshire Constabulary,Hampshire Constabulary,-1.312907,51.058528,On or near College Street,E01023264,Winchester 007D,Violence and sexual offences,Action to be taken by another organisation,
28919289ad82bd6f2a70528d8b6957862d8311b80c189bb4c184874a14162884,2024-03,Hampshire Constabulary,Hampshire Constabulary,-1.317010,51.057005,On or near Romans' Road,E01023264,Winchester 007D,Violence and sexual offences,Investigation complete; no suspect identified,
4f6ea24c325021ba5efad438eff3c82ea05b6b4c69cf118d2231e3abf1807529,2024-03,Hampshire Constabulary,Hampshire Constabulary,-1.318222,51.062875,On or near Trafalgar Street,E01023264,Winchester 007D,Violence and sexual offences,Unable to prosecute suspect,
eb4077a7354412533ee1ac6bc3f05f9e3d48a7cc172c18a9acac5451e7391329,2024-03,Hampshire Constabulary,Hampshire Constabulary,-1.315350,51.062148,On or near Shopping Area,E01023264,Winchester 007D,Violence and sexual offences,Investigation complete; no suspect identified,
35f9be387ffd856a93b6794ebda7b59b9ca7823863490171cac0aeddba8beb1e,2024-03,Hampshire Constabulary,Hampshire Constabulary,-1.317381,51.062852,On or near Black Swan Yard,E01023264,Winchester 007D,Violence and sexual offences,Status update unavailable,
99fc1d60188d584515cbb4048d01ba3a0b0c55189b446ebb3952b62d422e1f82,2024-03,Hampshire Constabulary,Hampshire Constabulary,-1.316559,51.061445,On or near St Thomas Street,E01023264,Winchester 007D,Violence and sexual offences,Status update unavailable,
46c20becb0a8d22fda1a11bd0af2350bd0e7daaf4c5b6f1c8eeabc52f135583b,2024-03,Hampshire Constabulary,Hampshire Constabulary,-1.317010,51.057005,On or near Romans' Road,E01023264,Winchester 007D,Violence and sexual offences,Investigation complete; no suspect identified,
1db55c5312f679058d5cdcb034dc3e89980f6ac4da1e4510dcf785ce28835d9e,2024-03,Hampshire Constabulary,Hampshire Constabulary,-1.308056,51.057546,On or near Wharf Hill,E01023265,Winchester 007E,Drugs,Offender given a caution,
e0492f8d1884bb847e62c18ddc74c9874398a61fe0c7e0e829551f9552b9bd75,2024-03,Hampshire Constabulary,Hampshire Constabulary,-1.305181,51.051279,On or near Parking Area,E01023265,Winchester 007E,Public order,Investigation complete; no suspect identified,
,2024-03,Hampshire Constabulary,Hampshire Constabulary,-1.305181,51.051279,On or near Parking Area,E01023265,Winchester 007E,Anti-social behaviour,,
,2024-03,Hampshire Constabulary,Hampshire Constabulary,-1.319677,51.052201,On or near Priors Barton,E01023265,Winchester 007E,Anti-social behaviour,,
23c38cb2116c6bb1557e0630bb239b06231b01cbf4d50af46270eb3579e9df3e,2024-03,Hampshire Constabulary,Hampshire Constabulary,-1.304173,51.050032,On or near Morestead Road,E01023265,Winchester 007E,Criminal damage and arson,Investigation complete; no suspect identified,
341fca82dfcb4160b80fd147b901853814d98868a0b5a327b8108cc90993f747,2024-03,Hampshire Constabulary,Hampshire Constabulary,-1.319677,51.052201,On or near Priors Barton,E01023265,Winchester 007E,Criminal damage and arson,Investigation complete; no suspect identified,
d341012124b1f7d588d5273a005aec75b9d59775fa638efdb0c1b0b334d643ea,2024-03,Hampshire Constabulary,Hampshire Constabulary,-1.319677,51.052201,On or near Priors Barton,E01023265,Winchester 007E,Criminal damage and arson,Investigation complete; no suspect identified,
ad64a3cc7b8269817b2b8bed9b478c8069b8b0577b0cd9d6cc89316c901e9875,2024-03,Hampshire Constabulary,Hampshire Constabulary,-1.322364,51.050939,On or near B3335,E01023265,Winchester 007E,Criminal damage and arson,Investigation complete; no suspect identified,
84fedf41ef41622390b6fb7967ba73a43400251dd754a00ee3bb380abb7bb8fe,2024-03,Hampshire Constabulary,Hampshire Constabulary,-1.308641,51.056533,On or near Wharf Mews,E01023265,Winchester 007E,Other theft,Investigation complete; no suspect identified,
b9bc4d566d9f5feed01afd7d2890b4ec65bcb576c78dfd4d484142aab59e9aae,2024-03,Hampshire Constabulary,Hampshire Constabulary,-1.326142,51.048147,On or near Hubert Road,E01023265,Winchester 007E,Public order,Investigation complete; no suspect identified,
4618300b09e3362ca2c1acba2bd6bda724e0bee93013ee752d78921ccc285702,2024-03,Hampshire Constabulary,Hampshire Constabulary,-1.305826,51.053848,On or near Petrol Station,E01023265,Winchester 007E,Vehicle crime,Investigation complete; no suspect identified,
51f4fa1d93f947271d8e0e4404f7cb0bb3efbab318bce9a04b77890b572d4cd9,2024-03,Hampshire Constabulary,Hampshire Constabulary,-1.308056,51.057546,On or near Wharf Hill,E01023265,Winchester 007E,Vehicle crime,Investigation complete; no suspect identified,
becb8378d6c1b94beabb6c1252583c11d0158557597abed9ad078ebdc773f8ab,2024-03,Hampshire Constabulary,Hampshire Constabulary,-1.321030,51.050455,On or near St Faith'S Road,E01023265,Winchester 007E,Vehicle crime,Investigation complete; no suspect identified,
6607ebd9b7f7631b879c6a9a9602d9c378b976a04daefa5f452ecb36586b76d0,2024-03,Hampshire Constabulary,Hampshire Constabulary,-1.305826,51.053848,On or near Petrol Station,E01023265,Winchester 007E,Violence and sexual offences,Investigation complete; no suspect identified,
d095039484d09a84810b14ba5cc3bb17d09c3a1c7c872c0b0cf671d99ba0cc29,2024-03,Hampshire Constabulary,Hampshire Constabulary,-1.306400,51.054721,On or near Barfield Close,E01023265,Winchester 007E,Violence and sexual offences,Unable to prosecute suspect,
cb6e2d76a105e232bf4f24521a19e0e13d5027def5c8e7e8c9c17b8e8f996baf,2024-03,Hampshire Constabulary,Hampshire Constabulary,-1.320820,51.070623,On or near Owen'S Road,E01023267,Winchester 007F,Burglary,Court result unavailable,
709c6b0d825dc49c996c19feb97d88c8bb80e9b9fc5be82ca4103727a5fcfd3e,2024-03,Hampshire Constabulary,Hampshire Constabulary,-1.321523,51.066491,On or near St Paul'S Hill,E01023267,Winchester 007F,Other theft,Unable to prosecute suspect,
d1e2153834faed3d87138c83714ac43349f12cc8ce497a1a8e50e11f98b69609,2024-03,Hampshire Constabulary,Hampshire Constabulary,-1.318546,51.069010,On or near Petrol Station,E01023267,Winchester 007F,Shoplifting,Court result unavailable,
74fbcd292e58508863f55dcda0bb060079b02c669763d910901739c2b8b9975c,2024-03,Hampshire Constabulary,Hampshire Constabulary,-1.318546,51.069010,On or near Petrol Station,E01023267,Winchester 007F,Shoplifting,Court result unavailable,
c8cbd221dff95cf59658b3306f3bf73ace77b8d6fd5bea950207c56e0ad6bf98,2024-03,Hampshire Constabulary,Hampshire Constabulary,-1.318546,51.069010,On or near Petrol Station,E01023267,Winchester 007F,Shoplifting,Court result unavailable,
73c4be4035399f1eb1fbf08f11b43ec922665a78a9e1b5aff087daa15c8562e4,2024-03,Hampshire Constabulary,Hampshire Constabulary,-1.318832,51.067060,On or near Station Hill,E01023267,Winchester 007F,Violence and sexual offences,Unable to prosecute suspect,
5193ba829738b072f20e67b1586c14e5b4a777ed2110c32ca594a4b60592196b,2024-03,Hampshire Constabulary,Hampshire Constabulary,-1.318832,51.067060,On or near Station Hill,E01023267,Winchester 007F,Violence and sexual offences,Local resolution,
a5a185db6aecbe2a4250e900a251c2eaf3ab2bd6ed2a13d9f0d87eea96654372,2024-03,Hampshire Constabulary,Hampshire Constabulary,-1.322032,51.065811,On or near Alison Way,E01023267,Winchester 007F,Other theft,Investigation complete; no suspect identified,
ccdda4c0983e24218594bbbc8d5bb90eecd921b4ae8826e3d5fb821511743bfa,2024-03,Hampshire Constabulary,Hampshire Constabulary,-1.322032,51.065811,On or near Alison Way,E01023267,Winchester 007F,Robbery,Investigation complete; no suspect identified,
ab4d6626a12d62c30936ce86be99ac22382bf5444485a8cd387a19f09d920347,2024-03,Hampshire Constabulary,Hampshire Constabulary,-1.318832,51.067060,On or near Station Hill,E01023267,Winchester 007F,Violence and sexual offences,Action to be taken by another organisation,
1855bd42b3763e7f4a71dd65b39f931fd0438d8eed487f411a340c27acfb2fa1,2024-03,Hampshire Constabulary,Hampshire Constabulary,-1.318546,51.069010,On or near Petrol Station,E01023267,Winchester 007F,Violence and sexual offences,Status update unavailable,
b596ed68f650a14892b2fe523c75e0ac05f670fe2934fca85b47cddd7f091643,2024-03,Hampshire Constabulary,Hampshire Constabulary,-1.320067,51.071374,On or near Boscobel Road,E01023267,Winchester 007F,Violence and sexual offences,Investigation complete; no suspect identified,
67810bf5d1adf79102a1b63249d22e14e0dabe49c61f61f264564e328f05ec17,2024-03,Hampshire Constabulary,Hampshire Constabulary,-1.334898,51.055310,On or near The Valley,E01023260,Winchester 008A,Violence and sexual offences,Court result unavailable,
21b835a23ab56a27baa3d41d67f8a6916a5b471fe61eefac490adde4629360ce,2024-03,Hampshire Constabulary,Hampshire Constabulary,-1.338738,51.056186,On or near Woolford Close,E01023260,Winchester 008A,Violence and sexual offences,Unable to prosecute suspect,
9ecb7ecf2e6c0f455cae411f2a457cc4ea366d1a810532d2cda8cc44e3136c8c,2024-03,Hampshire Constabulary,Hampshire Constabulary,-1.338700,51.055871,On or near Wilberforce Close,E01023260,Winchester 008A,Violence and sexual offences,Unable to prosecute suspect,
fa8bfc0c46cd0422ee3b6bc4bc6dad610e4c2801040350e70f59a24bd2b95a8d,2024-03,Hampshire Constabulary,Hampshire Constabulary,-1.334898,51.055310,On or near The Valley,E01023260,Winchester 008A,Violence and sexual offences,Unable to prosecute suspect,
7a64dbed35a833ac15e6ccbf71a7f253114bd454469612813489d7e6eafe4678,2024-03,Hampshire Constabulary,Hampshire Constabulary,-1.337931,51.055732,On or near Bailey Close,E01023260,Winchester 008A,Violence and sexual offences,Unable to prosecute suspect,
a614291fb8c183ea51f0b610009a968c8534014517bfa828010cd40ff68ec75b,2024-03,Hampshire Constabulary,Hampshire Constabulary,-1.341237,51.056092,On or near Thurmond Road,E01023260,Winchester 008A,Violence and sexual offences,Unable to prosecute suspect,
,2024-03,Hampshire Constabulary,Hampshire Constabulary,-1.334732,51.053951,On or near Mildmay Street,E01023260,Winchester 008A,Anti-social behaviour,,
,2024-03,Hampshire Constabulary,Hampshire Constabulary,-1.338738,51.056186,On or near Woolford Close,E01023260,Winchester 008A,Anti-social behaviour,,
6ac48f6467592fcb7e14196531d572fd5da933df424bad5ab83ed81d70d1002d,2024-03,Hampshire Constabulary,Hampshire Constabulary,-1.334732,51.053951,On or near Mildmay Street,E01023260,Winchester 008A,Criminal damage and arson,Investigation complete; no suspect identified,
479ffc300fa1ad8ce418d2747dfc7c41d1793af035cf7e41ae11975142404049,2024-03,Hampshire Constabulary,Hampshire Constabulary,-1.339626,51.053979,On or near Keble Street,E01023260,Winchester 008A,Possession of weapons,Investigation complete; no suspect identified,
fd05d71a6557704affc2de5a1a896697b2efca58a74802d9a5b725f99ddbc762,2024-03,Hampshire Constabulary,Hampshire Constabulary,-1.334898,51.055310,On or near The Valley,E01023260,Winchester 008A,Violence and sexual offences,Unable to prosecute suspect,
8053c1bf536fcc555948f7381cc71ee70611daa1c1f7c920c38944125c54bcf2,2024-03,Hampshire Constabulary,Hampshire Constabulary,-1.337931,51.055732,On or near Bailey Close,E01023260,Winchester 008A,Violence and sexual offences,Status update unavailable,
521298f27b8c3424dbccb711675bc8a8fb0fafc2e96d671d3fa9baf60666a5d4,2024-03,Hampshire Constabulary,Hampshire Constabulary,-1.337931,51.055732,On or near Bailey Close,E01023260,Winchester 008A,Violence and sexual offences,Unable to prosecute suspect,
c38a161ffbcf8998a2c3129afaa05d077d2f7b91a1851729866244fe66e4df7b,2024-03,Hampshire Constabulary,Hampshire Constabulary,-1.337931,51.055732,On or near Bailey Close,E01023260,Winchester 008A,Violence and sexual offences,Status update unavailable,
21153d0661527640033cb8f386d60fe318c1023359edea0e8a441b8416d0ccd6,2024-03,Hampshire Constabulary,Hampshire Constabulary,-1.328853,51.053018,On or near Paulet Place,E01023261,Winchester 008B,Burglary,Unable to prosecute suspect,
047c6c8a55bd956c2a93a9e8c0d28135140efe256cfef6b1114062c570fd4e2b,2024-03,Hampshire Constabulary,Hampshire Constabulary,-1.328853,51.053018,On or near Paulet Place,E01023261,Winchester 008B,Criminal damage and arson,Investigation complete; no suspect identified,
37ee99ef8825be8b8a964ba654efc5a1140f16657afc862dfa8d98cd31ce8cb1,2024-03,Hampshire Constabulary,Hampshire Constabulary,-1.331604,51.055201,On or near Octavia Hill,E01023261,Winchester 008B,Violence and sexual offences,Unable to prosecute suspect,
5ba0bcd1ad16e51e239cf927ce740a196e173c89e3aa4ad90dd01066195af9bb,2024-03,Hampshire Constabulary,Hampshire Constabulary,-1.333775,51.053046,On or near Eversley Place,E01023261,Winchester 008B,Violence and sexual offences,Unable to prosecute suspect,
05873a92354d52fe01715491194a5bf12d6dcf7401e800870dbf19e5e358a1a8,2024-03,Hampshire Constabulary,Hampshire Constabulary,-1.331623,51.052899,On or near Walton Place,E01023261,Winchester 008B,Violence and sexual offences,Unable to prosecute suspect,
,2024-03,Hampshire Constabulary,Hampshire Constabulary,-1.331604,51.055201,On or near Octavia Hill,E01023261,Winchester 008B,Anti-social behaviour,,
,2024-03,Hampshire Constabulary,Hampshire Constabulary,-1.331604,51.055201,On or near Octavia Hill,E01023261,Winchester 008B,Anti-social behaviour,,
,2024-03,Hampshire Constabulary,Hampshire Constabulary,-1.331604,51.055201,On or near Octavia Hill,E01023261,Winchester 008B,Anti-social behaviour,,
,2024-03,Hampshire Constabulary,Hampshire Constabulary,-1.326275,51.053750,On or near Kingsley Place,E01023261,Winchester 008B,Anti-social behaviour,,
,2024-03,Hampshire Constabulary,Hampshire Constabulary,-1.331604,51.055201,On or near Octavia Hill,E01023261,Winchester 008B,Anti-social behaviour,,
,2024-03,Hampshire Constabulary,Hampshire Constabulary,-1.331604,51.055201,On or near Octavia Hill,E01023261,Winchester 008B,Anti-social behaviour,,
,2024-03,Hampshire Constabulary,Hampshire Constabulary,-1.331604,51.055201,On or near Octavia Hill,E01023261,Winchester 008B,Anti-social behaviour,,
,2024-03,Hampshire Constabulary,Hampshire Constabulary,-1.331604,51.055201,On or near Octavia Hill,E01023261,Winchester 008B,Anti-social behaviour,,
0f6eecb24806a7333c0495b42affe75904709090ed44af593c068983d719e2b1,2024-03,Hampshire Constabulary,Hampshire Constabulary,-1.331604,51.055201,On or near Octavia Hill,E01023261,Winchester 008B,Criminal damage and arson,Investigation complete; no suspect identified,
103018c5f791cc301912a952c9dbd761297a5d64d234dc2a3d3b83b75bd4a85c,2024-03,Hampshire Constabulary,Hampshire Constabulary,-1.331604,51.055201,On or near Octavia Hill,E01023261,Winchester 008B,Criminal damage and arson,Investigation complete; no suspect identified,
61dff90ff5c96d3065644ece42deed98dc4c0b8d090c307d640760f871e22e26,2024-03,Hampshire Constabulary,Hampshire Constabulary,-1.331604,51.055201,On or near Octavia Hill,E01023261,Winchester 008B,Criminal damage and arson,Investigation complete; no suspect identified,
8b83878d8f9fbcdc5541ba39ad1b247fbfb5b4453c4c4592e8ce9b7bc3025bf5,2024-03,Hampshire Constabulary,Hampshire Constabulary,-1.328093,51.052321,On or near Green Jacket Close,E01023261,Winchester 008B,Criminal damage and arson,Investigation complete; no suspect identified,
c151e1647b5695006fff5453030e7e0ea72f39aee8649817b3eecb8e14857594,2024-03,Hampshire Constabulary,Hampshire Constabulary,-1.328093,51.052321,On or near Green Jacket Close,E01023261,Winchester 008B,Criminal damage and arson,Investigation complete; no suspect identified,
9b6167aede8288b94a96b15fa6d58405e46b3ac9ce84a84cf43b1f09dd715b6b,2024-03,Hampshire Constabulary,Hampshire Constabulary,-1.331604,51.055201,On or near Octavia Hill,E01023261,Winchester 008B,Possession of weapons,Offender given a caution,
e5a8dd6b7f7db26393973917a72d70d8f1dd23e70fea4070423851363a03ac39,2024-03,Hampshire Constabulary,Hampshire Constabulary,-1.326275,51.053750,On or near Kingsley Place,E01023261,Winchester 008B,Possession of weapons,Unable to prosecute suspect,
960973de3b5e7db1c80a5a8794c01b4c48c03d23fc5693ac608e57a64c64f932,2024-03,Hampshire Constabulary,Hampshire Constabulary,-1.326533,51.051656,On or near Drummond Close,E01023261,Winchester 008B,Public order,Investigation complete; no suspect identified,
b8d58f7602665b359c91a7ccc0d16b960a6ed51886c74f93c2e97acbd4d66333,2024-03,Hampshire Constabulary,Hampshire Constabulary,-1.333775,51.053046,On or near Eversley Place,E01023261,Winchester 008B,Vehicle crime,Investigation complete; no suspect identified,
7e2b4a085f0ce3cdb4e154bf1b5015dfad40f62690e84987a1b0a79e9709f7c1,2024-03,Hampshire Constabulary,Hampshire Constabulary,-1.333775,51.053046,On or near Eversley Place,E01023261,Winchester 008B,Vehicle crime,Investigation complete; no suspect identified,
4194ab21982b02479b9c4f52c6e6a25706003a1a8445fed11768adad2dd91e5d,2024-03,Hampshire Constabulary,Hampshire Constabulary,-1.328782,51.054969,On or near Cromwell Road,E01023261,Winchester 008B,Violence and sexual offences,Unable to prosecute suspect,
01928deee0d6593c43746988505b6142e5ad88aa37f1b3663e4e660953caef03,2024-03,Hampshire Constabulary,Hampshire Constabulary,-1.325621,51.054528,On or near Milner Place,E01023261,Winchester 008B,Violence and sexual offences,Unable to prosecute suspect,
e7fa593609fbfed6d106d3959c202fe57b28e918f68135b18fe1b670aaa86213,2024-03,Hampshire Constabulary,Hampshire Constabulary,-1.328782,51.054969,On or near Cromwell Road,E01023261,Winchester 008B,Violence and sexual offences,Unable to prosecute suspect,
e2c958d6400712138a2e65a48c378f728539d4ae230abafbef30af1fa48631d1,2024-03,Hampshire Constabulary,Hampshire Constabulary,-1.343780,51.050801,On or near Wolfe Close,E01023262,Winchester 008C,Public order,Offender given a caution,
264394d7fd11568d58c4fcb4cf3784c57511d6fbb0d19b3617331398600c66cc,2024-03,Hampshire Constabulary,Hampshire Constabulary,-1.340514,51.051736,On or near Chatham Road,E01023262,Winchester 008C,Violence and sexual offences,Unable to prosecute suspect,
a7207681936abdfb5cd0741cd703ee6cdb9913f2a4a09244d088f9b603f07776,2024-03,Hampshire Constabulary,Hampshire Constabulary,-1.340514,51.051736,On or near Chatham Road,E01023262,Winchester 008C,Violence and sexual offences,Unable to prosecute suspect,
eb63ee4e45418899b0a2adb853505cd76b6a05256caf651924ef870065999b25,2024-03,Hampshire Constabulary,Hampshire Constabulary,-1.336900,51.052030,On or near Somers Close,E01023262,Winchester 008C,Violence and sexual offences,Court result unavailable,
b989612d8a94d7d6454ed839b952ae187d0d7a03c7e5ea9654fe6ab629c585a3,2024-03,Hampshire Constabulary,Hampshire Constabulary,-1.337379,51.053471,On or near Selborne Place,E01023262,Winchester 008C,Other theft,Investigation complete; no suspect identified,
a1e09ea809d09071b53e7e7e679e91604571ba2f8fe8477d0bf3069dc0643033,2024-03,Hampshire Constabulary,Hampshire Constabulary,-1.341808,51.053011,On or near Sheridan Close,E01023262,Winchester 008C,Other crime,Further investigation is not in the public interest,
9a084f3263ee837518ae62c694740d2cca881d75b44a7b8c75aa1a24a5e6dda9,2024-03,Hampshire Constabulary,Hampshire Constabulary,-1.322104,51.053060,On or near Lansdowne Avenue,E01023266,Winchester 008D,Public order,Local resolution,
a6678f7ee9fffbcbe7464b3c5cb7d47867151f938494ff7d86505fc80d736703,2024-03,Hampshire Constabulary,Hampshire Constabulary,-1.326740,51.060002,On or near Further/Higher Educational Building,E01023266,Winchester 008D,Shoplifting,Court result unavailable,
a2357c4fb6b936f14585b25f2b2f0f69178957b36f68a4acff216673bf424e9c,2024-03,Hampshire Constabulary,Hampshire Constabulary,-1.328385,51.058752,On or near Milnthorpe Lane,E01023266,Winchester 008D,Shoplifting,Court result unavailable,
d6d449803f93c1f525afeb5a9bab700eadfa9565387eec51630541e54d271c57,2024-03,Hampshire Constabulary,Hampshire Constabulary,-1.328385,51.058752,On or near Milnthorpe Lane,E01023266,Winchester 008D,Shoplifting,Court result unavailable,
ebc42cb4081d38a61738dce5798a0286b4cbd73d89f3d5a4c631ef344f825087,2024-03,Hampshire Constabulary,Hampshire Constabulary,-1.328385,51.058752,On or near Milnthorpe Lane,E01023266,Winchester 008D,Shoplifting,Court result unavailable,
786327335d655342d569f04a80d31d9afbbbaf29a43fc66f42dc4edf9aab98ec,2024-03,Hampshire Constabulary,Hampshire Constabulary,-1.328385,51.058752,On or near Milnthorpe Lane,E01023266,Winchester 008D,Shoplifting,Court result unavailable,
1e46f906676edc554e9269594ca4c6960508bc1d23f142a778600c68b662a6a1,2024-03,Hampshire Constabulary,Hampshire Constabulary,-1.322104,51.053060,On or near Lansdowne Avenue,E01023266,Winchester 008D,Violence and sexual offences,Unable to prosecute suspect,
faf158a520d28fa2751088a3b49e653e923077c04c761edbbe4a2b8d62237c50,2024-03,Hampshire Constabulary,Hampshire Constabulary,-1.324059,51.058952,On or near Talavera Road,E01023266,Winchester 008D,Violence and sexual offences,Unable to prosecute suspect,
b31f1ad5af8783746255337023f1fcfb5d2de722eae5852ec8f1c143b86b8d8e,2024-03,Hampshire Constabulary,Hampshire Constabulary,-1.326740,51.060002,On or near Further/Higher Educational Building,E01023266,Winchester 008D,Violence and sexual offences,Investigation complete; no suspect identified,
3eb77d6412a42d558e81a757551cf42625b98e57b047689fc8528fbcf225d686,2024-03,Hampshire Constabulary,Hampshire Constabulary,-1.324631,51.059855,On or near Peninsula Road,E01023266,Winchester 008D,Violence and sexual offences,Investigation complete; no suspect identified,
071f5a90d0ecb1ae4ad8e87c9e8e08f949df1c494af59912e770ba2fd799e848,2024-03,Hampshire Constabulary,Hampshire Constabulary,-1.320830,51.060184,On or near Alexandra Terrace,E01023266,Winchester 008D,Other theft,Investigation complete; no suspect identified,
6a1c2b3b261abc84a987b27f0c7306d39e1d673727b5c8284153b70c38f995d2,2024-03,Hampshire Constabulary,Hampshire Constabulary,-1.319488,51.054394,On or near Norman Road,E01023266,Winchester 008D,Other theft,Investigation complete; no suspect identified,
65a9dd1621dcb389a18f9831666d6b05f168bf5b8527b26b5083fab546f175d3,2024-03,Hampshire Constabulary,Hampshire Constabulary,-1.325881,51.056265,On or near Airlie Road,E01023266,Winchester 008D,Other theft,Status update unavailable,
18fb55c14c5fd89edc92a1a5f9bf9e8fcecb56db21bf07732787d9ffa3929312,2024-03,Hampshire Constabulary,Hampshire Constabulary,-1.322104,51.053060,On or near Lansdowne Avenue,E01023266,Winchester 008D,Violence and sexual offences,Investigation complete; no suspect identified,
04aef141442516495057fa95dc597163533757a4b84ec707bf69edab265a52fe,2024-03,Hampshire Constabulary,Hampshire Constabulary,-1.395745,51.051351,On or near Farley Mount Road,E01023229,Winchester 009A,Drugs,Court result unavailable,
28fa075e15504f05e721f5f2bd9f023bf8c674c93ceaddefbc489359ee15a7db,2024-03,Hampshire Constabulary,Hampshire Constabulary,-1.451397,51.038316,On or near Farley Lane,E01023229,Winchester 009A,Criminal damage and arson,Investigation complete; no suspect identified,
79aacdb797b733a5477ad2acacd8aaba1218a506b9bf8b0ab362d1faa4da57e3,2024-03,Hampshire Constabulary,Hampshire Constabulary,-1.418470,51.061816,On or near Parking Area,E01023229,Winchester 009A,Vehicle crime,Investigation complete; no suspect identified,
ba1d762322598231e9f9d038064bba58c2a86caa81b34a0f41d4b45ffce5f29f,2024-03,Hampshire Constabulary,Hampshire Constabulary,-1.390780,51.040552,On or near Sparsholt Road,E01023229,Winchester 009A,Vehicle crime,Investigation complete; no suspect identified,
09c24c762e49a37a690eee77cc7b1d9c1d8c7012f364bf31743205cab5617017,2024-03,Hampshire Constabulary,Hampshire Constabulary,-1.332775,51.049147,On or near Kestrel Close,E01023242,Winchester 009B,Criminal damage and arson,Investigation complete; no suspect identified,
a0ea86c15053d47e9cc46cd0a92a2587869c46693f19ed3a2cf57b2c1fd88ead,2024-03,Hampshire Constabulary,Hampshire Constabulary,-1.334207,51.050810,On or near Silverwood Close,E01023242,Winchester 009B,Public order,Investigation complete; no suspect identified,
b77f415f9a1060dceb162899d1cb64558fcc5eb6a99037aacde1d80437409d84,2024-03,Hampshire Constabulary,Hampshire Constabulary,-1.328534,51.049419,On or near Ivy Close,E01023242,Winchester 009B,Violence and sexual offences,Status update unavailable,
e165a52d080ec9f8554fe68c517d9079b44247e4c5b1d25274c1c093cdfb1262,2024-03,Hampshire Constabulary,Hampshire Constabulary,-1.340373,51.045593,On or near Supermarket,E01023243,Winchester 009C,Burglary,Further action is not in the public interest,
7bce10c7a63514bc7f7e494c64642c6b81dc49667cee2f5e5efd7e3b69eacade,2024-03,Hampshire Constabulary,Hampshire Constabulary,-1.340373,51.045593,On or near Supermarket,E01023243,Winchester 009C,Burglary,Further action is not in the public interest,
1710b99bcaaec9d699197cf9dab1fead47ebe1cae6a4dcb19043aec886423771,2024-03,Hampshire Constabulary,Hampshire Constabulary,-1.340373,51.045593,On or near Supermarket,E01023243,Winchester 009C,Shoplifting,Investigation complete; no suspect identified,
4cbfa89d5301ed635bb8a1e5c747b09df8749cf46719fb2ce9eb852ddc7abaaf,2024-03,Hampshire Constabulary,Hampshire Constabulary,-1.340373,51.045593,On or near Supermarket,E01023243,Winchester 009C,Shoplifting,Investigation complete; no suspect identified,
b06ecc6c5eb36fe61add883d48ed30f5b4cf38505ae70cc6b1afa0da02f8a333,2024-03,Hampshire Constabulary,Hampshire Constabulary,-1.343813,51.048463,On or near Badger Farm Road,E01023243,Winchester 009C,Violence and sexual offences,Investigation complete; no suspect identified,
68e660ffe356e2766ecdf80f7dc6d374624dcb769b30c5a19782588c1a2f5eb4,2024-03,Hampshire Constabulary,Hampshire Constabulary,-1.340373,51.045593,On or near Supermarket,E01023243,Winchester 009C,Shoplifting,Investigation complete; no suspect identified,
5e7dfd6d529b107c16e99593c04090ec606574b4130fcfbea34fc84a50ffb7a1,2024-03,Hampshire Constabulary,Hampshire Constabulary,-1.340373,51.045593,On or near Supermarket,E01023243,Winchester 009C,Shoplifting,Investigation complete; no suspect identified,
89a61bc24ecff723b07a209e661d724172a7fcbe7a8a7665509a5e6085c6b36f,2024-03,Hampshire Constabulary,Hampshire Constabulary,-1.340373,51.045593,On or near Supermarket,E01023243,Winchester 009C,Vehicle crime,Investigation complete; no suspect identified,
a61b10ae0c5c4286c29b661188604f9efd40ddc6affe1bfbd1253a86e1a5adee,2024-03,Hampshire Constabulary,Hampshire Constabulary,-1.334607,51.047754,On or near Lowden Close,E01023243,Winchester 009C,Violence and sexual offences,Status update unavailable,
9641851f45368c2974ed36bc21d6f003f55e099330e42dd8df27313f0f504b6a,2024-03,Hampshire Constabulary,Hampshire Constabulary,-1.336473,51.046938,On or near Plough Way,E01023243,Winchester 009C,Violence and sexual offences,Investigation complete; no suspect identified,
ef96c7b7cbebf2b3afd5c85d877121afa4a698f6c28f35ee5ef50879ec75888a,2024-03,Hampshire Constabulary,Hampshire Constabulary,-1.340373,51.045593,On or near Supermarket,E01023243,Winchester 009C,Violence and sexual offences,Unable to prosecute suspect,
3d2f2553d4aec212a7d26a9cd1c58fc201f3a7f478d4a590eef18fcd3738f8b8,2024-03,Hampshire Constabulary,Hampshire Constabulary,-1.340426,51.049856,On or near Ridgeway,E01023243,Winchester 009C,Violence and sexual offences,Unable to prosecute suspect,
7097e44d97e5b97d9c5facc4b2698bb57db608f8fff752b916431182465ac8eb,2024-03,Hampshire Constabulary,Hampshire Constabulary,-1.346116,51.048008,On or near Oliver'S Battery Crescent,E01023244,Winchester 009D,Violence and sexual offences,Local resolution,
65036a47847b2ffc48223d1e5c67fe8f42618fc48066f14c5bbe1b9b7d1faaf4,2024-03,Hampshire Constabulary,Hampshire Constabulary,-1.346116,51.048008,On or near Oliver'S Battery Crescent,E01023244,Winchester 009D,Violence and sexual offences,Unable to prosecute suspect,
bdcf5af560d2fbccf224a47424b8a24d189ad7db0723646db7de1601227346f8,2024-03,Hampshire Constabulary,Hampshire Constabulary,-1.346116,51.048008,On or near Oliver'S Battery Crescent,E01023244,Winchester 009D,Violence and sexual offences,Unable to prosecute suspect,
942c7eed9381725d2d175cd6838077415e25132493d51d5c6591bc48435c2ca6,2024-03,Hampshire Constabulary,Hampshire Constabulary,-1.351785,51.054757,On or near Kings Drive,E01023259,Winchester 009E,Other theft,Unable to prosecute suspect,
cce82b9e9ccb9618e657382e8e5c0d130310556a0f91bdeb2c7e95b131e4a509,2024-03,Hampshire Constabulary,Hampshire Constabulary,-1.345428,51.054281,On or near Monmouth Square,E01023259,Winchester 009E,Public order,Unable to prosecute suspect,
ef3a463b7743f8c781680682d338d0ef459467f16d356b2089c02fe6024975c7,2024-03,Hampshire Constabulary,Hampshire Constabulary,-1.347575,51.057845,On or near Woodfield Drive,E01023259,Winchester 009E,Violence and sexual offences,Unable to prosecute suspect,
dd49536f3beb46fc695884d70c466e0a49d483ac831a5d31c669b051612d0db4,2024-03,Hampshire Constabulary,Hampshire Constabulary,-1.351785,51.054757,On or near Kings Drive,E01023259,Winchester 009E,Violence and sexual offences,Unable to prosecute suspect,
d07ccdc8f664a8cca2a2fc5f594282e7d1d6941fe503248a599b870bf76b7cd5,2024-03,Hampshire Constabulary,Hampshire Constabulary,-1.347575,51.057845,On or near Woodfield Drive,E01023259,Winchester 009E,Other theft,Investigation complete; no suspect identified,
6e4a96a2f153c3a65f8ae2b7d0c31a26bd0fb3aae768a0246a1b343c41c0c693,2024-03,Hampshire Constabulary,Hampshire Constabulary,-1.349787,51.058873,On or near Sarum View,E01023259,Winchester 009E,Public order,Investigation complete; no suspect identified,
c4dc4b8dd44695cbb3b503dd3539679dcc62ad2dc81a2191b1ec4370fe2406e2,2024-03,Hampshire Constabulary,Hampshire Constabulary,-1.349294,51.054321,On or near Swithun Way,E01023259,Winchester 009E,Violence and sexual offences,Unable to prosecute suspect,
65e77a2ced51f034b0dc06c15c47ab71cd9000e3a8f3982c8e515c3bcddba018,2024-03,Hampshire Constabulary,Hampshire Constabulary,-1.317147,51.012737,On or near Hare Lane,E01023226,Winchester 010A,Drugs,Local resolution,
43f2cf4f16d3a568135d495d46537324217d0a9539c1efaa546e85c303b5ce6d,2024-03,Hampshire Constabulary,Hampshire Constabulary,-1.315997,51.019186,On or near The Avenue,E01023226,Winchester 010A,Violence and sexual offences,Unable to prosecute suspect,
cf5ac4e18be30d95b288108193222a3baf024662b3488c20c8bf187dd266821b,2024-03,Hampshire Constabulary,Hampshire Constabulary,-1.315997,51.019186,On or near The Avenue,E01023226,Winchester 010A,Other crime,Unable to prosecute suspect,
fb2cf74b530556d173f9b6d6848545891cae603a504852dad77688054b039041,2024-03,Hampshire Constabulary,Hampshire Constabulary,-1.309893,51.025130,On or near Hewlett Close,E01023226,Winchester 010A,Burglary,Investigation complete; no suspect identified,
95ec0da4942c0866f923bf58fba690972cdb707a8b36c3a859e8ee14db5e6463,2024-03,Hampshire Constabulary,Hampshire Constabulary,-1.314095,51.016720,On or near Highfield Avenue,E01023226,Winchester 010A,Burglary,Investigation complete; no suspect identified,
9ba451afc9442f03c7256d0db22bed2eadef934ca2fdcf73dc3a1586de63a090,2024-03,Hampshire Constabulary,Hampshire Constabulary,-1.317144,50.995435,On or near Ash Close,E01023227,Winchester 010B,Violence and sexual offences,Local resolution,
529f9dd175241b000d17e2dfb115254214c57b9da479be2ff58e24cd49f1effe,2024-03,Hampshire Constabulary,Hampshire Constabulary,-1.317645,50.998244,On or near Springfields Close,E01023227,Winchester 010B,Violence and sexual offences,Investigation complete; no suspect identified,
be515a268059e38cf5aedb2f8b9db25bad86ca41193f8f8d554dfe6edc2b2c46,2024-03,Hampshire Constabulary,Hampshire Constabulary,-1.318714,51.000080,On or near Sports/Recreation Area,E01023227,Winchester 010B,Burglary,Investigation complete; no suspect identified,
e95c3cc3623fa0aadcf30d61edf6279d23137024872f2b9254cfd546a77af773,2024-03,Hampshire Constabulary,Hampshire Constabulary,-1.303064,50.985092,On or near Parking Area,E01023227,Winchester 010B,Criminal damage and arson,Investigation complete; no suspect identified,
5b3009f1a0f58a2a391e70917ab11d6aea56ea30b94a02d976b53b4f4e718557,2024-03,Hampshire Constabulary,Hampshire Constabulary,-1.319312,50.997273,On or near Chapel Grove,E01023227,Winchester 010B,Public order,Unable to prosecute suspect,
f2e156406453b674b94797bcc710fd5e156c85b4ff395dc3b398e01a86b5648e,2024-03,Hampshire Constabulary,Hampshire Constabulary,-1.319312,50.997273,On or near Chapel Grove,E01023227,Winchester 010B,Violence and sexual offences,Investigation complete; no suspect identified,
d7771b5baf3c614b074831cd5c7e4f08222b77a36496e405b8827b172f078749,2024-03,Hampshire Constabulary,Hampshire Constabulary,-1.297312,50.991451,On or near Park/Open Space,E01023227,Winchester 010B,Violence and sexual offences,Unable to prosecute suspect,
eb3c25019e2aea023f0f321a510d60ebd34b0615f5d51a4c604834cc96378c2b,2024-03,Hampshire Constabulary,Hampshire Constabulary,-1.313366,50.994604,On or near Lime Close,E01023228,Winchester 010C,Burglary,Unable to prosecute suspect,
e6b0211752049cf33c74329363d1ecdb671f91642ace4ec98c995d2fcf05ad81,2024-03,Hampshire Constabulary,Hampshire Constabulary,-1.320217,50.993862,On or near Pallet Close,E01023228,Winchester 010C,Burglary,Unable to prosecute suspect,
a22d9f6d9e2509bde7d281026c1305f253d4227fac1eebb8868597c84b4a1d19,2024-03,Hampshire Constabulary,Hampshire Constabulary,-1.321820,50.996317,On or near Supermarket,E01023228,Winchester 010C,Violence and sexual offences,Investigation complete; no suspect identified,
a81c4d5946aad1b9f789d7e2df1980ba852f9b5082f2b73b7b7d5e4f534e429c,2024-03,Hampshire Constabulary,Hampshire Constabulary,-1.320217,50.993862,On or near Pallet Close,E01023228,Winchester 010C,Burglary,Investigation complete; no suspect identified,
2e98d91609284233fab2161750a43881f95b3aa13d4f1a5972e82144af58afd7,2024-03,Hampshire Constabulary,Hampshire Constabulary,-1.328486,50.987570,On or near Lordswood,E01023228,Winchester 010C,Other theft,Investigation complete; no suspect identified,
a2d46d8aff60aedc352977883887d22ac108cb6b98bb2fbcecca0540cc5cb617,2024-03,Hampshire Constabulary,Hampshire Constabulary,-1.321820,50.996317,On or near Supermarket,E01023228,Winchester 010C,Public order,Investigation complete; no suspect identified,
273a81ebd1bf6d0bb2b4c23648cbe3a593f76ebdcaaf38d3dd9b536227c3b60c,2024-03,Hampshire Constabulary,Hampshire Constabulary,-1.321820,50.996317,On or near Supermarket,E01023228,Winchester 010C,Public order,Investigation complete; no suspect identified,
1d5c483b7eff4e7d3ef12a83e38bfd36604a16f3bf8ed1eb67db98df85b78c9e,2024-03,Hampshire Constabulary,Hampshire Constabulary,-1.309023,50.996341,On or near Badgers Bolt,E01023228,Winchester 010C,Violence and sexual offences,Unable to prosecute suspect,
f67e30aa84ca710562e3bdf0d065aa278d4dbac3bfb463b5eba97bd7a55c7b21,2024-03,Hampshire Constabulary,Hampshire Constabulary,-1.345107,51.007249,On or near Old Parsonage Court,E01023230,Winchester 010D,Burglary,Investigation complete; no suspect identified,
603b3448a23a7adbe613893b9a0851a348dc74f24b3a7158753a95afb9ced6c6,2024-03,Hampshire Constabulary,Hampshire Constabulary,-1.332682,51.009922,On or near Parking Area,E01023230,Winchester 010D,Violence and sexual offences,Unable to prosecute suspect,
f0c352bd89d0d0b00e2bf7cf7a3cd3acf3831415d92d0d251fb9a037486b004f,2024-03,Hampshire Constabulary,Hampshire Constabulary,-1.332773,51.015561,On or near Southdown Road,E01023230,Winchester 010D,Other theft,Investigation complete; no suspect identified,
7bf23e96ff4d00a30369ff93fddc19889428879b8faa26f5e38ba0c6f404685a,2024-03,Hampshire Constabulary,Hampshire Constabulary,-1.343005,51.010718,On or near Norlands Drive,E01023230,Winchester 010D,Vehicle crime,Investigation complete; no suspect identified,
764553c3fd7afeaa7a83ccc06717e19e938da535eb9ac1d584a24af050849a05,2024-03,Hampshire Constabulary,Hampshire Constabulary,-1.272354,51.006639,On or near Whites Hill,E01023246,Winchester 010E,Burglary,Investigation complete; no suspect identified,
3e707edf5fe1206bf58eb376e1fdcb7a35a84101b46573614cb952d51a168f43,2024-03,Hampshire Constabulary,Hampshire Constabulary,-1.272354,51.006639,On or near Whites Hill,E01023246,Winchester 010E,Burglary,Investigation complete; no suspect identified,
85a3ac6a2b201c3b57e5d80577260f1adb23793d1adf3868bb3114fe7a7f29ab,2024-03,Hampshire Constabulary,Hampshire Constabulary,-1.276559,51.009372,On or near Whites Hill,E01023246,Winchester 010E,Criminal damage and arson,Investigation complete; no suspect identified,
584f362bcfb676ff8ec4f4ffd92f765b4fd31e9221bf7955723806437e6552c6,2024-03,Hampshire Constabulary,Hampshire Constabulary,-1.235545,50.974113,On or near Stakes Lane,E01023246,Winchester 010E,Shoplifting,Investigation complete; no suspect identified,
5150a3f8364e48830bf6ed79fe791c9384620d2187cd601243ad471956734029,2024-03,Hampshire Constabulary,Hampshire Constabulary,-1.266918,51.008790,On or near Main Road,E01023246,Winchester 010E,Vehicle crime,Investigation complete; no suspect identified,
8eb318bb51f05320d779418675cf97c5edccb5931c180e3217dd23e2ba3b5945,2024-03,Hampshire Constabulary,Hampshire Constabulary,-1.265706,51.009718,On or near Hilly Close,E01023246,Winchester 010E,Vehicle crime,Investigation complete; no suspect identified,
8617f0ea8713137544e1a4617e1358848affe27737817846645c42f924f5489c,2024-03,Hampshire Constabulary,Hampshire Constabulary,-1.255712,50.970655,On or near Scivier'S Lane,E01023246,Winchester 010E,Vehicle crime,Investigation complete; no suspect identified,
bc60026656939c9e71b12bc9a4e260e750df387d682a4d69b740d8e747ac97bd,2024-03,Hampshire Constabulary,Hampshire Constabulary,-1.064991,50.922640,On or near Pitt Hill Lane,E01023235,Winchester 011A,Violence and sexual offences,Investigation complete; no suspect identified,
883249ab3c6f26ac55d560accb403091301d5d78fec119ab03f9db120f431b85,2024-03,Hampshire Constabulary,Hampshire Constabulary,-1.077433,50.913629,On or near Rushmere Lane,E01023235,Winchester 011A,Violence and sexual offences,Unable to prosecute suspect,
,2024-03,Hampshire Constabulary,Hampshire Constabulary,-1.039496,50.945875,On or near Sports/Recreation Area,E01023235,Winchester 011A,Anti-social behaviour,,
01939e3981d136006587b0935fcf6880943d0b97ec068cf3cf745c13fcaaa434,2024-03,Hampshire Constabulary,Hampshire Constabulary,-1.091183,50.926327,On or near Menslands Lane,E01023235,Winchester 011A,Criminal damage and arson,Investigation complete; no suspect identified,
e2da132b2337ac4b02d4fd9e42e6bba49096272935f44117e734622e9296b3c4,2024-03,Hampshire Constabulary,Hampshire Constabulary,-1.133322,50.948103,On or near Cutts Arch,E01023235,Winchester 011A,Other theft,Investigation complete; no suspect identified,
ed69c40c10c8c1afb7d0596c0be7dd4841473c2ec371b2b83766a8db6ec71a1b,2024-03,Hampshire Constabulary,Hampshire Constabulary,-1.129861,50.945910,On or near Long Road,E01023235,Winchester 011A,Public order,Unable to prosecute suspect,
50f0ac184a5e293c50730c4f7fb3cdfb44d584496550255bed6044df08835568,2024-03,Hampshire Constabulary,Hampshire Constabulary,-1.077433,50.913629,On or near Rushmere Lane,E01023235,Winchester 011A,Violence and sexual offences,Investigation complete; no suspect identified,
55c5b3e0e4fb5dee8d18384450ea661c5608947db01849c5f71365beb2726050,2024-03,Hampshire Constabulary,Hampshire Constabulary,-1.137703,50.962101,On or near High Street,E01023235,Winchester 011A,Violence and sexual offences,Status update unavailable,
2573a543fb50a206adbb86d769b0fa1052e38091f495b4b6227e6beb87a17831,2024-03,Hampshire Constabulary,Hampshire Constabulary,-1.177759,50.942714,On or near Dodds Lane,E01023275,Winchester 011B,Public order,Investigation complete; no suspect identified,
ab5b2366a204895e5d428089634541ccc5e3d863c35ccb0b78c6bfa709e29c84,2024-03,Hampshire Constabulary,Hampshire Constabulary,-1.187761,50.940527,On or near Brook Close,E01023275,Winchester 011B,Violence and sexual offences,Action to be taken by another organisation,
e794d31ee65bf46057c55f580326edccff750fbc90f9deaa412fae34ea61118b,2024-03,Hampshire Constabulary,Hampshire Constabulary,-1.181016,50.944518,On or near Church Road,E01023275,Winchester 011B,Violence and sexual offences,Investigation complete; no suspect identified,
fe2d3e8026d64ff21813f5121fe2ed6a506b476b832d7390991ca82911503d4e,2024-03,Hampshire Constabulary,Hampshire Constabulary,-1.191188,50.935794,On or near Brickyard Road,E01023276,Winchester 011C,Burglary,Unable to prosecute suspect,
bbbcb03928430cb94f4f024cca1ff81b07f091c06da57ec14817c246dd51db28,2024-03,Hampshire Constabulary,Hampshire Constabulary,-1.179489,50.936647,On or near Horders View,E01023276,Winchester 011C,Public order,Investigation complete; no suspect identified,
41dcf2e4108786b18bc958e6d4c45d9bfc26d5e40906cbba9693e95a5d54db03,2024-03,Hampshire Constabulary,Hampshire Constabulary,-1.191188,50.935794,On or near Brickyard Road,E01023276,Winchester 011C,Violence and sexual offences,Local resolution,
,2024-03,Hampshire Constabulary,Hampshire Constabulary,-1.183720,50.938026,On or near The Lakes,E01023276,Winchester 011C,Anti-social behaviour,,
34a52966a8a768ce7df047ef5e6d53a3949163fbc1577132389dfdc3a9ae4fd0,2024-03,Hampshire Constabulary,Hampshire Constabulary,-1.193774,50.934391,On or near Forest Road,E01023276,Winchester 011C,Criminal damage and arson,Investigation complete; no suspect identified,
54d593ed05a29127f0944d5d01b0468aa53109d94db911ab0c8abdcc412671bd,2024-03,Hampshire Constabulary,Hampshire Constabulary,-1.174959,50.936049,On or near Hunters Chase,E01023276,Winchester 011C,Public order,Investigation complete; no suspect identified,
211ae0d68f8069c8c40c500560f5095c10d5acb39150e9b9b6b80568204ddd69,2024-03,Hampshire Constabulary,Hampshire Constabulary,-1.179489,50.936647,On or near Horders View,E01023276,Winchester 011C,Violence and sexual offences,Unable to prosecute suspect,
f826b3f04bb7802a6a40b4585bf81ccf385c7dc08cd828e7e390ae33ab249d66,2024-03,Hampshire Constabulary,Hampshire Constabulary,-1.111522,50.910297,On or near Bunns Lane,E01023277,Winchester 011D,Criminal damage and arson,Unable to prosecute suspect,
5dbd53c49e67af21fd4406283ec03c71c430de430cd4d78018406e4c2091de85,2024-03,Hampshire Constabulary,Hampshire Constabulary,-1.127568,50.921613,On or near Ingoldfield Lane,E01023277,Winchester 011D,Other theft,Unable to prosecute suspect,
bbd975c5c22e29cea5439babf51e3f72274b868503e81a7887976dd6e062c45a,2024-03,Hampshire Constabulary,Hampshire Constabulary,-1.111522,50.910297,On or near Bunns Lane,E01023277,Winchester 011D,Public order,Awaiting court outcome,
b2d248cfd77bbfe3d4a6625c0a27afe04442c6010e5d8a6abc921983bc637f29,2024-03,Hampshire Constabulary,Hampshire Constabulary,-1.111522,50.910297,On or near Bunns Lane,E01023277,Winchester 011D,Violence and sexual offences,Unable to prosecute suspect,
45574509858d8d713e8941689c49422992ddd668597461bf0d32addfcb390644,2024-03,Hampshire Constabulary,Hampshire Constabulary,-1.139971,50.923324,On or near Forester Road,E01023277,Winchester 011D,Public order,Investigation complete; no suspect identified,
b742c8ddd42d56d4622c4036390f14eb37b2450735ad58915efee04747e9f0e0,2024-03,Hampshire Constabulary,Hampshire Constabulary,-1.107964,50.920062,On or near Hoe Street,E01023277,Winchester 011D,Violence and sexual offences,Unable to prosecute suspect,
96b90a358c8cbed7ede98357b4b6c35d40de8e77162bc709201b5defa418c4d9,2024-03,Hampshire Constabulary,Hampshire Constabulary,-1.130999,50.979515,On or near Allens Lane,E01023282,Winchester 011E,Other theft,Investigation complete; no suspect identified,
c95a79c54f78cea50fe94e5f9bbee391428c8099b2c0ca9d498fca4580a6edbd,2024-03,Hampshire Constabulary,Hampshire Constabulary,-1.087910,51.010004,On or near Love Lane,E01023282,Winchester 011E,Burglary,Investigation complete; no suspect identified,
c6b25d36714cde9a93505cce5f62401509de56278bba0419be8864eca720646a,2024-03,Hampshire Constabulary,Hampshire Constabulary,-1.135615,50.983353,On or near The White Way,E01023282,Winchester 011E,Criminal damage and arson,Investigation complete; no suspect identified,
fbd5a3991326955d0464038dbd0445b93aa56e615de30aa10cf1c4a35f57226a,2024-03,Hampshire Constabulary,Hampshire Constabulary,-1.108843,50.976839,On or near Stock'S Lane,E01023282,Winchester 011E,Criminal damage and arson,Investigation complete; no suspect identified,
497c037fa65cc2e9823c538abc701a768db411143d6523ab8e745959381e12a9,2024-03,Hampshire Constabulary,Hampshire Constabulary,-1.087910,51.010004,On or near Love Lane,E01023282,Winchester 011E,Vehicle crime,Investigation complete; no suspect identified,
081f8e033368fb197c71d88add32ddbafa917a718dd08048efaba5a5566b5385,2024-03,Hampshire Constabulary,Hampshire Constabulary,-1.219536,50.954556,On or near Petrol Station,E01023220,Winchester 012A,Other theft,Investigation complete; no suspect identified,
,2024-03,Hampshire Constabulary,Hampshire Constabulary,-1.224611,50.955876,On or near Blackmans Way,E01023220,Winchester 012A,Anti-social behaviour,,
39b7ba8e7ab5fdd1b8a9cc2006c7f985a9faa20ff44562c4c972374a82765f3e,2024-03,Hampshire Constabulary,Hampshire Constabulary,-1.228671,50.959158,On or near Pine Lea,E01023220,Winchester 012A,Burglary,Unable to prosecute suspect,
21d853e68c888d3017e53a094b5964aeff9891b6f80929d3c99bd25601962fb4,2024-03,Hampshire Constabulary,Hampshire Constabulary,-1.224247,50.957231,On or near Battery Hill,E01023220,Winchester 012A,Criminal damage and arson,Investigation complete; no suspect identified,
cc52f19e85295344fb9853dc647e155164136bd3aad056fdb2d6b7c2f58436cc,2024-03,Hampshire Constabulary,Hampshire Constabulary,-1.228131,50.956511,On or near Siskin Close,E01023220,Winchester 012A,Criminal damage and arson,Unable to prosecute suspect,
456499899773a3c01082d963d5f40537c155098490274d4305de1d36e1389d85,2024-03,Hampshire Constabulary,Hampshire Constabulary,-1.228150,50.955387,On or near Ambleside,E01023220,Winchester 012A,Other theft,Unable to prosecute suspect,
d65083b88351b99cd13c08aef528f53b3b31ea467c925af48144bd3bbdfd858b,2024-03,Hampshire Constabulary,Hampshire Constabulary,-1.228150,50.955387,On or near Ambleside,E01023220,Winchester 012A,Public order,Investigation complete; no suspect identified,
20fe8d289d27379d696c90c0044ba6e80e668f4b576d26e351269d8bc33bd956,2024-03,Hampshire Constabulary,Hampshire Constabulary,-1.219536,50.954556,On or near Petrol Station,E01023220,Winchester 012A,Vehicle crime,Investigation complete; no suspect identified,
2175cd5514d272a92217e5dc234e8cd66dc4fd581cce2ed449ac3d60a35ddfcc,2024-03,Hampshire Constabulary,Hampshire Constabulary,-1.215983,50.951628,On or near Bishop'S Lane,E01023221,Winchester 012B,Violence and sexual offences,Unable to prosecute suspect,
,2024-03,Hampshire Constabulary,Hampshire Constabulary,-1.221166,50.952418,On or near Bosworth Gardens,E01023221,Winchester 012B,Anti-social behaviour,,
6c310e1a7e950f80808d890fdbb3e8d0c0f2d0a1f9d41140b7b587ad94c205d8,2024-03,Hampshire Constabulary,Hampshire Constabulary,-1.210424,50.952626,On or near Sports/Recreation Area,E01023221,Winchester 012B,Other crime,Further action is not in the public interest,
babc66a16b90aac4be89b8625294d3ae4e98e1c5f3603f910a9447b3097079a7,2024-03,Hampshire Constabulary,Hampshire Constabulary,-1.213276,50.953444,On or near St Georges'S Square,E01023222,Winchester 012C,Drugs,Local resolution,
aca05123ce816c678d1791d2421ae69939f859391a69011cf70ac85899315d2f,2024-03,Hampshire Constabulary,Hampshire Constabulary,-1.212410,50.954140,On or near Houchin Street,E01023222,Winchester 012C,Other theft,Investigation complete; no suspect identified,
29bdd88754096088a8502a401b7fed7a83c59cc95ce9400dc72d772a1377ab08,2024-03,Hampshire Constabulary,Hampshire Constabulary,-1.211050,50.966360,On or near Shipcote Lane,E01023222,Winchester 012C,Vehicle crime,Investigation complete; no suspect identified,
41569d7d9a4c329d86c933e4db6e84dfc8683fdb352c5d6f9c0326dbd3805b91,2024-03,Hampshire Constabulary,Hampshire Constabulary,-1.213276,50.953444,On or near St Georges'S Square,E01023222,Winchester 012C,Vehicle crime,Investigation complete; no suspect identified,
e8840524822ba46dd0ac91a0a7d8e24aa6155818327a244ddd98e1e01f8f3acf,2024-03,Hampshire Constabulary,Hampshire Constabulary,-1.213276,50.953444,On or near St Georges'S Square,E01023222,Winchester 012C,Violence and sexual offences,Unable to prosecute suspect,
77ed82709d2f4b42cce24760840e039796857baddc30f5175745e1bc3752f69e,2024-03,Hampshire Constabulary,Hampshire Constabulary,-1.193257,50.955205,On or near West Hoe Lane,E01023223,Winchester 012D,Violence and sexual offences,Unable to prosecute suspect,
1503ea939e3a9283f47e3720a98350ac08cd95619c369bcda8965c923d5f7093,2024-03,Hampshire Constabulary,Hampshire Constabulary,-1.209073,50.953649,On or near Shore Crescent,E01023223,Winchester 012D,Public order,Investigation complete; no suspect identified,
119c7d0fc8027e161f1699a72412e1a20422b9872e7818393a61ed541315b5c8,2024-03,Hampshire Constabulary,Hampshire Constabulary,-1.199842,50.939001,On or near Lower Chase Road,E01023272,Winchester 012E,Violence and sexual offences,Unable to prosecute suspect,
e0f54d6bb9346db6692f0499548a72b60f8e5f5a6b064d98986cdae761dd443f,2024-03,Hampshire Constabulary,Hampshire Constabulary,-1.199717,50.937201,On or near The Ridings,E01023272,Winchester 012E,Violence and sexual offences,Court result unavailable,
,2024-03,Hampshire Constabulary,Hampshire Constabulary,-1.203870,50.939010,On or near Horders Wood Gardens,E01023272,Winchester 012E,Anti-social behaviour,,
b6c7c0dd4fedd88b90ff3c375cf353b86f91aeb91f53f5093b30a40729c33eea,2024-03,Hampshire Constabulary,Hampshire Constabulary,-1.205846,50.935786,On or near Curdridge Lane,E01023273,Winchester 012F,Other theft,Investigation complete; no suspect identified,
752366b908836cc7a9d2c59bede0b3b852fec5ee45087e5aea9fd598515d4cc4,2024-03,Hampshire Constabulary,Hampshire Constabulary,-1.201410,50.933067,On or near Parking Area,E01023273,Winchester 012F,Violence and sexual offences,Unable to prosecute suspect,
d1810e29b85e9fb4ede86bda213fe10df77e741e202674dd9d054eb6c1a0cf82,2024-03,Hampshire Constabulary,Hampshire Constabulary,-1.186339,50.920868,On or near Twynhams Hill,E01023273,Winchester 012F,Violence and sexual offences,Action to be taken by another organisation,
b8a48310b0cc3c54ed76a96d112017476096248181059e08b6aa663f0ba72d3a,2024-03,Hampshire Constabulary,Hampshire Constabulary,-1.258826,50.916324,On or near Botley,E01023245,Winchester 013A,Burglary,Investigation complete; no suspect identified,
298a953dec0ea991634d62de2e58d0e7b63921282d43288ec7e5ef6fc094ca3b,2024-03,Hampshire Constabulary,Hampshire Constabulary,-1.253608,50.941056,On or near Mincingfield Lane,E01023245,Winchester 013A,Violence and sexual offences,Unable to prosecute suspect,
e169573f646a7606f15ab0ac1f0230fb80e1e5825519777f4d9e916158f41ad0,2024-03,Hampshire Constabulary,Hampshire Constabulary,-1.254729,50.894068,On or near Sawpit Rise,E01023245,Winchester 013A,Violence and sexual offences,Formal action is not in the public interest,
05075daa570a74dad5ece8e1094f8a3b943ecb192a7036f873435fb672a9e5c7,2024-03,Hampshire Constabulary,Hampshire Constabulary,-1.254591,50.894670,On or near Quaveys Way,E01023245,Winchester 013A,Violence and sexual offences,Unable to prosecute suspect,
,2024-03,Hampshire Constabulary,Hampshire Constabulary,-1.246359,50.906110,On or near Whiteley Way,E01023245,Winchester 013A,Anti-social behaviour,,
4ec00eedfe986ce92052c4df9726c9521c59e726a6ba83249db059303646b8dc,2024-03,Hampshire Constabulary,Hampshire Constabulary,-1.232626,50.924770,On or near Gordon Road,E01023245,Winchester 013A,Criminal damage and arson,Investigation complete; no suspect identified,
aa676e4dd6bcc422b25e8cc63ad1f3444dc6862757d1efe093f697e218de9755,2024-03,Hampshire Constabulary,Hampshire Constabulary,-1.228786,50.921237,On or near Park/Open Space,E01023245,Winchester 013A,Other theft,Investigation complete; no suspect identified,
cff153d837c6b312735c903868b6abf845013b64d647de765484e5bb2981caba,2024-03,Hampshire Constabulary,Hampshire Constabulary,-1.258885,50.897377,On or near Brindley Road,E01023245,Winchester 013A,Other theft,Investigation complete; no suspect identified,
b96eb6253b07f69d3ba2e54751aab37d672785644be3618ad631f389f109a503,2024-03,Hampshire Constabulary,Hampshire Constabulary,-1.247072,50.905943,On or near Skipper Road,E01023245,Winchester 013A,Vehicle crime,Investigation complete; no suspect identified,
3e46dd85300798f54528ec76db4d4292024e82871295893b805412fe30169476,2024-03,Hampshire Constabulary,Hampshire Constabulary,-1.254729,50.894068,On or near Sawpit Rise,E01023245,Winchester 013A,Violence and sexual offences,Unable to prosecute suspect,
b81fd00d4dbcf50d44e7c5fc7ee0b7c5d48b2d93b7a4e18fbcb30fbf02284f60,2024-03,Hampshire Constabulary,Hampshire Constabulary,-1.257422,50.924067,On or near Wangfield Lane,E01023245,Winchester 013A,Violence and sexual offences,Unable to prosecute suspect,
322b4fd9b2feb0ce29807c00f1cd354575d7064cd50e96f3c02c526fa80c4371,2024-03,Hampshire Constabulary,Hampshire Constabulary,-1.214460,50.919514,On or near Sandy Lane,E01023271,Winchester 013B,Criminal damage and arson,Unable to prosecute suspect,
378dabeb03d8cad01b3e63209497731c6fc464c79d8221a2bf7d12ed02dcbf5a,2024-03,Hampshire Constabulary,Hampshire Constabulary,-1.191836,50.913146,On or near Pricketts Hill,E01023271,Winchester 013B,Other theft,Unable to prosecute suspect,
d7c005eb71c7689917ad333f68a8a6be2b1ec707ebfdc1e375e092776f319a30,2024-03,Hampshire Constabulary,Hampshire Constabulary,-1.191373,50.921011,On or near High Street,E01023271,Winchester 013B,Violence and sexual offences,Unable to prosecute suspect,
837f33f0790a9b925528182d61732f90a83ae3aeeff0ea6d15100165d30cdbe2,2024-03,Hampshire Constabulary,Hampshire Constabulary,-1.202175,50.916616,On or near St Johns Lane,E01023271,Winchester 013B,Violence and sexual offences,Unable to prosecute suspect,
,2024-03,Hampshire Constabulary,Hampshire Constabulary,-1.200319,50.913672,On or near Winchester Road,E01023271,Winchester 013B,Anti-social behaviour,,
5aaef8dcdb67441953d362c1a339043e750240bf978e89815b2035f4235e42c0,2024-03,Hampshire Constabulary,Hampshire Constabulary,-1.194331,50.919422,On or near Gamblins Lane,E01023271,Winchester 013B,Public order,Status update unavailable,
3eafc49871ce82f50e81c7709a39b1cb8d69fea04ecbfd168122693dd696147d,2024-03,Hampshire Constabulary,Hampshire Constabulary,-1.194331,50.919422,On or near Gamblins Lane,E01023271,Winchester 013B,Public order,Status update unavailable,
e0a07c82caa54e975c9068edf802d2ca3fb4cd555fba31ca61eddc3a755b6466,2024-03,Hampshire Constabulary,Hampshire Constabulary,-1.194331,50.919422,On or near Gamblins Lane,E01023271,Winchester 013B,Violence and sexual offences,Status update unavailable,
f4b52a99c52a7f078d98ea58cf855f66a77c0ce5294f5966d48dc51cd7c693f0,2024-03,Hampshire Constabulary,Hampshire Constabulary,-1.214460,50.919514,On or near Sandy Lane,E01023271,Winchester 013B,Violence and sexual offences,Unable to prosecute suspect,
90ba8362b31de75b4128b6f3861ca46ce1104e29112ad446e278ce131b96a722,2024-03,Hampshire Constabulary,Hampshire Constabulary,-1.191836,50.913146,On or near Pricketts Hill,E01023271,Winchester 013B,Violence and sexual offences,Unable to prosecute suspect,
fe34c06b97472a48ff6f4799d166383eeade19769328e46508e39000da6c7798,2024-03,Hampshire Constabulary,Hampshire Constabulary,-1.192069,50.901367,On or near Holt Close,E01023285,Winchester 013E,Drugs,Local resolution,
29a50aa8d8af2a4ad1aa48949bd7e215265a6ef51fc2e6d524c4b038fa674c76,2024-03,Hampshire Constabulary,Hampshire Constabulary,-1.187640,50.901687,On or near Springfield Close,E01023285,Winchester 013E,Violence and sexual offences,Investigation complete; no suspect identified,
8286dc6ea638495da23f8f11502d7413d44feb94e45b8bde69eff743d77eb2b3,2024-03,Hampshire Constabulary,Hampshire Constabulary,-1.189398,50.902041,On or near Elizabeth Road,E01023285,Winchester 013E,Violence and sexual offences,Local resolution,
,2024-03,Hampshire Constabulary,Hampshire Constabulary,-1.186661,50.904019,On or near Houghton Way,E01023285,Winchester 013E,Anti-social behaviour,,
,2024-03,Hampshire Constabulary,Hampshire Constabulary,-1.186105,50.902477,On or near Garnier Park,E01023285,Winchester 013E,Anti-social behaviour,,
,2024-03,Hampshire Constabulary,Hampshire Constabulary,-1.186105,50.902477,On or near Garnier Park,E01023285,Winchester 013E,Anti-social behaviour,,
486704b749c6bea2c14898a545c3ad30ca6f0b2bd1149b3c8dd797f794f41c89,2024-03,Hampshire Constabulary,Hampshire Constabulary,-1.186661,50.904019,On or near Houghton Way,E01023285,Winchester 013E,Criminal damage and arson,Investigation complete; no suspect identified,
3bcd7ccd6eadc7a7b9d8fbb30642cbc99ed2c4f2ecbfffe9d6afffa24d6a2489,2024-03,Hampshire Constabulary,Hampshire Constabulary,-1.186661,50.904019,On or near Houghton Way,E01023285,Winchester 013E,Criminal damage and arson,Investigation complete; no suspect identified,
602f13d69125ad6ee03bc2426d8221c4c6c3030f3a0c686f99826a04d3ffd54f,2024-03,Hampshire Constabulary,Hampshire Constabulary,-1.186661,50.904019,On or near Houghton Way,E01023285,Winchester 013E,Public order,Investigation complete; no suspect identified,
dd302fea04cac24d91d297f18963356d399db3cbfe048dbaa15a57af3aa35d7c,2024-03,Hampshire Constabulary,Hampshire Constabulary,-1.188338,50.901629,On or near Buddens Road,E01023285,Winchester 013E,Violence and sexual offences,Investigation complete; no suspect identified,
91f1cc640cf8836221eaa1b5c1d2eb953e5e4d16a0f4af774ca1770c40d77835,2024-03,Hampshire Constabulary,Hampshire Constabulary,-1.184266,50.901889,On or near Station Close,E01023285,Winchester 013E,Violence and sexual offences,Unable to prosecute suspect,
,2024-03,Hampshire Constabulary,Hampshire Constabulary,-1.253800,50.879207,On or near Rookery Avenue,E01032859,Winchester 013F,Anti-social behaviour,,
,2024-03,Hampshire Constabulary,Hampshire Constabulary,-1.250259,50.881082,On or near Sorrel Drive,E01032859,Winchester 013F,Anti-social behaviour,,
,2024-03,Hampshire Constabulary,Hampshire Constabulary,-1.253800,50.879207,On or near Rookery Avenue,E01032859,Winchester 013F,Anti-social behaviour,,
,2024-03,Hampshire Constabulary,Hampshire Constabulary,-1.250259,50.881082,On or near Sorrel Drive,E01032859,Winchester 013F,Anti-social behaviour,,
,2024-03,Hampshire Constabulary,Hampshire Constabulary,-1.250259,50.881082,On or near Sorrel Drive,E01032859,Winchester 013F,Anti-social behaviour,,
,2024-03,Hampshire Constabulary,Hampshire Constabulary,-1.247025,50.876175,On or near Hospital,E01032859,Winchester 013F,Anti-social behaviour,,
,2024-03,Hampshire Constabulary,Hampshire Constabulary,-1.250259,50.881082,On or near Sorrel Drive,E01032859,Winchester 013F,Anti-social behaviour,,
,2024-03,Hampshire Constabulary,Hampshire Constabulary,-1.243467,50.885291,On or near Whiteley Lane,E01032859,Winchester 013F,Anti-social behaviour,,
,2024-03,Hampshire Constabulary,Hampshire Constabulary,-1.243467,50.885291,On or near Whiteley Lane,E01032859,Winchester 013F,Anti-social behaviour,,
,2024-03,Hampshire Constabulary,Hampshire Constabulary,-1.251440,50.880145,On or near Hyssop Close,E01032859,Winchester 013F,Anti-social behaviour,,
,2024-03,Hampshire Constabulary,Hampshire Constabulary,-1.250259,50.881082,On or near Sorrel Drive,E01032859,Winchester 013F,Anti-social behaviour,,
,2024-03,Hampshire Constabulary,Hampshire Constabulary,-1.253800,50.879207,On or near Rookery Avenue,E01032859,Winchester 013F,Anti-social behaviour,,
,2024-03,Hampshire Constabulary,Hampshire Constabulary,-1.250259,50.881082,On or near Sorrel Drive,E01032859,Winchester 013F,Anti-social behaviour,,
7093352c118642ea20a875addbee7a9fbb22f5b2f98431dbe0acf99b808f0ef1,2024-03,Hampshire Constabulary,Hampshire Constabulary,-1.239134,50.874679,On or near Whiteley Lane,E01032859,Winchester 013F,Violence and sexual offences,Unable to prosecute suspect,
d670ffc39f9bd9096b5fab14a089dee7be8f29ea4bcfcdb434b068e127f97b43,2024-03,Hampshire Constabulary,Hampshire Constabulary,-1.253800,50.879207,On or near Rookery Avenue,E01032859,Winchester 013F,Violence and sexual offences,Investigation complete; no suspect identified,
c3261d1dc155fec9b73a20e9ab84b220788c37869649265f6cef6d998ffddbc1,2024-03,Hampshire Constabulary,Hampshire Constabulary,-1.253800,50.879207,On or near Rookery Avenue,E01032859,Winchester 013F,Violence and sexual offences,Investigation complete; no suspect identified,
bc811d1f60e369171aa7863a6291fb681757538cda5ab3ab94b9a216817d2d7b,2024-03,Hampshire Constabulary,Hampshire Constabulary,-1.246711,50.884942,On or near Shopping Area,E01032860,Winchester 013G,Violence and sexual offences,Court result unavailable,
,2024-03,Hampshire Constabulary,Hampshire Constabulary,-1.245969,50.886225,On or near Supermarket,E01032860,Winchester 013G,Anti-social behaviour,,
,2024-03,Hampshire Constabulary,Hampshire Constabulary,-1.248925,50.883636,On or near Coriander Way,E01032860,Winchester 013G,Anti-social behaviour,,
,2024-03,Hampshire Constabulary,Hampshire Constabulary,-1.244792,50.884248,On or near Shopping Area,E01032860,Winchester 013G,Anti-social behaviour,,
,2024-03,Hampshire Constabulary,Hampshire Constabulary,-1.246451,50.885150,On or near Shopping Area,E01032860,Winchester 013G,Anti-social behaviour,,
27771f83f54467c9376b71b070ccace666f5901842ff0ed4594ab900df760f59,2024-03,Hampshire Constabulary,Hampshire Constabulary,-1.247877,50.885104,On or near Sports/Recreation Area,E01032860,Winchester 013G,Burglary,Investigation complete; no suspect identified,
e3bbaa4746b29cb05262a1ea6b18a31bdd6db10360bdebc2ce95677a99d68b4b,2024-03,Hampshire Constabulary,Hampshire Constabulary,-1.250899,50.883720,On or near Rosemary Gardens,E01032860,Winchester 013G,Criminal damage and arson,Status update unavailable,
03cc604ac6e7d9af40dcd3a84df9f50de8143979550a1ee4e16e57ecb60716b4,2024-03,Hampshire Constabulary,Hampshire Constabulary,-1.247877,50.885104,On or near Sports/Recreation Area,E01032860,Winchester 013G,Criminal damage and arson,Status update unavailable,
e38705bb37a4cd6527c49edf52180d4e69e187e722403947aa4308798bf3cb1e,2024-03,Hampshire Constabulary,Hampshire Constabulary,-1.246451,50.885150,On or near Shopping Area,E01032860,Winchester 013G,Other theft,Investigation complete; no suspect identified,
7ae75323b5c01ac7c791d924f96e3c1e873426b10c356ae221b51ce8494dc8ef,2024-03,Hampshire Constabulary,Hampshire Constabulary,-1.247172,50.886502,On or near Parking Area,E01032860,Winchester 013G,Other theft,Investigation complete; no suspect identified,
08bfde70dba7ea7ff56ad0663f6c195dc036d780bed2b86f0a488bc741016e1d,2024-03,Hampshire Constabulary,Hampshire Constabulary,-1.247172,50.886502,On or near Parking Area,E01032860,Winchester 013G,Public order,Unable to prosecute suspect,
775aa7a32f23ad2119fa5cd3927671e716c1d159c3678db3c19f171ccc1d79ce,2024-03,Hampshire Constabulary,Hampshire Constabulary,-1.253712,50.884746,On or near Thyme Avenue,E01032860,Winchester 013G,Public order,Investigation complete; no suspect identified,
3aa1e335b4479c599b3f25a715d2455915a3464a80dd2c1476904340a7ed4bc1,2024-03,Hampshire Constabulary,Hampshire Constabulary,-1.248925,50.883636,On or near Coriander Way,E01032860,Winchester 013G,Public order,Investigation complete; no suspect identified,
2172fc9a07288270780c9ce37349a0b16b7d7f75fe54a72049fabb7d6d384772,2024-03,Hampshire Constabulary,Hampshire Constabulary,-1.244792,50.884248,On or near Shopping Area,E01032860,Winchester 013G,Public order,Investigation complete; no suspect identified,
af51c9b2df3b8bc9291a5677f739764b078805a1a61aaa9818d1d27ed0119178,2024-03,Hampshire Constabulary,Hampshire Constabulary,-1.248925,50.883636,On or near Coriander Way,E01032860,Winchester 013G,Public order,Status update unavailable,
1dda3c58df0715ed13af59fad0579799049442c83c85d5bf5c2914a6cac37f22,2024-03,Hampshire Constabulary,Hampshire Constabulary,-1.246451,50.885150,On or near Shopping Area,E01032860,Winchester 013G,Shoplifting,Investigation complete; no suspect identified,
7266505f0e713c5d267045fb4a9962e5ce821a9870238044ce458ddcb4e0a4a8,2024-03,Hampshire Constabulary,Hampshire Constabulary,-1.244792,50.884248,On or near Shopping Area,E01032860,Winchester 013G,Shoplifting,Investigation complete; no suspect identified,
61b02de929c35740a4e8e56f33746c07620a920865ecf891f3c3cd49a435becf,2024-03,Hampshire Constabulary,Hampshire Constabulary,-1.245969,50.886225,On or near Supermarket,E01032860,Winchester 013G,Shoplifting,Investigation complete; no suspect identified,
299b0bb94d03ee1c5d90b54fffd7ac5835e4c4ad983beacf2e1835828eb80a8c,2024-03,Hampshire Constabulary,Hampshire Constabulary,-1.244792,50.884248,On or near Shopping Area,E01032860,Winchester 013G,Shoplifting,Unable to prosecute suspect,
4f8f044e72edd4aedcdce3a8f53ce6f4a0fd586af63d228d39aa5e1ddaab65e9,2024-03,Hampshire Constabulary,Hampshire Constabulary,-1.250899,50.883720,On or near Rosemary Gardens,E01032860,Winchester 013G,Violence and sexual offences,Unable to prosecute suspect,
e6aee9b97da84161cb903612d1ecf4869651fb2aacb5351e63fa7545cb0d8191,2024-03,Hampshire Constabulary,Hampshire Constabulary,-1.245969,50.886225,On or near Supermarket,E01032860,Winchester 013G,Other crime,Investigation complete; no suspect identified,
72acc6b7e20fc3c6dedcc892cf239b9ca6d77e897c991943061c4fc0a1c0320e,2024-03,Hampshire Constabulary,Hampshire Constabulary,-1.201553,50.883115,On or near Sports/Recreation Area,E01034731,Winchester 013H,Drugs,Court result unavailable,
230c1c4436f43cc4bad102d989ec0d80ed4b4e29621342668e356421f0a7183f,2024-03,Hampshire Constabulary,Hampshire Constabulary,-1.201553,50.883115,On or near Sports/Recreation Area,E01034731,Winchester 013H,Violence and sexual offences,Unable to prosecute suspect,
2683c225e2efc6438851abe775933337f8b5f45324d310d583db229f9dbe10c5,2024-03,Hampshire Constabulary,Hampshire Constabulary,-1.203627,50.879883,On or near Boundary Walk,E01034731,Winchester 013H,Violence and sexual offences,Unable to prosecute suspect,
e4f9eb8396187df67979769f0a8eea3ff16606489044b4cc81afa674682a4da1,2024-03,Hampshire Constabulary,Hampshire Constabulary,-1.201553,50.883115,On or near Sports/Recreation Area,E01034731,Winchester 013H,Violence and sexual offences,Unable to prosecute suspect,
b02dbfed366b8534ce586b35d667d7ac6477f4ee389d4964f2adebebefa51324,2024-03,Hampshire Constabulary,Hampshire Constabulary,-1.201553,50.883115,On or near Sports/Recreation Area,E01034731,Winchester 013H,Violence and sexual offences,Court result unavailable,
723b134bc32345b70a059f2243090e5d04d8a9cfad3a5b86434d0cc0550b144a,2024-03,Hampshire Constabulary,Hampshire Constabulary,-1.201553,50.883115,On or near Sports/Recreation Area,E01034731,Winchester 013H,Violence and sexual offences,Investigation complete; no suspect identified,
8366843dbcf565068af95480df8dd946c89476915d48691de262fbd8a17250f7,2024-03,Hampshire Constabulary,Hampshire Constabulary,-1.201553,50.883115,On or near Sports/Recreation Area,E01034731,Winchester 013H,Other crime,Investigation complete; no suspect identified,
3d07635faa076efbdf87465cc315d38ec55a51a392178a0aa7cc02542041132e,2024-03,Hampshire Constabulary,Hampshire Constabulary,-1.201553,50.883115,On or near Sports/Recreation Area,E01034731,Winchester 013H,Violence and sexual offences,Unable to prosecute suspect,
498955d9a452f631cf403a2a37f19a84f46a7ca446ae1528e473fadeb8ce11ff,2024-03,Hampshire Constabulary,Hampshire Constabulary,-1.203043,50.883296,On or near Greater Horseshoe Way,E01034731,Winchester 013H,Violence and sexual offences,Status update unavailable,
fc4880ba8266c0b7cf5633e3a8f9e1b30a9ffac164724eab20681913d0907b09,2024-03,Hampshire Constabulary,Hampshire Constabulary,-1.187086,50.900838,On or near Dairymoor,E01034732,Winchester 013I,Public order,Investigation complete; no suspect identified,
8ce8f04929772233a70e81d2981457d8145ba9c8e12df44e18b23630d757cb8e,2024-03,Hampshire Constabulary,Hampshire Constabulary,-1.227375,50.868918,On or near Funtley Hill,E01034732,Winchester 013I,Burglary,Investigation complete; no suspect identified,
6f5472c0709fd245f3d00c5ea69b7103b94b0814945bb1f92955f89746f23aec,2024-03,Hampshire Constabulary,Hampshire Constabulary,-1.205746,50.882325,On or near Noctule Court,E01034732,Winchester 013I,Public order,Unable to prosecute suspect,
594b74ac7ced661a30268af69207d566bcdb65b6b5d771a564553525b9effb72,2024-03,Hampshire Constabulary,Hampshire Constabulary,-1.187373,50.899860,On or near The Square,E01034732,Winchester 013I,Shoplifting,Investigation complete; no suspect identified,
31f2af40aebaedc3a84b7993d9b31692af02535d8f51c42db8ccaea44a268a0c,2024-03,Hampshire Constabulary,Hampshire Constabulary,-1.067375,50.892318,On or near Furzeley Way,E01023231,Winchester 014B,Violence and sexual offences,Unable to prosecute suspect,
a3117730110df7a3def50455d2a3ef10499d1ac1fa44d5b0a17147f9e0f5e39c,2024-03,Hampshire Constabulary,Hampshire Constabulary,-1.067019,50.899464,On or near Corner Mead,E01023231,Winchester 014B,Violence and sexual offences,Investigation complete; no suspect identified,
d09b798bdaa822f094d44a872caa321ebd74dd0ef07509db86dbc4432e6e930f,2024-03,Hampshire Constabulary,Hampshire Constabulary,-1.046092,50.889421,On or near Hereford Park,E01023232,Winchester 014C,Violence and sexual offences,Unable to prosecute suspect,
ec42fbb9ded89024be1843c0651a06aac30192da58586639990b6faf8ca9aa7d,2024-03,Hampshire Constabulary,Hampshire Constabulary,-1.048949,50.890164,On or near Darnel Road,E01023232,Winchester 014C,Violence and sexual offences,Local resolution,
519f28b8fb2cb522655506015883261118ff99171b0ed868d81228555dc2c49e,2024-03,Hampshire Constabulary,Hampshire Constabulary,-1.051040,50.895711,On or near Soake Road,E01023232,Winchester 014C,Violence and sexual offences,Unable to prosecute suspect,
,2024-03,Hampshire Constabulary,Hampshire Constabulary,-1.050885,50.893570,On or near Hambledon Road,E01023232,Winchester 014C,Anti-social behaviour,,
,2024-03,Hampshire Constabulary,Hampshire Constabulary,-1.049454,50.887713,On or near Manx Close,E01023232,Winchester 014C,Anti-social behaviour,,
,2024-03,Hampshire Constabulary,Hampshire Constabulary,-1.055557,50.907205,On or near Edneys Lane,E01023232,Winchester 014C,Anti-social behaviour,,
,2024-03,Hampshire Constabulary,Hampshire Constabulary,-1.047717,50.887141,On or near Old Spot Corner,E01023232,Winchester 014C,Anti-social behaviour,,
24c1f382cddbee02dca2c237729f167a0f70e52bb77807171200aaf5bc545000,2024-03,Hampshire Constabulary,Hampshire Constabulary,-1.049182,50.886425,On or near Radnor Way,E01023232,Winchester 014C,Burglary,Investigation complete; no suspect identified,
0f1a17fbf3f9ff1327410b55d715288088da9e90f81ad850d29e26aa3f70a3c1,2024-03,Hampshire Constabulary,Hampshire Constabulary,-1.062622,50.888952,On or near Newlands Lane,E01023232,Winchester 014C,Public order,Status update unavailable,
b71d0204f929560d8b0b371e89341440d594dbac25adccc44d99291bbd955973,2024-03,Hampshire Constabulary,Hampshire Constabulary,-1.058999,50.900875,On or near Geranium Gardens,E01023232,Winchester 014C,Vehicle crime,Investigation complete; no suspect identified,
5d7b8bfd7a81e71884bb6c4bb7027baff13cc1dbeddff4fc3997abdbfac4c749,2024-03,Hampshire Constabulary,Hampshire Constabulary,-1.058654,50.898938,On or near Upper Piece,E01023232,Winchester 014C,Vehicle crime,Investigation complete; no suspect identified,
bb8bc459d199c27f98d4762b7b4f050545b22d7063e6a90990c157d383ee5fb0,2024-03,Hampshire Constabulary,Hampshire Constabulary,-1.048536,50.888838,On or near Harrow Way,E01023232,Winchester 014C,Violence and sexual offences,Unable to prosecute suspect,
a8f63af39163dfd39d7da64c628d0c0021d8f11413af78479a39e258bd36e218,2024-03,Hampshire Constabulary,Hampshire Constabulary,-1.049371,50.901570,On or near Anmore Road,E01023232,Winchester 014C,Violence and sexual offences,Unable to prosecute suspect,
9560c7236d507e338c4a6bea3d628af8e7753048f99dacd904fe1dcb31a60697,2024-03,Hampshire Constabulary,Hampshire Constabulary,-1.058654,50.898938,On or near Upper Piece,E01023232,Winchester 014C,Violence and sexual offences,Investigation complete; no suspect identified,
f013268d752ad80b94dcf0bcaa1048bf7b0714f747bc77c81a10eebb88507620,2024-03,Hampshire Constabulary,Hampshire Constabulary,-1.048949,50.890164,On or near Darnel Road,E01023232,Winchester 014C,Violence and sexual offences,Investigation complete; no suspect identified,
,2024-03,Hampshire Constabulary,Hampshire Constabulary,-1.070961,50.900736,On or near Peakfield,E01023233,Winchester 014D,Anti-social behaviour,,
,2024-03,Hampshire Constabulary,Hampshire Constabulary,-1.068539,50.904521,On or near Clarendon Close,E01023233,Winchester 014D,Anti-social behaviour,,
ee02244cf40d956ea95b3dc05da19427a2968311654877244c6607ffc308b3b9,2024-03,Hampshire Constabulary,Hampshire Constabulary,-1.066733,50.902366,On or near Ashling Park Road,E01023233,Winchester 014D,Drugs,Unable to prosecute suspect,
0048642f382458c3791efeb78bc8fc2e08cc872a1bc76a3b3c9bae772f04d26d,2024-03,Hampshire Constabulary,Hampshire Constabulary,-1.065898,50.902872,On or near Barn Green Close,E01023233,Winchester 014D,Public order,Investigation complete; no suspect identified,
a56e3314b48f485a388e0fd26d6ece46386a58dcfb8802967837bacd4cfc77d9,2024-03,Hampshire Constabulary,Hampshire Constabulary,-1.065558,50.903975,On or near Supermarket,E01023234,Winchester 014E,Criminal damage and arson,Awaiting court outcome,
333c26387500cf16e9bea005d653b475a0cddd2e76503b4d347316b0e613c97a,2024-03,Hampshire Constabulary,Hampshire Constabulary,-1.062794,50.900959,On or near Bere Road,E01023234,Winchester 014E,Violence and sexual offences,Unable to prosecute suspect,
e4ad3a6dcf725ac464c0967c13c5987c4b8a9fe821b51949cd7ac07fc287d60f,2024-03,Hampshire Constabulary,Hampshire Constabulary,-1.065558,50.903975,On or near Supermarket,E01023234,Winchester 014E,Violence and sexual offences,Unable to prosecute suspect,
436ce3619ef7aa3736fd1eb9377304582d3193624d6dc2857e320746f3768017,2024-03,Hampshire Constabulary,Hampshire Constabulary,-1.065558,50.903975,On or near Supermarket,E01023234,Winchester 014E,Violence and sexual offences,Court result unavailable,
882d82852ba11e26700b3ec7cfbc0d2d4e5ada7111af10c49d4dd4c9c2c17e11,2024-03,Hampshire Constabulary,Hampshire Constabulary,-1.066445,50.897589,On or near Kilnside,E01023234,Winchester 014E,Violence and sexual offences,Investigation complete; no suspect identified,
aad86bd8cf72e7f8ca9e9651e0fdf7650de1d6be2fb04b9f48f69659f39fcc8a,2024-03,Hampshire Constabulary,Hampshire Constabulary,-1.063550,50.898726,On or near River End,E01023234,Winchester 014E,Violence and sexual offences,Unable to prosecute suspect,
11c7cc13a118540c529329e7564abc9989b5b8cec73246c18408d614b0997664,2024-03,Hampshire Constabulary,Hampshire Constabulary,-1.111347,50.873129,On or near High Street,E01034733,Winchester 014F,Public order,Unable to prosecute suspect,
878ad9535e4dfdef4f26e81630dd06074899880a6c7ee29e158617dbb8fd304f,2024-03,Hampshire Constabulary,Hampshire Constabulary,-1.041931,50.882292,On or near Houghton Avenue,E01034733,Winchester 014F,Vehicle crime,Investigation complete; no suspect identified,
8e5ad959a625528f000e3b562c2eea4e83ce660cae3acdcdc5ac65ade9e63348,2024-03,Hampshire Constabulary,Hampshire Constabulary,-1.041931,50.882292,On or near Houghton Avenue,E01034733,Winchester 014F,Vehicle crime,Investigation complete; no suspect identified,
08080aaae3b07f3e4094e5b6d6b456d45b881f5b1554b7db7426a9bc3f2519ac,2024-03,Hampshire Constabulary,Hampshire Constabulary,-1.041708,50.881364,On or near Orchard Mead,E01034734,Winchester 014G,Drugs,Local resolution,
bd0b1b1f665c84c0fa97815fed1fce18add8a01d9f86664a56db10124b7c9367,2024-03,Hampshire Constabulary,Hampshire Constabulary,-1.043072,50.879334,On or near Hunt Way,E01034734,Winchester 014G,Possession of weapons,Unable to prosecute suspect,
f1e923952ea565d1fe8e754bb8d3b278d7ee6c8d729a0965b333b4a0a40d3b55,2024-03,Hampshire Constabulary,Hampshire Constabulary,-1.043072,50.879334,On or near Hunt Way,E01034734,Winchester 014G,Vehicle crime,Investigation complete; no suspect identified,
9d852ceaab9e4a5692aa95b83d0cbec30a660f4ac91c619131becd39191bc260,2024-03,Hampshire Constabulary,Hampshire Constabulary,-1.039696,50.881050,On or near Russett Lane,E01034734,Winchester 014G,Vehicle crime,Investigation complete; no suspect identified,
e19ce3a0a87335a5a8664d109329f8fe54f630bb5956b4d773aaa1054567d4ae,2024-03,Hampshire Constabulary,Hampshire Constabulary,-1.039219,50.880741,On or near Ellisons Crescent,E01034734,Winchester 014G,Vehicle crime,Investigation complete; no suspect identified,
648a07e8af01f5e7be0f7d8349069ab7c54995273f9db6202d567982fd5ec43c,2024-03,Hampshire Constabulary,Hampshire Constabulary,-1.045975,50.878467,On or near Robins Road,E01034734,Winchester 014G,Vehicle crime,Investigation complete; no suspect identified,
d66f9eeffa14d57cd85760da52bafe435eb9ad8a1aa7bff0ccfc154be53f472c,2024-03,Hampshire Constabulary,Hampshire Constabulary,-1.050054,50.881998,On or near Birkbeck Close,E01034734,Winchester 014G,Violence and sexual offences,Unable to prosecute suspect,
bacaf161ea562072ed8b14a8e77711891fc594cd63fa6f160ca2c8ec711d6ad8,2024-03,Hampshire Constabulary,Hampshire Constabulary,-1.043879,50.877416,On or near Plant Farm Crescent,E01034734,Winchester 014G,Violence and sexual offences,Unable to prosecute suspect,
b348017b93088ca844b5d3d3bb23345b64a2718ab34674bb10f619000394664b,2024-03,Hampshire Constabulary,Hampshire Constabulary,-1.048837,50.871224,On or near Marrelsmoor Avenue,E01034734,Winchester 014G,Violence and sexual offences,Unable to prosecute suspect,
,2024-03,Hampshire Constabulary,Hampshire Constabulary,-1.045905,50.877720,On or near Stubbs Road,E01034734,Winchester 014G,Anti-social behaviour,,
40c969dc8c2d9e98d684c6ea3b5addf77b55e517ccc93ea2d202a47753ff5a2a,2024-03,Hampshire Constabulary,Hampshire Constabulary,-1.042043,50.881672,On or near Watson Lane,E01034734,Winchester 014G,Vehicle crime,Investigation complete; no suspect identified,
bd9993a142f5f9ad2740e37f18262f6fb5ecc89f64532e635b52c8b76fe7c71c,2024-03,Hampshire Constabulary,Hampshire Constabulary,-1.040917,50.881798,On or near Carey Lane,E01034734,Winchester 014G,Vehicle crime,Investigation complete; no suspect identified,
2c0ddb40ddb4a64e9abc2506d488a047005ce3fdafdaac36ef3ae893db2afbfe,2024-03,Hampshire Constabulary,Hampshire Constabulary,-1.039219,50.880741,On or near Ellisons Crescent,E01034734,Winchester 014G,Vehicle crime,Status update unavailable,
f45e95d35171f21ed7810d874667c0387dda17ec1074097c59f29df8f01ac360,2024-03,Hampshire Constabulary,Hampshire Constabulary,-1.040917,50.881798,On or near Carey Lane,E01034734,Winchester 014G,Violence and sexual offences,Unable to prosecute suspect,
67491b3a21be396cd189fb4963d0a042a7cfa25de0dfb93cd0f17e05faf457ec,2024-03,Hampshire Constabulary,Hampshire Constabulary,-1.047425,50.877058,On or near Newlands Avenue,E01034734,Winchester 014G,Violence and sexual offences,Unable to prosecute suspect,
62f0ee49edecbe790637c63f8f39049923acc917b747060fab6d07c4a91c6554,2024-03,Hampshire Constabulary,Hampshire Constabulary,-1.048837,50.871224,On or near Marrelsmoor Avenue,E01034734,Winchester 014G,Violence and sexual offences,Investigation complete; no suspect identified,
1be7235a9686ca8a9fc983c03bbeb241a01b023d0b9e3af2c2da910bc9d31078,2024-03,Hampshire Constabulary,Hampshire Constabulary,-1.048837,50.871224,On or near Marrelsmoor Avenue,E01034734,Winchester 014G,Violence and sexual offences,Status update unavailable,
5d33b115240b7bf316633e25a4ebe23c8f24c706e426879a1b6a27c811c6d3a9,2024-03,Hampshire Constabulary,Hampshire Constabulary,-1.043879,50.877416,On or near Plant Farm Crescent,E01034734,Winchester 014G,Violence and sexual offences,Status update unavailable,
12b7a406dd7b442198ea3c5674d41a486333f47fc08cd0a4d6e021180b43c21e,2024-03,Hampshire Constabulary,Hampshire Constabulary,-0.968508,51.361076,On or near Sun Lane,E01016690,Wokingham 017C,Public order,Investigation complete; no suspect identified,
